TIME T_liq_Ch0_mesh1 T_liq_Ch0_mesh2 T_liq_Ch0_mesh3 T_liq_Ch0_mesh4 T_liq_Ch0_mesh5 T_liq_Ch0_mesh6 T_liq_Ch0_mesh7 T_liq_Ch0_mesh8 T_liq_Ch0_mesh9 T_liq_Ch0_mesh10 T_liq_Ch0_mesh11 T_liq_Ch0_mesh12 T_liq_Ch0_mesh13 T_liq_Ch0_mesh14 T_liq_Ch0_mesh15 
0.000000000000000000e+00 5.633138618567938920e+02 5.633135643040105833e+02 5.633395402485977002e+02 5.633392475025744943e+02 5.633389545384151234e+02 5.633386612113804404e+02 5.633383674246804276e+02 5.633380730934350140e+02 5.633377781341517903e+02 5.633374824655181783e+02 5.633371860115869367e+02 5.633368886954215213e+02 5.633365904313077408e+02 5.633362911248646014e+02 5.633360550839380494e+02
5.000040000000043960e+01 5.623334006136371954e+02 5.622318625743016582e+02 5.620734530152385560e+02 5.618949323871536308e+02 5.617030653037693355e+02 5.614945429152141969e+02 5.612705958725531445e+02 5.610318540529583515e+02 5.607774491246535717e+02 5.605064287713233853e+02 5.602171645656637793e+02 5.599079222915510172e+02 5.595768740164086239e+02 5.592227271622118678e+02 5.588466988377944062e+02
1.000003999999985922e+02 5.521429487560577627e+02 5.520100699819539614e+02 5.519505284074941756e+02 5.519074842489573030e+02 5.518701499539862425e+02 5.518356762298155900e+02 5.518030968675697068e+02 5.517719703789806545e+02 5.517420558228253640e+02 5.517131254194758867e+02 5.516854050962565452e+02 5.516570364315290362e+02 5.516369352807657833e+02 5.515827430639093336e+02 5.518077736466685792e+02
1.502405034099261059e+02 5.049174603641916974e+02 5.047597105835090474e+02 5.046546320041634885e+02 5.046049825915340534e+02 5.045713289209586492e+02 5.045423247669165221e+02 5.045148628606410171e+02 5.044880754945357353e+02 5.044616922869223572e+02 5.044357090447006726e+02 5.044097060368015946e+02 5.043844318380974983e+02 5.043572066374195515e+02 5.043412829229278032e+02 5.042685419183458180e+02
2.004200391960640388e+02 4.461046074530497663e+02 4.460262982451200742e+02 4.459149610374410031e+02 4.456611514345041769e+02 4.452167160678972664e+02 4.447344918965894749e+02 4.442477712704019268e+02 4.437548046372504018e+02 4.432507282312596999e+02 4.427173278982868396e+02 4.421656928148276506e+02 4.413634649426152805e+02 4.404132243685285175e+02 4.394851798586422547e+02 4.384249046815681936e+02
2.553043625042201370e+02 4.352442171964659110e+02 4.348627402887651670e+02 4.342097097844073801e+02 4.336576089089317634e+02 4.331766439946622995e+02 4.327662863822000077e+02 4.324131665127962378e+02 4.320939725536464380e+02 4.317781848035013468e+02 4.314699762757951476e+02 4.311736189600400166e+02 4.297433980091092849e+02 4.286673092158275722e+02 4.276257421102865806e+02 4.265363673159678797e+02
3.053043625042201370e+02 4.273639402249995101e+02 4.270335721226206829e+02 4.264880598236082960e+02 4.259736721673268107e+02 4.254625867389181053e+02 4.249594534291702530e+02 4.244743268475885429e+02 4.240221969315217052e+02 4.236205231073998334e+02 4.232881738600219705e+02 4.230325598912359624e+02 4.228928289878753617e+02 4.228234986885191802e+02 4.206943455084561378e+02 4.192666409704053763e+02
3.553043625042201370e+02 4.217798640408496453e+02 4.215417407362533595e+02 4.211316944532584330e+02 4.207514785133667488e+02 4.203903081121399623e+02 4.200543035074321665e+02 4.197414336497784006e+02 4.194357942035302926e+02 4.191021073601344824e+02 4.186845794648572792e+02 4.181096175192811302e+02 4.173295369955189926e+02 4.163578177583405591e+02 4.153038111548079314e+02 4.143632837028130780e+02
4.053043625042201370e+02 4.300482216611121089e+02 4.273762352510937603e+02 4.255754755598794645e+02 4.241722392010970566e+02 4.229741875448637529e+02 4.219045831380109917e+02 4.209352982602969178e+02 4.200486249368602216e+02 4.192166203363871091e+02 4.183900196965473128e+02 4.174866697242829900e+02 4.164111564529866314e+02 4.150888851002860065e+02 4.134933606169537370e+02 4.121794722259434707e+02
4.553043625042201370e+02 4.237768994340503355e+02 4.220481751499459619e+02 4.206442315770486289e+02 4.195133421310564472e+02 4.184227324648327340e+02 4.173112524988975451e+02 4.161702016742225396e+02 4.150139178784326077e+02 4.138703832976116246e+02 4.127763624597733383e+02 4.117681177589069534e+02 4.108814067883903931e+02 4.101356316579071404e+02 4.095138951870949882e+02 4.089893863114983219e+02
5.053043625042201370e+02 4.190127868434941547e+02 4.183625928633168769e+02 4.173028739313506321e+02 4.163432557925423794e+02 4.154240046653813465e+02 4.145488258059276632e+02 4.137211659539914308e+02 4.129415259869585952e+02 4.122071680143208710e+02 4.115139380505014515e+02 4.108573545521952042e+02 4.102429858215422769e+02 4.096794199509886880e+02 4.091667971179762731e+02 4.087100637384282322e+02
5.553043625042200802e+02 4.166083970493377819e+02 4.161209420251444158e+02 4.153370202770486799e+02 4.146340537066460570e+02 4.139640363336236533e+02 4.133237256532524952e+02 4.127100181733438262e+02 4.121197185356138561e+02 4.115493664280477901e+02 4.109954269489675198e+02 4.104540299348428789e+02 4.099264103493786138e+02 4.094147241129729764e+02 4.089175192287113987e+02 4.084444502592915001e+02
6.053043625042200802e+02 4.154725834496751986e+02 4.150790020653432180e+02 4.144469147856673885e+02 4.138688833361777597e+02 4.133050806145882348e+02 4.127524844535523130e+02 4.122084828514828132e+02 4.116708248856456862e+02 4.111375496762116768e+02 4.106069929625178361e+02 4.100776366957700247e+02 4.095514987302070722e+02 4.090309023531140156e+02 4.085146656139878587e+02 4.080046900612829859e+02
6.584293625042200802e+02 4.147259656062914246e+02 4.143696552325299081e+02 4.137933067329922778e+02 4.132553965426964169e+02 4.127210302886942372e+02 4.121887370346447597e+02 4.116573320854837448e+02 4.111258943244935722e+02 4.105937025683553543e+02 4.100601700513541914e+02 4.095248256438720205e+02 4.089896104755599708e+02 4.084563788798549240e+02 4.079243919294781904e+02 4.073946171778280245e+02
7.096793625042200802e+02 4.140770090160760333e+02 4.137308556615150223e+02 4.131682392340076717e+02 4.126386207883890620e+02 4.121088508346631443e+02 4.115782384772562636e+02 4.110462173643072106e+02 4.105123575731214487e+02 4.099763213742723451e+02 4.094377785869603485e+02 4.088964677473778693e+02 4.083539571457689021e+02 4.078116227993609186e+02 4.072688881216132017e+02 4.067262696761144980e+02
7.596793625042200802e+02 4.136738430611581521e+02 4.133176872772764909e+02 4.127570607284588391e+02 4.122288777167425451e+02 4.116991381937122583e+02 4.111673965277847742e+02 4.106332372462948683e+02 4.100963187513104344e+02 4.095563234743974022e+02 4.090127466175349014e+02 4.084647128935390583e+02 4.079131420361606502e+02 4.073578349581883344e+02 4.067911967707169083e+02 4.061832168921735047e+02
8.096793625042200802e+02 4.130578216005011996e+02 4.127126992842477762e+02 4.121495458120334661e+02 4.116145840847887598e+02 4.110738393291604211e+02 4.105256855193867409e+02 4.099684557022411582e+02 4.094008707215007803e+02 4.088225303635921932e+02 4.082341813034969960e+02 4.076374930008467459e+02 4.070347352583621614e+02 4.064246242152985928e+02 4.057998446906486834e+02 4.051535042368587938e+02
8.596793625042200802e+02 4.121146371201965053e+02 4.117483510156801003e+02 4.111534187861716987e+02 4.105843308295251859e+02 4.100065777006811913e+02 4.094200575441079195e+02 4.088248364500789194e+02 4.082212965386520409e+02 4.076102328926658060e+02 4.069926800090727852e+02 4.063692098584061796e+02 4.057384293039045247e+02 4.050891996004854718e+02 4.043876237569226078e+02 4.035653252631097985e+02
9.096793625042200802e+02 4.113816448943437081e+02 4.109348256890506264e+02 4.102490477048359594e+02 4.096381444997986705e+02 4.090098276558398993e+02 4.083588025275951168e+02 4.076791766130488099e+02 4.069648587240432107e+02 4.062110754453348704e+02 4.054165000085450856e+02 4.045856854614881968e+02 4.037313295412211573e+02 4.028717630806893908e+02 4.020256437537938723e+02 4.012067413688804436e+02
9.596793625042200802e+02 4.102372260440228047e+02 4.097925333646956574e+02 4.090513189218081607e+02 4.083372249492365995e+02 4.076003201979316941e+02 4.068434207078911982e+02 4.060709963113520189e+02 4.052887020824679212e+02 4.045024879912344886e+02 4.037174220260097286e+02 4.029367704070987770e+02 4.021622861359596754e+02 4.013928390716778267e+02 4.006242382220823970e+02 3.998520422640072525e+02
1.009679362504220080e+03 4.090094053573000110e+02 4.085417585039038499e+02 4.077544211383544734e+02 4.070129344786877255e+02 4.062660039639588945e+02 4.055157134268872028e+02 4.047634322417223984e+02 4.040097730511764098e+02 4.032547305436973488e+02 4.024979400094117636e+02 4.017392094787122687e+02 4.009797493714042957e+02 4.002209871499615019e+02 3.994634665582560160e+02 3.987074105971129256e+02
1.059679362504220080e+03 4.077710398658192048e+02 4.073054660124360566e+02 4.065251796751867914e+02 4.057947554303635229e+02 4.050616112501557495e+02 4.043260328682610520e+02 4.035883257420679797e+02 4.028488850074348875e+02 4.021082047389377294e+02 4.013668058133034720e+02 4.006253468061479452e+02 3.998854477881539538e+02 3.991485620473504810e+02 3.984153978107829630e+02 3.976875201154361434e+02
1.109679362504220080e+03 4.067091647263438290e+02 4.062473465028842838e+02 4.054790921140485125e+02 4.047603914480410481e+02 4.040404251253809775e+02 4.033197808490704119e+02 4.025990959828927203e+02 4.018789189745957628e+02 4.011593791675790044e+02 4.004395406037015732e+02 3.997167013537535922e+02 3.989864960752680076e+02 3.982419519525998908e+02 3.974750702760837271e+02 3.966821528288213585e+02
1.159679362504220080e+03 4.059840918863771435e+02 4.055277591985627623e+02 4.047743097680501592e+02 4.040679958484495273e+02 4.033587854887009598e+02 4.026451267282498065e+02 4.019247351619254687e+02 4.011946296395244644e+02 4.004513355671285240e+02 3.996912214973029904e+02 3.989111395078440410e+02 3.981097446197925933e+02 3.972866641353901400e+02 3.964419190028478397e+02 3.955767682031028016e+02
1.209679362504220080e+03 4.052965409220168453e+02 4.048389150669158312e+02 4.040809119016938666e+02 4.033611880073751195e+02 4.026299818656797243e+02 4.018850274870029011e+02 4.011242634301162298e+02 4.003460496870265501e+02 3.995493153287937389e+02 3.987335691373561417e+02 3.978990017454439680e+02 3.970471888339448583e+02 3.961799142552789590e+02 3.952985815048965605e+02 3.944054393593091277e+02
1.259679362504220080e+03 4.045131514727525541e+02 4.040395930883672690e+02 4.032503048396151257e+02 4.024944129518544287e+02 4.017231719010854931e+02 4.009360170779732471e+02 4.001328550101907240e+02 3.993140864240829728e+02 3.984805775908302508e+02 3.976335560221767196e+02 3.967746557938226033e+02 3.959065546770635251e+02 3.950318154488193727e+02 3.941522126656020077e+02 3.932696668059396643e+02
1.309679362504220080e+03 4.036044491179810052e+02 4.031110595710905500e+02 4.022871209608134109e+02 4.014986452764854334e+02 4.006970894019606817e+02 3.998832055373936214e+02 3.990580458856472319e+02 3.982229120535764082e+02 3.973792658414809580e+02 3.965285780896793426e+02 3.956723363726801495e+02 3.948126393624094135e+02 3.939511339424123548e+02 3.930884734433125232e+02 3.922253218307259885e+02
1.359679362504220080e+03 4.026240945483053792e+02 4.021176021760281287e+02 4.012730079568829638e+02 4.004686949918426535e+02 3.996556703468565956e+02 3.988349735784211134e+02 3.980076966134553800e+02 3.971749323820159248e+02 3.963377090470424946e+02 3.954968877503152385e+02 3.946532345437326512e+02 3.938080648472982830e+02 3.929623252588137348e+02 3.921162004098835610e+02 3.912702185645064787e+02
1.409679362504220080e+03 4.017602966082631610e+02 4.012484363963964142e+02 4.003989866227171888e+02 3.995939406750451894e+02 3.987834430422987566e+02 3.979682693237435842e+02 3.971491797492524825e+02 3.963269109552849159e+02 3.955021240136993015e+02 3.946751913779211236e+02 3.938457526367174637e+02 3.930117335093506199e+02 3.921651997736850603e+02 3.912904102965259767e+02 3.903835757656693204e+02
1.459679362504220080e+03 4.008734901853171095e+02 4.003629409057803628e+02 3.995171527142783816e+02 3.987173247815193236e+02 3.979130891469707763e+02 3.971042089621115565e+02 3.962900811452149128e+02 3.954697891282407909e+02 3.946423586326573627e+02 3.938072276088898889e+02 3.929649566841819137e+02 3.921180517505712260e+02 3.912692588793162827e+02 3.904192797692667796e+02 3.895660971365340970e+02
1.509679362504220080e+03 4.018513240312942116e+02 3.996635626015873868e+02 3.987769074179070117e+02 3.979747144354913075e+02 3.971705673579933773e+02 3.963604612351904279e+02 3.955442668772448087e+02 3.947222270155301658e+02 3.938947054519748576e+02 3.930618229015851739e+02 3.922231827911525670e+02 3.913796379276497532e+02 3.905374522156305375e+02 3.897232855172093196e+02 3.890233328171501626e+02
1.559679362504220080e+03 3.993922502879975696e+02 3.988650059802491228e+02 3.980187821580824448e+02 3.972198632544969996e+02 3.964153400383842722e+02 3.956048650038500796e+02 3.947880469532133816e+02 3.939641146655811781e+02 3.931318114011786520e+02 3.922895695603349964e+02 3.914363783498098996e+02 3.905732277962178500e+02 3.897010945197753244e+02 3.888148310323297210e+02 3.879026810631835929e+02
1.609679362504220080e+03 3.985841093879246841e+02 3.980693968644652614e+02 3.972226220752582435e+02 3.964202898911539137e+02 3.956105433541676462e+02 3.947926740915385153e+02 3.939660863736301621e+02 3.931304007916802448e+02 3.922855308907387553e+02 3.914315745626141734e+02 3.905686062772219884e+02 3.896966641238000193e+02 3.888142929258268623e+02 3.879182192464402306e+02 3.870063808208546448e+02
1.659679362504220080e+03 3.978082398543381828e+02 3.972917389547852736e+02 3.964379432287996678e+02 3.956275619434530881e+02 3.948086859240636386e+02 3.939808952105971116e+02 3.931438096022648665e+02 3.922970064159839580e+02 3.914399764464336613e+02 3.905721340640589574e+02 3.896931027972187280e+02 3.888035454785083971e+02 3.879046075830934797e+02 3.869974827741162926e+02 3.860836892818116439e+02
1.709679362504220080e+03 3.970419808780987978e+02 3.965207808120727009e+02 3.956574433615289195e+02 3.948372944132987641e+02 3.940078729049276376e+02 3.931688087150855608e+02 3.923198755235438284e+02 3.914610261717694470e+02 3.905924269284620323e+02 3.897144032071491324e+02 3.888274353220816124e+02 3.879324934244630754e+02 3.870300038216883536e+02 3.861192319306781542e+02 3.851988773079185648e+02
1.759679362504220080e+03 3.961349080659600759e+02 3.956102837231820786e+02 3.947356481357333564e+02 3.939040802267925301e+02 3.930633472453717445e+02 3.922134321195125040e+02 3.913544526018434908e+02 3.904866335609732459e+02 3.896103447159506459e+02 3.887262523908896696e+02 3.878358864332664666e+02 3.869430040776701389e+02 3.860539154826582262e+02 3.851766253150145189e+02 3.843143133279808126e+02
1.809679362504220080e+03 3.953610159639085282e+02 3.948291876036534518e+02 3.939458315112733544e+02 3.931074870078302297e+02 3.922613717354938672e+02 3.914081077399096671e+02 3.905486589472130277e+02 3.896842493091014603e+02 3.888161072989541367e+02 3.879449000184153533e+02 3.870700830053568779e+02 3.861898190542571001e+02 3.853005212292213741e+02 3.843980699009266573e+02 3.834803235348351791e+02
1.859679362504220080e+03 3.945630933232408211e+02 3.940306036125464288e+02 3.931448128106989657e+02 3.923063325067402616e+02 3.914623816156715748e+02 3.906132050541720560e+02 3.897586629878497888e+02 3.888980460085400068e+02 3.880300725137495874e+02 3.871531025980860932e+02 3.862656998098340750e+02 3.853675785975141252e+02 3.844591718673728451e+02 3.835409882363151155e+02 3.826126625971551789e+02
1.909679362504220080e+03 3.938060485769800039e+02 3.932733547515520058e+02 3.923886375416828400e+02 3.915512483719462580e+02 3.907072480575027953e+02 3.898559328851915780e+02 3.889966500150336515e+02 3.881290317393713849e+02 3.872532888107941744e+02 3.863704290916892319e+02 3.854825067251511541e+02 3.845933039894499643e+02 3.837085364117984341e+02 3.828375851990568322e+02 3.819940697987226486e+02
1.959679362504220080e+03 3.930362114720251725e+02 3.925024451750117578e+02 3.916154544033336151e+02 3.907752944499455907e+02 3.899285413864797079e+02 3.890758166640479203e+02 3.882184689610182886e+02 3.873586677923849493e+02 3.864993810240782750e+02 3.856440731255122500e+02 3.847961601605429678e+02 3.839584533245099465e+02 3.831313889649858311e+02 3.823120202643847279e+02 3.814942380740337740e+02
2.009679362504220080e+03 3.922477605970758532e+02 3.917143916188079515e+02 3.908296497654495170e+02 3.899952500581604227e+02 3.891591300873727732e+02 3.883231364633340377e+02 3.874891940592721653e+02 3.866588744527467156e+02 3.858328980352538338e+02 3.850106266840775788e+02 3.841898480886081870e+02 3.833672186393252446e+02 3.825379732843271654e+02 3.816962563884898714e+02 3.808360391716992126e+02
2.059679362504220080e+03 3.917527069491702036e+02 3.912089982548043849e+02 3.903362783919912431e+02 3.895201067184331691e+02 3.887050674486347930e+02 3.878914226958589779e+02 3.870787503477016003e+02 3.862658148937108535e+02 3.854507262712054398e+02 3.846314675821416245e+02 3.838071884633122295e+02 3.829803560308179726e+02 3.821534743200572279e+02 3.813077655219119606e+02 3.803410951459831608e+02
2.109679362504220080e+03 3.918397794077225740e+02 3.907792343359607798e+02 3.899070841366425384e+02 3.891050591044908629e+02 3.883041725342847030e+02 3.875010722924300239e+02 3.866935449994713849e+02 3.858781918327580343e+02 3.850494424777691052e+02 3.841986053262382939e+02 3.833146155482284598e+02 3.823887352618358477e+02 3.814193908596491838e+02 3.804010124063347007e+02 3.792713182133217060e+02
2.159679362504220080e+03 4.011917332346735634e+02 3.946038430421670569e+02 3.915451115252212162e+02 3.898191446489901182e+02 3.886506265589847544e+02 3.877006966716396050e+02 3.868211468171508045e+02 3.859478502186994433e+02 3.850492548055350426e+02 3.841013746288015227e+02 3.830750566541179296e+02 3.819334332565638306e+02 3.806507304490747288e+02 3.792810242921700592e+02 3.783181421566898166e+02
2.209679362504220080e+03 3.958523934627738754e+02 3.888508200323132655e+02 3.867500499773887555e+02 3.855902562187223452e+02 3.845565155570794786e+02 3.835217410510724108e+02 3.824834232954344770e+02 3.814665481812112944e+02 3.805057120172220380e+02 3.796353284394767229e+02 3.788801177166091065e+02 3.782503522466724348e+02 3.777463957447813527e+02 3.773731096620286962e+02 3.771874917539144576e+02
2.259679362504220080e+03 3.820310193330578841e+02 3.815686682816520374e+02 3.808498240028346800e+02 3.803301975463539861e+02 3.799684050101681692e+02 3.797541120496793496e+02 3.796580889588955188e+02 3.796325364587540321e+02 3.796218845931786063e+02 3.795849301561928542e+02 3.795204049073295209e+02 3.794773940998846342e+02 3.795303802122100478e+02 3.797191426173470177e+02 3.799920257081478780e+02
2.309679362504220080e+03 3.996003076290302829e+02 3.991764476277750759e+02 3.986592502675999867e+02 3.979213868682438715e+02 3.968778672322179659e+02 3.955084694439422606e+02 3.938687230373040506e+02 3.920694965854514749e+02 3.902414292574657111e+02 3.885016124116803553e+02 3.869329092687154343e+02 3.855774808213254801e+02 3.844404494859281272e+02 3.834986564061233025e+02 3.829972797344316291e+02
2.359679362504220080e+03 4.019717941389300222e+02 4.007323627411881262e+02 3.999651317830905555e+02 3.993200800843568459e+02 3.986447521569868968e+02 3.978579355503012494e+02 3.969136480737824968e+02 3.957953325896781394e+02 3.945156151810480196e+02 3.931093739948723282e+02 3.916114719922288145e+02 3.899982986288302413e+02 3.880251580851962103e+02 3.848471704767644610e+02 3.802981813171891190e+02
2.409679362504220080e+03 3.986906070653934648e+02 3.981245501720210882e+02 3.970808681074328206e+02 3.959597165227057758e+02 3.946556917058074418e+02 3.931093425100359013e+02 3.912466734702442182e+02 3.889762314846366849e+02 3.862071662735922359e+02 3.829003241492892471e+02 3.791558402950790878e+02 3.753024591018802312e+02 3.718975063503487490e+02 3.695367154284106164e+02 3.684870984983257358e+02
2.459679362504220080e+03 3.901141967437697531e+02 3.882446267959660418e+02 3.851792260898114932e+02 3.826433387820180201e+02 3.804608050881997201e+02 3.785857978590420885e+02 3.769777529976121855e+02 3.756033608684933256e+02 3.744269703813724277e+02 3.734025698527900090e+02 3.724739831421157987e+02 3.715891516651909683e+02 3.707343248426802234e+02 3.699843861789394168e+02 3.695315894913531451e+02
2.509679362504220080e+03 3.956320315068724085e+02 3.931266179662623017e+02 3.895584820522968243e+02 3.865294677383338353e+02 3.839737951598519885e+02 3.818305206846986835e+02 3.800177580098787189e+02 3.784605610708804306e+02 3.770965882708911181e+02 3.758740853449037900e+02 3.747484516777727777e+02 3.736792730359408665e+02 3.726270206219994066e+02 3.715453545307677246e+02 3.703587273505045800e+02
2.559679362504220080e+03 3.921809676303532797e+02 3.892283265016681071e+02 3.864250843598223923e+02 3.841894668858205364e+02 3.822957118985274292e+02 3.806573754828424399e+02 3.792140416123984323e+02 3.779183821887144177e+02 3.767324248349560207e+02 3.756258471047185594e+02 3.745739942037101287e+02 3.735537795854368710e+02 3.725349741427854724e+02 3.714703741736965981e+02 3.702889395703156197e+02
2.609679362504220080e+03 3.880398761644191836e+02 3.866102649920799195e+02 3.845018038348260347e+02 3.827921176210733165e+02 3.812933665161544354e+02 3.799532093628018288e+02 3.787312923533943945e+02 3.775943779701971721e+02 3.765124232131051940e+02 3.754543066361665069e+02 3.743830973304151826e+02 3.732530243442672031e+02 3.720121984482257744e+02 3.706217019380744091e+02 3.691029737720355115e+02
2.659679362504220080e+03 3.854429057241565033e+02 3.832010731365147649e+02 3.816654784643089329e+02 3.803657980704246597e+02 3.791603397494733940e+02 3.780088147835139125e+02 3.768799651212039521e+02 3.757471403877206058e+02 3.745906787726550533e+02 3.734032334696852331e+02 3.721964095119376452e+02 3.710048484084762208e+02 3.698796934205806224e+02 3.688675278752765507e+02 3.680237544538373982e+02
2.709679362504220080e+03 3.843547931325747413e+02 3.821405530026370911e+02 3.803216109120905912e+02 3.790144343190289646e+02 3.778253711355882274e+02 3.766714975173797484e+02 3.755309622631426123e+02 3.744008871678948367e+02 3.732865333960038470e+02 3.721950298163619095e+02 3.711284690698318514e+02 3.700774540247272171e+02 3.690167107795184052e+02 3.679059463616236485e+02 3.667005813029315959e+02
2.759679362504220080e+03 3.812071457782622588e+02 3.798809412003448642e+02 3.785782467800889890e+02 3.774208821280715824e+02 3.762971236087096258e+02 3.751933842333927487e+02 3.741036576291501774e+02 3.730207669725884330e+02 3.719328310875855550e+02 3.708223237170393531e+02 3.696684427961966435e+02 3.684538569435709974e+02 3.671752278942245198e+02 3.658598448985735558e+02 3.646119319488927886e+02
2.809679362504220080e+03 3.795566559128711788e+02 3.785451012340642478e+02 3.773259870914966427e+02 3.762146688289085432e+02 3.751163163450838738e+02 3.740166248839543073e+02 3.729035044000537482e+02 3.717660822141445465e+02 3.705968583197548014e+02 3.693941098865157073e+02 3.681623780524211043e+02 3.669088058136129575e+02 3.656329734176769648e+02 3.643142497102679158e+02 3.628987763850312831e+02
2.859679362504220080e+03 3.786945649626128443e+02 3.779537657545737375e+02 3.767624920867937703e+02 3.756545145858784167e+02 3.745417338215877976e+02 3.734138056895607747e+02 3.722636473260495222e+02 3.710866403785572629e+02 3.698791559597274841e+02 3.686353789775890846e+02 3.673431126608770114e+02 3.659812536344435330e+02 3.645223815458689955e+02 3.629469478470151671e+02 3.612702417434965696e+02
2.909679362504220080e+03 3.779063185890465775e+02 3.771860371786344786e+02 3.759933449833442864e+02 3.748669524049423103e+02 3.737240109446104270e+02 3.725563723117443828e+02 3.713563909716801277e+02 3.701153295673672687e+02 3.688227031030176022e+02 3.674674154614657482e+02 3.660416626352161416e+02 3.645472431022042770e+02 3.630000733511431008e+02 3.614288840099146682e+02 3.598651565983179239e+02
2.959679362504220080e+03 3.770984773033848683e+02 3.763716851772007885e+02 3.751546096500246676e+02 3.739911762696711435e+02 3.727982275685713489e+02 3.715670522130977247e+02 3.702900210446395590e+02 3.689614411096679873e+02 3.675793521546870579e+02 3.661473980731651068e+02 3.646756610594307517e+02 3.631793945821203806e+02 3.616742251987497525e+02 3.601703495838563640e+02 3.586686144498082740e+02
3.009679362504220080e+03 3.764175048967545649e+02 3.756690876462772053e+02 3.744112515594927686e+02 3.731992209796295015e+02 3.719496405623994519e+02 3.706578685113775009e+02 3.693225388760704959e+02 3.679459352323598864e+02 3.665338200938592195e+02 3.650940823514353042e+02 3.636341751661618105e+02 3.621578280773217102e+02 3.606604482785690493e+02 3.591252540276594800e+02 3.575217267394580176e+02
3.059679362504220080e+03 3.760551064791140448e+02 3.752785069277914545e+02 3.739834706859521702e+02 3.727359399178573653e+02 3.714521372499615950e+02 3.701315806035805736e+02 3.687764561443410116e+02 3.673904943317754146e+02 3.659771320306356301e+02 3.645368051598834995e+02 3.630637094549131803e+02 3.615424525606051134e+02 3.599430852468357784e+02 3.582154989170971362e+02 3.562798249179343202e+02
3.109679362504220080e+03 3.863530663104094174e+02 3.821454502672791591e+02 3.773861778267821592e+02 3.741913256543604689e+02 3.719317077792645136e+02 3.701614436390531750e+02 3.686057501196116846e+02 3.671207659776738410e+02 3.656348314226774505e+02 3.641103458175671221e+02 3.625272480891375153e+02 3.608836417687342077e+02 3.592098501667551886e+02 3.575852444588334151e+02 3.561131106165478855e+02
3.159679362504220080e+03 3.934232425641477562e+02 3.896076786396774878e+02 3.858660780727634574e+02 3.824229077196015965e+02 3.793677213502922996e+02 3.766849596625884828e+02 3.743427824139184850e+02 3.723195820117392714e+02 3.706053713829593903e+02 3.691941886413234215e+02 3.680740400866521895e+02 3.672169881356505812e+02 3.665700725069821146e+02 3.660461421693460125e+02 3.657229908992530341e+02
3.209679362504220080e+03 3.832940300367895361e+02 3.819720442818487527e+02 3.796279087488562709e+02 3.774339908488975084e+02 3.753255045592550232e+02 3.733343914079154615e+02 3.714714137130183076e+02 3.697255338039030903e+02 3.680696934807427283e+02 3.664742716815529775e+02 3.649251494239040312e+02 3.634336685576897708e+02 3.620124942293103913e+02 3.605921762230977379e+02 3.588986256765783764e+02
3.259679362504220080e+03 3.928255415176017777e+02 3.922282819437721741e+02 3.910908182265175128e+02 3.898296004925766169e+02 3.884068169702895830e+02 3.868382508085180120e+02 3.851319383643765946e+02 3.832735484403393684e+02 3.812163568536011553e+02 3.788909062446714984e+02 3.762571064785980752e+02 3.734051582962600264e+02 3.706387247239983935e+02 3.683748817793611465e+02 3.667213180494207450e+02
3.309679362504220080e+03 3.830749431946996424e+02 3.816209673825387654e+02 3.791128391017817307e+02 3.768161811891295656e+02 3.746591357226097330e+02 3.726621609099232160e+02 3.708158819140414266e+02 3.690947255714849007e+02 3.674790236873129174e+02 3.659814694452542199e+02 3.646648646555759115e+02 3.636300964332245940e+02 3.629605533529446006e+02 3.626445197238126070e+02 3.625723007666183548e+02
3.359679362504220080e+03 3.919152920981515535e+02 3.906051179964208018e+02 3.880844839046613970e+02 3.852526169342735329e+02 3.823442764859314593e+02 3.795630424019410043e+02 3.770040307091924774e+02 3.746913309844795208e+02 3.726140437297953554e+02 3.707454505460300993e+02 3.690449531543867465e+02 3.674424488619447402e+02 3.657953316607077454e+02 3.638097046865315178e+02 3.610003082047312546e+02
3.409679362504220080e+03 3.902853259257854575e+02 3.897727760223933160e+02 3.887291721569520178e+02 3.874458826739335109e+02 3.858719703001742687e+02 3.840192281554549254e+02 3.819293159541327896e+02 3.796690123932689858e+02 3.773144518033730606e+02 3.749248129068433286e+02 3.725081654452067710e+02 3.699925623767638285e+02 3.672552548555466387e+02 3.643311612261488222e+02 3.618502542095877743e+02
3.459679362504220080e+03 3.938008770820245559e+02 3.925292537249310953e+02 3.910348104841933150e+02 3.895006726523606062e+02 3.879103262556487266e+02 3.862354613841303603e+02 3.844536602510015655e+02 3.825488136640967696e+02 3.805020771068824956e+02 3.782834591730386364e+02 3.758526693230612636e+02 3.731782819481575757e+02 3.702545752320848464e+02 3.670856560158308639e+02 3.633176344091730243e+02
3.509679362504220080e+03 3.901761893631253884e+02 3.884315706250598623e+02 3.858005347884574689e+02 3.833870395677733995e+02 3.810263637417697851e+02 3.786322708011375084e+02 3.761362614077289663e+02 3.734976860409087180e+02 3.707012597268646914e+02 3.677461703634681953e+02 3.646252626107163906e+02 3.612948101532568330e+02 3.576577415562913416e+02 3.536474200139682580e+02 3.496417687600326758e+02
3.559679362504220080e+03 3.914699330034051172e+02 3.858891053275908689e+02 3.819552443779746227e+02 3.788618795991598063e+02 3.760722121606460746e+02 3.733333895361723194e+02 3.705378803636352245e+02 3.676504830818789742e+02 3.646777395626158409e+02 3.616580312682541489e+02 3.586552957339038130e+02 3.557413533181811545e+02 3.529600463185264516e+02 3.503186920145484464e+02 3.482672499243101356e+02
3.609679362504220080e+03 3.755024969490234525e+02 3.725201895880754819e+02 3.688956850690756255e+02 3.657778703593690466e+02 3.628949886905563176e+02 3.601659588225281823e+02 3.575548334201236003e+02 3.550519263173091531e+02 3.526616858713541092e+02 3.503995305583481468e+02 3.483017417908464495e+02 3.464480016329919749e+02 3.449806671547593169e+02 3.440730134264710500e+02 3.438021121366462580e+02
3.659679362504220080e+03 3.888019054685763649e+02 3.835420671239759258e+02 3.779576085831450882e+02 3.730406912906555021e+02 3.687833106529445786e+02 3.650951525203706183e+02 3.618689711784715541e+02 3.590086181527524332e+02 3.564352128753282045e+02 3.540855691980485176e+02 3.519116537288051063e+02 3.498854253536478041e+02 3.480138443655480387e+02 3.463644628989615626e+02 3.450259539640255184e+02
3.709679362504220080e+03 3.795702934425347621e+02 3.751004196471769205e+02 3.703371309968470655e+02 3.662096481981103011e+02 3.626330984864883362e+02 3.595277433932641316e+02 3.568026874050639208e+02 3.543802189017075079e+02 3.522023342331585809e+02 3.502287682408489218e+02 3.484319465924002657e+02 3.467904650453914996e+02 3.452835023139226109e+02 3.438939696482341901e+02 3.426985831823004105e+02
3.759679362504220080e+03 3.797706270039270748e+02 3.707275654851811169e+02 3.656535410147309335e+02 3.620225482661659839e+02 3.590931156843247436e+02 3.565835052165202796e+02 3.543682226855033832e+02 3.523799274527946181e+02 3.505756882260590146e+02 3.489236428262080949e+02 3.473981314437219794e+02 3.459812676825438302e+02 3.446665436766290895e+02 3.434440746745461865e+02 3.424171143140574713e+02
3.809679362504220080e+03 3.782869250869693474e+02 3.686168945386762630e+02 3.631537615656151274e+02 3.594785114991509545e+02 3.567550778918193828e+02 3.545477527311981589e+02 3.526432354021956144e+02 3.509387333457704017e+02 3.493810138138668435e+02 3.479371172905997582e+02 3.465805824755886988e+02 3.452850886530122239e+02 3.440219861841024453e+02 3.427624671017733817e+02 3.417170317118026901e+02
3.859679362504220080e+03 3.831458372715871974e+02 3.729617846969714492e+02 3.661642362611536328e+02 3.612899949411460625e+02 3.576491517740514610e+02 3.548294333317213045e+02 3.525624048316477115e+02 3.506635970976042245e+02 3.490062697384074681e+02 3.475038099192286722e+02 3.460954023686489904e+02 3.447364706608153710e+02 3.433998837005071323e+02 3.421020661524817115e+02 3.412854720612878054e+02
3.909679362504220080e+03 3.692022194625884595e+02 3.653831407843601937e+02 3.607815731214731727e+02 3.573999080071923231e+02 3.547353906857794641e+02 3.525565742115508669e+02 3.507044628011753389e+02 3.490721677058913315e+02 3.475894760310680454e+02 3.462105459179873037e+02 3.449023880923720071e+02 3.436304919401433153e+02 3.423383049836467649e+02 3.409285707203465563e+02 3.392683104659785158e+02
3.959679362504220080e+03 3.677309716602345588e+02 3.646456544606532475e+02 3.606632241299050747e+02 3.577315467368157442e+02 3.553737896985111888e+02 3.534020526196212018e+02 3.516899180478048379e+02 3.501534503649713201e+02 3.487366266139649724e+02 3.473985101896157630e+02 3.460997622635425728e+02 3.447865093373201830e+02 3.433640469536731530e+02 3.416265984995015401e+02 3.388284965222843539e+02
4.009679362504220080e+03 3.707147233051952071e+02 3.663180519966963971e+02 3.623895038189585307e+02 3.594726993861169149e+02 3.571326882932880835e+02 3.551761921022223873e+02 3.534773429433648175e+02 3.519531524347892173e+02 3.505480139500594419e+02 3.492210489506192062e+02 3.479327901791534714e+02 3.466302764461933634e+02 3.452179396291072067e+02 3.434529447775469748e+02 3.402866151000183663e+02
4.059679362504220080e+03 3.760696561561649673e+02 3.684205001143945992e+02 3.643045257916031119e+02 3.613144072149223689e+02 3.589414109087244356e+02 3.569682206765361343e+02 3.552626735993092666e+02 3.537384113814428019e+02 3.523378556804667596e+02 3.510192514112936237e+02 3.497435823105604982e+02 3.484613328954242775e+02 3.470851001987562654e+02 3.453899150097163329e+02 3.426136319217114874e+02
4.109679362504220080e+03 3.862313433938191451e+02 3.734007024562492347e+02 3.674257782182252186e+02 3.638482100436015685e+02 3.612365989429103479e+02 3.591341595545424070e+02 3.573504888180298735e+02 3.557789130813162615e+02 3.543513628956180810e+02 3.530205282804065519e+02 3.517463163193618243e+02 3.504839137595741931e+02 3.491615909898968084e+02 3.476067978954418436e+02 3.457602327450168218e+02
4.159679362504220080e+03 3.949742660218234391e+02 3.831325213478588694e+02 3.742055783565832598e+02 3.684675295612582318e+02 3.647630504686423478e+02 3.621300704040018559e+02 3.600650227359336100e+02 3.583287189630273133e+02 3.567996271389448566e+02 3.554069786107428399e+02 3.541012957839668616e+02 3.528386816632209388e+02 3.515631908156336749e+02 3.501611647904349525e+02 3.490329355320536138e+02
4.209679362504220080e+03 3.988823621773954642e+02 3.930688633908987981e+02 3.855023328684653166e+02 3.780736448633281270e+02 3.720637875810230639e+02 3.676562510622204627e+02 3.644670670438100615e+02 3.620680161876549619e+02 3.601508952290437833e+02 3.585263470337758918e+02 3.570820486239494471e+02 3.557465715792681067e+02 3.544628359953240988e+02 3.531574040357897957e+02 3.523360267294458481e+02
4.259679362504220080e+03 4.001533172153449414e+02 3.981948114269646908e+02 3.946504116683280472e+02 3.896659092140489520e+02 3.839471828326622358e+02 3.782827662210507356e+02 3.732509200864035392e+02 3.691360380398573398e+02 3.659038002819165172e+02 3.633693792623222407e+02 3.613317574789160176e+02 3.596256784229162236e+02 3.581286852439593531e+02 3.567451827142483012e+02 3.559623850770674949e+02
4.309679362504220080e+03 4.007295115380784978e+02 4.000429106181520638e+02 3.987357145494482893e+02 3.965704547874274795e+02 3.934765484606546693e+02 3.895820481905458905e+02 3.851757232089839249e+02 3.806126618802717871e+02 3.762195434419371622e+02 3.722377805666475865e+02 3.688125029227189202e+02 3.659620342048422117e+02 3.636063407516845132e+02 3.616311408042327571e+02 3.605959471732799670e+02
4.359679362504220080e+03 4.004938898973922505e+02 3.997496747713882996e+02 3.983714422859009687e+02 3.963927998403830202e+02 3.937234456244121361e+02 3.904154885901599528e+02 3.866304516487012393e+02 3.825957165357572194e+02 3.785471701088952159e+02 3.746883968948660595e+02 3.711896812247834987e+02 3.681466020061367885e+02 3.654060122819842036e+02 3.619002928371216399e+02 3.526500442601216037e+02
4.409679362504220080e+03 4.013302757459255758e+02 4.006175531676773289e+02 3.995802924524911077e+02 3.981238875505984538e+02 3.961565561387823777e+02 3.936341019563594728e+02 3.905924839196841276e+02 3.871449972886294404e+02 3.834526857352153684e+02 3.796899715099027617e+02 3.760427602880002951e+02 3.726705204117114931e+02 3.696104000723481136e+02 3.664991987490120096e+02 3.638626275064336255e+02
4.459679362504220080e+03 4.016882003551820048e+02 4.014852153030769273e+02 4.010790131710173796e+02 4.003915585385046825e+02 3.993649037117754688e+02 3.979495680553400234e+02 3.961103460667623040e+02 3.938404280651472504e+02 3.911733670025810738e+02 3.881817289809722524e+02 3.849624428544119610e+02 3.816287887840080657e+02 3.782930132200449407e+02 3.750309830202439798e+02 3.731503928651369506e+02
4.509679362504220080e+03 4.018333449120649448e+02 4.017375680249479615e+02 4.015453509589700047e+02 4.012035511755605057e+02 4.006512223025786739e+02 3.998349457341323614e+02 3.987102186114373694e+02 3.972481807646042853e+02 3.954448330420956950e+02 3.933041438471792617e+02 3.908639495141227371e+02 3.881751116534181847e+02 3.852963361972511507e+02 3.822848311774178569e+02 3.804852331374207779e+02
4.559679362504220080e+03 4.020084364324080752e+02 4.018791748850399017e+02 4.016381768672327439e+02 4.013080150295522799e+02 4.008086288841338387e+02 4.000867388463144607e+02 3.991038499424153088e+02 3.978519809553098980e+02 3.962883328156945595e+02 3.944199133128477115e+02 3.922781340285328042e+02 3.898978224033469928e+02 3.872993908594473282e+02 3.842791855644440489e+02 3.786034521445974406e+02
4.609679362504220080e+03 4.021263091709511173e+02 4.019732033862979961e+02 4.016423215810312399e+02 4.012126382392986557e+02 4.006404053948716069e+02 3.998544147012693770e+02 3.988328338731918734e+02 3.975576744949439103e+02 3.959768757483624881e+02 3.941219947354724127e+02 3.920137082426865618e+02 3.896563069132144506e+02 3.867975879843721145e+02 3.816896469341992315e+02 3.673314395395586871e+02
4.659679362504220080e+03 4.020542506768246085e+02 4.018354637635451354e+02 4.013764514782638457e+02 4.007722981925013528e+02 3.999983385243102703e+02 3.990214588289053381e+02 3.978141854680587244e+02 3.963308396122116619e+02 3.945561378251352949e+02 3.924678731289407096e+02 3.898713008355796319e+02 3.860486522426338638e+02 3.791298704119076319e+02 3.660398516234062072e+02 3.452204177948923416e+02
4.709679362504220080e+03 4.019781483802207163e+02 4.016045191395779739e+02 4.010366947434918643e+02 4.002854843043745632e+02 3.993266732533799654e+02 3.981536978377410492e+02 3.967463757798377060e+02 3.950113431066212115e+02 3.928369717975774620e+02 3.899252304721376277e+02 3.856302946071201632e+02 3.789349902805552119e+02 3.688739132945291317e+02 3.556816211464850426e+02 3.431745212538215242e+02
4.759679362504220080e+03 4.000046712931978163e+02 3.993611189389723677e+02 3.980401067488184026e+02 3.964184270901086506e+02 3.943189592001695019e+02 3.915451228158830190e+02 3.878300579643520791e+02 3.828711016231118265e+02 3.764342810976561964e+02 3.685062765512552119e+02 3.594805363854144957e+02 3.502665414183297798e+02 3.421860692886584161e+02 3.365271695455333543e+02 3.337668411779147277e+02
4.809679362504220080e+03 4.020736628424076571e+02 4.012573751098209982e+02 4.001353785997771979e+02 3.986277575560497439e+02 3.967259228691621047e+02 3.944142347709838532e+02 3.916575190541700522e+02 3.883989603920554146e+02 3.845981395836765842e+02 3.802409133031889610e+02 3.753492837836200806e+02 3.699686303796365223e+02 3.640985199640468295e+02 3.575336764673766652e+02 3.525981026523091373e+02
4.859679362504220080e+03 4.013931377916136967e+02 4.005666400160404805e+02 3.992979229408502988e+02 3.977058029024039456e+02 3.957460891382803538e+02 3.933887746331842550e+02 3.905927412409346289e+02 3.873128336924730206e+02 3.835232897277738857e+02 3.791904369687437111e+02 3.742677553513814814e+02 3.686737069132752254e+02 3.622705547194540259e+02 3.548500383368462963e+02 3.460270080329743791e+02
4.909679362504220080e+03 4.004089996396993456e+02 3.995163535225154874e+02 3.979638609047145223e+02 3.960719351871402978e+02 3.937803094461290243e+02 3.910765337179898893e+02 3.879221612775528456e+02 3.842400294077806393e+02 3.800209225113266598e+02 3.751925839726050071e+02 3.696505871099387264e+02 3.632446057709755678e+02 3.558082182945132104e+02 3.473567046155905018e+02 3.385670591876292974e+02
4.959679362504220080e+03 4.007852121740724556e+02 3.993047674325404159e+02 3.976786711884881242e+02 3.957140851262391266e+02 3.933606513667860440e+02 3.905954277559407046e+02 3.873928850397874726e+02 3.836512578881432205e+02 3.793559015208141432e+02 3.744170452891638661e+02 3.687330434311143108e+02 3.622139853490276096e+02 3.548921662270538491e+02 3.471177785649798011e+02 3.406887890396493503e+02
5.009679362504220080e+03 3.997207654191109896e+02 3.979319825366524697e+02 3.959799367437132673e+02 3.936629199658468110e+02 3.909317095200008794e+02 3.877632956954631709e+02 3.841198173801112716e+02 3.798799721491121772e+02 3.750269059031197116e+02 3.694917890865792742e+02 3.632675907395357626e+02 3.564529976931193005e+02 3.493251332629108674e+02 3.423663971540165107e+02 3.370052839896787304e+02
5.059679362504220080e+03 3.990796342818978246e+02 3.974120491082414333e+02 3.952943203136748025e+02 3.928319129049435787e+02 3.899591968460779867e+02 3.866454458005703145e+02 3.828457934262738718e+02 3.784198667934484774e+02 3.733953336918117998e+02 3.677332566323264018e+02 3.614973860404801371e+02 3.548658349428395695e+02 3.481839622240087238e+02 3.418936943643510631e+02 3.362806186658315255e+02
5.109679362504220080e+03 3.987251391578199105e+02 3.966976544023078759e+02 3.943821109743556121e+02 3.917476635831338854e+02 3.887034554553086991e+02 3.852043060616850312e+02 3.812111698953060568e+02 3.765915063039742563e+02 3.714073217544615773e+02 3.656765991714354982e+02 3.595273190235228071e+02 3.531828014651846388e+02 3.469614921056907519e+02 3.412131238095221875e+02 3.361142571010585698e+02
5.159679362504220080e+03 3.970395138278882996e+02 3.954998736229516112e+02 3.929381063285616165e+02 3.900712603283141107e+02 3.867739986067228415e+02 3.830070437442877846e+02 3.787451874181515450e+02 3.738555245533515858e+02 3.684771145371642547e+02 3.626706712074133065e+02 3.566215758904381801e+02 3.505694022484735228e+02 3.447704270249977299e+02 3.393805476127780594e+02 3.344371454397694379e+02
5.209679362504220080e+03 3.980148407878050989e+02 3.957746094863794610e+02 3.931617044107658216e+02 3.902937296204387394e+02 3.870238981435514347e+02 3.833089121256398357e+02 3.791286791983674789e+02 3.743500959775619776e+02 3.691158955349088160e+02 3.635001431895950645e+02 3.576773989319801217e+02 3.518543208487382117e+02 3.462434385433971897e+02 3.409650741605688609e+02 3.357700320614383145e+02
5.259679362504220080e+03 3.986484260350827640e+02 3.963651610549440534e+02 3.936378394139255761e+02 3.907647303908158847e+02 3.875449332641131264e+02 3.839153826512718410e+02 3.798670077129918354e+02 3.752393240966638359e+02 3.701904659031224014e+02 3.647882559056995433e+02 3.591944552983268863e+02 3.535825439423909984e+02 3.481108440715141228e+02 3.427356864515695065e+02 3.366935266119559174e+02
5.309679362504220080e+03 3.974938278610985662e+02 3.956310409277710960e+02 3.928428514625927050e+02 3.898776511710432828e+02 3.865491349847255265e+02 3.828207536196327396e+02 3.786993377115109638e+02 3.739935028179308460e+02 3.689314968320182970e+02 3.635811461165126843e+02 3.581073477700880403e+02 3.526411805691071208e+02 3.472163076314648720e+02 3.415867255980881509e+02 3.353245798005186202e+02
5.359679362504220080e+03 4.029512821991835381e+02 4.029022819836520171e+02 4.028094355715959978e+02 4.026740837371704629e+02 4.025039982312704865e+02 4.023015079114536547e+02 4.020678056200348465e+02 4.017943865908018211e+02 4.014824130718891411e+02 4.011164939412498711e+02 4.006290708550756108e+02 3.998011062064283578e+02 3.981001549719617287e+02 3.951299993120308045e+02 3.911291896509380877e+02
5.409679362504220080e+03 4.018666918541239284e+02 4.008885923266286113e+02 3.997629588111796579e+02 3.984105932202032818e+02 3.967744339322954374e+02 3.948355731270215756e+02 3.926060931481556509e+02 3.901572073425062968e+02 3.875271133349802426e+02 3.849046309908762282e+02 3.822225125384957209e+02 3.799053550523076410e+02 3.774718592041512011e+02 3.760436539355643504e+02 3.741418958763309774e+02
5.459679362504220080e+03 4.019154569398374406e+02 4.018893028704860058e+02 4.017916285381953116e+02 4.016139062023038946e+02 4.013368337017865883e+02 4.009518862759003355e+02 4.004497349152040329e+02 3.998217088703588615e+02 3.990488657746337822e+02 3.981412579379897352e+02 3.970369804914824954e+02 3.957461265925625753e+02 3.943474298861172542e+02 3.928027786954295379e+02 3.911936872688628455e+02
5.509679362504220080e+03 3.997664002739088573e+02 3.981325488146554790e+02 3.964402923765613309e+02 3.945659781949278226e+02 3.925468541635167981e+02 3.904228054462373620e+02 3.882842324892180272e+02 3.862378206731460182e+02 3.843702390707069299e+02 3.827344028422088513e+02 3.813255632053550244e+02 3.801411089877985319e+02 3.790715816813377614e+02 3.782732995816025436e+02 3.777182174559624741e+02
5.559679362504220080e+03 3.986969853148334550e+02 3.978953761229951169e+02 3.970524957427027744e+02 3.960137664986227151e+02 3.947289599376470051e+02 3.932177725374871784e+02 3.915047608317581762e+02 3.896718061937904167e+02 3.878236881035790020e+02 3.860855807224275509e+02 3.845645766016480138e+02 3.832948165403477674e+02 3.822695912744535462e+02 3.812792185732076859e+02 3.809428158604468990e+02
5.609679362504220080e+03 3.927747541665244739e+02 3.911353318339604925e+02 3.901191901556285302e+02 3.898162308026649612e+02 3.899830607760127918e+02 3.904802622408936372e+02 3.912569399819972205e+02 3.922913020990143309e+02 3.933230090190742203e+02 3.943794483023193038e+02 3.950069565681775430e+02 3.951337669479686383e+02 3.949566329704559280e+02 3.945995202486988092e+02 3.937424393701467693e+02
5.659679362504220080e+03 3.932425623548131739e+02 3.924720124935989247e+02 3.921794570640822712e+02 3.921523062070443757e+02 3.923440864521045341e+02 3.927534532144574086e+02 3.936819239593817770e+02 3.945023019394328117e+02 3.952137106203077224e+02 3.955123357558044290e+02 3.956125898421740885e+02 3.956475061900986248e+02 3.956568784982883926e+02 3.956552023426019673e+02 3.956286302366842733e+02
5.709679362504220080e+03 3.951740837433344495e+02 3.943508893914684563e+02 3.937437942171384861e+02 3.934947139235724762e+02 3.935099287581161320e+02 3.936581264563228615e+02 3.937975147439060493e+02 3.942714609241602943e+02 3.944379221310834396e+02 3.945934800956786148e+02 3.947379649165575302e+02 3.948430201782017548e+02 3.949065132247338852e+02 3.949397784815819250e+02 3.949571046349813628e+02
5.759679362504220080e+03 3.956056869241830896e+02 3.950439906582737990e+02 3.946327910830088399e+02 3.943840884267726778e+02 3.942420035008940999e+02 3.941402348727230560e+02 3.938872086184768477e+02 3.937803113327623805e+02 3.936782966432458579e+02 3.936149518886923602e+02 3.935977541225566370e+02 3.936232544898330161e+02 3.936766336237521386e+02 3.937422758522153572e+02 3.938087623525150889e+02
5.809679362504220080e+03 3.960706131699305388e+02 3.958211931871955471e+02 3.955816847749260887e+02 3.953396273991432395e+02 3.950754367964084963e+02 3.948095620480847288e+02 3.943546602698140759e+02 3.943401696835019834e+02 3.943224808906886665e+02 3.943141234686813164e+02 3.943081876241377017e+02 3.943069127910482052e+02 3.943116104468520007e+02 3.943228189961805015e+02 3.943337861873473571e+02
5.859679362504220080e+03 3.959874464765597395e+02 3.957414992632579924e+02 3.954603821844016807e+02 3.951492215532706496e+02 3.947986922820261952e+02 3.943412886435040718e+02 3.940116062052499615e+02 3.940048908854290062e+02 3.940062923906625656e+02 3.940038558996337770e+02 3.940037496790700970e+02 3.940024415182188022e+02 3.940017993058262391e+02 3.940007692968632114e+02 3.940001701931618641e+02
5.909679362504220080e+03 3.955635857099150599e+02 3.953365084621395340e+02 3.950151901602506541e+02 3.946678651195260272e+02 3.942987478859473072e+02 3.939946179718434678e+02 3.939789072239831285e+02 3.939806615769433051e+02 3.939780051396205067e+02 3.939774322495038632e+02 3.939758357762356127e+02 3.939738127577190312e+02 3.939701640480145670e+02 3.939634403309182744e+02 3.939529029498372097e+02
5.959679362504220080e+03 3.956333505690940910e+02 3.953739862575193911e+02 3.950859875511426367e+02 3.947647070203391877e+02 3.943074226887025020e+02 3.940008450513422531e+02 3.941699009420346442e+02 3.941464001323569732e+02 3.941483279408005842e+02 3.941460662811738871e+02 3.941458451772082299e+02 3.941447652566554325e+02 3.941436462118072086e+02 3.941420779548454902e+02 3.941406046520949644e+02
6.009679362504220080e+03 3.952149961128944256e+02 3.950093519294500766e+02 3.947094152282963364e+02 3.943981069176163601e+02 3.940781958930903102e+02 3.939603271649060616e+02 3.939607065156471322e+02 3.939595981029752352e+02 3.939587846818850494e+02 3.939573503233420979e+02 3.939551133260217171e+02 3.939511225715058345e+02 3.939433401751232395e+02 3.939265308151698832e+02 3.938877801836782169e+02
6.059679362504220080e+03 3.952199803302879673e+02 3.949682617921620817e+02 3.946857597100840849e+02 3.943772414980243752e+02 3.940611738802434161e+02 3.939144617586547383e+02 3.939017138328916303e+02 3.939030474719039034e+02 3.939011221281303960e+02 3.939007152165161756e+02 3.938993999026587858e+02 3.938980748888491803e+02 3.938963149540931568e+02 3.938942655648122013e+02 3.938641121962497209e+02
6.109679362504220080e+03 3.950964221072371743e+02 3.948844328208549541e+02 3.946077615045142011e+02 3.942934746714208814e+02 3.939910034401339090e+02 3.940135350393346130e+02 3.939999701815183926e+02 3.940011713236480659e+02 3.939994536230915401e+02 3.939990346352338406e+02 3.939978064170861671e+02 3.939964591421700106e+02 3.939945695589419756e+02 3.939926288510594077e+02 3.939453267346503935e+02
6.124679362504220080e+03 3.951206425755775626e+02 3.949001119098527965e+02 3.946288178074316306e+02 3.943100770567959330e+02 3.939673410907579978e+02 3.938758792796945158e+02 3.938753467336809990e+02 3.938744775103058942e+02 3.938737759328944890e+02 3.938727470527538799e+02 3.938712882010180465e+02 3.938685496859432646e+02 3.938622998718851704e+02 3.938463678723149428e+02 3.938390307997639184e+02
6.129679362504220080e+03 3.950795710324928791e+02 3.948727255129810487e+02 3.945954139421274363e+02 3.942755670642631003e+02 3.939469190265327825e+02 3.938042852977578150e+02 3.938057419517716653e+02 3.938047567429638889e+02 3.938045001158977811e+02 3.938033283743523612e+02 3.938017695213680440e+02 3.937989435962607558e+02 3.937927172232696762e+02 3.937773035811344471e+02 3.936993704671419323e+02
6.179679362504220080e+03 3.950517951650068653e+02 3.948352440677112440e+02 3.945811857849549824e+02 3.942828666757862948e+02 3.939660320022260294e+02 3.938388002098374159e+02 3.938293271662799384e+02 3.938301555482844947e+02 3.938285390162553199e+02 3.938279341137066467e+02 3.938264788883672054e+02 3.938249120839874422e+02 3.938231426938861546e+02 3.937867744095252647e+02 3.936492980242517774e+02
6.229679362504220080e+03 3.949249713179448236e+02 3.947129291428026931e+02 3.944622211088216091e+02 3.942001190673304905e+02 3.940143551294409008e+02 3.939695896956913543e+02 3.939484204911862548e+02 3.939492795561056937e+02 3.939471895315784309e+02 3.939461780377710056e+02 3.939445574766586446e+02 3.939421483995807876e+02 3.939049245429517327e+02 3.937702587324033630e+02 3.935162184831121976e+02
6.279679362504220080e+03 3.950214110357907202e+02 3.948698534014526444e+02 3.946970534922669458e+02 3.945017084771681652e+02 3.943872007589387749e+02 3.941069853078486176e+02 3.940975841164317330e+02 3.940956569617379728e+02 3.940921520277396439e+02 3.940912008047448580e+02 3.940796714064995285e+02 3.940185102836437636e+02 3.939079363805105345e+02 3.937302002089454049e+02 3.935578012493252231e+02
6.329679362504220080e+03 3.948654944052173619e+02 3.946897389214116743e+02 3.944529741053305543e+02 3.941842714653433291e+02 3.939129786830200715e+02 3.940622913438562591e+02 3.940129560028051969e+02 3.940140052143136700e+02 3.940113780100405734e+02 3.940103346617715374e+02 3.940089600650651960e+02 3.939390644251582785e+02 3.938229150345374592e+02 3.935619504624172578e+02 3.929191698275025146e+02
6.379679362504220080e+03 3.947608718465270954e+02 3.945421494363621946e+02 3.942764864728813450e+02 3.940093545360451799e+02 3.937361504324467774e+02 3.937425538315633844e+02 3.937372050544905733e+02 3.937378953695460950e+02 3.937282820684169451e+02 3.937223623899522522e+02 3.937021455452945133e+02 3.935348150088282182e+02 3.931721785673910858e+02 3.924398936476163158e+02 3.912248921730699180e+02
6.429679362504220080e+03 3.947155332967286654e+02 3.944841398819069127e+02 3.942106913994338129e+02 3.939005991342019684e+02 3.936214981826830126e+02 3.936208933091688209e+02 3.936207043502699889e+02 3.936176313669441811e+02 3.936150637634056579e+02 3.936142158398704396e+02 3.935641818603431830e+02 3.933933336884901451e+02 3.930346226586515286e+02 3.921546253111364990e+02 3.906331210338149731e+02
6.479679362504220080e+03 3.946082803061676714e+02 3.943810967638481202e+02 3.941328213310611659e+02 3.938606371794961660e+02 3.935580326415088166e+02 3.935562775541267229e+02 3.935524685336280299e+02 3.935439758080035517e+02 3.935236355881509667e+02 3.935031470315267939e+02 3.933772969218300659e+02 3.931222044299426557e+02 3.925389528232478256e+02 3.912490243721962315e+02 3.889253886126975885e+02
6.529679362504220080e+03 3.945707195979501876e+02 3.943606843442108811e+02 3.941253254638348267e+02 3.938387953243300217e+02 3.936281549257145116e+02 3.936103681965875580e+02 3.936219542724364828e+02 3.936098815564295705e+02 3.936118712040008063e+02 3.935229594757274754e+02 3.934181100821090808e+02 3.931778222584189280e+02 3.926238635109932034e+02 3.913591540684345773e+02 3.891366436228656767e+02
6.579679362504220080e+03 3.944849713572384644e+02 3.942857602154001597e+02 3.940451987030554051e+02 3.937580478888005473e+02 3.936455799809675113e+02 3.936326368159834601e+02 3.935854584723016956e+02 3.935642381816080615e+02 3.935594100847636128e+02 3.934691227995980398e+02 3.933466778650519586e+02 3.930659101038465906e+02 3.924075832328423985e+02 3.908406630521028546e+02 3.875797285621370065e+02
6.629679362504220080e+03 3.944688947364616070e+02 3.942681640366384954e+02 3.940272358839972640e+02 3.937481907101977185e+02 3.936063568494756169e+02 3.935652101096628144e+02 3.935624895828999570e+02 3.935570491263354711e+02 3.935452695576149154e+02 3.935182391333262899e+02 3.934525597914685591e+02 3.932822491765128348e+02 3.928069754214423028e+02 3.913891845869603685e+02 3.878900045288982597e+02
6.679679362504220080e+03 3.943968863206077344e+02 3.942207759265043023e+02 3.940001390092019733e+02 3.937725218141148957e+02 3.936614569370751155e+02 3.936602510979321323e+02 3.936582029939843892e+02 3.936539763339510500e+02 3.936438667911281186e+02 3.936170888517118556e+02 3.935413419190757622e+02 3.933188947745065320e+02 3.926620842345643609e+02 3.908116489661596233e+02 3.858407491613992875e+02
6.729679362504220080e+03 3.943178232070208082e+02 3.941688033746129918e+02 3.939731345610258586e+02 3.938307755454319476e+02 3.938357736565702112e+02 3.938337277651353929e+02 3.938291515026015759e+02 3.938175521107753525e+02 3.937868851810596311e+02 3.937059625248045904e+02 3.934967835690697484e+02 3.929689654626849347e+02 3.916472907049593459e+02 3.882168425595236272e+02 3.779427456327470622e+02
6.779679362504220080e+03 3.943667517134721834e+02 3.942008251737872797e+02 3.939939587493717568e+02 3.937908137094116796e+02 3.936571061541210952e+02 3.936546842617186712e+02 3.936493939644421403e+02 3.936368597134931520e+02 3.936066845651893686e+02 3.935352678890899938e+02 3.933716241291576239e+02 3.930100520155190793e+02 3.922348384219650370e+02 3.905867669337084180e+02 3.871068614040818829e+02
6.829679362504220080e+03 3.943255936255723100e+02 3.941565522104263550e+02 3.939436153164177767e+02 3.937066579633284391e+02 3.936173876103562179e+02 3.936155974167002114e+02 3.936121388832979733e+02 3.936046877963970587e+02 3.935879321581947465e+02 3.935498615693742295e+02 3.934629414598347807e+02 3.932615644792343232e+02 3.927811624278363638e+02 3.915678147455906810e+02 3.889097307665069820e+02
6.879679362504220080e+03 3.942486779068575515e+02 3.940974313949767520e+02 3.938920065926967595e+02 3.936844885976138357e+02 3.936679661382683548e+02 3.936665228400275964e+02 3.936639294095955961e+02 3.936585462408803551e+02 3.936462955699809640e+02 3.936165189577457113e+02 3.935398243724617942e+02 3.933323879870305291e+02 3.927520730136523071e+02 3.911009101408772040e+02 3.856434198115571235e+02
6.929679362504220080e+03 3.942396891830287018e+02 3.940954709655749184e+02 3.939132897550218217e+02 3.937115253414715994e+02 3.936684667245331752e+02 3.936672996936508753e+02 3.936652479568011813e+02 3.936608500258220715e+02 3.936500441776659613e+02 3.936212099671686246e+02 3.935405774028392329e+02 3.933101767570468041e+02 3.926445505737199824e+02 3.906966642062738515e+02 3.846656056544958346e+02
6.979679362504220080e+03 3.942510545226023737e+02 3.941037454113819081e+02 3.939227957295165083e+02 3.937484434952929746e+02 3.936638850556321358e+02 3.936628686052541752e+02 3.936612187287561255e+02 3.936578285456943718e+02 3.936496075121713716e+02 3.936279098145287207e+02 3.935684020819243756e+02 3.934010749533975400e+02 3.929183670123121033e+02 3.914721992341317218e+02 3.881058170447627731e+02
7.029679362504220080e+03 3.942425858066815181e+02 3.941048619848790509e+02 3.939351121425070232e+02 3.937793706788217492e+02 3.936836393573226474e+02 3.936827064894455930e+02 3.936812692188414644e+02 3.936784303676814716e+02 3.936716667053374863e+02 3.936537757148522587e+02 3.936038551309963509e+02 3.934597059305337439e+02 3.930292030599694613e+02 3.916617243866224953e+02 3.880789025215336210e+02
7.079679362504220080e+03 3.941852478947093914e+02 3.940620435088269460e+02 3.938936710506608279e+02 3.937293713603370975e+02 3.937236834143828332e+02 3.937227778855730662e+02 3.937214152149778101e+02 3.937187696127163008e+02 3.937124785293080436e+02 3.936957081036381965e+02 3.936482986805438600e+02 3.935091745338424403e+02 3.930785378998715487e+02 3.915979289887376353e+02 3.854480157798295181e+02
7.129679362504220080e+03 3.941936682091060220e+02 3.940759522419766654e+02 3.939166062550453375e+02 3.937311648626363763e+02 3.937263950980706682e+02 3.937256071134701756e+02 3.937245602013506414e+02 3.937227828557610678e+02 3.937189111854610815e+02 3.937088768672308561e+02 3.936800296155745400e+02 3.935907238910255046e+02 3.932961625591249799e+02 3.922827049006918969e+02 3.880450411035276943e+02
7.179679362504220080e+03 3.941911405998020541e+02 3.940834581242563672e+02 3.939781500998071806e+02 3.938080629046092440e+02 3.937206867645621742e+02 3.937199629656823845e+02 3.937190892472917199e+02 3.937177948320180008e+02 3.937152936002470369e+02 3.937092483017693212e+02 3.936922798772297938e+02 3.936372254219788260e+02 3.934142703340063463e+02 3.922895311411887178e+02 3.868569317327484214e+02
7.229679362504220080e+03 3.942110564435614606e+02 3.941052936357315275e+02 3.939492650579647375e+02 3.937082866947922071e+02 3.937031912616238856e+02 3.937025114338524077e+02 3.937017651721814673e+02 3.937008193284964932e+02 3.936993045511566152e+02 3.936960868547335508e+02 3.936873125652766703e+02 3.936575084922988026e+02 3.935336756988834281e+02 3.929212502564636793e+02 3.894177480812758176e+02
7.279679362504220080e+03 3.943063290730171957e+02 3.942492906459615369e+02 3.940935930144568715e+02 3.938638656567400176e+02 3.938624269633343715e+02 3.938617769610124242e+02 3.938611149823265123e+02 3.938604160738477162e+02 3.938595656324979473e+02 3.938580131887132438e+02 3.938528403799085709e+02 3.938292527647951715e+02 3.937210434023144217e+02 3.932928113882044272e+02 3.923696610552264019e+02
7.329679362504220080e+03 3.943008193602576625e+02 3.942025773757607681e+02 3.940084460963745983e+02 3.938763786366566251e+02 3.938018707583730134e+02 3.938012337897449697e+02 3.938005992785735998e+02 3.937999611721602946e+02 3.937993009622674094e+02 3.937985240853836331e+02 3.937971601454278243e+02 3.937929673681289842e+02 3.937761225178746827e+02 3.937005811649361249e+02 3.928229488796836790e+02
7.379679362504220080e+03 3.943655682891644005e+02 3.942630830037340957e+02 3.940770121062269595e+02 3.939512198271369812e+02 3.938746978205118694e+02 3.938740629810569089e+02 3.938734291163471539e+02 3.938728001410264596e+02 3.938721797793953669e+02 3.938715615730514514e+02 3.938708581572137746e+02 3.938692257410675666e+02 3.938587855975021057e+02 3.937773646298271615e+02 3.931041006440457863e+02
7.429679362504220080e+03 3.943337681152045775e+02 3.942079948747792741e+02 3.940270538238823406e+02 3.938625858325947320e+02 3.938531121119934824e+02 3.938524763243789266e+02 3.938518502880576193e+02 3.938512345503700089e+02 3.938506325621571591e+02 3.938500344425539197e+02 3.938493473882035119e+02 3.938475591454661071e+02 3.938330813676826665e+02 3.936768793368302681e+02 3.921503583327803995e+02
7.479679362504220080e+03 3.944399711149498557e+02 3.943609708702778107e+02 3.941148528533323088e+02 3.939362545267048858e+02 3.939006946992761300e+02 3.939000535986872933e+02 3.938994147155808605e+02 3.938987836427008915e+02 3.938981220140291271e+02 3.938971272782306414e+02 3.938935021969791705e+02 3.938722287626547995e+02 3.937525822527807691e+02 3.932046160277599824e+02 3.921720768588493229e+02
7.529679362504220080e+03 3.944184317334294860e+02 3.942801366542634014e+02 3.940586973805037019e+02 3.938781170596809602e+02 3.938603268479928374e+02 3.938596914107027942e+02 3.938590710587018862e+02 3.938584651331987061e+02 3.938578625975310388e+02 3.938571834858104808e+02 3.938559367331129693e+02 3.938513016344872426e+02 3.938285965281057770e+02 3.936923261166155612e+02 3.924741916095554757e+02
7.579679362504220080e+03 3.943936196049227760e+02 3.942440327806680216e+02 3.940355781689296464e+02 3.938434211018704900e+02 3.938427790022132058e+02 3.938421437248774737e+02 3.938415271949211274e+02 3.938409279887151229e+02 3.938403389380955559e+02 3.938397260415210894e+02 3.938389051961781888e+02 3.938366758457778474e+02 3.938237055873987629e+02 3.937118890184372049e+02 3.926905766343904816e+02
7.629679362504220080e+03 3.943791597672648663e+02 3.942219744668669250e+02 3.940136677619158831e+02 3.938398621056715001e+02 3.938392172906302449e+02 3.938385815468344617e+02 3.938379662504536896e+02 3.938373704172199155e+02 3.938367870069216110e+02 3.938361935513186154e+02 3.938354375356500441e+02 3.938330445322039282e+02 3.938131625390622617e+02 3.936002004092200082e+02 3.913843731440488227e+02
7.679679362504220080e+03 3.944682505123791998e+02 3.943150836038309421e+02 3.940538081483950350e+02 3.938744015882563758e+02 3.938737645774128282e+02 3.938731373845449752e+02 3.938725253279848175e+02 3.938719325680927454e+02 3.938713570137884972e+02 3.938707926239949870e+02 3.938702364361458308e+02 3.938695989221729405e+02 3.938662486510098688e+02 3.937883625438748254e+02 3.920838629727234093e+02
7.729679362504220080e+03 3.944558099200266383e+02 3.943091181652320643e+02 3.940855247680582352e+02 3.938834877827737273e+02 3.938828465695801810e+02 3.938822156451736873e+02 3.938816104588478879e+02 3.938810283836076565e+02 3.938804629297733300e+02 3.938799081882034443e+02 3.938793380488978642e+02 3.938782466509570668e+02 3.938680049941367542e+02 3.937213148246597143e+02 3.918322063306069936e+02
7.779679362504220080e+03 3.943994408756906296e+02 3.942779678276711479e+02 3.940776779394709024e+02 3.939052021114779336e+02 3.939045673952610400e+02 3.939039464744423071e+02 3.939033526118981854e+02 3.939027820163943829e+02 3.939022265612214255e+02 3.939016763293366239e+02 3.939010421547400256e+02 3.938990505600975212e+02 3.938798155226666040e+02 3.936770708020821985e+02 3.918604547111380043e+02
7.829679362504220080e+03 3.943479629584589929e+02 3.942519492778684480e+02 3.940830679800353096e+02 3.938866423261060845e+02 3.938860046451576977e+02 3.938853835892142001e+02 3.938847923770096600e+02 3.938842238647168301e+02 3.938836687895916953e+02 3.938830911593427118e+02 3.938821348270668636e+02 3.938769826509428640e+02 3.938294466280323149e+02 3.933947978278670234e+02 3.901812872913618548e+02
7.879679362504220080e+03 3.943243222479413816e+02 3.942399393660047053e+02 3.940919790878772346e+02 3.939111481315267156e+02 3.939105085070046925e+02 3.939098869373418665e+02 3.939092975971196324e+02 3.939087298519209526e+02 3.939081747874554367e+02 3.939075921118473502e+02 3.939066221517624058e+02 3.939017818145418914e+02 3.938610515949263231e+02 3.934979462057147543e+02 3.908166692832161289e+02
7.929679362504220080e+03 3.945171637919381169e+02 3.944973092035646687e+02 3.943990247751955280e+02 3.941571896160288588e+02 3.940429207772680229e+02 3.940044502495886150e+02 3.940039855078672986e+02 3.940035150297776454e+02 3.940029827487391572e+02 3.940023476745137714e+02 3.940016022472479449e+02 3.940007559694089423e+02 3.939998322157373991e+02 3.939988226846003272e+02 3.939857080682950254e+02
7.979679362504220080e+03 3.945391274496457186e+02 3.945363648382610791e+02 3.944297956360954913e+02 3.944147540973248169e+02 3.942002157812147516e+02 3.941995635465929695e+02 3.941989023137737149e+02 3.941982340224811878e+02 3.941975628595783405e+02 3.941969021551008723e+02 3.941962674217851941e+02 3.941956695422133521e+02 3.941951127357189648e+02 3.941945765333520626e+02 3.941859942710881910e+02
8.029679362504220080e+03 3.945901818456182468e+02 3.945817629928810675e+02 3.944554739874956226e+02 3.942702497485930166e+02 3.942113774502149113e+02 3.942107523771763908e+02 3.942101413289805123e+02 3.942095477462059421e+02 3.942089713079212174e+02 3.942084112827714648e+02 3.942078666690856039e+02 3.942073352297944098e+02 3.942068146973570038e+02 3.942063024878692090e+02 3.942059042495835683e+02
8.079679362504220080e+03 3.946114644264014828e+02 3.945809452155950794e+02 3.944282176076494011e+02 3.943338918772901138e+02 3.943990425600131857e+02 3.943984088568400921e+02 3.943977851763429499e+02 3.943971745094551693e+02 3.943965769743466012e+02 3.943959923243644994e+02 3.943954199757616266e+02 3.943948582014219824e+02 3.943943052747762295e+02 3.943937601532913959e+02 3.943933344745329350e+02
8.129679362504220080e+03 3.946346959088057247e+02 3.945976178763852431e+02 3.944568587366858310e+02 3.942942752860799942e+02 3.942843772949744903e+02 3.942837207615535249e+02 3.942830703474680263e+02 3.942824288821573759e+02 3.942817968432985936e+02 3.942811743395633357e+02 3.942805611094261735e+02 3.942799557801010337e+02 3.942793568196262868e+02 3.942787632344147823e+02 3.942782971596602124e+02
8.179679362504220080e+03 3.946748632644047348e+02 3.946269742178070032e+02 3.944938656345949539e+02 3.943502406904098052e+02 3.942810019000883699e+02 3.942803698167552966e+02 3.942797479899022051e+02 3.942791387512038455e+02 3.942785423865141752e+02 3.942779587984541081e+02 3.942773875608598360e+02 3.942768271765448844e+02 3.942762760873054049e+02 3.942757334606624795e+02 3.942753102858291072e+02
8.229679362504219171e+03 3.947113028442312270e+02 3.946499594339036889e+02 3.944947151951317892e+02 3.943736297277409335e+02 3.943099891953766587e+02 3.943093577840456874e+02 3.943087369905748574e+02 3.943081290216818502e+02 3.943075342450251810e+02 3.943069526239427205e+02 3.943063837453684073e+02 3.943058260805113946e+02 3.943052780457769018e+02 3.943047390845703148e+02 3.943043192945247029e+02
8.279679362504219171e+03 3.947177555544343477e+02 3.946579079141546345e+02 3.945714307035622141e+02 3.944322607744777542e+02 3.944046965894241339e+02 3.944040682531468178e+02 3.944034506070385078e+02 3.944028458426238331e+02 3.944022543570068819e+02 3.944016760578079470e+02 3.944011104294919505e+02 3.944005558470998380e+02 3.944000106460468373e+02 3.943994482721530517e+02 3.943982371531636204e+02
8.329679362504219171e+03 3.947210588151631896e+02 3.946631214295934456e+02 3.945329191651384235e+02 3.944343183263708283e+02 3.943801492518291525e+02 3.943795231267748704e+02 3.943789074327080471e+02 3.943783041989315734e+02 3.943777139907618903e+02 3.943771369708070438e+02 3.943765726985939750e+02 3.943760194747902688e+02 3.943754756385320661e+02 3.943749413449721146e+02 3.943745255209148013e+02
8.379679362504219171e+03 3.947473436937590918e+02 3.946996007822075399e+02 3.945774209710990590e+02 3.944490507700663784e+02 3.943941532874753193e+02 3.943935210790150450e+02 3.943928993055964725e+02 3.943922899150055059e+02 3.943916936632006696e+02 3.943911109583349912e+02 3.943905414499733979e+02 3.943899834347728302e+02 3.943894352610427632e+02 3.943888974280898765e+02 3.943884793575391541e+02
8.429679362504219171e+03 3.947743735665468989e+02 3.947016185169653113e+02 3.945316747285990573e+02 3.944877897404734313e+02 3.944004736980089092e+02 3.943998350015366441e+02 3.943992091541149421e+02 3.943985947695317691e+02 3.943979912847649985e+02 3.943973999598952105e+02 3.943968212736663190e+02 3.943962537938903665e+02 3.943956961506206085e+02 3.943951491994003504e+02 3.943947239827222120e+02
8.479679362504219171e+03 3.947998759167188609e+02 3.947124476808523923e+02 3.944891428881986712e+02 3.943975726272145153e+02 3.943151047185551761e+02 3.943145203416506206e+02 3.943139468328612907e+02 3.943133862432416095e+02 3.943128392801986593e+02 3.943123058891577557e+02 3.943117860146867883e+02 3.943112781401750908e+02 3.943107810925713466e+02 3.943102962111824468e+02 3.943099211909075166e+02
8.529679362504219171e+03 3.947628523474453459e+02 3.946740554267120160e+02 3.945038665102096616e+02 3.943730904191062336e+02 3.943724542172249130e+02 3.943718231953440636e+02 3.943712008864658856e+02 3.943705900582206709e+02 3.943699918769660826e+02 3.943694059710691704e+02 3.943688322501691914e+02 3.943682693834352904e+02 3.943677164145229881e+02 3.943671661388896723e+02 3.943667354589762795e+02
8.579679362504219171e+03 3.947327068468345033e+02 3.946429212713000538e+02 3.944893330249450969e+02 3.943698697051796103e+02 3.943691300815448813e+02 3.943684079635980311e+02 3.943677034612805983e+02 3.943670171961855999e+02 3.943663503587031300e+02 3.943657020540697431e+02 3.943650710667486692e+02 3.943644557850685715e+02 3.943638549277177390e+02 3.943632698071580194e+02 3.943628156808067615e+02
8.629679362504219171e+03 3.947130659074257437e+02 3.946341129148966616e+02 3.944893815789214386e+02 3.943900108240023883e+02 3.943893812240170860e+02 3.943887388219384889e+02 3.943881028098671209e+02 3.943874828031659376e+02 3.943868796748104160e+02 3.943862887151215091e+02 3.943857085249135821e+02 3.943851372787947298e+02 3.943845745787894543e+02 3.943840223605378696e+02 3.943835929455518681e+02
8.679679362504219171e+03 3.947061653290509184e+02 3.946252695831602182e+02 3.944694576594995965e+02 3.944207839204063930e+02 3.944201060024046228e+02 3.944194277889162095e+02 3.944187466758585288e+02 3.944180781570867680e+02 3.944174220290435642e+02 3.944167866090353414e+02 3.944161807941488291e+02 3.944156107127387827e+02 3.944150789884637334e+02 3.944145809216673229e+02 3.944141984085782724e+02
8.729679362504219171e+03 3.947001588907952510e+02 3.946099893193871253e+02 3.944393994951272475e+02 3.943733208881708379e+02 3.943726920663555120e+02 3.943720685617502681e+02 3.943714547299881588e+02 3.943708578584964357e+02 3.943702773848754077e+02 3.943697083987559040e+02 3.943691505956422816e+02 3.943686032993323352e+02 3.943680669917637260e+02 3.943675436372966487e+02 3.943671392722240512e+02
8.779679362504219171e+03 3.946938859225691090e+02 3.945939587269704703e+02 3.944592044301223268e+02 3.943854469575866801e+02 3.943848295588051087e+02 3.943842233060690887e+02 3.943836266912294946e+02 3.943830454139499579e+02 3.943824803059537203e+02 3.943819258068354543e+02 3.943813816983105767e+02 3.943808475717163446e+02 3.943803240681730244e+02 3.943798128594749528e+02 3.943794161996705725e+02
8.829679362504219171e+03 3.946842838197807168e+02 3.945815870077330487e+02 3.944352007326609737e+02 3.943765859576425328e+02 3.943759667499512602e+02 3.943753564328326320e+02 3.943747562325997933e+02 3.943741734797864638e+02 3.943736093913825584e+02 3.943730571754891798e+02 3.943725157591487118e+02 3.943719843005328585e+02 3.943714634090958384e+02 3.943709544150262332e+02 3.943705469488868971e+02
8.879679362504219171e+03 3.946679603839646688e+02 3.945640758655145532e+02 3.944073429094711969e+02 3.943796244570953604e+02 3.943790099753326217e+02 3.943784071548643055e+02 3.943778159342004415e+02 3.943772435897143396e+02 3.943766893947758376e+02 3.943761435457688549e+02 3.943756056779893129e+02 3.943750766711275446e+02 3.943745586022503744e+02 3.943740532383387176e+02 3.943736611666865883e+02
8.929679362504219171e+03 3.946747868872540153e+02 3.945600928292454341e+02 3.943858444138426194e+02 3.943697949749258100e+02 3.943691849971839929e+02 3.943685890577089594e+02 3.943680056670518184e+02 3.943674414427848660e+02 3.943668956060826645e+02 3.943663576397889301e+02 3.943658270002762265e+02 3.943653047728161596e+02 3.943647933220549930e+02 3.943642943447557627e+02 3.943638952531512132e+02
8.979679362504219171e+03 3.946678083654430793e+02 3.945613256872539978e+02 3.943577488169438539e+02 3.943451624865670055e+02 3.943444856873118169e+02 3.943438199973080032e+02 3.943431679656555389e+02 3.943425508039353531e+02 3.943419657271360848e+02 3.943414105078896341e+02 3.943408862623116988e+02 3.943403920820330768e+02 3.943399259718120220e+02 3.943394791879684931e+02 3.943391193048976220e+02
9.029679362504219171e+03 3.946883729912471495e+02 3.945631604393088878e+02 3.943538261810223275e+02 3.943443827287694035e+02 3.943437710246479924e+02 3.943431771224293243e+02 3.943425971191710460e+02 3.943420368861661132e+02 3.943414943764379359e+02 3.943409598268475520e+02 3.943404328454399206e+02 3.943399151344672759e+02 3.943394092933211255e+02 3.943389039732143715e+02 3.943385083978521948e+02
9.079679362504219171e+03 3.946973333425439705e+02 3.945671222488193735e+02 3.943338638729451304e+02 3.943263508723439372e+02 3.943257624598474536e+02 3.943251896505023524e+02 3.943246275651387123e+02 3.943240819613113786e+02 3.943235528801849341e+02 3.943230307751439909e+02 3.943225157577602431e+02 3.943220099693647285e+02 3.943215165137054328e+02 3.943210362871168400e+02 3.943206635491885095e+02
9.129679362504219171e+03 3.947038778139022384e+02 3.945494300331903332e+02 3.942993666077798594e+02 3.942987794236807986e+02 3.942982496343833532e+02 3.942977352437730474e+02 3.942972234077380449e+02 3.942967241134383016e+02 3.942962387962537605e+02 3.942957528398304134e+02 3.942952691710432873e+02 3.942947940927853665e+02 3.942943343432384609e+02 3.942938903734674909e+02 3.942935301148090161e+02
9.179679362504219171e+03 3.948404733356179577e+02 3.946454854157105387e+02 3.943331588160236265e+02 3.942201372839233500e+02 3.941954445963486364e+02 3.941745972701754113e+02 3.941593307897089176e+02 3.941502624104190318e+02 3.941433506446143156e+02 3.941365697257330680e+02 3.941281023695108843e+02 3.941178567404510318e+02 3.941063965852503657e+02 3.940943542703517437e+02 3.940870360289072210e+02
9.229679362504219171e+03 3.951437263897186085e+02 3.946880339079553437e+02 3.943810812996511004e+02 3.943519661562413603e+02 3.943513566841925240e+02 3.943507565966741026e+02 3.943501609351112052e+02 3.943495807480479698e+02 3.943490035951041932e+02 3.943484205099930477e+02 3.943478298366325703e+02 3.943472369999627745e+02 3.943466443687807441e+02 3.943460468576441258e+02 3.943455389836145173e+02
9.279679362504219171e+03 3.951002256876540173e+02 3.946439167712676976e+02 3.943611664579856324e+02 3.943545631292859639e+02 3.943539916823447697e+02 3.943534372712696268e+02 3.943528938634332803e+02 3.943523674344982624e+02 3.943518569095897419e+02 3.943513494910625354e+02 3.943508458273694259e+02 3.943503503664286427e+02 3.943498682375266071e+02 3.943493992708843052e+02 3.943489838158186558e+02
9.329679362504219171e+03 3.977053181427567665e+02 3.977588630877392006e+02 3.944816087671923697e+02 3.952344741438338929e+02 3.958463605230288636e+02 3.962076610955408000e+02 3.964152273202665810e+02 3.965456015356216426e+02 3.966833355364232716e+02 3.968312836844819458e+02 3.969812962822282429e+02 3.971185634242489755e+02 3.972437230688653926e+02 3.973603328370238046e+02 3.974250180132889341e+02
9.379679362504219171e+03 3.975890659415576920e+02 3.971229382767866696e+02 3.967948793901119302e+02 3.966798284529652960e+02 3.963844042863109394e+02 3.961066588818491709e+02 3.958251794702761686e+02 3.957557110137813083e+02 3.955194302971838169e+02 3.955087558448493041e+02 3.955080466356654938e+02 3.955073439835944100e+02 3.955066469457353264e+02 3.955059591196896349e+02 3.955035920878268030e+02
9.429679362504219171e+03 3.951558034471136125e+02 3.948044054186621565e+02 3.947138040832381307e+02 3.947141087414975686e+02 3.947137011968542879e+02 3.947132111186568864e+02 3.947127033678554540e+02 3.947572862721715978e+02 3.947115307204840633e+02 3.947109320493536302e+02 3.947103457311275179e+02 3.947097778426168020e+02 3.947092343238427361e+02 3.947087118371724159e+02 3.947074427702720527e+02
9.479679362504219171e+03 3.947096257952040332e+02 3.947315320541221695e+02 3.946985620187751351e+02 3.946977477532645935e+02 3.946968541945639117e+02 3.946957985501792905e+02 3.946945221088973312e+02 3.946932187420994751e+02 3.946915751926956091e+02 3.946896392775634581e+02 3.946875050583814186e+02 3.946853805045136596e+02 3.946830664636478900e+02 3.946738351551329060e+02 3.944486284678060315e+02
9.529679362504219171e+03 3.945889757704997578e+02 3.945419736667632833e+02 3.945412912853741432e+02 3.945407058187414009e+02 3.945401765087869421e+02 3.945396595849064170e+02 3.945391433943472634e+02 3.945386404222957140e+02 3.945381366005684640e+02 3.945375918693792983e+02 3.945368287438526522e+02 3.945339328256361568e+02 3.945087866806585453e+02 3.942622295800020993e+02 3.928233917953667174e+02
9.579679362504219171e+03 3.945809239177033305e+02 3.945512873592605843e+02 3.945506783137833509e+02 3.945501564154140510e+02 3.945496904245654832e+02 3.945492351914837172e+02 3.945487804076287262e+02 3.945483421439905669e+02 3.945479129532249658e+02 3.945474606922388148e+02 3.945469377260401984e+02 3.945458784368690885e+02 3.945393821703663093e+02 3.944650645451745845e+02 3.934153753353156731e+02
9.629679362504219171e+03 3.944158914603139010e+02 3.944078178950313713e+02 3.944166733040316899e+02 3.944208360951584496e+02 3.944226969206311537e+02 3.944233324388890196e+02 3.944233544537391367e+02 3.944231045318813358e+02 3.944227484597629427e+02 3.944222590598265583e+02 3.944214002594048338e+02 3.944186243503284004e+02 3.944022818439323714e+02 3.942562678831550329e+02 3.926310760607288444e+02
9.679679362504219171e+03 3.944966693552213428e+02 3.945264195367512343e+02 3.945244165166254220e+02 3.945224158448005483e+02 3.945202062818566446e+02 3.945179983490015729e+02 3.945160292930174251e+02 3.945146786636165643e+02 3.945137428505945536e+02 3.945131943446667719e+02 3.945115372788257559e+02 3.945002214169869603e+02 3.944265144805416412e+02 3.939585406518479545e+02 3.910785981689712116e+02
9.729679362504219171e+03 3.945003346837725644e+02 3.945060694273704485e+02 3.945053483766763520e+02 3.945046818278356113e+02 3.945039896678655396e+02 3.945032240148926235e+02 3.945023627021962511e+02 3.945014498236378699e+02 3.945001731920414727e+02 3.944980347760193808e+02 3.944927500288748661e+02 3.944747660084436802e+02 3.943968215440393124e+02 3.939980556132011884e+02 3.919070648299109507e+02
9.779679362504219171e+03 3.944158017346586007e+02 3.943472712283387409e+02 3.943466995528083316e+02 3.943462112214724016e+02 3.943457611507164984e+02 3.943453125297146471e+02 3.943448287147093652e+02 3.943442561945454941e+02 3.943432337026974892e+02 3.943406461840957604e+02 3.943322355863039093e+02 3.943016727995689052e+02 3.941766741642481406e+02 3.936338908367644080e+02 3.921040622120154922e+02
9.829679362504219171e+03 3.943609944422828448e+02 3.943576246112378954e+02 3.943570575970584287e+02 3.943565680136953233e+02 3.943561019930408520e+02 3.943555756752645038e+02 3.943548415022274867e+02 3.943533540942771651e+02 3.943494829980770078e+02 3.943378367339806232e+02 3.943021039483615482e+02 3.941870031949831628e+02 3.937984267339560347e+02 3.924282186073368734e+02 3.878293853172261834e+02
9.879679362504219171e+03 3.943470805833804889e+02 3.943253699369553260e+02 3.943248504707665916e+02 3.943243989501680176e+02 3.943239426278668702e+02 3.943233557125701054e+02 3.943223174204579209e+02 3.943199171823299594e+02 3.943127450654093309e+02 3.942923978678348362e+02 3.942352316316429324e+02 3.940758193639286446e+02 3.936164540386660633e+02 3.922813915622994045e+02 3.892109609690194816e+02
9.929679362504219171e+03 3.943365135826292658e+02 3.943156318083917427e+02 3.943150399406139286e+02 3.943144571596095602e+02 3.943137029912830940e+02 3.943123746006675105e+02 3.943094941335455133e+02 3.943027758102145413e+02 3.942850272647405063e+02 3.942429847937645491e+02 3.941444682723525261e+02 3.939122856770668477e+02 3.933405516206797188e+02 3.919393979760713478e+02 3.893657456897133784e+02
9.979679362504219171e+03 3.942758934043259842e+02 3.944220069672201134e+02 3.944213603204186143e+02 3.944206621242583424e+02 3.944196729684619527e+02 3.944178497586889307e+02 3.944139165275809091e+02 3.944043393774474566e+02 3.943809560117083493e+02 3.943250430711862009e+02 3.941950400242677119e+02 3.938870214033605066e+02 3.931412589110232148e+02 3.913037358866288855e+02 3.868461984500137874e+02
1.002967936250421917e+04 3.942342541498265973e+02 3.942277368673935030e+02 3.942269003116250019e+02 3.942257467752939988e+02 3.942237641894607236e+02 3.942197294323304959e+02 3.942110975603687280e+02 3.941909285439952555e+02 3.941483080805792838e+02 3.940571260544755887e+02 3.938685306700965612e+02 3.934680197359742806e+02 3.925917415340207981e+02 3.905971084823045203e+02 3.866288499571443253e+02
1.007967936250421917e+04 3.942714995543806822e+02 3.942674394185684719e+02 3.942663082700763084e+02 3.942645455541829733e+02 3.942613009598363760e+02 3.942548198459340369e+02 3.942415759473927324e+02 3.942142637450838265e+02 3.941564579819361143e+02 3.940429728328171564e+02 3.938210880195299524e+02 3.933815765884719440e+02 3.924792722563088319e+02 3.906211259412899608e+02 3.873571604126655643e+02
1.012967936250421917e+04 3.942297954709251826e+02 3.942225599736324853e+02 3.942201418971314411e+02 3.942157521252298693e+02 3.942073343597252233e+02 3.941911584749129815e+02 3.941603046496695129e+02 3.940988936939260725e+02 3.939830649867332681e+02 3.937773196924323997e+02 3.934084619048326772e+02 3.927271853931478063e+02 3.914430827079965525e+02 3.890767009100877090e+02 3.850083515420581648e+02
1.017967936250421917e+04 3.943421195225733413e+02 3.943658003225661446e+02 3.943629522200195652e+02 3.943579384504586756e+02 3.943483817060591718e+02 3.943304185661322663e+02 3.942976330386350128e+02 3.942374499768344549e+02 3.941221739231251604e+02 3.939267194602375639e+02 3.936006984650907157e+02 3.930371535594131274e+02 3.919974183427549974e+02 3.899986439465956209e+02 3.859548289043953559e+02
1.022967936250421917e+04 4.121853195058126857e+02 4.121953503535822279e+02 4.121684941314452431e+02 4.121738286670059779e+02 4.121779624147376353e+02 4.121810056325400637e+02 4.121832100659748335e+02 4.121845660465133960e+02 4.121855748265932107e+02 4.121861637865097236e+02 4.121864561229577362e+02 4.121865286603414233e+02 4.121864567069476948e+02 4.121862840879913392e+02 4.121860746203797703e+02
1.027967936250421917e+04 4.110531853993982736e+02 4.109174318169407343e+02 4.108278054673202746e+02 4.159261138040504875e+02 4.158396070588220823e+02 4.157284147641144045e+02 4.147359823622537078e+02 4.151857377397582241e+02 4.145314168791929319e+02 4.145373637055251947e+02 4.145899289630343105e+02 4.147195522332623341e+02 4.146372847057439230e+02 4.139846323901243750e+02 4.112324600249544915e+02
1.032967936250421917e+04 3.965380904416050498e+02 4.001151028154757228e+02 4.008248581360099934e+02 3.980226027878697437e+02 3.996301185788562975e+02 3.989439794749101225e+02 3.993485665025302183e+02 3.992071726960297156e+02 3.994656219100320982e+02 3.993338348322074012e+02 3.994751852091709452e+02 3.994716568173721498e+02 3.996174795690086512e+02 3.997434033999544454e+02 3.994581731431421190e+02
1.037967936250421917e+04 3.950563359715826550e+02 3.945827227599370985e+02 3.949129489841858458e+02 3.942745990685057791e+02 3.942061338902546481e+02 3.942100586964872377e+02 3.942156606068649012e+02 3.942253484661251264e+02 3.942364355438413099e+02 3.942475160545287736e+02 3.942589186571142363e+02 3.942706609064683221e+02 3.942824278152160673e+02 3.942935081694480459e+02 3.943030188985250106e+02
1.042967936250421917e+04 3.943880797778994065e+02 3.944782060368339103e+02 3.946781787446045655e+02 3.943788452985571098e+02 3.943718192288739601e+02 3.943660458024593254e+02 3.943611197839909437e+02 3.943589263596141450e+02 3.943560490226004731e+02 3.943536447234439493e+02 3.943519016887876774e+02 3.943511531967603787e+02 3.943510384102735316e+02 3.943512542864331181e+02 3.943515404952115091e+02
1.047967936250421917e+04 3.949976919699481641e+02 3.950107014421770941e+02 3.950386786487819109e+02 3.949640916056176820e+02 3.949544941531490849e+02 3.949460896456415071e+02 3.949384225478622170e+02 3.949328028559331187e+02 3.949260448710293758e+02 3.949195617808214820e+02 3.949133899043371798e+02 3.949079651693976416e+02 3.949029773890665638e+02 3.948982735502983701e+02 3.948955204529383991e+02
1.052967936250421917e+04 3.952355950882554225e+02 3.952275756991058984e+02 3.952232677525477698e+02 3.952015510648690793e+02 3.951978657515131772e+02 3.951967287807023581e+02 3.951971146614587269e+02 3.951984052760535633e+02 3.951992450823184981e+02 3.951995855593991109e+02 3.951993773479272818e+02 3.951988546078001718e+02 3.951980512586847567e+02 3.951970243783513865e+02 3.951962462870628201e+02
1.054685981120422002e+04 3.952985329917573836e+02 3.952905245225725253e+02 3.952862322817654785e+02 3.952720211104783061e+02 3.952673274278073450e+02 3.952625365625479503e+02 3.952575372960687332e+02 3.952533007386704753e+02 3.952482995582222998e+02 3.952434820800693274e+02 3.952389215978082007e+02 3.952348824996755638e+02 3.952311819294195629e+02 3.952277414980374033e+02 3.952257003915665905e+02
1.054686981120422024e+04 3.860783851651198688e+02 3.861467749479513714e+02 3.893178876040726095e+02 3.893235677633364276e+02 3.897281332168257109e+02 3.901176273565386055e+02 3.905019721421867871e+02 3.909059052199085613e+02 3.913164740339161085e+02 3.917226042205892895e+02 3.921338274022627388e+02 3.925379344617082324e+02 3.929187100652311528e+02 3.932607736005717811e+02 3.935034757874780098e+02
1.054696981120422060e+04 3.949846025849972762e+02 3.950978569785023069e+02 3.951075837573563376e+02 3.951070371515961028e+02 3.950978583834565825e+02 3.950864620383699162e+02 3.950749793413361886e+02 3.950641528339074284e+02 3.950548982170827799e+02 3.950336562152854185e+02 3.951063078459774260e+02 3.952822100412474242e+02 3.954676345751223607e+02 3.954214878248509422e+02 3.952347714052388028e+02
1.059717360114102667e+04 3.953490728224934969e+02 3.953504835123991370e+02 3.953522968778791551e+02 3.953083865221795463e+02 3.953027441909445088e+02 3.952971215878026214e+02 3.952921807317439971e+02 3.952873719156243055e+02 3.952826274416863725e+02 3.952786880142234622e+02 3.952750316481063919e+02 3.952715813685130684e+02 3.952682424829590104e+02 3.952652852517388737e+02 3.952630665990103012e+02
1.064838257912977315e+04 3.952319289592511495e+02 3.952325243935628691e+02 3.952359314253275215e+02 3.952163242344422542e+02 3.952149311600350075e+02 3.952127904426916416e+02 3.952111294578385241e+02 3.952094773247794137e+02 3.952074983197459233e+02 3.952063556971262983e+02 3.952051615935816926e+02 3.952039002124624290e+02 3.952024818061264000e+02 3.952012232210282718e+02 3.952004146813046077e+02
1.069838257912977315e+04 3.951901659600419521e+02 3.951924591323826803e+02 3.952022676865345261e+02 3.951661468746830224e+02 3.951644261675160124e+02 3.951619417889992292e+02 3.951598840064197020e+02 3.951577922966316123e+02 3.951554417950345055e+02 3.951538038818862901e+02 3.951521345750670093e+02 3.951504264485402587e+02 3.951486401460396110e+02 3.951471199784108421e+02 3.951461622489782712e+02
1.074838257912977315e+04 3.951414965678285398e+02 3.951425916844412427e+02 3.951519658838610667e+02 3.951203129015407285e+02 3.951185519241758470e+02 3.951160632267087180e+02 3.951139517375663104e+02 3.951117964605668362e+02 3.951094098191723560e+02 3.951076405106057905e+02 3.951058520990712850e+02 3.951040365173254258e+02 3.951021329313592787e+02 3.951003939049180644e+02 3.950990668346661323e+02
1.079838257912977315e+04 3.950913166840819031e+02 3.950904861179259910e+02 3.950926718466036505e+02 3.950784260973658775e+02 3.950767388105670079e+02 3.950744057053256029e+02 3.950724148457911156e+02 3.950703999940015478e+02 3.950681830053041494e+02 3.950665376966290410e+02 3.950648869260479046e+02 3.950632130302640803e+02 3.950614304812618229e+02 3.950597363230491510e+02 3.950583394891903595e+02
1.084838257912977315e+04 3.950419133053284781e+02 3.950415317062914937e+02 3.950390886421391201e+02 3.950363243255026759e+02 3.950340255396882867e+02 3.950315702477653872e+02 3.950291849089999232e+02 3.950268200695470568e+02 3.950240814458274485e+02 3.950219840852715265e+02 3.950198817848128101e+02 3.950177044530066723e+02 3.950153813410527164e+02 3.950131790569297436e+02 3.950114238198839871e+02
1.089838257912977315e+04 3.949926917060693654e+02 3.949921060101725061e+02 3.949894876973701230e+02 3.949868418437493460e+02 3.949843764085757698e+02 3.949818508274279338e+02 3.949793508591866953e+02 3.949768694364808539e+02 3.949739966618814151e+02 3.949716438036347768e+02 3.949692233244266504e+02 3.949666592965419909e+02 3.949638821986016524e+02 3.949611283218051199e+02 3.949587421469042852e+02
1.094821981119838165e+04 3.949318712231880113e+02 3.949310867145744055e+02 3.949282416554084421e+02 3.949255179622941796e+02 3.949227518002534794e+02 3.949199530471900061e+02 3.949171195760055184e+02 3.949142862643107605e+02 3.949110611697153104e+02 3.949083092892063291e+02 3.949055251517912097e+02 3.949026332578624761e+02 3.948995255388525152e+02 3.948963332660276251e+02 3.948932188008740241e+02
1.094831981119838201e+04 3.949331725899905337e+02 3.949323721015986735e+02 3.949294980108655295e+02 3.949267487899696221e+02 3.949239561204873326e+02 3.949211310092399003e+02 3.949182707814212563e+02 3.949154122149716954e+02 3.949121569774772524e+02 3.949093784912017213e+02 3.949065681629701885e+02 3.949036498186445669e+02 3.949005117359056953e+02 3.948972843283017937e+02 3.948941460560238284e+02
1.160396907877639387e+04 3.939326987275289866e+02 3.939326835980953661e+02 3.939315914263681293e+02 3.939268569099721162e+02 3.939220040832385052e+02 3.939175597691272515e+02 3.939128630336520587e+02 3.939085281419656326e+02 3.939018377385402800e+02 3.938987666602976674e+02 3.938955433273733888e+02 3.938921457913140216e+02 3.938871443873470639e+02 3.938814276912448236e+02 3.938751634139264866e+02
1.160398157877639460e+04 3.921221628899884308e+02 3.921801855134497146e+02 3.923513455721718515e+02 3.924163391359214756e+02 3.924781945725152923e+02 3.925377142017085248e+02 3.925947879300796330e+02 3.926503604796048421e+02 3.927031950207173736e+02 3.927544754016284401e+02 3.928032078527342037e+02 3.928503142100424270e+02 3.928967896373236499e+02 3.929454870096016634e+02 3.929908380458408601e+02
1.160408157877639496e+04 3.937286367426052038e+02 3.937377632481611727e+02 3.937341292270128861e+02 3.937300316622850005e+02 3.937247828387181130e+02 3.937192779050912463e+02 3.937135916073241333e+02 3.937079660465535085e+02 3.937021471372607948e+02 3.936973436616681852e+02 3.936928590375952126e+02 3.936889788442514941e+02 3.936873246960360007e+02 3.936929867858569878e+02 3.937116697720791194e+02
1.194973084635440682e+04 3.940383112488322013e+02 3.940407577067776970e+02 3.940438422673435070e+02 3.940425846681293365e+02 3.940416290918523714e+02 3.940409018279523821e+02 3.940398545330025968e+02 3.940388698980370350e+02 3.940359514345743719e+02 3.940359031741469380e+02 3.940352546539710374e+02 3.940339730893491037e+02 3.940308204361373328e+02 3.940263607690994832e+02 3.940198114986455948e+02
1.284973084635440682e+04 3.935099052636658143e+02 3.935139416921801399e+02 3.935193221384708409e+02 3.935190401116348085e+02 3.935200835131690269e+02 3.935212983681840910e+02 3.935222715832414906e+02 3.935232354141621158e+02 3.935228613495631294e+02 3.935253688873200986e+02 3.935273716092176528e+02 3.935289850383906582e+02 3.935291287942549729e+02 3.935288083280902356e+02 3.935283676825636690e+02
1.374973084635440682e+04 3.932626045597401117e+02 3.932639941059633770e+02 3.932645108787849040e+02 3.932603688296234168e+02 3.932579668768041188e+02 3.932557140359853065e+02 3.932532993868345557e+02 3.932508043093955052e+02 3.932474312348053900e+02 3.932462951513556959e+02 3.932447535158939331e+02 3.932428750410177827e+02 3.932397111156795404e+02 3.932359390418278053e+02 3.932316831783356861e+02
1.464973084635440682e+04 3.922276433536416107e+02 3.922302045092812364e+02 3.922305759284024589e+02 3.922249215117591348e+02 3.922221642026080417e+02 3.922193879631679465e+02 3.922162695762823432e+02 3.922128257909409967e+02 3.922082733964446675e+02 3.922063568812669700e+02 3.922034339903392492e+02 3.921994966286836757e+02 3.921931780432114465e+02 3.921851166017268611e+02 3.921751947959160134e+02
1.554973084635440682e+04 3.919324621034996881e+02 3.919354666038740334e+02 3.919350229571913928e+02 3.919295838417409641e+02 3.919273747533255801e+02 3.919248167689650586e+02 3.919217580802686598e+02 3.919182330357147634e+02 3.919137786998165893e+02 3.919121419402812307e+02 3.919095727153784878e+02 3.919062159397906271e+02 3.919008427758954554e+02 3.918942890502733576e+02 3.918865343561783448e+02
1.644973084635440682e+04 3.916957819599866752e+02 3.916965629709534369e+02 3.916915680938240030e+02 3.916831194382181138e+02 3.916776506464757972e+02 3.916714722129301549e+02 3.916645585923017165e+02 3.916569738645899861e+02 3.916485518541944657e+02 3.916428873308606740e+02 3.916364533563697705e+02 3.916293888629721778e+02 3.916204436957654025e+02 3.916102106788522974e+02 3.915998453203831673e+02
1.734973084635440682e+04 3.914500135239406973e+02 3.914490174749507787e+02 3.914380353952439009e+02 3.914243891621147782e+02 3.914145039491027660e+02 3.914040060711886326e+02 3.913932219020544494e+02 3.913825550297960945e+02 3.913724168466147262e+02 3.913674792473345860e+02 3.913629172869674449e+02 3.913582377864025261e+02 3.913511048950097120e+02 3.913412921678741441e+02 3.913293633886950715e+02
1.824973084635440682e+04 3.912543413355552389e+02 3.912604733230443230e+02 3.912528879784824198e+02 3.912436426699717913e+02 3.912404356814642483e+02 3.912361500996644850e+02 3.912309389084347231e+02 3.912247418328934145e+02 3.912172692439165758e+02 3.912155858365760537e+02 3.912124342093389373e+02 3.912080664157334695e+02 3.912001430850327210e+02 3.911891410009641845e+02 3.911700577294571417e+02
1.914973084635440682e+04 3.919390524218756013e+02 3.919445968486912761e+02 3.919434430124919686e+02 3.919435382140011939e+02 3.919471178478717661e+02 3.919498736911836545e+02 3.919519301905608017e+02 3.919533682140192923e+02 3.919542217840502758e+02 3.919581661700255495e+02 3.919609258004120420e+02 3.919628417496264206e+02 3.919628127101239556e+02 3.919617592278203801e+02 3.919597211861850496e+02
2.004973084635440682e+04 3.931586205269334187e+02 3.931586962066306228e+02 3.931522875070407395e+02 3.931473628771438484e+02 3.931442990993633657e+02 3.931406132942191221e+02 3.931363524424231741e+02 3.931315291126642251e+02 3.931261308176459011e+02 3.931223738479243366e+02 3.931177426268306476e+02 3.931123667524177563e+02 3.931054778231566615e+02 3.930974748886682733e+02 3.930882569487795877e+02
2.094973084635440682e+04 3.938578073795892465e+02 3.938786121699372416e+02 3.939059029093649542e+02 3.939436556443177437e+02 3.939886330572484212e+02 3.940361572623308462e+02 3.940853095106949695e+02 3.941343139926174786e+02 3.941806096563751680e+02 3.942216237670940586e+02 3.942489031888707132e+02 3.942574743261732237e+02 3.942436424207211871e+02 3.942093889353182021e+02 3.941610286359957627e+02
2.185681865075827227e+04 3.893444318266464848e+02 3.896149728080930572e+02 3.893954910550025375e+02 3.893498722361433693e+02 3.893167024101888956e+02 3.892747355091966028e+02 3.892397998025433026e+02 3.892045734076268673e+02 3.891661904136333874e+02 3.891440985292178993e+02 3.891208268321689161e+02 3.890886433572540568e+02 3.890291129493026574e+02 3.889294888830338550e+02 3.887776677742432412e+02
2.275681865075827227e+04 3.780398930349657576e+02 3.776819620104817545e+02 3.776038812995427065e+02 3.775686435214470293e+02 3.775445873963849976e+02 3.775231639107856836e+02 3.775061363640997456e+02 3.774955024052128465e+02 3.774869305463774367e+02 3.774776322641893103e+02 3.774467473037697118e+02 3.773688961165517526e+02 3.772206924660227969e+02 3.769951062896060421e+02 3.767957443399053545e+02
2.365681865075827227e+04 3.716260502889692248e+02 3.708179027421722367e+02 3.706424141413124289e+02 3.706589049369246709e+02 3.707431231443054571e+02 3.708607161613466587e+02 3.709992961784174668e+02 3.711454834851259079e+02 3.712820295048049957e+02 3.713904270763977138e+02 3.714452756776349247e+02 3.714234568851160816e+02 3.713026442678781223e+02 3.710731757322020030e+02 3.708503419654036861e+02
2.455681865075827227e+04 3.717861231207872947e+02 3.716701048870541513e+02 3.715642617053444496e+02 3.715098528538090932e+02 3.714780479325128226e+02 3.714560101867203912e+02 3.714455836491203513e+02 3.714499704109971390e+02 3.714667888453421938e+02 3.715060363282915432e+02 3.715591982851426565e+02 3.716288880527903871e+02 3.717317118557797357e+02 3.719151452396674244e+02 3.722120416484069096e+02
2.497681865075827227e+04 3.733265412420212215e+02 3.732888825928374672e+02 3.731897138904459439e+02 3.731250745547427528e+02 3.730780186101942490e+02 3.730446629758407653e+02 3.730268066473029194e+02 3.730251617346299895e+02 3.730390577335874696e+02 3.730747142922241437e+02 3.731319584974397685e+02 3.732269713711622785e+02 3.733780786871070632e+02 3.735833610620835543e+02 3.737969082326778221e+02
