TIME P_Ch1_mesh1 P_Ch1_mesh2 P_Ch1_mesh3 P_Ch1_mesh4 P_Ch1_mesh5 P_Ch1_mesh6 P_Ch1_mesh7 P_Ch1_mesh8 P_Ch1_mesh9 P_Ch1_mesh10 P_Ch1_mesh11 P_Ch1_mesh12 P_Ch1_mesh13 P_Ch1_mesh14 P_Ch1_mesh15 
0.000000000000000000e+00 1.594251139956676215e+07 1.593423691360449605e+07 1.591668563756642491e+07 1.589745410107399896e+07 1.588957419940634258e+07 1.587061461660880782e+07 1.585153118135077134e+07 1.583184828927188925e+07 1.582392867852451466e+07 1.580450006897937320e+07 1.578493724413991533e+07 1.576474585139197297e+07 1.575676533516655304e+07 1.573633358652328886e+07 1.572391626247298717e+07
5.000040000000043960e+01 7.497641743052831851e+06 7.496027966776859947e+06 7.493877695647092536e+06 7.492217059998297133e+06 7.490813061572069302e+06 7.489559544240252115e+06 7.488431016759390011e+06 7.487402696698511019e+06 7.486429020515972748e+06 7.485481551570777781e+06 7.484598360761204734e+06 7.483749589158041403e+06 7.483001049269916490e+06 7.482069422005604953e+06 7.481275647364606149e+06
1.000003999999985922e+02 5.554848504828796722e+06 5.553451989373011515e+06 5.551609322192789987e+06 5.550062076111864299e+06 5.548647489682545885e+06 5.547318667193877511e+06 5.546128739485386759e+06 5.545036164871447720e+06 5.544035832989519462e+06 5.543137378302258439e+06 5.542278073755629361e+06 5.541455169762389734e+06 5.540704046131480485e+06 5.539963711065813899e+06 5.539676265256666578e+06
1.502405034099261059e+02 1.059046442611870356e+06 1.058396229787700344e+06 1.058374223660699558e+06 1.058347946143477689e+06 1.058324572537790984e+06 1.058295284529073630e+06 1.058265292202831712e+06 1.058234147434980841e+06 1.058209566348879365e+06 1.058178865895846859e+06 1.058148037086787866e+06 1.058116095024420414e+06 1.058091144816675689e+06 1.058058563001208706e+06 1.058039368000528077e+06
2.004200391960640388e+02 6.708033236453783466e+05 6.685862595408359775e+05 6.655814570082045393e+05 6.634196880500681000e+05 6.618258736394175794e+05 6.604579109248192981e+05 6.592111554276733659e+05 6.584428564822269836e+05 6.582411986373073887e+05 6.581092409065762768e+05 6.580074548374955775e+05 6.578978962865691865e+05 6.578229060499854386e+05 6.576855702208498260e+05 6.576168672539171530e+05
2.553043625042201370e+02 6.670458672637349227e+05 6.643443801253662677e+05 6.610369514596054796e+05 6.582974369161344366e+05 6.561463123061603401e+05 6.542985505700809881e+05 6.527459587161730742e+05 6.513595499523504404e+05 6.501100902486342238e+05 6.489519507684174459e+05 6.478994554623118602e+05 6.468894975130136590e+05 6.461504523886532988e+05 6.451333543405343080e+05 6.443715819027948892e+05
3.053043625042201370e+02 7.096926470700311475e+05 7.069257889516641153e+05 7.034924282811642624e+05 7.002206862345754635e+05 6.973004357344900491e+05 6.948467303801159142e+05 6.927467413421823876e+05 6.909029438238085713e+05 6.892541336296433583e+05 6.877095950197994243e+05 6.862849210560551146e+05 6.849388058989370475e+05 6.837716479616947472e+05 6.824235991606074385e+05 6.813934806991089135e+05
3.553043625042201370e+02 6.935709892750616418e+05 6.905474368296540342e+05 6.870408628450970864e+05 6.836538971844780026e+05 6.805073086271754000e+05 6.777390034554540180e+05 6.753628871816154569e+05 6.733852141486804467e+05 6.716477380327375140e+05 6.699579286741645774e+05 6.684336203134607058e+05 6.670316519460852724e+05 6.657765990737633547e+05 6.643063331167825963e+05 6.631938627011603676e+05
4.053043625042201370e+02 7.269574333576204954e+05 7.242742050158469938e+05 7.208814213812300004e+05 7.178804235404996434e+05 7.153952110200641910e+05 7.133087499992066296e+05 7.115095673455049982e+05 7.099147948432653211e+05 7.084659240132758860e+05 7.071104773511440726e+05 7.058623647200063569e+05 7.046756210183668882e+05 7.036491609123352682e+05 7.024537842163512250e+05 7.014993259409600869e+05
4.553043625042201370e+02 7.513219063552528387e+05 7.486433267777706496e+05 7.452425454710177146e+05 7.419726921843333403e+05 7.390080196406838950e+05 7.365292364709640387e+05 7.344292560549854534e+05 7.326078195514997933e+05 7.309941447066208348e+05 7.295169807673040777e+05 7.281969768742908491e+05 7.269592746471072314e+05 7.259234162803232903e+05 7.247527415881293127e+05 7.237972415187354200e+05
5.053043625042201370e+02 7.542079412469302770e+05 7.514538728996765567e+05 7.480297859417424770e+05 7.448134568078313023e+05 7.419962121630769689e+05 7.396578950147314463e+05 7.376692535014695022e+05 7.359407062407217454e+05 7.344027543495614082e+05 7.329894205369087867e+05 7.317232475649381522e+05 7.305303236301296856e+05 7.295309470535839209e+05 7.283910972463968210e+05 7.274509270663231146e+05
5.553043625042200802e+02 7.506625720533191925e+05 7.479041681907982565e+05 7.444782178870243952e+05 7.412607528692537453e+05 7.384430610309924232e+05 7.361033393165370217e+05 7.341126901640075957e+05 7.323816276698128786e+05 7.308404704307857901e+05 7.294237947272981983e+05 7.281538681740540778e+05 7.269570269505012548e+05 7.259531269246106967e+05 7.248087418239320396e+05 7.238650200981568778e+05
6.053043625042200802e+02 7.425874781841679942e+05 7.398323010504012927e+05 7.364068472650187323e+05 7.331926495507565560e+05 7.303765262563007418e+05 7.280326603977717459e+05 7.260349707950634183e+05 7.242956109720434761e+05 7.227457080258770147e+05 7.213203733685869956e+05 7.200417343179095769e+05 7.188367935803417349e+05 7.178247109729682561e+05 7.166725033820118988e+05 7.157243016400976339e+05
6.591793625042200802e+02 7.316303884699314367e+05 7.288743062677115668e+05 7.254473440873493673e+05 7.222305890341028571e+05 7.194090969771766104e+05 7.170576229166943813e+05 7.150517181599013275e+05 7.133039917474106187e+05 7.117457489005412208e+05 7.103124684403261635e+05 7.090258285544224782e+05 7.078134906157933874e+05 7.067936860082157655e+05 7.056340047698433045e+05 7.046814877259905916e+05
7.091793625042200802e+02 7.205946539747206261e+05 7.178371617948936764e+05 7.144085153317133663e+05 7.111926319708811352e+05 7.083729523331705714e+05 7.060205108199483948e+05 7.040119995928813005e+05 7.022608408214654773e+05 7.006985988899492659e+05 6.992612195972626796e+05 6.979702657668523025e+05 6.967536544179884950e+05 6.957293431350297760e+05 6.945651743750827154e+05 6.936101574430025648e+05
7.591793625042200802e+02 7.089044429335010936e+05 7.061455296798767522e+05 7.027151349743013270e+05 6.995009838069848483e+05 6.966850191467690747e+05 6.943335728123374283e+05 6.923243258519050432e+05 6.905714848101702519e+05 6.890069203661676729e+05 6.875669755613266025e+05 6.862731856473026564e+05 6.850536603774322430e+05 6.840262116264563520e+05 6.828588388196722372e+05 6.819022800908166682e+05
8.091793625042200802e+02 6.965124567345579853e+05 6.937520099920810899e+05 6.903196939350269968e+05 6.871064855696827872e+05 6.842933687275513075e+05 6.819429092888274463e+05 6.799335306397171225e+05 6.781799129060850246e+05 6.766141389072366292e+05 6.751727973277104320e+05 6.738774555511189392e+05 6.726562211794176837e+05 6.716269763215215644e+05 6.704577017849229742e+05 6.695005476690485375e+05
8.591793625042200802e+02 6.733112105532014975e+05 6.705486805501476629e+05 6.671146263488116674e+05 6.639377494566712994e+05 6.611931675877417438e+05 6.588977002047644928e+05 6.569316446621028008e+05 6.552133632772457786e+05 6.536773088911848608e+05 6.522608360781937372e+05 6.509873563850565115e+05 6.497847875738290604e+05 6.487727231008789968e+05 6.476183523709378205e+05 6.466731627058583545e+05
9.091793625042200802e+02 6.550665397800659994e+05 6.522984648393215612e+05 6.488599019070350332e+05 6.456708913755351678e+05 6.429111800746945664e+05 6.406065800179264043e+05 6.386356437888465589e+05 6.369146849928332958e+05 6.353772293480283115e+05 6.339601240790686570e+05 6.326862818225325318e+05 6.314835730334048858e+05 6.304712401747313561e+05 6.293165416197326267e+05 6.283725882981236791e+05
9.591793625042200802e+02 6.262267438540799776e+05 6.234611402406133711e+05 6.200211341459496180e+05 6.168693863565399079e+05 6.141769704000680940e+05 6.119242126522426261e+05 6.099935511426586891e+05 6.083053192773122573e+05 6.067956221427182900e+05 6.054020703239610884e+05 6.041500635938850464e+05 6.029656056646887446e+05 6.019715148279205896e+05 6.008333487976636970e+05 5.999029034763068194e+05
1.009179362504220080e+03 6.099693798603281612e+05 6.072026070758640999e+05 6.037616690443031257e+05 6.006470615275545279e+05 5.980187994419374736e+05 5.958115727991866879e+05 5.939136615414251573e+05 5.922501997716811020e+05 5.907597789005585946e+05 5.893814940995872021e+05 5.881430022039385512e+05 5.869686175240636803e+05 5.859846636367313331e+05 5.848551685021705925e+05 5.839299753471377771e+05
1.059179362504220080e+03 6.056979932136078132e+05 6.029848752579158172e+05 5.995789494363346603e+05 5.966322275971738854e+05 5.942210995198226301e+05 5.921446100699467352e+05 5.903252278668454383e+05 5.887035703523629345e+05 5.872328876850185916e+05 5.858624666017481359e+05 5.846290421916985651e+05 5.834481718513157684e+05 5.824589959657073487e+05 5.813205108074148884e+05 5.803816466328646056e+05
1.109179362504220080e+03 5.794946327720489353e+05 5.767249103449867107e+05 5.732798820792119950e+05 5.701935805161258904e+05 5.676194461339195259e+05 5.654547244871617295e+05 5.635912284751117695e+05 5.619566630147023825e+05 5.604917258719570236e+05 5.591354936717237579e+05 5.579187969190344447e+05 5.567621306598365773e+05 5.557976633056929568e+05 5.546860788588168798e+05 5.537743761018902296e+05
1.159179362504220080e+03 5.602429919137710240e+05 5.574614725871328264e+05 5.540206770048915641e+05 5.510010124878759962e+05 5.485306147489767754e+05 5.464515899839766789e+05 5.446619224401350366e+05 5.430888073985703522e+05 5.416789427500925958e+05 5.403693775218743831e+05 5.391944143366701901e+05 5.380734421815136448e+05 5.371418082922613248e+05 5.360566578760361299e+05 5.351614373479455244e+05
1.209179362504220080e+03 5.390769548051407328e+05 5.363170605640404392e+05 5.328524681449034251e+05 5.297530332338473527e+05 5.272327947850256460e+05 5.250631239923086250e+05 5.231710391942439019e+05 5.214795018252586597e+05 5.199343859866200946e+05 5.184985315010343329e+05 5.172130534076929325e+05 5.160085916456071427e+05 5.149858092033826979e+05 5.137992957773306407e+05 5.128866615785391186e+05
1.259179362504220080e+03 5.247435697604521411e+05 5.219843049880895414e+05 5.185221267663730541e+05 5.152347905481235357e+05 5.123244659851100296e+05 5.098709927280538250e+05 5.077732928822669783e+05 5.059270945019002538e+05 5.042860851065306924e+05 5.027892636247103801e+05 5.014341045037057484e+05 5.001546789593567955e+05 4.990680427087260759e+05 4.978363371889747214e+05 4.968625147360267583e+05
1.309179362504220080e+03 5.052839900824265205e+05 5.024877429375161882e+05 4.990227765555999358e+05 4.959653782337738667e+05 4.934655572689718101e+05 4.913698094006159808e+05 4.895677636371933622e+05 4.879872466978230514e+05 4.865700624290449196e+05 4.852562867182850023e+05 4.840771818258872954e+05 4.829531787870323169e+05 4.820162551017680671e+05 4.809287073506588349e+05 4.800366718997556018e+05
1.359179362504220080e+03 4.900036420886758133e+05 4.872121818355183350e+05 4.839583887461408740e+05 4.813196250355597585e+05 4.791738152265046956e+05 4.773402483116178773e+05 4.757457073555968236e+05 4.743327902157573844e+05 4.730608677531517460e+05 4.718638922834275872e+05 4.708035907533861464e+05 4.697664541289821500e+05 4.689366255476690130e+05 4.679418858211684856e+05 4.671043949728712323e+05
1.409179362504220080e+03 4.689888293604194187e+05 4.661948332960808184e+05 4.627255275937787956e+05 4.595825354016922647e+05 4.569666668009039713e+05 4.547619970908768591e+05 4.528835834500384517e+05 4.512590050956107443e+05 4.498161585889977869e+05 4.484978252678005956e+05 4.473405320649997448e+05 4.462351569349047495e+05 4.453611659941701218e+05 4.443072019195953617e+05 4.434853158863446442e+05
1.459179362504220080e+03 4.429501781130962772e+05 4.400980902902517701e+05 4.367666137337661930e+05 4.340614349737130105e+05 4.319010462835516082e+05 4.300325892510637641e+05 4.283647398859116365e+05 4.268998663844620460e+05 4.256168382292047609e+05 4.244328199547537952e+05 4.233752541373315617e+05 4.223372660676189698e+05 4.214838622268751496e+05 4.204230088399302913e+05 4.196006112056587590e+05
1.509179362504220080e+03 4.344717999111198005e+05 4.316734326546443626e+05 4.282862653537966544e+05 4.254252410042984993e+05 4.231165336234378628e+05 4.211652022294598864e+05 4.194800252060993807e+05 4.179934763171630329e+05 4.166590569408464944e+05 4.154139516453873366e+05 4.142998320153586683e+05 4.132284769982899888e+05 4.123465924243830377e+05 4.113057527326514828e+05 4.104517995628262870e+05
1.559179362504220080e+03 4.276407217272424605e+05 4.248581826874183025e+05 4.215654661437546602e+05 4.188419954689424485e+05 4.166058942326206015e+05 4.146945343810970662e+05 4.130275670514269150e+05 4.115480490359936957e+05 4.102126355495735770e+05 4.089616399437272921e+05 4.078428840252205264e+05 4.067597375592840835e+05 4.058716837899557431e+05 4.048255595586590935e+05 4.039585759799592197e+05
1.609179362504220080e+03 4.012460415568376193e+05 3.984478231878172955e+05 3.951545892647433793e+05 3.924774211232094676e+05 3.903262313511995017e+05 3.885061070548506686e+05 3.869351805112957372e+05 3.855489178497958928e+05 3.843092895291087334e+05 3.831463343586221454e+05 3.821181251415971201e+05 3.811159527469883906e+05 3.803149624754185788e+05 3.793441575049030362e+05 3.785337097765650833e+05
1.659179362504220080e+03 3.913727347722199629e+05 3.885878307660095161e+05 3.850974083768161945e+05 3.819092348424877855e+05 3.792236925256574177e+05 3.770114816395537346e+05 3.751414164905720972e+05 3.735211594866605592e+05 3.720863433099298854e+05 3.707664589470409555e+05 3.695863187433492858e+05 3.684698615793375066e+05 3.675441269939605845e+05 3.664612319055796834e+05 3.655960351106944145e+05
1.709179362504220080e+03 3.672702303747271071e+05 3.644224510024234187e+05 3.609395959972799756e+05 3.579690832885729615e+05 3.555868492013726500e+05 3.535680916129865800e+05 3.518475377921971958e+05 3.503384836904062540e+05 3.489951622126805014e+05 3.477444685014368733e+05 3.466194216822599410e+05 3.455449030959743541e+05 3.446601542216623202e+05 3.435924697442218312e+05 3.427437748989934335e+05
1.759179362504220080e+03 3.494395020011462038e+05 3.466255108807038632e+05 3.434229840967357741e+05 3.409158118894722429e+05 3.389145191248364281e+05 3.372362514651818783e+05 3.357933424547010800e+05 3.345353414685453172e+05 3.333930789096809458e+05 3.323721630200230866e+05 3.313891630267765722e+05 3.306796422217513318e+05 3.305432539203059277e+05 3.304794470432106755e+05 3.304529206859791302e+05
1.809179362504220080e+03 3.406113145599703421e+05 3.378280073721694644e+05 3.343199394761570729e+05 3.309272291178148589e+05 3.278381635807393468e+05 3.252811265670521534e+05 3.231764449326714384e+05 3.213844408786093700e+05 3.198232018514282536e+05 3.183921681075356901e+05 3.171040938598976936e+05 3.158977941282229149e+05 3.148891587556200684e+05 3.136976508319358691e+05 3.128055969490637654e+05
1.859179362504220080e+03 3.301519131438896875e+05 3.273246387169726077e+05 3.238019814851238043e+05 3.206327386817312217e+05 3.180250887734580319e+05 3.158873348775621853e+05 3.140888318607968977e+05 3.125336335432328051e+05 3.111618930939411512e+05 3.098954934633102966e+05 3.087698050389928394e+05 3.076955115343402140e+05 3.068201086568124010e+05 3.057761013231740217e+05 3.049417010178066557e+05
1.909179362504220080e+03 3.175018611410249723e+05 3.146387393640505034e+05 3.111030320413185982e+05 3.078725753081260482e+05 3.051775202859253623e+05 3.029863484570435830e+05 3.011466630657158094e+05 2.995526665544417338e+05 2.981410233151742141e+05 2.968290745463306084e+05 2.956379818937822711e+05 2.945058795008489396e+05 2.935568944666045136e+05 2.924162726747815032e+05 2.915469537804000429e+05
1.959179362504220080e+03 3.056955274477974745e+05 3.030131410100784851e+05 2.996275827880112338e+05 2.969083838808126748e+05 2.948643678229682846e+05 2.931903423494654708e+05 2.917556909848351497e+05 2.904843730058118817e+05 2.893351970887172502e+05 2.882497533567445353e+05 2.872954697240299429e+05 2.863430551700547803e+05 2.856157844333591638e+05 2.846944175442666747e+05 2.839529421874145628e+05
2.009179362504220080e+03 2.984407272888856241e+05 2.956182665544273332e+05 2.921153569993624114e+05 2.891112198285570485e+05 2.867472348187942989e+05 2.848032861698441557e+05 2.831544566504628747e+05 2.817186754463297548e+05 2.804449770020762226e+05 2.792644120482018334e+05 2.782209434237633832e+05 2.772144676195937209e+05 2.764035932553511811e+05 2.754286910329567036e+05 2.746358411509011057e+05
2.059179362504220080e+03 2.931505819779339363e+05 2.903309996285279049e+05 2.868330915319428896e+05 2.838945561650443124e+05 2.816325748976802570e+05 2.797819153975793743e+05 2.782184532487257384e+05 2.768598280106463353e+05 2.756459685317847179e+05 2.745337950158358435e+05 2.735596315480754711e+05 2.726193263632897288e+05 2.718877623532662983e+05 2.709932704511514166e+05 2.704390312639799668e+05
2.109179362504220080e+03 2.842585011050476460e+05 2.814695313596808119e+05 2.780484890573590528e+05 2.753321876839742763e+05 2.733430117239579558e+05 2.717391934082849184e+05 2.703846852867197595e+05 2.691993727391819702e+05 2.681390156499141012e+05 2.671418058273700299e+05 2.662714784360101912e+05 2.654067800378900138e+05 2.647517754222162766e+05 2.639043215635014349e+05 2.631807086490941001e+05
2.159179362504220080e+03 2.803931902894333471e+05 2.774294811395777506e+05 2.738749343315058504e+05 2.705950954716888955e+05 2.678218274100138224e+05 2.655808420753911487e+05 2.638454827295938740e+05 2.623432792646376765e+05 2.608851934687716130e+05 2.595860579369977058e+05 2.585975646527514909e+05 2.575747239702148945e+05 2.566204799361319456e+05 2.555481667116221506e+05 2.549955337123849022e+05
2.209179362504220080e+03 2.817065904948277748e+05 2.791474737687283778e+05 2.756857617486484814e+05 2.723182319294195040e+05 2.689588762761966791e+05 2.656127690972534474e+05 2.624289470953470445e+05 2.596469414219968312e+05 2.573361040624066954e+05 2.553616056992048689e+05 2.536511142584830231e+05 2.521182706848945527e+05 2.508285670192164544e+05 2.494360392659805366e+05 2.484055664736527542e+05
2.259179362504220080e+03 2.797474352413706947e+05 2.769016379462749464e+05 2.733620307672739727e+05 2.699271188733675517e+05 2.667531415391928749e+05 2.641184414307390689e+05 2.620224372569421539e+05 2.602832247989452735e+05 2.587660063405784895e+05 2.574037319803534483e+05 2.561974875254006474e+05 2.550638615813287906e+05 2.541218308967628109e+05 2.530422877280001121e+05 2.521817921478770731e+05
2.309179362504220080e+03 2.850562093369713984e+05 2.821882942543071695e+05 2.786389506992831011e+05 2.753596822316628532e+05 2.725738534776324523e+05 2.703083131033689715e+05 2.684059311657010112e+05 2.667648240794807207e+05 2.653109428316971753e+05 2.639774781861159718e+05 2.627837067230142420e+05 2.616519215954529063e+05 2.607080389437140839e+05 2.596131992380216252e+05 2.587453873351412767e+05
2.359179362504220080e+03 2.849697678212425089e+05 2.820563517098918674e+05 2.784913055426042411e+05 2.750959257096620277e+05 2.721702159740648931e+05 2.698700772754038335e+05 2.679723103643536451e+05 2.663763946981777553e+05 2.649644866851150873e+05 2.636859090694354963e+05 2.625512391777474550e+05 2.614678256486412138e+05 2.605822474472468311e+05 2.595443738750831981e+05 2.587089476466433262e+05
2.409179362504220080e+03 2.903098896585000330e+05 2.873816759627694264e+05 2.837986586343581439e+05 2.805433921374072088e+05 2.778488417761312448e+05 2.757107606014545891e+05 2.738812370567822945e+05 2.722672082876494969e+05 2.707850339502628194e+05 2.694903122741317493e+05 2.683443892220722628e+05 2.672598387468809960e+05 2.663915629589391174e+05 2.653692123132759007e+05 2.645368037748897914e+05
2.459179362504220080e+03 2.903603571205478511e+05 2.875450963951873709e+05 2.840327470723346341e+05 2.807720468400973477e+05 2.779337189232576056e+05 2.755608911585210590e+05 2.736560458978523966e+05 2.720148820907790214e+05 2.705758746271968703e+05 2.693038133667023503e+05 2.681760364446241292e+05 2.671171842858775635e+05 2.662390250749664265e+05 2.651705418077968643e+05 2.644153035833285539e+05
2.509179362504220080e+03 2.905429266503591789e+05 2.876980562337265001e+05 2.841571242179434630e+05 2.807919236460149987e+05 2.778425845823796117e+05 2.754625970398187055e+05 2.734937544676416437e+05 2.718110046535934671e+05 2.703336601146866451e+05 2.689857059975320590e+05 2.677861863987313118e+05 2.666526004313195008e+05 2.657132201731882524e+05 2.646248484779218561e+05 2.637587994468579418e+05
2.559179362504220080e+03 2.901205593179014977e+05 2.872639534504088806e+05 2.837253416699529625e+05 2.805775290903701680e+05 2.780058158260309137e+05 2.758863551965254010e+05 2.740863037113207974e+05 2.725215053154838388e+05 2.711301359249405796e+05 2.698467203117164318e+05 2.687092158297943533e+05 2.676160742048306856e+05 2.667251629227187368e+05 2.656861756291867932e+05 2.648405593048247974e+05
2.609179362504220080e+03 2.949410575881963596e+05 2.921076994539120351e+05 2.885669789463484776e+05 2.851385369433426531e+05 2.819840515816977713e+05 2.793491524211159558e+05 2.771783408753851545e+05 2.753366985144725186e+05 2.737353952120795730e+05 2.722861314609783585e+05 2.710066184162506252e+05 2.698006579615718802e+05 2.688142978948124219e+05 2.676618918202922796e+05 2.667748030021351879e+05
2.659179362504220080e+03 2.937619514046444092e+05 2.909238898784432677e+05 2.873882114435534459e+05 2.840612420333405607e+05 2.811616531105915201e+05 2.788075265076226788e+05 2.768516706324293045e+05 2.751776130586140207e+05 2.737080923740735743e+05 2.723662557047712617e+05 2.711862165340897627e+05 2.700548753980472684e+05 2.691510629954808974e+05 2.680666785479518585e+05 2.672293051708444837e+05
2.709179362504220080e+03 2.921611766027069534e+05 2.892436596441229922e+05 2.858298636058581178e+05 2.830028063636015868e+05 2.808792881710736547e+05 2.790287706620481331e+05 2.774040769677307690e+05 2.759895981616977369e+05 2.746845690728556365e+05 2.734676397242700332e+05 2.723891064515014878e+05 2.713864203664720990e+05 2.706353733228471247e+05 2.697556444422157365e+05 2.689953464923718129e+05
2.759179362504220080e+03 2.937885407087560161e+05 2.909995251864389866e+05 2.875314709786693566e+05 2.845503791698979912e+05 2.821446515008361894e+05 2.801216641167428461e+05 2.783898472023386857e+05 2.768662240237063379e+05 2.755034533357928158e+05 2.742459393239115598e+05 2.731063646176530165e+05 2.720431269419132150e+05 2.711232406273689121e+05 2.701232933238240075e+05 2.697726118221952347e+05
2.809179362504220080e+03 2.889649767648446723e+05 2.861327584224551683e+05 2.825916743134969729e+05 2.793614096450866200e+05 2.766655147583136568e+05 2.744369774725157185e+05 2.725240825519242208e+05 2.708442751609586994e+05 2.694687707794505404e+05 2.680112357792844414e+05 2.670967250846145907e+05 2.670729800511611975e+05 2.670575805135610863e+05 2.670340020932454499e+05 2.670207940445166314e+05
2.859179362504220080e+03 2.837926520279367687e+05 2.809109972054584068e+05 2.774994222257838119e+05 2.747034394676184747e+05 2.724644930259160465e+05 2.705652418057784671e+05 2.689242580393081298e+05 2.675198547115703113e+05 2.661855708128952538e+05 2.650866378335691988e+05 2.649307744326631655e+05 2.649120060742294881e+05 2.648983878318316420e+05 2.648784917765350547e+05 2.648677919307658449e+05
2.909179362504220080e+03 2.830201840120496345e+05 2.802164803506517783e+05 2.768574219633553876e+05 2.740862138217868051e+05 2.718551035876485403e+05 2.698228216638970189e+05 2.680037386948688654e+05 2.662988242125115357e+05 2.650130578758618794e+05 2.637037925202818587e+05 2.629148060778303770e+05 2.628980008433315088e+05 2.628851053285038797e+05 2.628659716915678000e+05 2.628557415891270502e+05
2.959179362504220080e+03 2.818726529740299447e+05 2.789846704333465896e+05 2.754677769241937785e+05 2.723427195496223867e+05 2.696867689616074786e+05 2.676530379700520425e+05 2.658138007632420631e+05 2.642825437542102300e+05 2.626846850249172421e+05 2.618133610614712234e+05 2.617955912609049992e+05 2.617775611405408126e+05 2.617641616848445556e+05 2.617434408746302361e+05 2.617324421001201554e+05
3.009179362504220080e+03 2.813898510629271041e+05 2.786241340794888674e+05 2.753464112097217585e+05 2.726770115266365465e+05 2.705626640532320598e+05 2.687107467357041314e+05 2.672075664579296717e+05 2.658472488696158398e+05 2.646386989578059874e+05 2.633605554611412808e+05 2.626646374040269293e+05 2.626406157342850347e+05 2.626247285391477635e+05 2.625987942980816006e+05 2.625853363987792400e+05
3.059179362504220080e+03 2.832786921736305230e+05 2.803397430805217009e+05 2.771525087913113530e+05 2.747082075943436939e+05 2.726811155025280896e+05 2.708519901102321455e+05 2.692960397529358161e+05 2.679699877272791346e+05 2.666744938351194724e+05 2.657289127622398082e+05 2.656401174080041819e+05 2.656209096924476326e+05 2.656065430031483411e+05 2.655826752406393643e+05 2.655702648153568152e+05
3.109179362504220080e+03 2.811654240386855672e+05 2.783168463299749419e+05 2.748253807095186785e+05 2.718063876985445968e+05 2.693512580841266899e+05 2.673382250807920354e+05 2.656121556065131444e+05 2.640585625926575158e+05 2.626924273885257426e+05 2.613123042096460122e+05 2.605549723439307127e+05 2.605382590182413114e+05 2.605249781507265288e+05 2.605041309697669640e+05 2.604933350112913758e+05
3.159179362504220080e+03 3.001062742357933312e+05 2.972493677556622424e+05 2.936815282389575732e+05 2.902181078026816249e+05 2.868017062981416238e+05 2.835888556269266992e+05 2.808062982590385363e+05 2.784723995321954717e+05 2.764665163756065303e+05 2.746542009108086349e+05 2.729690761067084386e+05 2.715901088099887129e+05 2.707774693704401143e+05 2.701154079073818284e+05 2.697262591161248856e+05
3.209179362504220080e+03 2.760250810631500208e+05 2.730339605386009207e+05 2.693611665492023458e+05 2.657777344263400300e+05 2.622402166306045256e+05 2.586860876451400400e+05 2.551430863499227853e+05 2.516016516262281511e+05 2.481863122660767403e+05 2.451663768296545022e+05 2.427398296908243792e+05 2.407610210656248673e+05 2.391813019170016923e+05 2.376215284744966484e+05 2.364935330178107251e+05
3.259179362504220080e+03 2.660243888757769600e+05 2.632514547895317082e+05 2.597018601149641909e+05 2.562563687013993622e+05 2.528222952729132376e+05 2.493985228749696980e+05 2.459902307410749781e+05 2.428415537977535569e+05 2.401727088738206949e+05 2.379298642211461265e+05 2.360163342205037479e+05 2.343277561677266494e+05 2.328940051886839501e+05 2.313950297512034595e+05 2.302755712225488969e+05
3.309179362504220080e+03 2.712366248614838696e+05 2.683696022079248214e+05 2.647838287530243397e+05 2.613001483026500209e+05 2.578367884703100717e+05 2.543841416525579116e+05 2.511369626810009941e+05 2.483876312671514170e+05 2.461358632121961273e+05 2.442224389095589868e+05 2.425810682940935658e+05 2.411067905149806465e+05 2.398812939476471511e+05 2.385585897334216570e+05 2.375580610286146402e+05
3.359179362504220080e+03 2.749928828848710400e+05 2.721128663947114255e+05 2.685336432871259167e+05 2.650613590105285984e+05 2.616059747714824625e+05 2.582297744500058179e+05 2.552111008113211719e+05 2.527017246291649644e+05 2.505782747053246421e+05 2.487250128321852244e+05 2.470985055674067116e+05 2.456186954910714412e+05 2.443637495265484904e+05 2.430039802086318959e+05 2.419777123256386258e+05
3.409179362504220080e+03 2.745570326611535274e+05 2.716803458765245159e+05 2.681055300070630619e+05 2.646386851249113679e+05 2.611906694936383283e+05 2.580760504060974054e+05 2.555485939628214401e+05 2.534556625429124688e+05 2.516586542221403215e+05 2.500626081225787639e+05 2.486524071611912805e+05 2.473462016908267688e+05 2.462487047601334343e+05 2.450264760379438230e+05 2.440791933881403238e+05
3.459179362504220080e+03 2.790169100408771192e+05 2.761483119142004289e+05 2.725782661259309971e+05 2.691151861592908390e+05 2.657141805220379611e+05 2.626781360253891326e+05 2.601917075579275261e+05 2.581078349959807529e+05 2.563073230696983519e+05 2.547005692023581651e+05 2.532794804585892707e+05 2.519596135559604154e+05 2.508530655806287832e+05 2.496209754645998764e+05 2.486672042733574926e+05
3.509179362504220080e+03 2.775562879695797455e+05 2.746925729882761952e+05 2.711284055542299757e+05 2.676702135822505224e+05 2.643360548343595583e+05 2.614267167353802070e+05 2.590492822029107192e+05 2.570500773687194160e+05 2.553174474980722007e+05 2.537647435550050577e+05 2.523911901163607254e+05 2.511100790454094822e+05 2.500400955529760977e+05 2.488417768766727240e+05 2.479080394240634050e+05
3.559179362504220080e+03 2.776456513340358506e+05 2.747836820325293811e+05 2.712232517984419828e+05 2.677711203992427909e+05 2.645866342118367902e+05 2.619319387514297559e+05 2.597372047200035013e+05 2.578662816062009661e+05 2.562275287574506365e+05 2.547442005260430160e+05 2.534273259802989778e+05 2.521886074608803028e+05 2.511560797377952258e+05 2.499896258123604930e+05 2.490728577018595242e+05
3.609179362504220080e+03 2.764832680779072689e+05 2.736195495916656801e+05 2.700533218362032785e+05 2.665884561468941974e+05 2.631422985201791162e+05 2.599351686885724193e+05 2.572438892687340558e+05 2.550226912624032120e+05 2.531333869866291643e+05 2.514685596320119221e+05 2.500048151093690540e+05 2.486588358290791220e+05 2.475308371837872546e+05 2.462853079726467258e+05 2.453277812924475875e+05
3.659179362504220080e+03 2.754657444674280123e+05 2.726007274376003188e+05 2.690320637596242013e+05 2.655701175084250863e+05 2.621669726788004627e+05 2.591213354718541959e+05 2.566324877075782279e+05 2.545579125846366805e+05 2.527724244321981387e+05 2.511829181953496591e+05 2.497810087350865069e+05 2.484796514907352102e+05 2.473931805684750143e+05 2.461822054056201305e+05 2.452422333760697802e+05
3.709179362504220080e+03 2.742289612444574013e+05 2.713509235140504898e+05 2.677734645475629368e+05 2.643072423801983823e+05 2.609832872486233246e+05 2.581004309188653715e+05 2.557418758874314080e+05 2.537515737616141560e+05 2.520215502858813270e+05 2.504679928575667145e+05 2.490913157814306032e+05 2.478051785280613694e+05 2.467290160133854661e+05 2.455230279133597796e+05 2.445842228299252165e+05
3.759179362504220080e+03 2.742797659699777141e+05 2.713952409124503611e+05 2.678037248935513198e+05 2.643225154761387967e+05 2.608607401940545242e+05 2.574153701257052599e+05 2.542850087657658732e+05 2.517105379306652467e+05 2.495501032246979594e+05 2.476737112950072042e+05 2.460328192828697502e+05 2.445409743916211009e+05 2.432788976333528408e+05 2.419110890978732787e+05 2.408794274108782411e+05
3.809179362504220080e+03 2.721830811069071642e+05 2.692706696764446096e+05 2.656565247920603724e+05 2.621489427238548524e+05 2.586580400421572849e+05 2.551803289842329104e+05 2.517159575317472336e+05 2.482803528457170469e+05 2.451613252111665206e+05 2.425865148810447135e+05 2.404541944331151608e+05 2.386207536006056762e+05 2.370921088516749442e+05 2.355262533942719456e+05 2.343821124605638033e+05
3.859179362504220080e+03 2.702742539619860472e+05 2.673598276625053259e+05 2.637430687284106389e+05 2.602345935266564775e+05 2.567466281393704412e+05 2.532770001273214875e+05 2.498630609136249113e+05 2.468109818985761085e+05 2.443091201560948684e+05 2.422035257814039069e+05 2.404001072425311722e+05 2.387949516660050431e+05 2.374439960891213559e+05 2.360093386036238226e+05 2.349413415871814650e+05
3.909179362504220080e+03 2.687386478386197123e+05 2.658341417224987526e+05 2.622222629080977058e+05 2.587140730874760775e+05 2.552246429108220909e+05 2.517507400554626365e+05 2.483060361743260291e+05 2.451894128733228426e+05 2.426291570773172716e+05 2.404846352413556597e+05 2.386605197627675370e+05 2.370492027749125264e+05 2.357072428435884067e+05 2.342774162462437816e+05 2.332290074529432168e+05
3.959179362504220080e+03 2.716580722472084453e+05 2.687623805106555810e+05 2.651266023075667326e+05 2.615918571480849932e+05 2.580738394763772376e+05 2.545652662663613155e+05 2.510698917993830983e+05 2.475871095911376178e+05 2.441214174504149705e+05 2.406638254180669028e+05 2.372486069155907026e+05 2.341244095727410167e+05 2.315454293903865037e+05 2.292002197265670693e+05 2.275294725147916179e+05
4.009179362504220080e+03 2.687723819208404748e+05 2.658393802969934186e+05 2.622037389640239999e+05 2.586798400917747349e+05 2.551786757669916842e+05 2.516942065219995566e+05 2.482242688405234367e+05 2.448637392706176033e+05 2.419176225174444844e+05 2.394996304032974003e+05 2.374777786513525352e+05 2.357186434809759376e+05 2.342500190560216433e+05 2.327221808875221177e+05 2.316033737676369783e+05
4.059179362504220080e+03 2.692045913872868987e+05 2.662968796147258836e+05 2.626668744621107471e+05 2.591443179317724425e+05 2.556347361512870120e+05 2.521373525590469653e+05 2.486528277699199971e+05 2.451818453302284179e+05 2.417238998356431257e+05 2.383211627078260062e+05 2.352679954314774950e+05 2.327558491142033599e+05 2.307188526199130865e+05 2.287646202110986633e+05 2.273700844326780934e+05
4.109179362504220080e+03 2.663628783827133593e+05 2.634255930670183734e+05 2.597956073651677289e+05 2.562756936593235878e+05 2.527731763872615993e+05 2.492823840989291493e+05 2.457949618972465396e+05 2.423062994425147190e+05 2.391230163621479587e+05 2.365757729110700602e+05 2.344215992692630098e+05 2.324767869722977630e+05 2.308642019840585126e+05 2.291997765087829030e+05 2.281057486609268235e+05
4.159179362504220080e+03 2.735830664030709304e+05 2.706841459177317447e+05 2.670455621236287989e+05 2.635090608850443386e+05 2.599859652437669865e+05 2.564741328548793681e+05 2.529749233768243575e+05 2.494874757141915616e+05 2.460116268701684312e+05 2.425385182762301702e+05 2.390609869775975822e+05 2.357875426913730626e+05 2.330693394467596663e+05 2.306604160507778870e+05 2.289801978942654678e+05
4.209179362504220080e+03 2.712724588128821342e+05 2.683461994527649367e+05 2.647232591609620722e+05 2.612153492362118559e+05 2.577276782822976529e+05 2.542608034111043380e+05 2.508191834684330970e+05 2.475471982371339400e+05 2.447140003158188192e+05 2.424331890841765562e+05 2.405188665610029129e+05 2.388825565578619717e+05 2.374464087704086269e+05 2.359239928868660354e+05 2.348054991174956085e+05
4.259179362504220080e+03 2.752159110220334260e+05 2.723138307915843325e+05 2.686919241143537220e+05 2.651773933981254813e+05 2.616806669399466482e+05 2.581960606308041315e+05 2.547184246456389956e+05 2.512799808945030964e+05 2.481148691923555452e+05 2.453408607523014070e+05 2.430076339409536158e+05 2.409459216689182795e+05 2.391763775890975085e+05 2.373529300086591102e+05 2.360093967141618486e+05
4.309179362504220080e+03 2.734963010531292530e+05 2.705827925526513718e+05 2.669640044856847380e+05 2.634556222549575614e+05 2.599653761651917594e+05 2.564898076960106264e+05 2.530237243118775659e+05 2.498280741873613733e+05 2.471276993047104334e+05 2.448465139092961326e+05 2.428942938690216979e+05 2.411697188254740322e+05 2.397097110870276229e+05 2.381845820220110181e+05 2.370626408649635850e+05
4.359179362504220080e+03 2.764306208407440572e+05 2.735186257047238178e+05 2.699002709828324732e+05 2.663914168367329403e+05 2.629051312643507263e+05 2.594401073171148018e+05 2.560207510130954906e+05 2.529070224170167057e+05 2.503335461088072334e+05 2.481553988013712515e+05 2.462779603428297560e+05 2.446107272864469851e+05 2.431883612645891553e+05 2.416871130875170347e+05 2.405759179686497664e+05
4.409179362504220080e+03 2.801453546843612567e+05 2.772562215220861835e+05 2.736549088144891430e+05 2.701650160294736852e+05 2.667030677936049760e+05 2.632792735309149721e+05 2.600586849826338585e+05 2.572611769735084672e+05 2.548661348517342121e+05 2.527555567105034715e+05 2.508677744181305170e+05 2.492219025002132985e+05 2.477905552273935755e+05 2.462609685651143664e+05 2.451173491849881830e+05
4.459179362504220080e+03 2.827218777384585701e+05 2.798343278452919913e+05 2.762471999301181640e+05 2.727717503207394038e+05 2.693192115252578515e+05 2.661418505029552616e+05 2.634817162840648089e+05 2.612316782677439915e+05 2.592731992585489352e+05 2.575272844532858580e+05 2.559758094827190507e+05 2.545396381757465715e+05 2.533219149760981381e+05 2.519792133999266371e+05 2.509607437334113638e+05
4.509179362504220080e+03 2.808347604505339987e+05 2.779577782832327648e+05 2.743844943670442444e+05 2.709224568279602099e+05 2.676165442101108492e+05 2.647472460634977906e+05 2.623597128934143693e+05 2.603159726842600503e+05 2.585237580058558378e+05 2.569053439777502499e+05 2.554649208147524041e+05 2.541155204324316583e+05 2.529825331294631760e+05 2.517119017386195483e+05 2.507382231502976501e+05
4.559179362504220080e+03 2.835075525342880283e+05 2.806475943346734857e+05 2.770908984963634284e+05 2.737959108579936437e+05 2.709500794243935961e+05 2.685848173792923917e+05 2.665626825185893103e+05 2.647950746922833496e+05 2.632129794433694333e+05 2.617582859107530385e+05 2.604475998073022347e+05 2.592060914776219288e+05 2.581551038815078500e+05 2.569630245794670191e+05 2.560286584084239148e+05
4.609179362504220080e+03 2.785534711986190523e+05 2.756937384029037785e+05 2.721390707209444954e+05 2.687190219322473276e+05 2.656480721346169594e+05 2.631223982445195434e+05 2.609974040615004196e+05 2.591616616207700863e+05 2.575355985231316008e+05 2.560523176065721782e+05 2.547267282282668166e+05 2.534743726296740642e+05 2.524237245427265298e+05 2.512349561480927223e+05 2.503036500237217988e+05
4.659179362504220080e+03 2.781729471585529973e+05 2.753164377436043578e+05 2.717693707750413450e+05 2.684328781057246961e+05 2.655160391489113681e+05 2.631068227712077205e+05 2.610600926273525984e+05 2.592814195944375824e+05 2.576965441907424538e+05 2.562448185366537655e+05 2.549437624973432976e+05 2.537110166363445169e+05 2.526758303824046161e+05 2.515014725210204488e+05 2.505771532957216259e+05
4.709179362504220080e+03 2.773750481154888403e+05 2.745233038764800876e+05 2.709819160666842363e+05 2.677205560252149589e+05 2.649310759282807121e+05 2.626112837728223531e+05 2.606280897181795444e+05 2.588970108521727379e+05 2.573488101832854445e+05 2.559258283145316818e+05 2.546485799647725944e+05 2.534349949195631780e+05 2.524162660756892874e+05 2.512568953599367524e+05 2.503407926549878321e+05
4.759179362504220080e+03 2.749031818119991221e+05 2.720628619255744270e+05 2.685172120685136179e+05 2.650685696054751752e+05 2.618913128845931496e+05 2.592218059973885247e+05 2.569691046834325825e+05 2.550026277233266737e+05 2.532958173696127778e+05 2.517543596271435090e+05 2.503719335256436025e+05 2.490874146708633343e+05 2.480003005155450664e+05 2.467778806206414301e+05 2.458353682778188086e+05
4.809179362504220080e+03 2.725636321232309565e+05 2.697164459504851256e+05 2.661735151727105840e+05 2.628363417591704056e+05 2.599096654273075401e+05 2.574870694941703114e+05 2.554326250668102002e+05 2.536481118764925341e+05 2.520597042825491808e+05 2.506052843073620170e+05 2.493003094066965568e+05 2.480665209920085035e+05 2.470269461031768296e+05 2.458499850714048080e+05 2.449259538395534328e+05
4.859179362504220080e+03 2.765708673168586101e+05 2.737225860705999075e+05 2.701786047385772690e+05 2.668441590949589736e+05 2.639159078157978365e+05 2.614758859140719287e+05 2.593925356775565015e+05 2.575758997653944534e+05 2.559535802799735102e+05 2.544668861281557474e+05 2.531308312417422712e+05 2.518672264243848331e+05 2.508003182966126478e+05 2.495948075616412389e+05 2.486522218901592714e+05
4.909179362504220080e+03 2.745774007231915020e+05 2.717278683507665410e+05 2.681873102166790050e+05 2.649903537135933293e+05 2.623121908669574768e+05 2.600772694282485463e+05 2.581612345023454400e+05 2.564845679526340973e+05 2.549829824801924406e+05 2.535986035178345919e+05 2.523593851111978875e+05 2.511745481387205655e+05 2.501888180197920592e+05 2.490571193680296128e+05 2.481583625136904011e+05
4.959179362504220080e+03 2.748507837569712428e+05 2.720130323439973872e+05 2.684743453812038642e+05 2.651240784747490543e+05 2.621577504702701117e+05 2.596893026241094049e+05 2.575935240163273120e+05 2.557715591243560484e+05 2.541488870219591772e+05 2.526627573044956953e+05 2.513246140173198364e+05 2.500633914363300137e+05 2.489928929459210194e+05 2.477847374578562158e+05 2.468435215363679745e+05
5.009179362504220080e+03 2.742507657988048741e+05 2.713677520374769229e+05 2.678145380427293130e+05 2.645583493084053043e+05 2.618080030337972566e+05 2.595300701365030836e+05 2.575883803655660595e+05 2.558993396653922973e+05 2.543898917265320197e+05 2.530024515758677153e+05 2.517598395317930554e+05 2.505745752216174442e+05 2.495856331845548993e+05 2.484522211035298242e+05 2.475510460331359354e+05
5.059179362504220080e+03 2.718966529474164709e+05 2.690358405764953932e+05 2.654762692958854022e+05 2.620226076519947383e+05 2.587291250141185010e+05 2.558683175947460404e+05 2.534931258719335310e+05 2.514691721077254624e+05 2.496970200553260511e+05 2.480985666154816281e+05 2.466716619174852676e+05 2.453408785832852882e+05 2.442125375938134675e+05 2.429565435366373276e+05 2.419882619684683450e+05
5.109179362504220080e+03 2.688816871407725266e+05 2.660198712712910492e+05 2.624575316388228675e+05 2.590008654660134634e+05 2.556820624303538643e+05 2.527806070813965052e+05 2.503783950403459603e+05 2.483374758017159766e+05 2.465543339295748738e+05 2.449490833127955266e+05 2.435178191725096258e+05 2.421842696436471306e+05 2.410545002778338676e+05 2.397978081411760359e+05 2.388298880918143550e+05
5.159179362504220080e+03 2.658263776072557666e+05 2.629539870093966601e+05 2.593805339589433570e+05 2.559125973656377464e+05 2.524622049189400859e+05 2.492599278266728797e+05 2.465623472719508572e+05 2.443069338397590909e+05 2.423650377176898182e+05 2.406429751930845669e+05 2.391174573569848726e+05 2.377123674030500115e+05 2.365202418189052842e+05 2.352115280615375959e+05 2.342144692807992105e+05
5.209179362504220080e+03 2.668232854797548498e+05 2.639419453231280204e+05 2.603540951792059641e+05 2.568724397043222270e+05 2.534094405380291864e+05 2.499886789661573712e+05 2.468757747296236921e+05 2.442748096738585446e+05 2.420774779820155236e+05 2.401621641352495062e+05 2.384822928518812987e+05 2.369559593138430209e+05 2.356574233821809466e+05 2.342570123744071461e+05 2.332069087938810699e+05
5.259179362504220080e+03 2.681054980489546433e+05 2.652169063488962129e+05 2.616226286428893218e+05 2.581337636037177872e+05 2.546630187883964390e+05 2.512082850054370356e+05 2.479499029583660886e+05 2.451516083429635328e+05 2.428100498456412170e+05 2.407890291802225984e+05 2.390280396316942351e+05 2.374399146871930279e+05 2.360882475036990945e+05 2.346440840211685572e+05 2.335676674074281473e+05
5.309179362504220080e+03 2.625023987630068441e+05 2.596230913022432651e+05 2.560563608274928702e+05 2.529275133755521383e+05 2.503614598352714384e+05 2.482049190653219703e+05 2.463480183362204989e+05 2.447125386435640394e+05 2.432421689572451578e+05 2.418797186511572800e+05 2.406600385426049179e+05 2.394852362667100679e+05 2.385141175388094562e+05 2.373851893216750468e+05 2.364922065516865114e+05
5.359179362504220080e+03 2.587251297501386143e+05 2.558729111977875873e+05 2.525205875190067454e+05 2.497588982516250398e+05 2.474845258851252438e+05 2.455367943166436162e+05 2.438381713772193471e+05 2.423274612371635740e+05 2.409627914217061189e+05 2.396865359791666851e+05 2.385469810329810134e+05 2.374373121905857988e+05 2.365335222300434543e+05 2.354592159001545224e+05 2.346092711322467949e+05
5.409179362504220080e+03 2.527095477168884536e+05 2.498525343701387756e+05 2.464934575846320076e+05 2.437377408706518763e+05 2.414766199895052414e+05 2.395422001489249524e+05 2.378579110098784731e+05 2.363622524815160723e+05 2.350081467997859290e+05 2.337543256572042010e+05 2.326070891219877522e+05 2.315509391227544111e+05 2.305831516117455030e+05 2.296705414360271825e+05 2.286878456388029736e+05
5.459179362504220080e+03 2.504146704387441860e+05 2.475599006833266758e+05 2.441979017835714621e+05 2.414306709408526949e+05 2.391559968020370870e+05 2.372069813441412116e+05 2.355074427186021639e+05 2.339967893945469405e+05 2.326290014081572590e+05 2.313601676068759698e+05 2.302022515893201635e+05 2.291275349970802490e+05 2.281566909496746957e+05 2.272155200566741405e+05 2.270168126877263130e+05
5.509179362504220080e+03 2.471221647215083358e+05 2.442742977713429136e+05 2.409233679687114200e+05 2.381634206642201170e+05 2.358963894228745485e+05 2.339555553996963426e+05 2.322635669598935638e+05 2.307547936828328529e+05 2.294030456513903046e+05 2.281114524644538469e+05 2.270133035328694677e+05 2.258168768326305435e+05 2.250472009396633075e+05 2.250275401569636888e+05 2.250166316035036871e+05
5.559179362504220080e+03 2.449157856562030211e+05 2.420660553618624399e+05 2.387183754478705814e+05 2.359679827586038155e+05 2.337098895921470539e+05 2.317788645795692573e+05 2.300907271196828806e+05 2.286034502095509961e+05 2.272206411203394528e+05 2.260237979116378701e+05 2.247201931209141621e+05 2.238921710754013329e+05 2.238796469035523187e+05 2.238610906977135746e+05 2.238509060136647022e+05
5.609179362504220080e+03 2.441610208863360458e+05 2.413072300879016693e+05 2.378506014928279619e+05 2.349757999122303736e+05 2.326446179126003408e+05 2.305790110169572290e+05 2.288193376926591736e+05 2.272791446753834025e+05 2.258403336686912226e+05 2.246039588925553544e+05 2.233764653774326143e+05 2.228039835195040214e+05 2.227922619450062048e+05 2.227746513072852977e+05 2.227653760991003946e+05
5.659179362504220080e+03 2.436304907314710435e+05 2.407804580730619782e+05 2.374264015047622088e+05 2.346665618630751851e+05 2.323988737203884230e+05 2.304577774989761820e+05 2.287638830465105711e+05 2.272630472579207271e+05 2.258923524656308291e+05 2.246503040736890980e+05 2.234515451793846150e+05 2.229986891418947198e+05 2.229865824739563686e+05 2.229682916798564547e+05 2.229590725179631263e+05
5.709179362504220080e+03 2.430465054308597464e+05 2.401967422740656766e+05 2.368517499200057937e+05 2.341016488694581203e+05 2.318405830132873962e+05 2.299033149345681595e+05 2.282188287231962022e+05 2.267006874498611141e+05 2.253833793080343457e+05 2.240064555240175978e+05 2.232593735641703825e+05 2.232431393494173535e+05 2.232309675845972670e+05 2.232122214600171719e+05 2.232027925987230265e+05
5.759179362504220080e+03 2.421781508769360080e+05 2.393272472692333977e+05 2.359766668657294649e+05 2.332222311407854140e+05 2.309594913096476812e+05 2.290196577277825854e+05 2.273361196666759497e+05 2.258114342755753896e+05 2.245079322519743000e+05 2.230849537583370693e+05 2.222044248405712424e+05 2.221903282628134766e+05 2.221789884880595491e+05 2.221614170517975872e+05 2.221523561258917034e+05
5.809179362504220080e+03 2.415766523533275176e+05 2.387247881722942402e+05 2.353626718745740654e+05 2.325905176447275444e+05 2.303134241745360196e+05 2.283612419838107016e+05 2.266675804429526324e+05 2.251341115778803942e+05 2.238232011954571062e+05 2.223905840448485105e+05 2.215044251925345452e+05 2.214905558521400962e+05 2.214793258709333604e+05 2.214620132772939105e+05 2.214532519375707780e+05
5.859179362504220080e+03 2.413308184676299279e+05 2.384790534035091114e+05 2.351228640939178586e+05 2.323606932874248305e+05 2.300894062275949691e+05 2.281404017551959259e+05 2.264482957389345102e+05 2.249152901932718232e+05 2.236045131856472290e+05 2.221701871962082805e+05 2.212829885480044468e+05 2.212688970277856570e+05 2.212574412170386931e+05 2.212396213088461081e+05 2.212307647695027990e+05
5.909179362504220080e+03 2.417224057502965734e+05 2.388776132201862347e+05 2.355124039250895730e+05 2.327376996775459847e+05 2.304577128162636072e+05 2.285002837911411480e+05 2.268024527442184626e+05 2.252639808383263298e+05 2.239492681773718796e+05 2.225100790748459694e+05 2.216215581735444430e+05 2.216067209208708373e+05 2.215946203320674540e+05 2.215752940955474915e+05 2.215656240359988878e+05
5.959179362504220080e+03 2.301216779445051507e+05 2.274000858935370052e+05 2.242395309579435561e+05 2.218449033651162172e+05 2.199921216716491908e+05 2.184710892215044005e+05 2.171657015717765025e+05 2.161021086628281046e+05 2.157742400123357074e+05 2.157451966972370865e+05 2.157314527935179649e+05 2.157158080456539465e+05 2.157028884572355892e+05 2.156817178660773498e+05 2.156713246369587141e+05
6.009179362504220080e+03 2.113316589386601991e+05 2.075943727079015516e+05 2.049163962339667487e+05 2.048038906820146949e+05 2.047985464045284025e+05 2.047931899538050056e+05 2.047878355634911277e+05 2.047823511292438197e+05 2.047770057620341831e+05 2.047716864991202019e+05 2.047666877678090823e+05 2.047613350303811894e+05 2.047555909733354056e+05 2.047493280542104330e+05 2.047461099273378786e+05
6.059179362504220080e+03 2.384323222835362540e+05 2.355578260485827050e+05 2.321818284534094564e+05 2.294221890735574125e+05 2.271821246764719835e+05 2.252790191704219033e+05 2.236042296691939118e+05 2.221965971306990250e+05 2.206955664279289194e+05 2.197750354096218944e+05 2.197594820489909325e+05 2.197420076916339167e+05 2.197275357933468767e+05 2.197019695540873217e+05 2.196887835255009995e+05
6.109179362504220080e+03 2.339289347509373038e+05 2.312549502253078099e+05 2.277577554346328252e+05 2.243597856746349134e+05 2.210607100122212432e+05 2.181224032079583849e+05 2.155551746846724709e+05 2.143073482463370892e+05 2.142908508025025367e+05 2.142709185684420227e+05 2.142524974481286772e+05 2.142325221790138166e+05 2.142149057627504226e+05 2.141851388061462785e+05 2.141709570126729086e+05
6.159179362504220080e+03 2.422293701044944173e+05 2.394919244148067955e+05 2.363786640816006111e+05 2.339792864841601695e+05 2.320238482712807308e+05 2.303460612022636342e+05 2.288684774268556503e+05 2.274983679029029736e+05 2.263199784265281342e+05 2.249862832944217080e+05 2.241340956756456289e+05 2.241129724413384392e+05 2.240955429148779658e+05 2.240650727150435850e+05 2.240504289282600221e+05
6.209179362504220080e+03 2.285552180581672001e+05 2.257151866587678669e+05 2.223920068676163210e+05 2.196708654687431990e+05 2.174483620952779311e+05 2.155590443014451594e+05 2.139270218238946982e+05 2.124477729617389559e+05 2.112047681727323215e+05 2.110689856547696691e+05 2.110565401623517391e+05 2.110428210803922848e+05 2.110293680542574439e+05 2.110077453661763575e+05 2.109991212915723445e+05
6.259179362504220080e+03 2.320582519097137556e+05 2.292054978141273896e+05 2.258084578182270925e+05 2.229557149308587250e+05 2.206362367377353949e+05 2.186810078932930774e+05 2.169636361588771106e+05 2.155142727314667427e+05 2.139605665365248278e+05 2.130455699450749089e+05 2.130344439414890949e+05 2.130218083753137907e+05 2.130087782222900132e+05 2.129877776307226450e+05 2.129795681673425715e+05
6.309179362504220080e+03 2.340070621760806243e+05 2.312338910738932609e+05 2.279588886763376649e+05 2.253237226739489706e+05 2.231674204691395862e+05 2.213184324002024659e+05 2.196935774176075356e+05 2.182552449935059994e+05 2.169075711055354332e+05 2.157397009419054666e+05 2.156094488608934626e+05 2.155935441302469699e+05 2.155790639952280617e+05 2.155549792896965519e+05 2.155450430171551416e+05
6.359179362504220080e+03 2.357894593952813884e+05 2.329365237725949555e+05 2.296034650674198929e+05 2.268635657084197446e+05 2.246093820167379454e+05 2.226801449610158452e+05 2.210011755276679469e+05 2.194879832442871120e+05 2.181807920603884850e+05 2.167791448214249394e+05 2.161149531006950419e+05 2.161001768115005980e+05 2.160859339440194599e+05 2.160623806613102206e+05 2.160527930636274978e+05
6.409179362504220080e+03 2.368185328692084295e+05 2.339715746220936708e+05 2.306527415256219683e+05 2.279463431072336389e+05 2.257194408998454746e+05 2.238077815903335868e+05 2.221461231588207011e+05 2.206369445226241369e+05 2.193561206299853220e+05 2.179054607129891519e+05 2.170112955377542821e+05 2.169957662530841480e+05 2.169807981011333468e+05 2.169557098741608497e+05 2.169451921662502573e+05
6.459179362504220080e+03 2.372292692829664447e+05 2.343800269743236422e+05 2.310368750385734020e+05 2.282838316026803514e+05 2.260081598886388238e+05 2.240493155186766817e+05 2.223428571950336045e+05 2.207936729128498118e+05 2.194731663762440730e+05 2.179817383488888736e+05 2.170672892146300292e+05 2.170522620110152347e+05 2.170372484250333509e+05 2.170123109084427997e+05 2.170021503597725241e+05
6.509179362504220080e+03 2.366155004661097773e+05 2.337654469071504718e+05 2.304207142138784693e+05 2.276676475722352625e+05 2.253952563269005623e+05 2.234415680735637434e+05 2.217403237350633717e+05 2.201988027847617923e+05 2.188799665811971936e+05 2.174103423383163463e+05 2.165602800728518632e+05 2.165455030840488907e+05 2.165307503310321190e+05 2.165065098371036001e+05 2.164970392462065502e+05
6.559179362504220080e+03 2.364756767658337776e+05 2.336250123089087429e+05 2.302811041345233098e+05 2.275298328743947786e+05 2.252575193683054531e+05 2.233039103321131552e+05 2.215995628887994681e+05 2.200644448291406152e+05 2.187250486741061031e+05 2.173173258084524714e+05 2.167338839687660511e+05 2.167187533525893523e+05 2.167037223655066628e+05 2.166789188841565337e+05 2.166692494409012434e+05
6.609179362504220080e+03 2.362195912124925817e+05 2.333684237435565738e+05 2.300225142790650716e+05 2.272695932319692220e+05 2.249965047758951841e+05 2.230429738055873895e+05 2.213353131208275736e+05 2.198097420873982774e+05 2.184428187615362112e+05 2.171145255997135828e+05 2.167932168802133237e+05 2.167777089818908426e+05 2.167624266947270953e+05 2.167370585426386388e+05 2.167271587762881536e+05
6.659179362504220080e+03 2.359996489691479364e+05 2.331479771922534273e+05 2.297911103155876044e+05 2.270235536890732474e+05 2.247389322545214964e+05 2.227778580121805135e+05 2.210555326443375379e+05 2.195486663648091780e+05 2.181025790206719539e+05 2.169478446483768639e+05 2.168629996854863130e+05 2.168479291775835736e+05 2.168328649601638317e+05 2.168076021026532399e+05 2.167977356444875186e+05
6.709179362504220080e+03 2.357459108120608144e+05 2.328972542998137069e+05 2.295369629620834021e+05 2.267665318885415618e+05 2.244772566497032531e+05 2.225144428445673257e+05 2.207751199554420891e+05 2.193062590720832231e+05 2.177160644965865649e+05 2.167414890684139682e+05 2.167312014050639409e+05 2.167180744978191797e+05 2.167036425960836059e+05 2.166797807700562989e+05 2.166706778496124898e+05
6.759179362504220080e+03 2.350634066544799425e+05 2.322131148439873359e+05 2.288754823851087713e+05 2.261303090559496486e+05 2.238577588423591224e+05 2.219087691607311135e+05 2.201804578235194786e+05 2.187120637781072001e+05 2.171381664022228215e+05 2.162747636755704880e+05 2.162645122946445481e+05 2.162514333140204544e+05 2.162371143822297745e+05 2.162142140249592194e+05 2.162058459730205068e+05
6.809179362504220080e+03 2.350480091081174032e+05 2.321970031729404000e+05 2.288545272966859629e+05 2.261030834360929439e+05 2.238261967638017377e+05 2.218714863055948808e+05 2.201459804189233691e+05 2.186561550660593784e+05 2.171434718229290738e+05 2.165406856529295037e+05 2.165300212605620909e+05 2.165163410840904107e+05 2.165015158612755476e+05 2.164779081066935905e+05 2.164693754469854757e+05
6.859179362504220080e+03 2.353401756780813739e+05 2.324885203063688241e+05 2.291412131674268749e+05 2.263821424467006000e+05 2.240987022855419491e+05 2.221368926954082272e+05 2.204093875183211057e+05 2.189031259084777848e+05 2.174223999678850814e+05 2.169497411984068749e+05 2.169387847865107469e+05 2.169246076613057230e+05 2.169093112293650338e+05 2.168850255383962358e+05 2.168763498132810055e+05
6.909179362504220080e+03 2.359206919967701833e+05 2.330684587460116018e+05 2.297160436975532502e+05 2.269483741872065875e+05 2.246571670674292254e+05 2.226881006011644495e+05 2.209545478432920063e+05 2.194411003905663383e+05 2.179583401513130812e+05 2.174975440901411348e+05 2.174863659321544401e+05 2.174717983105557214e+05 2.174560591567415977e+05 2.174311278292504139e+05 2.174223293539135193e+05
6.959179362504220080e+03 2.367459890306164743e+05 2.338932650589502882e+05 2.305370199865472969e+05 2.277624876927032601e+05 2.254643544593352708e+05 2.234892597145140462e+05 2.217477825329758925e+05 2.202349878424950584e+05 2.187256217351610248e+05 2.181949107739395113e+05 2.181835908040999784e+05 2.181686832674937323e+05 2.181525111895882292e+05 2.181269388941873040e+05 2.181180223661000200e+05
7.009179362504220080e+03 2.376828699732162058e+05 2.348297729132265667e+05 2.314743204390451720e+05 2.287009402692785079e+05 2.264020660220230930e+05 2.244255353040905611e+05 2.226811668046849663e+05 2.211689984985440387e+05 2.196476079715926608e+05 2.190838495845104335e+05 2.190723495145557681e+05 2.190570845718747587e+05 2.190404343671230599e+05 2.190140761292622483e+05 2.190049794718054764e+05
7.059179362504220080e+03 2.383383622410428361e+05 2.354849846619963355e+05 2.321291886875432392e+05 2.293551826821445138e+05 2.270548169797176088e+05 2.250754583609640540e+05 2.233316665450505388e+05 2.218080105609945313e+05 2.203149658723902539e+05 2.198547911245090945e+05 2.198430733273765945e+05 2.198274683068969171e+05 2.198103574937087833e+05 2.197831454291881528e+05 2.197738273339279112e+05
7.109179362504220080e+03 2.392281777945124777e+05 2.363745736663030111e+05 2.330154413844111259e+05 2.302353713955318672e+05 2.279289549234874430e+05 2.259420826542864670e+05 2.241966669615739665e+05 2.226522966937044694e+05 2.212005888026376779e+05 2.208691897211541655e+05 2.208572942626534496e+05 2.208414209606929799e+05 2.208238805720432720e+05 2.207957451469647640e+05 2.207861741853496642e+05
7.159179362504220080e+03 2.405106696826749248e+05 2.376545357726976508e+05 2.343070358598763705e+05 2.315434022569184017e+05 2.292450740187513293e+05 2.272630631030564255e+05 2.255193013101088582e+05 2.239746781301579322e+05 2.225257764866869256e+05 2.222036737569621182e+05 2.221917377146209765e+05 2.221757226647576317e+05 2.221578141038506583e+05 2.221286316995043599e+05 2.221187579991789826e+05
7.209179362504220080e+03 2.407070608488582657e+05 2.378551167517398717e+05 2.344367450909827312e+05 2.315406152220534568e+05 2.291388835226564552e+05 2.270587173167434230e+05 2.253044997768354951e+05 2.234761578991780698e+05 2.224262553823825729e+05 2.224181334953569167e+05 2.224085986715765321e+05 2.223951895680552116e+05 2.223791535890461819e+05 2.223531676183549862e+05 2.223446653187051706e+05
7.244179362504220080e+03 2.411573169964518747e+05 2.383045592468262766e+05 2.349427562163127877e+05 2.321433206299177255e+05 2.298128778255348734e+05 2.277899808642684075e+05 2.260629475274543511e+05 2.243209625718533061e+05 2.234441440220386721e+05 2.234356223703143187e+05 2.234257449472320150e+05 2.234119254047388386e+05 2.233948811510138912e+05 2.233645691967039893e+05 2.233545711397851410e+05
7.249179362504220080e+03 2.410368442525069986e+05 2.381845066291012336e+05 2.348351128577615018e+05 2.320656676992059511e+05 2.297683810327498359e+05 2.277711259859110578e+05 2.260900177023364813e+05 2.243192417053145182e+05 2.232920311395072204e+05 2.232833121547219635e+05 2.232730239755681250e+05 2.232584565797369287e+05 2.232404195821775065e+05 2.232078135683587752e+05 2.231969927912330022e+05
7.299179362504220080e+03 2.457303518787170760e+05 2.428798139050751633e+05 2.395154515003746492e+05 2.366996767722686345e+05 2.343416669435333170e+05 2.322968987514926121e+05 2.305081774540335464e+05 2.288539035143340006e+05 2.283419973444477073e+05 2.283332267110235116e+05 2.283232531103872752e+05 2.283096069610502163e+05 2.282927757854334486e+05 2.282627591187470825e+05 2.282529884068805259e+05
7.349179362504220080e+03 2.491674671452220646e+05 2.463192511137605761e+05 2.429799368083219160e+05 2.402073411831240228e+05 2.378897711311718158e+05 2.358889464925760403e+05 2.341112516327631602e+05 2.336775940538325813e+05 2.336705883197148796e+05 2.336627536994398397e+05 2.336536605106026691e+05 2.336413649813269440e+05 2.336259633939344203e+05 2.335986312602683611e+05 2.335899948378509725e+05
7.399179362504220080e+03 2.527563261930565641e+05 2.499136795061792945e+05 2.465628806983066897e+05 2.437588366901292175e+05 2.414132051615948731e+05 2.393369433906102495e+05 2.386708160807386157e+05 2.386637724709140311e+05 2.386575117557844496e+05 2.386507787388867873e+05 2.386431147867656546e+05 2.386332513497107138e+05 2.386210596169701894e+05 2.385979555820307578e+05 2.385906152253848268e+05
7.449179362504220080e+03 2.549221752307505521e+05 2.520803972930702148e+05 2.487235242850169016e+05 2.459365734093363280e+05 2.433845571548646840e+05 2.420719850123637589e+05 2.420657661363000225e+05 2.420594474865499360e+05 2.420535976680228487e+05 2.420474624754761462e+05 2.420407332596319029e+05 2.420326399518685066e+05 2.420233880499470688e+05 2.420010192744397500e+05 2.419928621322425606e+05
7.499179362504220080e+03 2.561360381109322770e+05 2.532956039985978859e+05 2.499478294131611765e+05 2.470238792771995359e+05 2.456017585747402336e+05 2.455943310759219457e+05 2.455884565867829660e+05 2.455824520401420596e+05 2.455767829437056789e+05 2.455708938213571964e+05 2.455644872190330352e+05 2.455568594535522279e+05 2.455481588788384106e+05 2.455282664301266195e+05 2.455212272055983776e+05
7.549179362504220080e+03 2.579473979338085046e+05 2.550945810497266357e+05 2.516890548863801232e+05 2.497957924234368256e+05 2.497678188594385574e+05 2.497622730996909668e+05 2.497570345442547696e+05 2.497517887864992372e+05 2.497467617808689829e+05 2.497418221820813487e+05 2.497366543652053806e+05 2.497307470853925333e+05 2.497241416315051902e+05 2.497103482923144184e+05 2.497055165230750572e+05
7.599179362504220080e+03 2.581456382277735393e+05 2.553114131791708642e+05 2.523105329539426311e+05 2.517981228478668781e+05 2.517932887099502841e+05 2.517889766902463452e+05 2.517849326680904778e+05 2.517809798165702086e+05 2.517771906655815546e+05 2.517737044149611611e+05 2.517703283008069848e+05 2.517668050471634779e+05 2.517630293176132254e+05 2.517562603207427310e+05 2.517539559147404798e+05
7.649179362504220080e+03 2.567062949368343398e+05 2.538271255261648039e+05 2.519959517285075563e+05 2.519888424742242496e+05 2.519843825879732904e+05 2.519803507611835666e+05 2.519765139794016723e+05 2.519727188404397457e+05 2.519690463450649695e+05 2.519656286836202489e+05 2.519622471916298673e+05 2.519585549485470983e+05 2.519542678103941435e+05 2.519458595605917799e+05 2.519434623592942080e+05
7.699179362504220080e+03 2.532175091440312099e+05 2.507009249714049511e+05 2.499649346782863722e+05 2.499607550631691993e+05 2.499572894922783307e+05 2.499542832570306200e+05 2.499516269212703628e+05 2.499493155279406637e+05 2.499473794138860540e+05 2.499459546521199518e+05 2.499450011589285568e+05 2.499443700372426538e+05 2.499438183376611269e+05 2.499426873904349923e+05 2.499417907368197921e+05
7.749179362504220080e+03 3.107177674134137342e+05 3.107125235975792748e+05 3.107066175775972079e+05 3.107012493222849444e+05 3.106958067474379786e+05 3.106902455265765893e+05 3.106839620845872560e+05 3.106772379512808402e+05 3.106706193830017000e+05 3.106631263677419629e+05 3.106540157469871920e+05 3.106419360470895190e+05 3.106256954152841936e+05 3.105877159007899463e+05 3.105761157060740516e+05
7.799179362504220080e+03 4.828701117740720510e+05 4.819142376984868315e+05 4.818935954875820316e+05 4.818846287803356536e+05 4.818759057424176717e+05 4.818682994510030840e+05 4.818616446766964509e+05 4.818549830973119824e+05 4.818487123537582811e+05 4.818428827086587553e+05 4.818378579079302726e+05 4.818322278533348581e+05 4.818242830522898003e+05 4.818363731887560571e+05 4.815592339420254575e+05
7.849179362504220080e+03 3.245605069867640268e+05 3.238710061718834331e+05 3.238644117094934336e+05 3.238574635009136982e+05 3.238499367283168249e+05 3.238431768543837825e+05 3.238362314735403634e+05 3.238281990443040850e+05 3.238204715901957825e+05 3.238120088985462207e+05 3.238025516308134538e+05 3.237878689900786849e+05 3.237686637347911019e+05 3.237030577169964672e+05 3.235921256115964497e+05
7.899179362504220080e+03 3.229170061606222880e+05 3.229118037528777495e+05 3.229062015414533089e+05 3.229009958029867266e+05 3.228950756989471265e+05 3.228898478821760509e+05 3.228852598649599822e+05 3.228804035090786056e+05 3.228754934402659419e+05 3.228701285317356233e+05 3.228638662956057233e+05 3.228536677775508142e+05 3.228396123685142957e+05 3.228104388966741390e+05 3.227881596047037165e+05
7.949179362504220080e+03 2.727611980424671201e+05 2.708960122747405549e+05 2.686466257287395420e+05 2.680091517966393149e+05 2.680022148659753730e+05 2.679946694143968634e+05 2.679857301084523788e+05 2.679741922211349593e+05 2.679629843339104555e+05 2.679484540971870883e+05 2.679278190824352205e+05 2.678925747914668173e+05 2.678571768706450239e+05 2.678142240995416068e+05 2.678008981003646040e+05
7.999179362504220080e+03 2.315427200158771302e+05 2.298743807952445350e+05 2.297427976075062179e+05 2.297383822501938266e+05 2.297326061300827714e+05 2.297283072396659409e+05 2.297246531105121539e+05 2.297215030314763717e+05 2.297185609676072781e+05 2.297160676748938859e+05 2.297142978981120687e+05 2.297136177775863907e+05 2.297110085823109839e+05 2.296889522030955995e+05 2.296534409033663978e+05
8.049179362504220080e+03 2.194013578243905213e+05 2.170894050248285057e+05 2.139710738514836703e+05 2.120637133601270034e+05 2.120423496660582314e+05 2.120385164751583070e+05 2.120334655432411528e+05 2.120266742612011731e+05 2.120192027416599449e+05 2.120105303284786642e+05 2.119987192622014263e+05 2.119791269921223284e+05 2.119572286201904935e+05 2.119358102559195831e+05 2.119299861770156131e+05
8.099179362504220080e+03 2.185504729829064163e+05 2.157387868260028481e+05 2.124131057233970496e+05 2.108107412728977797e+05 2.108040421421012725e+05 2.107995694662996393e+05 2.107940260664083471e+05 2.107869583493358514e+05 2.107794580927689385e+05 2.107707239533841785e+05 2.107591253865668259e+05 2.107398927291340078e+05 2.107184397127866105e+05 2.106966112590904813e+05 2.106906308686265547e+05
8.149179362504220080e+03 2.173964328633618716e+05 2.145878119398539711e+05 2.112615689252114680e+05 2.094112776210107259e+05 2.093888964235370804e+05 2.093843039229957503e+05 2.093787354121505341e+05 2.093716402591398510e+05 2.093639914436100808e+05 2.093554517541353998e+05 2.093440037891341490e+05 2.093249726128994080e+05 2.093036358078546182e+05 2.092851432295809500e+05 2.092805466527516837e+05
8.199179362504219171e+03 2.173640289629611652e+05 2.145315065594988700e+05 2.111741355226277083e+05 2.093989371195371496e+05 2.093838770098830864e+05 2.093792797577300807e+05 2.093736435400290939e+05 2.093664380998558772e+05 2.093586509354689915e+05 2.093500110851950303e+05 2.093386155362963327e+05 2.093198414090771985e+05 2.092986435259848949e+05 2.092808522876382631e+05 2.092765864376660320e+05
8.249179362504219171e+03 2.176154265748776670e+05 2.147747983877662627e+05 2.113916221862495295e+05 2.097745339477405651e+05 2.097690680519900634e+05 2.097644776227312977e+05 2.097588811904567992e+05 2.097517469557804579e+05 2.097440213778964244e+05 2.097355750754231412e+05 2.097248717290101340e+05 2.097071696115945524e+05 2.096871645138240419e+05 2.096707339893396711e+05 2.096669328500482079e+05
8.299179362504219171e+03 2.172518051647046523e+05 2.144128555733209650e+05 2.110245759014152864e+05 2.094272944240065408e+05 2.094230109004868136e+05 2.094182720332124736e+05 2.094124649100696261e+05 2.094050884871234593e+05 2.093970002966106986e+05 2.093877898930334486e+05 2.093736404697694525e+05 2.093563090740843327e+05 2.093430126918093301e+05 2.093345053402185731e+05 2.093321165482522920e+05
8.349179362504219171e+03 2.167044106492199062e+05 2.138536375403442944e+05 2.104775124675383267e+05 2.089642280464470678e+05 2.089599333145728160e+05 2.089545034478854795e+05 2.089475747380797402e+05 2.089386601375263999e+05 2.089288546278812282e+05 2.089181475951370376e+05 2.089017166871008521e+05 2.088816597717873519e+05 2.088658122913843254e+05 2.088560122502415616e+05 2.088535427298699215e+05
8.399179362504219171e+03 2.162417804038923641e+05 2.133932531218436488e+05 2.100098530998055649e+05 2.083560835349242552e+05 2.083520076130183297e+05 2.083475923706483154e+05 2.083424277975853765e+05 2.083360238362987584e+05 2.083290916086516518e+05 2.083217121115347836e+05 2.083101773327912961e+05 2.082961753438190208e+05 2.082800793171861733e+05 2.082693558415387815e+05 2.082669565808387415e+05
8.449179362504219171e+03 2.157564471794273122e+05 2.129146358077536570e+05 2.095275360710661043e+05 2.079265904722984997e+05 2.079224780493540165e+05 2.079173560406979523e+05 2.079108041244784545e+05 2.079024143236621749e+05 2.078934240888350178e+05 2.078840127295022830e+05 2.078696936320766690e+05 2.078527733868726646e+05 2.078348508609968994e+05 2.078037419354962476e+05 2.077990819290390646e+05
8.499179362504219171e+03 2.152079047389130574e+05 2.123628100094588008e+05 2.089805704852196795e+05 2.074532521334002668e+05 2.074491220838869340e+05 2.074433298567459569e+05 2.074357215988577809e+05 2.074258764847411367e+05 2.074153462869774667e+05 2.074042256874018931e+05 2.073867895799550461e+05 2.073675861575044983e+05 2.073469408291113796e+05 2.073210907347361499e+05 2.073170245864774915e+05
8.549179362504219171e+03 2.146131996062504477e+05 2.117624217155464576e+05 2.083759632211686985e+05 2.066610402121697844e+05 2.066570731426744023e+05 2.066525882831491763e+05 2.066473262137191778e+05 2.066408966372122813e+05 2.066343212128357263e+05 2.066274602156372857e+05 2.066170236520874605e+05 2.066059256428129156e+05 2.065935576511737308e+05 2.065764848416379245e+05 2.065738767826635158e+05
8.599179362504219171e+03 2.141032727987180115e+05 2.112641777393174416e+05 2.078809539586848114e+05 2.063021317405794398e+05 2.062979436326704454e+05 2.062921489231723535e+05 2.062844809380422521e+05 2.062745510676428676e+05 2.062638520286279090e+05 2.062529930012702825e+05 2.062360126011651009e+05 2.062171934833312989e+05 2.061964134144724230e+05 2.061748763459797192e+05 2.061720102141081297e+05
8.649179362504219171e+03 2.135646332156420103e+05 2.107187121229149052e+05 2.073304329331664194e+05 2.057313815336980333e+05 2.057274520811365510e+05 2.057216441156974470e+05 2.057139145902044256e+05 2.057040970764446829e+05 2.056936384893084469e+05 2.056829139392550569e+05 2.056653517903218744e+05 2.056470289169057796e+05 2.056272837165008532e+05 2.056120850135562359e+05 2.056103910581241653e+05
8.699179362504219171e+03 2.131486300816402945e+05 2.103215583664620062e+05 2.069347892749424791e+05 2.053264084329636244e+05 2.053223847945770540e+05 2.053166135722804465e+05 2.053089452856591670e+05 2.052991696865621198e+05 2.052889630593355978e+05 2.052783922412569518e+05 2.052603772678435780e+05 2.052426410465870285e+05 2.052237061292632134e+05 2.052101897369645885e+05 2.052087029771748348e+05
8.749179362504219171e+03 2.129010662060841569e+05 2.100679574821743590e+05 2.066762703844900243e+05 2.050587950900262804e+05 2.050547932659156213e+05 2.050483942145435722e+05 2.050395980970727687e+05 2.050280994070564921e+05 2.050168038396241609e+05 2.050052263697703020e+05 2.049849391402740439e+05 2.049648877583603607e+05 2.049435865716995031e+05 2.049285426591892028e+05 2.049268680996928306e+05
8.799179362504219171e+03 2.125539006381959480e+05 2.097229657327557798e+05 2.063280890381342324e+05 2.047469420091626234e+05 2.047430389149393595e+05 2.047382798217762320e+05 2.047323031790152600e+05 2.047252999796902877e+05 2.047184888516371720e+05 2.047113527854848071e+05 2.047000749990710174e+05 2.046887637307904952e+05 2.046768510264974320e+05 2.046695819354586129e+05 2.046688071399201290e+05
8.849179362504219171e+03 2.122166622348395467e+05 2.093920844660255243e+05 2.060003384343445068e+05 2.044161880876672803e+05 2.044123618207244144e+05 2.044072623778989364e+05 2.044006601718729653e+05 2.043930584321724018e+05 2.043859489062076900e+05 2.043783489918619744e+05 2.043667368569960527e+05 2.043549253975782776e+05 2.043424681264991523e+05 2.043351160562939185e+05 2.043343513596370176e+05
8.899179362504219171e+03 2.117072693064689811e+05 2.088491773668301175e+05 2.054521293033946713e+05 2.038698824519212358e+05 2.038660223563154286e+05 2.038606345757021918e+05 2.038536116101415828e+05 2.038455183592981484e+05 2.038381108568138443e+05 2.038304120506718173e+05 2.038187667790708074e+05 2.038067767520589987e+05 2.037941158654390019e+05 2.037861717228683992e+05 2.037853826148112712e+05
8.949179362504219171e+03 2.116834481639293663e+05 2.088235588485029584e+05 2.054578253818182857e+05 2.040227262381178734e+05 2.040189297386104299e+05 2.040124400225781428e+05 2.040043768339665839e+05 2.039950655177039735e+05 2.039864588422954839e+05 2.039779027601663838e+05 2.039652112554768391e+05 2.039519039680863498e+05 2.039387635771593777e+05 2.039312068874241959e+05 2.039304581344604958e+05
8.999179362504219171e+03 2.111551308145765506e+05 2.082815471277376637e+05 2.048853074038940540e+05 2.033515842656094756e+05 2.033476944205336913e+05 2.033420000060910825e+05 2.033351972096764657e+05 2.033273487106908869e+05 2.033192462484939606e+05 2.033115088708072435e+05 2.033004366464946070e+05 2.032888413818517874e+05 2.032778803137452633e+05 2.032709872468000976e+05 2.032702991150388261e+05
9.049179362504219171e+03 2.121094442788013257e+05 2.092874130272523325e+05 2.058725390779587033e+05 2.042519068481943686e+05 2.042471284538727195e+05 2.042395651224721805e+05 2.042278955082833127e+05 2.042107218269890000e+05 2.041897223997483670e+05 2.041787660598086368e+05 2.041676099268154067e+05 2.041527781041365233e+05 2.041398667848012410e+05 2.041302348583885760e+05 2.041292040201907512e+05
9.099179362504219171e+03 2.103056426138758252e+05 2.074661832932271354e+05 2.040611142264311493e+05 2.024654425454600132e+05 2.024612439825016772e+05 2.024543600611717557e+05 2.024452108011012897e+05 2.024321540934326767e+05 2.024167654345025658e+05 2.024095498112761416e+05 2.024025107404601295e+05 2.023927292896955332e+05 2.023845102203793067e+05 2.023801722477613366e+05 2.023797035899700422e+05
9.149179362504219171e+03 2.101933655320669641e+05 2.073493007806396345e+05 2.039590492555819801e+05 2.023875703325701470e+05 2.023841988570304238e+05 2.023798652653081226e+05 2.023761930733330082e+05 2.023694412272056506e+05 2.023624137875690067e+05 2.023591828067557944e+05 2.023558752659354941e+05 2.023512214103822480e+05 2.023477360082643863e+05 2.023441399208669318e+05 2.023437617519578489e+05
9.199179362504219171e+03 2.099635936741734040e+05 2.071236461514731054e+05 2.037280093577396765e+05 2.021475451005417854e+05 2.021437985231804196e+05 2.021384600069751032e+05 2.021334906776906573e+05 2.021254970855749852e+05 2.021181323699858622e+05 2.021146732354165870e+05 2.021130192104041635e+05 2.021106938814782188e+05 2.021091985628195107e+05 2.021076122707208851e+05 2.021073398794574023e+05
9.249179362504219171e+03 2.098805959688828152e+05 2.069948020751212316e+05 2.036118984749800002e+05 2.020820704783595575e+05 2.020787596093312313e+05 2.020749007519719889e+05 2.020715784632155555e+05 2.020659779625225929e+05 2.020610707559395814e+05 2.020587391384142684e+05 2.020575004019537009e+05 2.020557191733591899e+05 2.020543847380352090e+05 2.020529443303884182e+05 2.020526588853389549e+05
9.299179362504219171e+03 2.114915612622222106e+05 2.086639704225269088e+05 2.056405087152257620e+05 2.051312526801335334e+05 2.051273816158495029e+05 2.051223971946248785e+05 2.051181307260056492e+05 2.051119499780425976e+05 2.051071804651611019e+05 2.051050645708240918e+05 2.051037092937445268e+05 2.051017504634970974e+05 2.051002316227708652e+05 2.050986312259562546e+05 2.050984154489300272e+05
9.349179362504219171e+03 2.116186690427438589e+05 2.088069948392123624e+05 2.058130757626334671e+05 2.053831268884607707e+05 2.053793811662086810e+05 2.053745215633081971e+05 2.053699508723373001e+05 2.053630568608880858e+05 2.053587546034901752e+05 2.053571467844083090e+05 2.053560422418439994e+05 2.053544627109976427e+05 2.053532613130709506e+05 2.053519807991081907e+05 2.053517987089493545e+05
9.399179362504219171e+03 2.090379487800815259e+05 2.062339242538394465e+05 2.028352814457796630e+05 2.012417169759328826e+05 2.012372829272833769e+05 2.012281394315974321e+05 2.012188224850804254e+05 2.012072793099273404e+05 2.011994871704880788e+05 2.011966414487561560e+05 2.011957816157548514e+05 2.011947782412248489e+05 2.011940305031143944e+05 2.011932174415428017e+05 2.011929211964199494e+05
9.449179362504219171e+03 2.088261452742743422e+05 2.060027648562538379e+05 2.026091294753972616e+05 2.010294983789305261e+05 2.010246929136204999e+05 2.010154964948949055e+05 2.010094845624406298e+05 2.009999272989700548e+05 2.009931285965730785e+05 2.009907952658465074e+05 2.009901249636994035e+05 2.009892660033687425e+05 2.009888115569869115e+05 2.009880971183396759e+05 2.009877745561965276e+05
9.499179362504219171e+03 2.091553341710484528e+05 2.063261866588052653e+05 2.029929835802927555e+05 2.017483523886907788e+05 2.017440483989521163e+05 2.017369677238496079e+05 2.017333895627588790e+05 2.017277284987488238e+05 2.017237003765337286e+05 2.017210099361001048e+05 2.017194969705276599e+05 2.017175418988999736e+05 2.017168844742893998e+05 2.017161060696219502e+05 2.017158609099796740e+05
9.549179362504219171e+03 2.492430248784975847e+05 2.490546390549757343e+05 2.490462185909708205e+05 2.490435526484705042e+05 2.490437648148585577e+05 2.490454515843281988e+05 2.490465308099954273e+05 2.490463722869598132e+05 2.490443003367584606e+05 2.490440037805679312e+05 2.490443953806278296e+05 2.490399541584170947e+05 2.490381359155341343e+05 2.490375350794321857e+05 2.490368331133885076e+05
9.599179362504219171e+03 2.137066951169752574e+05 2.110092504031334247e+05 2.085504378364862059e+05 2.084967114542448835e+05 2.084933921140307211e+05 2.084832243813971290e+05 2.084810663430830173e+05 2.084758832464045845e+05 2.084682010922975605e+05 2.084680334723250708e+05 2.084677265523561800e+05 2.084643435705342854e+05 2.084637770995212486e+05 2.084637006929242634e+05 2.084633968828624929e+05
9.649179362504219171e+03 2.103674566896650940e+05 2.076354431933831947e+05 2.045699872910059639e+05 2.035284336649301404e+05 2.035203627968557412e+05 2.034793402642338770e+05 2.034731122045613884e+05 2.034717132368332823e+05 2.034694661070980947e+05 2.034693742424088996e+05 2.034690984581472876e+05 2.034635427909579885e+05 2.034625151482216315e+05 2.034623174723951379e+05 2.034621367289752816e+05
9.699179362504219171e+03 2.100600889925705560e+05 2.071854689515437931e+05 2.040111961948192038e+05 2.031671601910775644e+05 2.031577166692481842e+05 2.031231872451485251e+05 2.031199913416413765e+05 2.031185167141448183e+05 2.031159894456769980e+05 2.031158968694812793e+05 2.031153468400368292e+05 2.031144684647479444e+05 2.031140882764105045e+05 2.031136243737589102e+05 2.031131764666655217e+05
9.749179362504219171e+03 2.096919263463426614e+05 2.068067488618481730e+05 2.036167664108227764e+05 2.027308231198917783e+05 2.027100988194621750e+05 2.026642026468389668e+05 2.026623436954774079e+05 2.026539455523708311e+05 2.026379941431067418e+05 2.026378505466376955e+05 2.026377376287398511e+05 2.026375808613951376e+05 2.026373794722151069e+05 2.026369899721283582e+05 2.026365951541560935e+05
9.799179362504219171e+03 2.134264359824909770e+05 2.106433200828821573e+05 2.087316953587633616e+05 2.087287118985639536e+05 2.086898075698141183e+05 2.086000754418893484e+05 2.085795126525718661e+05 2.085693941136888461e+05 2.085605339217677247e+05 2.085601543679786846e+05 2.085600505408117024e+05 2.085599019242936338e+05 2.085595107004954189e+05 2.085591425683144189e+05 2.085587598569506663e+05
9.849179362504219171e+03 2.088972046833495842e+05 2.062710794576048502e+05 2.032807019375616219e+05 2.028556444744681066e+05 2.028156480115163431e+05 2.027375168038720149e+05 2.027372804128855350e+05 2.027334907883970591e+05 2.027307828114181757e+05 2.027306062990192440e+05 2.027303837667525804e+05 2.027301539045737300e+05 2.027301920452337654e+05 2.027299627608719748e+05 2.027297247690604127e+05
9.899179362504219171e+03 2.074363974606983247e+05 2.047126584572069987e+05 2.016352470537019544e+05 2.008194858044682769e+05 2.007735912182232714e+05 2.007577671294313041e+05 2.007567532173340733e+05 2.007295757052604167e+05 2.007055485150554159e+05 2.007049008332844824e+05 2.007049189160515671e+05 2.007049055210786173e+05 2.007043813182438316e+05 2.007042161662055005e+05 2.007040481062695035e+05
9.949179362504219171e+03 2.070877950938514550e+05 2.043134708648405795e+05 2.012475209291513311e+05 2.006373529662808869e+05 2.005951055482325610e+05 2.005826510150455288e+05 2.005816948019182018e+05 2.005575186379625229e+05 2.005344725636118674e+05 2.005337581516429782e+05 2.005334667224229779e+05 2.005332293350011169e+05 2.005331857730034972e+05 2.005330223175618448e+05 2.005328956608832814e+05
9.999179362504219171e+03 2.069733439594585216e+05 2.041514174005327222e+05 2.010973953404019412e+05 2.003904945778936672e+05 2.003001477972271969e+05 2.002738788943165855e+05 2.002017719384488591e+05 2.001972107470219489e+05 2.001968762961439206e+05 2.001966268296614871e+05 2.001964288719704782e+05 2.001962664119311958e+05 2.001960377515790751e+05 2.001958196715742815e+05 2.001956525510319625e+05
1.004917936250421917e+04 2.073253126735306578e+05 2.045286819737255573e+05 2.015665086169530114e+05 2.011501191306402907e+05 2.011119908493029943e+05 2.011063603581490170e+05 2.010715644616057107e+05 2.010685087189171172e+05 2.010683891787556931e+05 2.010682976755202981e+05 2.010680880863815546e+05 2.010679878322568838e+05 2.010679453222870361e+05 2.010676060222848027e+05 2.010672206974392175e+05
1.009917936250421917e+04 2.073876065148719936e+05 2.045513138584820554e+05 2.016293701226869307e+05 2.014126011385080928e+05 2.012759647825179272e+05 2.012281531211042311e+05 2.011951441121094394e+05 2.011931682406241889e+05 2.011930792369921110e+05 2.011929955083362001e+05 2.011929051934217277e+05 2.011927378792411473e+05 2.011926576963728585e+05 2.011922912961172988e+05 2.011918549939572986e+05
1.014917936250421917e+04 2.070071575729431061e+05 2.041662143680390727e+05 2.012330345372373704e+05 2.010070839727975545e+05 2.008758959935328749e+05 2.008310286215690139e+05 2.007936140514641011e+05 2.007919165046449052e+05 2.007918386820089363e+05 2.007917594684616197e+05 2.007916793332763482e+05 2.007914875742366130e+05 2.007914614405665488e+05 2.007911997630419501e+05 2.007908776648150524e+05
1.019917936250421917e+04 2.065542533479409467e+05 2.037462731685483886e+05 2.007885243221922137e+05 2.005364511864240922e+05 2.003834437891606067e+05 2.003307745583045471e+05 2.002863903232066950e+05 2.002847760491115623e+05 2.002846985813330684e+05 2.002846181795352022e+05 2.002845373186901561e+05 2.002844075534161530e+05 2.002842998286437942e+05 2.002840619673385518e+05 2.002837815879986738e+05
1.024917936250421917e+04 2.086081372785162239e+05 2.058486178218875430e+05 2.032105920217724051e+05 2.031269535699275730e+05 2.031064728905211377e+05 2.030928992020465375e+05 2.030812853472801798e+05 2.030802983613848919e+05 2.030802191708289029e+05 2.030801282350652909e+05 2.030800205909340293e+05 2.030799201997447235e+05 2.030797501690656645e+05 2.030790583654876682e+05 2.030782865905588551e+05
1.029917936250421917e+04 2.107003927907061297e+05 2.078786522710178688e+05 2.059448694622332405e+05 2.059424184993667004e+05 2.054002695057586825e+05 2.027074781793711882e+05 2.016390198806746921e+05 2.016384296360721637e+05 2.016378753982824564e+05 2.016373282659241813e+05 2.016367503945450298e+05 2.016361917722856451e+05 2.016356892989403568e+05 2.016351021237925743e+05 2.016345315473290393e+05
1.034917936250421917e+04 2.108871218950733019e+05 2.080410510739219899e+05 2.063332601477239223e+05 2.063310362682990381e+05 2.028343130433920596e+05 2.027234757965962344e+05 2.026652204350907996e+05 2.026643405621970596e+05 2.026635950704421848e+05 2.026625735189167899e+05 2.026615645259398443e+05 2.026606619100825337e+05 2.026598854437856644e+05 2.026590565503796970e+05 2.026583126641564013e+05
1.039917936250421917e+04 2.106487736833540257e+05 2.078030459600726899e+05 2.059799105222757207e+05 2.059755945775534492e+05 2.026206513046839682e+05 2.025616131426741777e+05 2.025609417563759489e+05 2.025599189447587996e+05 2.025591223968565464e+05 2.025580561797058326e+05 2.025570581751278660e+05 2.025561571164648340e+05 2.025553579980232171e+05 2.025544381770165637e+05 2.025536585551121971e+05
1.044917936250421917e+04 2.104861243401529500e+05 2.076384837383981212e+05 2.058150333784864924e+05 2.058111984227245848e+05 2.027524484070802282e+05 2.027283123312669632e+05 2.027276534109038184e+05 2.027265694395954197e+05 2.027257201866619871e+05 2.027246387550543586e+05 2.027236578106385132e+05 2.027227615280445607e+05 2.027219673570131708e+05 2.027210901808266353e+05 2.027203543381525669e+05
1.049917936250421917e+04 2.101599600337066513e+05 2.073132417264853138e+05 2.054897803773474297e+05 2.054869734954347077e+05 2.028997006659843901e+05 2.028842200207137503e+05 2.028835245068471995e+05 2.028823895225485030e+05 2.028814738633125089e+05 2.028803790070363029e+05 2.028793449478851107e+05 2.028784030676312686e+05 2.028775845024875307e+05 2.028766086197406403e+05 2.028758073797249235e+05
1.054917936250421917e+04 2.099593303822678281e+05 2.071161620150502422e+05 2.053689792911597469e+05 2.053663627425395825e+05 2.028139010729694273e+05 2.028027499012019252e+05 2.028020235770564177e+05 2.028008656319877482e+05 2.027998949501009774e+05 2.027987720624712529e+05 2.027977140931825852e+05 2.027967622238040785e+05 2.027959246920492151e+05 2.027949174569454044e+05 2.027941248965280538e+05
1.059917936250421917e+04 2.097638593640514882e+05 2.069225295728988713e+05 2.052354385590429883e+05 2.052320737109536421e+05 2.023876940242778510e+05 2.023787874497834127e+05 2.023780431952268700e+05 2.023768771056697587e+05 2.023758902198158903e+05 2.023747437366387749e+05 2.023736587156935711e+05 2.023726805977640324e+05 2.023718358266607102e+05 2.023707903239149309e+05 2.023699828121336177e+05
1.064917936250421917e+04 2.099830211954459082e+05 2.071401268338711234e+05 2.053070197261294525e+05 2.053052382741899055e+05 2.024932798207459855e+05 2.024876052047440025e+05 2.024868269738817471e+05 2.024856657600632752e+05 2.024846668489543954e+05 2.024835219290770474e+05 2.024824406082819914e+05 2.024814849847242294e+05 2.024806779522091383e+05 2.024797494831337826e+05 2.024790039660979528e+05
1.069917936250421917e+04 2.097073158523982274e+05 2.068680139577492082e+05 2.051865479608225287e+05 2.051829839148219908e+05 2.019838610283026064e+05 2.019804464171995060e+05 2.019796769784787612e+05 2.019785721399298054e+05 2.019776257639835239e+05 2.019765175770123024e+05 2.019754473294564523e+05 2.019744457073041704e+05 2.019736388580467901e+05 2.019725922424987075e+05 2.019717993127059599e+05
1.074917936250421917e+04 2.093920020270720997e+05 2.065506588128352596e+05 2.047932471080128744e+05 2.046632597189385269e+05 2.012888172565833374e+05 2.012875759006976441e+05 2.012868770963443094e+05 2.012859242624919279e+05 2.012851143419871223e+05 2.012841415445879975e+05 2.012831883384032117e+05 2.012822913314758916e+05 2.012815743932115729e+05 2.012805160251855850e+05 2.012796389314616972e+05
1.079917936250421917e+04 2.090753970369960880e+05 2.062445903443962161e+05 2.049528826118149736e+05 2.044840197186703153e+05 2.014960319950968842e+05 2.014941486529538233e+05 2.014937422135844536e+05 2.014931428260767134e+05 2.014926799839506566e+05 2.014920669281531300e+05 2.014914651588028937e+05 2.014908994183604373e+05 2.014904546606894291e+05 2.014898193311443029e+05 2.014892461918449844e+05
1.084917936250421917e+04 2.084502029039452027e+05 2.055823443903802836e+05 2.035209604788197321e+05 2.022782782353332732e+05 2.007736406256426999e+05 2.007713406510785280e+05 2.007709672110301326e+05 2.007705074810233200e+05 2.007701190791234549e+05 2.007696483356203244e+05 2.007691823959716421e+05 2.007687324574629602e+05 2.007683769621292013e+05 2.007679356976858689e+05 2.007675488865259395e+05
1.089917936250421917e+04 2.087247252241990936e+05 2.059021335392985493e+05 2.047648877051275922e+05 2.005241607304898789e+05 2.004056479853375931e+05 2.003777597446476575e+05 2.003769345413972042e+05 2.003763096679109149e+05 2.003757680028635659e+05 2.003751312064752565e+05 2.003745008325745002e+05 2.003739090616976027e+05 2.003734328049057222e+05 2.003727382544612337e+05 2.003721624316862435e+05
1.094917936250421917e+04 2.093385120177460485e+05 2.064936520369244390e+05 2.046714607094449748e+05 2.007534442492089584e+05 2.006853395345066965e+05 2.006577766244927479e+05 2.006570546983919921e+05 2.006563037041716161e+05 2.006556669999267906e+05 2.006548921193215065e+05 2.006541372650231933e+05 2.006534306565981824e+05 2.006528958776471263e+05 2.006520668815883982e+05 2.006513768580459873e+05
1.099917936250421917e+04 2.085778509866248060e+05 2.057313079702553223e+05 2.039089744365822698e+05 2.010755684126256965e+05 2.010336473841122643e+05 2.009988879622863024e+05 2.009981397081332398e+05 2.009973951480594696e+05 2.009967451612279983e+05 2.009959933058718161e+05 2.009952650176868774e+05 2.009945797864947235e+05 2.009940465433284990e+05 2.009932068874547549e+05 2.009925168652801658e+05
1.104917936250421917e+04 2.076457812662246288e+05 2.047994276736846659e+05 2.029770787764653505e+05 2.012699170844435284e+05 2.012428196126854746e+05 2.012056636189941200e+05 2.012049902214512695e+05 2.012042981986741652e+05 2.012036801876289537e+05 2.012029965007867431e+05 2.012023325096394983e+05 2.012016947372852592e+05 2.012011952082912321e+05 2.012004777475458977e+05 2.011998945142209122e+05
1.109917936250421917e+04 2.075903332650150696e+05 2.047454936088649556e+05 2.029231838902972522e+05 1.998460706003636005e+05 1.998058872740416555e+05 1.997281113855863223e+05 1.997273488655188703e+05 1.997266563732051582e+05 1.997260472819364804e+05 1.997253466770471132e+05 1.997246644343994849e+05 1.997240099748585490e+05 1.997235041928155988e+05 1.997227217039794486e+05 1.997220439412742853e+05
1.114917936250421917e+04 2.068973605996535625e+05 2.044267643929733022e+05 2.018194481675265706e+05 1.997613346988719131e+05 1.997285468877458188e+05 1.996708033515344141e+05 1.996696565249098931e+05 1.996688430470277963e+05 1.996680898437115829e+05 1.996673128628334962e+05 1.996665552086774260e+05 1.996658309475163696e+05 1.996652730572546716e+05 1.996644929586976650e+05 1.996638611617928254e+05
1.119917936250421917e+04 2.066888016784134088e+05 2.039144955033823790e+05 2.016505061590388068e+05 2.006396908994211990e+05 2.006233703574460233e+05 2.006010081500903470e+05 2.006002451596655883e+05 2.005995526410316234e+05 2.005989493379264604e+05 2.005983363765488612e+05 2.005976997533848917e+05 2.005970752020908985e+05 2.005965830273358442e+05 2.005959698027666891e+05 2.005954967651634652e+05
1.124917936250421917e+04 2.063330921844895056e+05 2.036750506920615735e+05 2.015108417941301886e+05 1.998236752078695572e+05 1.998124119241229782e+05 1.996812037405880983e+05 1.996553745224920276e+05 1.996547906576947425e+05 1.996542055261650239e+05 1.996536076444187202e+05 1.996529373347663204e+05 1.996522748855701357e+05 1.996517141210392583e+05 1.996510618385016278e+05 1.996505255266665772e+05
1.129917936250421917e+04 2.063715171132843825e+05 2.035365071523177321e+05 2.017146410568694118e+05 2.012913930003370915e+05 2.012878302717587212e+05 2.012633520117839507e+05 2.012565797042428749e+05 2.012553808380046103e+05 2.012542382829891285e+05 2.012530098197428742e+05 2.012517508397212951e+05 2.012505562363290810e+05 2.012496347693611460e+05 2.012484014183567488e+05 2.012474463130305230e+05
1.134917936250421917e+04 2.062260119436830282e+05 2.033794073173413344e+05 2.015586754520506656e+05 2.008306037772877316e+05 2.008258752786646946e+05 2.007968658457254060e+05 2.007827903062107507e+05 2.007815069796283788e+05 2.007802683082088188e+05 2.007790229948257038e+05 2.007778148904760019e+05 2.007766707694702200e+05 2.007758115506243194e+05 2.007747128340586496e+05 2.007737930900896608e+05
1.139917936250421917e+04 2.056494405952134694e+05 2.028078587364105915e+05 2.010247363845916698e+05 2.009605743814231537e+05 2.009597304553548747e+05 2.009555576614038728e+05 2.009517132855064701e+05 2.009502135658381740e+05 2.009486749635211308e+05 2.009471695677560929e+05 2.009457809978779696e+05 2.009444607309006096e+05 2.009435226867191959e+05 2.009422846705148113e+05 2.009413597060389584e+05
1.144917936250421917e+04 2.057905061594232975e+05 2.029740550469535519e+05 2.017013371615646756e+05 2.015965372467759298e+05 2.015950277973427728e+05 2.015895355550663953e+05 2.015842441835765494e+05 2.015825558696754160e+05 2.015808993390891119e+05 2.015792343567991047e+05 2.015776388650664012e+05 2.015760993846803904e+05 2.015749485711686139e+05 2.015733299725483812e+05 2.015726020340599352e+05
1.149917936250421917e+04 2.047848190334811225e+05 2.018186822597451974e+05 1.999707924112465407e+05 1.994893638914673647e+05 1.994856647435351915e+05 1.994731517179141811e+05 1.994638842625304242e+05 1.994624432285438234e+05 1.994609096999298490e+05 1.994593377540340007e+05 1.994577971280585043e+05 1.994563090195755649e+05 1.994551479740313662e+05 1.994534312910827575e+05 1.994527870921640424e+05
1.154946256562916824e+04 2.044323181956292829e+05 2.016131063713321928e+05 2.004779035055614077e+05 2.002252486415288877e+05 2.002232043584335188e+05 2.002155697314170247e+05 2.002106755730088626e+05 2.002090443749903643e+05 2.002074410132126068e+05 2.002057978176671313e+05 2.002041796070750861e+05 2.002026134014998970e+05 2.002013827732675709e+05 2.001995507669328945e+05 2.001988945459692623e+05
1.159946256562916824e+04 2.037896510044270835e+05 2.010190841693374387e+05 1.998928626702587935e+05 1.998791407951372385e+05 1.998663901505747635e+05 1.998144700761760178e+05 1.997979330153552291e+05 1.997964163655126467e+05 1.997949168577395321e+05 1.997934016446592868e+05 1.997919261790882738e+05 1.997904946622636053e+05 1.997893543006685795e+05 1.997877410343580996e+05 1.997871419793356908e+05
1.164946256562916824e+04 2.034978300003621262e+05 2.007505339458162780e+05 1.993845317386382667e+05 1.993787259775274142e+05 1.993743265293799050e+05 1.993613542418149300e+05 1.993587737180494005e+05 1.993570874265974271e+05 1.993562683188867231e+05 1.993554358453809400e+05 1.993534264299552015e+05 1.993521867889717687e+05 1.993511749970737728e+05 1.993500595998341450e+05 1.993492428100401885e+05
1.169946256562916824e+04 2.030709659273406724e+05 2.003046875285372662e+05 1.989222227713217435e+05 1.989162770539024496e+05 1.989116326538186986e+05 1.988987457743040577e+05 1.988960452105039731e+05 1.988950684858556488e+05 1.988941367353987007e+05 1.988929621088714339e+05 1.988918566208014381e+05 1.988907413234640553e+05 1.988897920607377891e+05 1.988887291010140034e+05 1.988879135148466448e+05
1.174946256562916824e+04 2.025932327719494642e+05 1.999182283367606578e+05 1.987771990214756806e+05 1.987723994301987404e+05 1.987679233512398787e+05 1.987481391339746770e+05 1.987447620106287068e+05 1.987438133852219325e+05 1.987428891494448762e+05 1.987417254672753043e+05 1.987406180521660135e+05 1.987394993757206830e+05 1.987385453171167464e+05 1.987374769251465914e+05 1.987366551757706620e+05
1.179946256562916824e+04 2.020386025066250877e+05 1.993490255923560471e+05 1.981391437516629230e+05 1.981250228173638170e+05 1.981134019048108894e+05 1.979598400680738268e+05 1.978929937848655682e+05 1.978920206042556674e+05 1.978911025949125760e+05 1.978899449472074630e+05 1.978888529610239784e+05 1.978877593409748224e+05 1.978868358579566702e+05 1.978857965312562883e+05 1.978849950764183595e+05
1.184946256562916824e+04 2.012957173112210876e+05 1.985376129670981027e+05 1.973005045990299259e+05 1.972884248671665264e+05 1.972787268890332198e+05 1.972021862975557451e+05 1.971773741757266107e+05 1.971766060604592203e+05 1.971758039848742192e+05 1.971748089896963502e+05 1.971737777357038576e+05 1.971727043778151274e+05 1.971718171156780736e+05 1.971707889454250108e+05 1.971699998418446630e+05
1.189946256562916824e+04 2.021141505541375082e+05 1.994148521378557780e+05 1.979304958126488782e+05 1.979032256339779997e+05 1.978931030377052084e+05 1.977968626354001462e+05 1.977410241556031688e+05 1.977400311594989616e+05 1.977391056251183618e+05 1.977380391853399342e+05 1.977369080905185838e+05 1.977357339289343508e+05 1.977347693844801106e+05 1.977336392379769823e+05 1.977327667817033944e+05
