TIME q_liq_Ch0_mesh1 q_liq_Ch0_mesh2 q_liq_Ch0_mesh3 q_liq_Ch0_mesh4 q_liq_Ch0_mesh5 q_liq_Ch0_mesh6 q_liq_Ch0_mesh7 q_liq_Ch0_mesh8 q_liq_Ch0_mesh9 q_liq_Ch0_mesh10 q_liq_Ch0_mesh11 q_liq_Ch0_mesh12 q_liq_Ch0_mesh13 q_liq_Ch0_mesh14 q_liq_Ch0_mesh15 
0.000000000000000000e+00 -1.937168700749996424e+04 -1.937168700745173192e+04 -1.937168700736622122e+04 -1.937168700728469412e+04 -1.937168700720304332e+04 -1.937168700712117061e+04 -1.937168700703951254e+04 -1.937168700695765074e+04 -1.937168700687565070e+04 -1.937168700679364702e+04 -1.937168700671171609e+04 -1.937168700662943229e+04 -1.937168700654745044e+04 -1.937168700646495563e+04 -1.937168700638284281e+04
5.000040000000043960e+01 -4.381122855072318998e+03 -4.381338267579243620e+03 -4.382432103962310066e+03 -4.383738142421044358e+03 -4.385472668008826076e+03 -4.387475672768107870e+03 -4.389669542933487719e+03 -4.391975430339900413e+03 -4.394317480089308447e+03 -4.396625415352191339e+03 -4.398836253769771247e+03 -4.400894512537997798e+03 -4.402751972061732886e+03 -4.404366918807632828e+03 -4.405703243443443171e+03
1.000003999999985922e+02 -6.412425678765386010e+02 -6.412854951714023173e+02 -6.427566954577185925e+02 -6.442790660448131348e+02 -6.460088684524923792e+02 -6.479347753957905525e+02 -6.500924364039723287e+02 -6.525500322263410453e+02 -6.554531213271289971e+02 -6.591920314401351106e+02 -6.652611920322841570e+02 -6.776029229041081408e+02 -6.861296052869676032e+02 -6.892527489201746675e+02 -6.911455516912564008e+02
1.502405034099261059e+02 4.444562194777931836e+02 4.446109371070090788e+02 4.449300609613225674e+02 4.452413430834990322e+02 4.455478873051080768e+02 4.458480822784569568e+02 4.461515662030925000e+02 4.464683791100883923e+02 4.468035105401478404e+02 4.471620623428835870e+02 4.475591284777021883e+02 4.480043201002951037e+02 4.484872083642245570e+02 4.489916846643085364e+02 4.494977295250828320e+02
2.004200391960640388e+02 2.443352517239103747e+02 2.435772659937022979e+02 2.425771349561770478e+02 2.426077547946971436e+02 2.434877656339268981e+02 2.448989030087228684e+02 2.465414857552655690e+02 2.482187220594582016e+02 2.498328894252155408e+02 2.513631527764571274e+02 2.527378580636300853e+02 2.542287737762358688e+02 2.550905903738909331e+02 2.572311282985752428e+02 2.570144638055116957e+02
2.534293625042201370e+02 -4.266136353453795493e+01 -4.082663122914436116e+01 -3.941508941658806009e+01 -3.932816013638939978e+01 -4.020665569757650104e+01 -4.141443865998108720e+01 -4.237025128036741251e+01 -4.285264173570577384e+01 -4.296580966144348679e+01 -4.287598358971499835e+01 -4.277238209418828774e+01 -4.266093980519271156e+01 -4.245165397259846429e+01 -4.202901938642043689e+01 -4.255164743177750353e+01
3.034293625042201370e+02 7.335956944270747293e-01 3.136139835198473502e+00 5.532942320967088712e+00 4.223727951340549680e+00 6.501038791261852801e-01 -3.818183212157273854e+00 -8.446894538505034689e+00 -1.295854126993113731e+01 -1.726492448298949611e+01 -2.130719365412434740e+01 -2.498480683973740213e+01 -2.850001434064484584e+01 -3.141313371102711471e+01 -3.291099098389589273e+01 -3.347741268429718531e+01
3.565543625042201370e+02 -7.798447800145508779e+01 -7.822193393299393449e+01 -8.117592824858481038e+01 -8.421801327445007246e+01 -8.757762649247963793e+01 -9.096385038501301779e+01 -9.405220919655256751e+01 -9.654596508910836405e+01 -9.813788137236318221e+01 -9.895590837926526717e+01 -9.841305333405580313e+01 -9.727822889049190280e+01 -9.529138263528379582e+01 -9.625341172753647356e+01 -9.325119712702634445e+01
4.065543625042201370e+02 -8.695717715062625075e+02 -8.691268643972751988e+02 -8.692977496800461950e+02 -8.692837472604974209e+02 -8.692004608161998931e+02 -8.691393803171803256e+02 -8.691850497386653842e+02 -8.694121476933997883e+02 -8.698949682279908302e+02 -8.705499282020776946e+02 -8.715131787417055875e+02 -8.729542190443613663e+02 -8.746480438917186575e+02 -8.764233989301777683e+02 -8.782399666461427614e+02
4.565543625042201370e+02 -2.077742312826445925e+02 -2.076591773394648328e+02 -2.074040612935690433e+02 -2.070889901337540948e+02 -2.066932750765720073e+02 -2.062048109231409398e+02 -2.056162599874881209e+02 -2.049292059252653360e+02 -2.041586052867452565e+02 -2.033360347171409614e+02 -2.025047276681471260e+02 -2.017137299974456823e+02 -2.010043426625944960e+02 -2.004022775705877564e+02 -1.999297938105674746e+02
5.065543625042201370e+02 -1.198737203201692978e+02 -1.199006778513262788e+02 -1.196055079776233185e+02 -1.193673795661193964e+02 -1.191692343880128249e+02 -1.190176918938349502e+02 -1.189158496282306601e+02 -1.188629706574709957e+02 -1.188546802367582274e+02 -1.188836562050632324e+02 -1.189408902073013934e+02 -1.190166795254912273e+02 -1.191016621856607713e+02 -1.191876117459187725e+02 -1.192684365736013206e+02
5.565543625042200802e+02 -1.062366353820532936e+02 -1.062589734848350673e+02 -1.062301673328441609e+02 -1.062060928024888113e+02 -1.062012258569678096e+02 -1.062164070542170862e+02 -1.062480207799760024e+02 -1.062916533659778509e+02 -1.063432423254146784e+02 -1.063997066663764315e+02 -1.064589797410293954e+02 -1.065221000984302293e+02 -1.065976711925546567e+02 -1.067112138348249317e+02 -1.069113259284612383e+02
6.065543625042200802e+02 -8.252189911438526337e+01 -8.252614352882685012e+01 -8.254002743685130383e+01 -8.255994181852214808e+01 -8.258752119966848682e+01 -8.262236021773365735e+01 -8.266454973114419147e+01 -8.271441988803218237e+01 -8.277189650577044233e+01 -8.283547723171578525e+01 -8.290097798725537359e+01 -8.296155635001532858e+01 -8.300906431712233768e+01 -8.303732991072195091e+01 -8.304569763879835875e+01
6.565543625042200802e+02 -8.121431832919984117e+01 -8.123551084735731820e+01 -8.127775785931198982e+01 -8.131912314647530593e+01 -8.136224062415875835e+01 -8.140493004956340428e+01 -8.144470935270578593e+01 -8.147911905940036092e+01 -8.150620263664274034e+01 -8.152497237388591600e+01 -8.153553939924164240e+01 -8.153919887560486757e+01 -8.153791123023221132e+01 -8.153352360954615108e+01 -8.152702222907285545e+01
7.065543625042200802e+02 -7.928870454645175414e+01 -7.930569621847941164e+01 -7.933571108290206553e+01 -7.935929742759681460e+01 -7.937865524031762732e+01 -7.939338736112136985e+01 -7.940347442857257931e+01 -7.940921307389929495e+01 -7.941109730382183329e+01 -7.940968097640831047e+01 -7.940539562997054190e+01 -7.939860011864776368e+01 -7.938959597043248095e+01 -7.937869675455380047e+01 -7.936629710323754239e+01
7.565543625042200802e+02 -7.830916137455278658e+01 -7.831554000889693157e+01 -7.832643613657842252e+01 -7.833268646681668201e+01 -7.833605069174294044e+01 -7.833674841418515200e+01 -7.833503248440781874e+01 -7.833117688542112944e+01 -7.832547188578983821e+01 -7.831822784791037861e+01 -7.830974346960108790e+01 -7.830034863742081086e+01 -7.829038570814006448e+01 -7.828019250157136355e+01 -7.827009551708971458e+01
8.065543625042200802e+02 -7.872668088363532490e+01 -7.872745309671316249e+01 -7.872895941709947465e+01 -7.872785400556540480e+01 -7.872524774007447945e+01 -7.872137193450113557e+01 -7.871646476878281362e+01 -7.871077602788798799e+01 -7.870456235465150030e+01 -7.869808032655137708e+01 -7.869156099329515541e+01 -7.868522137857345911e+01 -7.867925159185259076e+01 -7.867380751619275259e+01 -7.866901301552907455e+01
8.575543625042200802e+02 -7.968891380394120461e+01 -7.968781929425117028e+01 -7.968610348051753078e+01 -7.968343399497794621e+01 -7.968033505336701694e+01 -7.967699602598354147e+01 -7.967358962012453105e+01 -7.967027590206728860e+01 -7.966719758221417180e+01 -7.966447720721676262e+01 -7.966220789179831741e+01 -7.966046163816997705e+01 -7.965928365224881702e+01 -7.965868052625597784e+01 -7.965860223640481763e+01
9.075543625042200802e+02 -8.040541121330015528e+01 -8.040477831323960345e+01 -8.040391627392793339e+01 -8.040295481883887874e+01 -8.040214317246783082e+01 -8.040157350490802912e+01 -8.040131447169653711e+01 -8.040141897165275964e+01 -8.040192294992105815e+01 -8.040284691201247824e+01 -8.040419453007103812e+01 -8.040595890693288084e+01 -8.040812269446257687e+01 -8.041065913646694696e+01 -8.041353441191601803e+01
9.575543625042200802e+02 -8.016477787243158559e+01 -8.016525122841333939e+01 -8.016632503986942027e+01 -8.016752440232086485e+01 -8.016900713704551151e+01 -8.017079229656825134e+01 -8.017288302155155577e+01 -8.017527484403983351e+01 -8.017795532460844754e+01 -8.018090675499408349e+01 -8.018410911163928745e+01 -8.018754981305478680e+01 -8.019123521414313416e+01 -8.019520590262402493e+01 -8.019954343007864850e+01
1.007554362504220080e+03 -5.028075427623277704e+01 -5.027261732453460041e+01 -5.025899559699562502e+01 -5.024620316021412947e+01 -5.023350580516337516e+01 -5.022090991625308476e+01 -5.020842577842735466e+01 -5.019608432181227897e+01 -5.018395301965406929e+01 -5.017217939498630841e+01 -5.016112158217230643e+01 -5.015160342346469236e+01 -5.014521127934934697e+01 -5.014518442566542689e+01 -5.015709970463868927e+01
1.057554362504220080e+03 -6.678079162596755225e+01 -6.677886111104940881e+01 -6.677193948488171316e+01 -6.677239579101248523e+01 -6.677409347529447814e+01 -6.677768015765269638e+01 -6.678418623767915108e+01 -6.679511014938854885e+01 -6.681220982278149734e+01 -6.683681857647296454e+01 -6.686847769670870889e+01 -6.690310905027891408e+01 -6.693197865034809979e+01 -6.694405767229501691e+01 -6.693471119914005385e+01
1.107554362504220080e+03 -6.938826092642150911e+01 -6.921087311289997501e+01 -6.943677225679438436e+01 -6.962531119067419638e+01 -6.989484633477691489e+01 -6.991535417017159659e+01 -6.994058766919175696e+01 -6.997039086003975683e+01 -7.000350762940982463e+01 -7.003792829336400416e+01 -7.007272141176540003e+01 -7.011177002139748993e+01 -7.016769114125207807e+01 -7.025865961511185276e+01 -7.038434817230316298e+01
1.157554362504220080e+03 -9.182232261846205290e+01 -9.255225594722134019e+01 -9.464968983065440966e+01 -9.568903965564193470e+01 -9.642134881838681792e+01 -9.649750678719865959e+01 -9.656837962641672846e+01 -9.664498070941516517e+01 -9.672408171899009233e+01 -9.679972216469322177e+01 -9.686522038467548157e+01 -9.691893808767129315e+01 -9.697188581048288825e+01 -9.704845165953622654e+01 -9.716632106914511269e+01
1.207554362504220080e+03 -7.420227280894414434e+01 -7.419777406679247633e+01 -7.421375210355115826e+01 -7.422071160202511919e+01 -7.423111949392708198e+01 -7.427527127871594814e+01 -7.431762193696312124e+01 -7.436106737033753689e+01 -7.440746779878288919e+01 -7.445828486843259952e+01 -7.451269773697489995e+01 -7.456606653667418527e+01 -7.461051823609803080e+01 -7.463905740394820043e+01 -7.465306206895556329e+01
1.257554362504220080e+03 -7.348352559849513455e+01 -7.348336253869999268e+01 -7.350896497419627451e+01 -7.354228333203052159e+01 -7.358644110471631450e+01 -7.362803234192830359e+01 -7.366876551277400154e+01 -7.370756735393275960e+01 -7.374337482958216583e+01 -7.377561043600513813e+01 -7.380454369651954494e+01 -7.383130463785035147e+01 -7.385742379571749439e+01 -7.388410785668405367e+01 -7.391175058202608739e+01
1.307554362504220080e+03 -7.101969351753206183e+01 -7.103066314489453248e+01 -7.104834771913274949e+01 -7.106737724546677271e+01 -7.109991318373626257e+01 -7.112967387414600751e+01 -7.115787545340901943e+01 -7.118485574083975109e+01 -7.121105724894241007e+01 -7.123690570992465609e+01 -7.126270329798222747e+01 -7.128859014616242007e+01 -7.131458942483415342e+01 -7.134070317434725439e+01 -7.136702215777592073e+01
1.357554362504220080e+03 -6.963196872541756477e+01 -6.974826879450110084e+01 -6.983173858877262319e+01 -6.990541393314485674e+01 -6.993370906380002339e+01 -6.996028394292982000e+01 -6.998656564292079452e+01 -7.001270667736555708e+01 -7.003881898357575153e+01 -7.006497303823539369e+01 -7.009119985293919797e+01 -7.011748704760270812e+01 -7.014376714514619948e+01 -7.016990944569283783e+01 -7.019573256691306540e+01
1.407554362504220080e+03 -6.843625463646750973e+01 -6.857443367694479264e+01 -6.872036852868809831e+01 -6.878039821780568275e+01 -6.880650163909216133e+01 -6.883239249884688604e+01 -6.885816836801944874e+01 -6.888381645106453277e+01 -6.890929728208685390e+01 -6.893454942046324163e+01 -6.895949795851863939e+01 -6.898406708147533095e+01 -6.900819508059606733e+01 -6.903184874210070632e+01 -6.905503190596738250e+01
1.457554362504220080e+03 -6.650330954294642538e+01 -6.659699999517019364e+01 -6.663402893882749822e+01 -6.665889920597754781e+01 -6.668293582695221744e+01 -6.670671958834813609e+01 -6.673021959410343129e+01 -6.675340604506899922e+01 -6.677625880311080664e+01 -6.679877284685882444e+01 -6.682096005135902317e+01 -6.684284469052741429e+01 -6.686445180271444144e+01 -6.688579508434889931e+01 -6.690689026907986658e+01
1.507554362504220080e+03 -6.417400244301170176e+01 -6.421070065946973671e+01 -6.423426197421487416e+01 -6.425617852510603711e+01 -6.427779632932937659e+01 -6.429912840072505276e+01 -6.432018447453428678e+01 -6.434098825961073942e+01 -6.436157910581449926e+01 -6.438201298487052782e+01 -6.440236090109577560e+01 -6.442270153354394324e+01 -6.444310394233539796e+01 -6.446360003781796877e+01 -6.448415752389496447e+01
1.557554362504220080e+03 -6.323927706796935411e+01 -6.325279024412383677e+01 -6.327563910886002674e+01 -6.329661572247884038e+01 -6.331739623171145581e+01 -6.333801251144269173e+01 -6.335850128527389558e+01 -6.337889794103973173e+01 -6.339922947450126856e+01 -6.341950587600509692e+01 -6.343971182102522732e+01 -6.345980046836031363e+01 -6.347969155412899767e+01 -6.349927544515009714e+01 -6.351842531355678290e+01
1.607554362504220080e+03 -6.303574415922427221e+01 -6.304882626735928142e+01 -6.307277041516182692e+01 -6.309365636363939700e+01 -6.311441431492447407e+01 -6.313504670882274183e+01 -6.315554122788463332e+01 -6.317586984784035309e+01 -6.319598894601104178e+01 -6.321584201361895339e+01 -6.323536574977369185e+01 -6.325449757634246595e+01 -6.327318289650607142e+01 -6.329137840410579940e+01 -6.330904893404184008e+01
1.657554362504220080e+03 -6.252466543558430345e+01 -6.253737349494704745e+01 -6.256158721036642589e+01 -6.258157083032591572e+01 -6.260133377291982271e+01 -6.262084271383110234e+01 -6.264005420335158192e+01 -6.265891954945272602e+01 -6.267738564407824242e+01 -6.269539331029884011e+01 -6.271287178148909192e+01 -6.272973030390138405e+01 -6.274585017627141070e+01 -6.276109527829763124e+01 -6.277539713581774805e+01
1.707554362504220080e+03 -5.926918703285608103e+01 -5.927967729386029561e+01 -5.929939176425873626e+01 -5.931621772882014909e+01 -5.933269365075776136e+01 -5.934878690080768138e+01 -5.936446755745594572e+01 -5.937972515751211233e+01 -5.939458799430828861e+01 -5.940914892083991816e+01 -5.942359068340658723e+01 -5.943819318799358342e+01 -5.945329501851094278e+01 -5.946918449513523797e+01 -5.948593801276938109e+01
1.757554362504220080e+03 -5.762898758902531426e+01 -5.763827645184676385e+01 -5.765535562643400880e+01 -5.767047507483363944e+01 -5.768531262476879107e+01 -5.769993447461629188e+01 -5.771443564857459307e+01 -5.772893928060062763e+01 -5.774358131425351104e+01 -5.775848380869787491e+01 -5.777372211642936151e+01 -5.778929714577671461e+01 -5.780512717289630586e+01 -5.782106990401722868e+01 -5.783696812934159226e+01
1.807554362504220080e+03 -5.649183448520566486e+01 -5.650049526893015894e+01 -5.651630357192995291e+01 -5.653082788462040753e+01 -5.654534424700284490e+01 -5.655992785452152560e+01 -5.657463631720749220e+01 -5.658950080965454532e+01 -5.660451883424407526e+01 -5.661965371669853653e+01 -5.663484231602981822e+01 -5.665000921006843981e+01 -5.666508189477774948e+01 -5.668000241199470679e+01 -5.669473114055922736e+01
1.857554362504220080e+03 -5.448025482553111232e+01 -5.448801524145883945e+01 -5.450223747944309594e+01 -5.451558427572887666e+01 -5.452898719590873355e+01 -5.454244622561763833e+01 -5.455594037775127703e+01 -5.456943009382376175e+01 -5.458285746536767391e+01 -5.459614024968438883e+01 -5.460915394401602896e+01 -5.462169814714687277e+01 -5.463346004907103293e+01 -5.464403960190721676e+01 -5.465320917170654269e+01
1.907554362504220080e+03 -4.089431870521953272e+01 -4.089569308153963334e+01 -4.089849760325416383e+01 -4.090110347823728176e+01 -4.090362119791477369e+01 -4.090601051112430042e+01 -4.090821408557373928e+01 -4.091016035615793811e+01 -4.091177136007011939e+01 -4.091298426750880424e+01 -4.091380098798776999e+01 -4.091439779543603095e+01 -4.091538864835052891e+01 -4.091847655638509451e+01 -4.092786376128358938e+01
1.957554362504220080e+03 -4.542872796968411819e+01 -4.543384019544294006e+01 -4.544277985694099442e+01 -4.545123165642135632e+01 -4.545955738776204669e+01 -4.546775594711202473e+01 -4.547589747241801206e+01 -4.548419505859348533e+01 -4.549310592803817599e+01 -4.550343982161719936e+01 -4.551640134607147559e+01 -4.553342243048501814e+01 -4.555562401978848897e+01 -4.558292501242245010e+01 -4.561328870541514391e+01
2.007554362504220080e+03 -5.067146599971074039e+01 -5.067978955079210834e+01 -5.069431414411284464e+01 -5.070841562159822047e+01 -5.072306005583170929e+01 -5.073870385548011086e+01 -5.075597417498233455e+01 -5.077560342303225838e+01 -5.079827192885057485e+01 -5.082436111299377757e+01 -5.085368061906126513e+01 -5.088530071118235298e+01 -5.091762722140949649e+01 -5.094875683742643702e+01 -5.097696595006069487e+01
2.057554362504220080e+03 -5.197926543003311650e+01 -5.198942993290800985e+01 -5.200802181421328640e+01 -5.202724283381252945e+01 -5.204842661092405365e+01 -5.207191804912198307e+01 -5.209784659563297282e+01 -5.212601728465619288e+01 -5.215586191328937105e+01 -5.218648843781861046e+01 -5.221683477082424929e+01 -5.224588246586942120e+01 -5.227285257840496513e+01 -5.229735752054149600e+01 -5.231965838929640000e+01
2.107554362504220080e+03 -4.993352924556514694e+01 -4.994492023497249278e+01 -4.996611905534030029e+01 -4.998787942041944632e+01 -5.001103320879368397e+01 -5.003520329740747741e+01 -5.005985126077754188e+01 -5.008435109375550809e+01 -5.010809183819542767e+01 -5.013058047400244277e+01 -5.015151525033311231e+01 -5.017081133411613791e+01 -5.018859296400947301e+01 -5.020520389657425397e+01 -5.022121135112701040e+01
2.157554362504220080e+03 -4.606781695539014265e+01 -4.607842000009269157e+01 -4.609782742628216567e+01 -4.611669016366624163e+01 -4.613559872031949993e+01 -4.615416900144474255e+01 -4.617206358652055798e+01 -4.618904146639996355e+01 -4.620499456362458091e+01 -4.621996813109354463e+01 -4.623416849906547554e+01 -4.624795858200454290e+01 -4.626182565588762685e+01 -4.627628402637554927e+01 -4.629171084683431303e+01
2.207554362504220080e+03 -4.397629699217555554e+01 -4.398573285465627691e+01 -4.400265887687473310e+01 -4.401839587157980560e+01 -4.403363344840416005e+01 -4.404826127444441397e+01 -4.406226710846891592e+01 -4.407574408979890279e+01 -4.408888275099651821e+01 -4.410194445066884583e+01 -4.411521682260608657e+01 -4.412895766889084115e+01 -4.414334281656427805e+01 -4.415844032173604461e+01 -4.417423455204600913e+01
2.257554362504220080e+03 -4.153291127563856833e+01 -4.154055002809705854e+01 -4.155417433915638270e+01 -4.156669676326571761e+01 -4.157886458146071362e+01 -4.159075992067559469e+01 -4.160251864348054340e+01 -4.161430966686167210e+01 -4.162630932104501369e+01 -4.163867664059606000e+01 -4.165153933966686139e+01 -4.166499875660791474e+01 -4.167915355290499235e+01 -4.169412485422180481e+01 -4.171005343935022580e+01
2.307554362504220080e+03 4.761979186087854941e+03 4.778446960967503401e+03 4.793936207748049128e+03 4.804175170338256066e+03 4.810176478290148225e+03 4.813968776100648938e+03 4.817323208425924349e+03 4.821186754601131724e+03 4.826202315367470874e+03 4.832843105026490775e+03 4.841367156972816701e+03 4.851763231923682724e+03 4.863756904807749379e+03 4.876881366453119881e+03 4.890579685954384331e+03
2.357554362504220080e+03 -7.522028903251767815e+02 -7.526606998827554662e+02 -7.533867625853083609e+02 -7.539749237817275116e+02 -7.545030580575756858e+02 -7.549902643261024195e+02 -7.554450060682852381e+02 -7.558707745557721864e+02 -7.562768010921895439e+02 -7.566920739518817527e+02 -7.571744511787780993e+02 -7.578007517348245301e+02 -7.586267544192493233e+02 -7.596212177721184844e+02 -7.605910325799712837e+02
2.407554362504220080e+03 7.889796272857715849e+02 7.892053754632747768e+02 7.896032186076671451e+02 7.899794062788785141e+02 7.903554895809036225e+02 7.907373058126470369e+02 7.911353159539078206e+02 7.915647273584513641e+02 7.920437021438042393e+02 7.925895790257634417e+02 7.932139158865039690e+02 7.939180010469418676e+02 7.946904039801765975e+02 7.955072183497967444e+02 7.963360500182908481e+02
2.457554362504220080e+03 -2.984137612917801619e+01 -2.989388484415742298e+01 -2.994110123503856968e+01 -2.998016417686643109e+01 -3.001661196025948541e+01 -3.005421847530812229e+01 -3.009552585354322218e+01 -3.014281474825033058e+01 -3.019830838599131795e+01 -3.026336177915263548e+01 -3.033780165571266352e+01 -3.041900100836337373e+01 -3.050204710551820142e+01 -3.058087955963688387e+01 -3.063268317608448754e+01
2.507554362504220080e+03 -1.512853824305269370e+02 -1.515220007622562832e+02 -1.517799642662403414e+02 -1.520505494833847422e+02 -1.523427626560969088e+02 -1.526541785444611605e+02 -1.529809592448969227e+02 -1.533225698914212103e+02 -1.536827714132196263e+02 -1.540698016909631747e+02 -1.544974427652144584e+02 -1.549856261186416475e+02 -1.555535304178377771e+02 -1.561908200572215435e+02 -1.567866640707423471e+02
2.557554362504220080e+03 1.002740182433517475e+02 1.010808680106353847e+02 1.013903233571912068e+02 1.016866760921066799e+02 1.019841209549799572e+02 1.023023548581447670e+02 1.026474123252735069e+02 1.030208414180203107e+02 1.034207306196015708e+02 1.038412096185664950e+02 1.042719542021838635e+02 1.046984669183287906e+02 1.051034555126956462e+02 1.054685825785340683e+02 1.057745016936268740e+02
2.607554362504220080e+03 -3.155113010474191810e+02 -3.167169900373983182e+02 -3.179721847913335182e+02 -3.189685777506809359e+02 -3.198788400526428291e+02 -3.207416137143179071e+02 -3.215581342027167580e+02 -3.223181264083968358e+02 -3.230105194512871662e+02 -3.236278949575047363e+02 -3.241678705658737840e+02 -3.246325330553136155e+02 -3.250272636182536417e+02 -3.253607634638871673e+02 -3.256240966319030008e+02
2.657554362504220080e+03 1.632493896045090196e+02 1.656635179903023243e+02 1.669997219385541030e+02 1.677294870047964821e+02 1.682622440434196278e+02 1.687203942713733227e+02 1.691381537512625357e+02 1.695238090436490097e+02 1.698796004452217119e+02 1.702072498970901222e+02 1.705091967075406671e+02 1.707885773779652254e+02 1.710487707154549355e+02 1.712925862786963762e+02 1.715201571763919617e+02
2.707554362504220080e+03 -4.620429194219775013e+02 -4.634719110264562687e+02 -4.654957101918695912e+02 -4.668826843705129477e+02 -4.679254623142662126e+02 -4.687606804901855639e+02 -4.694686241985790502e+02 -4.700933921628351868e+02 -4.706585703223313999e+02 -4.711756931821376497e+02 -4.716487971599220828e+02 -4.720783289669026885e+02 -4.724658152002691622e+02 -4.728161475927207107e+02 -4.731390547507944007e+02
2.757554362504220080e+03 -1.152453636493706313e+02 -1.155860701548458849e+02 -1.159464064810742912e+02 -1.162026548833713235e+02 -1.163927031539948729e+02 -1.165370223594554346e+02 -1.166494611744624308e+02 -1.167393367692654209e+02 -1.168129932687023711e+02 -1.168749217811477905e+02 -1.169286167234953098e+02 -1.169772848077542733e+02 -1.170246984391352214e+02 -1.170770666010219543e+02 -1.171410121507102104e+02
2.807554362504220080e+03 -2.427409670362048359e+02 -2.436828815250918012e+02 -2.446391539111375835e+02 -2.452830622021992895e+02 -2.457356388063892894e+02 -2.460711175923159715e+02 -2.463379693274700060e+02 -2.465646962317373436e+02 -2.467681282858533791e+02 -2.469597959678325481e+02 -2.471495737077158310e+02 -2.473455105793450173e+02 -2.475471824589157563e+02 -2.477336822097976210e+02 -2.478649675142034994e+02
2.857554362504220080e+03 -1.618797015577041805e+02 -1.625004152884023370e+02 -1.634787163974194470e+02 -1.642246336483463836e+02 -1.647572542520533716e+02 -1.651232344608184803e+02 -1.653797428010578585e+02 -1.655706368701697784e+02 -1.657232548316121949e+02 -1.658523563789984223e+02 -1.659648457413977383e+02 -1.660638749684719642e+02 -1.661531941962358587e+02 -1.662417278384006920e+02 -1.663384094366637669e+02
2.907554362504220080e+03 -7.424121810132579924e+01 -7.457525611386540731e+01 -7.485019148140676748e+01 -7.502099142717848679e+01 -7.513811392942295697e+01 -7.522160898305909882e+01 -7.528301679999775331e+01 -7.532991365571972153e+01 -7.536735940791648147e+01 -7.539884753878318691e+01 -7.542724165628327171e+01 -7.545575931212871978e+01 -7.548916270547408658e+01 -7.553538465610435537e+01 -7.560487646671785456e+01
2.957554362504220080e+03 -4.232314391598971071e+01 -4.234677725014559257e+01 -4.238049188791983113e+01 -4.239952831581906878e+01 -4.241115743505771718e+01 -4.241823187829502473e+01 -4.242283559942806193e+01 -4.242675175268281151e+01 -4.243172097887190120e+01 -4.243951627447021480e+01 -4.245177888535317834e+01 -4.246962650032958209e+01 -4.249324147385625139e+01 -4.252180549956955957e+01 -4.255383901262021595e+01
3.007554362504220080e+03 -4.468166366782920562e+01 -4.468982914708619347e+01 -4.470417050023627326e+01 -4.471386347735606392e+01 -4.472252502144159791e+01 -4.473181541775803538e+01 -4.474315576002869932e+01 -4.475769990992633041e+01 -4.477618782023790800e+01 -4.479872056780044431e+01 -4.482453555662497990e+01 -4.485187299918557358e+01 -4.487803623159948074e+01 -4.489980151232448691e+01 -4.491439541157683379e+01
3.057554362504220080e+03 -4.332844748085808817e+01 -4.333459622350412133e+01 -4.334685371672434684e+01 -4.335838607105254283e+01 -4.337154384325914691e+01 -4.338712161613375429e+01 -4.340543897992436229e+01 -4.342625793452803862e+01 -4.344874127767884175e+01 -4.347151737957847928e+01 -4.349290855812025569e+01 -4.351132107465528520e+01 -4.352568352908087235e+01 -4.353568258215203457e+01 -4.354151110066841568e+01
3.107554362504220080e+03 -3.784686189458859218e+01 -3.785333109581866751e+01 -3.786514915879187271e+01 -3.787717500782115110e+01 -3.789070599909785386e+01 -3.790576954333376136e+01 -3.792196180522144289e+01 -3.793851337418630010e+01 -3.795442119829766625e+01 -3.796864297632971841e+01 -3.798031857538953204e+01 -3.798897774763867119e+01 -3.799477813755500932e+01 -3.799900803756198542e+01 -3.800480557297333917e+01
3.157554362504220080e+03 -1.928028785012019597e+01 -1.927448664942345857e+01 -1.926595564389900872e+01 -1.925866732726852959e+01 -1.925204619641213455e+01 -1.924579133636399320e+01 -1.923951535355570286e+01 -1.923280686986335652e+01 -1.922530667887583888e+01 -1.921679234934626379e+01 -1.920726474016630547e+01 -1.919702143741257672e+01 -1.918667176258804119e+01 -1.917698339264948260e+01 -1.916846937590954525e+01
3.207554362504220080e+03 -1.793819338359510240e+01 -1.793449031934151705e+01 -1.792853423308951477e+01 -1.792323822649377263e+01 -1.791818937407065704e+01 -1.791314341507328933e+01 -1.790780187907343546e+01 -1.790188586037448104e+01 -1.789520986666294178e+01 -1.788775275481349070e+01 -1.787971196169381827e+01 -1.787151857155044254e+01 -1.786380592554995772e+01 -1.785739807755262731e+01 -1.785338491120950266e+01
3.257554362504220080e+03 -5.343632221808046090e+00 -5.339909831191414824e+00 -5.320262147881732240e+00 -5.301840357651913749e+00 -5.283470631302185083e+00 -5.265032179005055823e+00 -5.246425417020788906e+00 -5.227605618688484057e+00 -5.208585431619366268e+00 -5.189429887108839345e+00 -5.170251444078691527e+00 -5.151192807725924361e+00 -5.132411214058628879e+00 -5.114062776637242180e+00 -5.096242969433058434e+00
3.307554362504220080e+03 -1.951679974896133984e+01 -1.955233232567215396e+01 -1.955575054008779290e+01 -1.955769493004962456e+01 -1.955933591780139125e+01 -1.956064125331034731e+01 -1.956143832513470571e+01 -1.956160587126085915e+01 -1.956115335196142979e+01 -1.956028482459474915e+01 -1.955944774208316161e+01 -1.955937136287865030e+01 -1.956116649469344537e+01 -1.956654586376514260e+01 -1.957790660300454988e+01
3.357554362504220080e+03 -1.729721298715988098e+01 -1.730285129001498134e+01 -1.730204927038328222e+01 -1.730071107757577664e+01 -1.729910541305295979e+01 -1.729715940601364466e+01 -1.729479487419386530e+01 -1.729202691406839421e+01 -1.728901754730847173e+01 -1.728612269892610342e+01 -1.728393369918680733e+01 -1.728329893359401837e+01 -1.728522501547056223e+01 -1.729034849318542655e+01 -1.729768391387650794e+01
3.407554362504220080e+03 -1.749748983279176429e+01 -1.749970922053205058e+01 -1.749959875598389658e+01 -1.749910855906527374e+01 -1.749831363412684482e+01 -1.749716941902157430e+01 -1.749567881130330349e+01 -1.749396730741161932e+01 -1.749233134547364443e+01 -1.749127285017640432e+01 -1.749149255074499010e+01 -1.749377235360064731e+01 -1.749864574983870824e+01 -1.750592799921064113e+01 -1.751475240435183878e+01
3.457554362504220080e+03 -1.713668458351849111e+01 -1.713692093527828675e+01 -1.713597349604625819e+01 -1.713480424703452698e+01 -1.713335082140068621e+01 -1.713163392926293582e+01 -1.712976585939414065e+01 -1.712800053288135516e+01 -1.712675444732908758e+01 -1.712658513493209256e+01 -1.712808761874524421e+01 -1.713167967344772435e+01 -1.713732222528376781e+01 -1.714433507137803403e+01 -1.715135012451658270e+01
3.507554362504220080e+03 -1.115594895284721844e+01 -1.115030901650289330e+01 -1.114100907598202461e+01 -1.113217769372621468e+01 -1.112324278148710022e+01 -1.111426523208664641e+01 -1.110537847871828276e+01 -1.109679026460231910e+01 -1.108875917120326093e+01 -1.108153643763626306e+01 -1.107526793211744298e+01 -1.106987566928486011e+01 -1.106496548398699531e+01 -1.105981814756355064e+01 -1.105362277395228787e+01
3.557554362504220080e+03 2.703736018202987368e-01 2.951387998257649081e-01 3.201137937635324393e-01 3.435722045299032801e-01 3.669325559054971153e-01 3.902830616316845247e-01 4.137123602468054662e-01 4.373520510138095285e-01 4.613768733206498607e-01 4.859796987599319107e-01 5.113165214200005027e-01 5.374277741858349833e-01 5.641609519222269276e-01 5.911302141361576279e-01 6.177138880863402015e-01
3.607554362504220080e+03 -2.650966784490825034e+01 -2.651362139017002661e+01 -2.652100026361166840e+01 -2.652837925356437410e+01 -2.653652650690779780e+01 -2.654587325285071842e+01 -2.655680384638231217e+01 -2.656950971642466897e+01 -2.658382223873955397e+01 -2.659907749265201460e+01 -2.661408081290175787e+01 -2.662723227905105361e+01 -2.663683190355181196e+01 -2.664149381834841535e+01 -2.664050720391852778e+01
3.657554362504220080e+03 -3.220803267599422526e+01 -3.221682023506344450e+01 -3.223266701953696867e+01 -3.224878237246331736e+01 -3.226638670268111042e+01 -3.228575548764428049e+01 -3.230688381373683171e+01 -3.232934549140703950e+01 -3.235221533630328850e+01 -3.237412339176489695e+01 -3.239350168123774409e+01 -3.240905485796578489e+01 -3.242040644547050476e+01 -3.242860573889431208e+01 -3.243542449392211324e+01
3.707554362504220080e+03 3.194120087908065031e+01 3.293529200616157482e+01 3.307855035790600340e+01 3.315359779229545723e+01 3.322659147331901153e+01 3.330170392335457308e+01 3.337908112700104368e+01 3.345822150977549825e+01 3.353807204795193542e+01 3.361712716792772682e+01 3.369371280976688610e+01 3.376644084087823927e+01 3.383470271672783980e+01 3.389887973404264443e+01 3.395961504909229944e+01
3.757554362504220080e+03 -3.833020386322664308e+01 -3.858559172522210190e+01 -3.869452116561526367e+01 -3.874013820844156442e+01 -3.877419337832288448e+01 -3.880662306675566242e+01 -3.883854629518189938e+01 -3.886935095197253531e+01 -3.889819851202673817e+01 -3.892442967678597654e+01 -3.894767907042007238e+01 -3.896775304448357957e+01 -3.898434057106761230e+01 -3.899715752169199590e+01 -3.900825591356809952e+01
3.807554362504220080e+03 -2.172000483803634197e+01 -2.199650521055900398e+01 -2.206014082642626306e+01 -2.207947002916040447e+01 -2.208969962520628982e+01 -2.209792713588770141e+01 -2.210524045199535692e+01 -2.211155283196286803e+01 -2.211662315215832564e+01 -2.212027156575053866e+01 -2.212241716944259196e+01 -2.212310202119971692e+01 -2.212255791494357737e+01 -2.212109257667918882e+01 -2.211752421331181750e+01
3.857554362504220080e+03 -1.586280002442009796e+01 -1.595537071477426849e+01 -1.598415195825993962e+01 -1.598883459929988149e+01 -1.598639994967738609e+01 -1.598176207431883178e+01 -1.597612510549882714e+01 -1.596974887467854387e+01 -1.596271621950300101e+01 -1.595512859172118070e+01 -1.594715210931938110e+01 -1.593901782380761389e+01 -1.593098965461519256e+01 -1.592329347075654233e+01 -1.591572518711059736e+01
3.907554362504220080e+03 1.017290897325693955e+01 1.050648543309300997e+01 1.057609736753436813e+01 1.062548748298315004e+01 1.066847556071567560e+01 1.070958425694985117e+01 1.074965534236570441e+01 1.078870131006790878e+01 1.082659259976181154e+01 1.086324820937018032e+01 1.089869100193412876e+01 1.093305391396499537e+01 1.096655708442317767e+01 1.099946983630652930e+01 1.103207648294627319e+01
3.957554362504220080e+03 -3.806669151457388978e+01 -3.810149688883326036e+01 -3.813098484014720668e+01 -3.814997344016521197e+01 -3.816584653481390887e+01 -3.817992803574277616e+01 -3.819267749586538940e+01 -3.820446638564676078e+01 -3.821568841080339496e+01 -3.822667606690391295e+01 -3.823749635924528434e+01 -3.824767152980879814e+01 -3.825602219901733037e+01 -3.826103558392644999e+01 -3.826194805370714391e+01
4.007554362504220080e+03 -2.696989471135972849e+01 -2.696690930446593626e+01 -2.696561461259207704e+01 -2.696405757853888829e+01 -2.696208748035092384e+01 -2.695973530349127145e+01 -2.695705957882571013e+01 -2.695403261733036615e+01 -2.695049061843711513e+01 -2.694614715061559451e+01 -2.694068831462134739e+01 -2.693393304855275261e+01 -2.692599449213912877e+01 -2.691740208844650084e+01 -2.690923800750605821e+01
4.057554362504220080e+03 -3.568829718997776013e+01 -3.586199861220002560e+01 -3.589914459601922658e+01 -3.591158395461383890e+01 -3.592056147381131836e+01 -3.592830085849282540e+01 -3.593490245769799429e+01 -3.594021376264664269e+01 -3.594406489438250674e+01 -3.594636447485673614e+01 -3.594715250102093762e+01 -3.594657166783278512e+01 -3.594477683346183738e+01 -3.594208938397974862e+01 -3.594044593075179961e+01
4.107554362504220080e+03 -1.095886085933739480e+02 -1.099962753708250034e+02 -1.102211131684309606e+02 -1.103255514350432520e+02 -1.104063145352384083e+02 -1.104790252013049781e+02 -1.105458746290888854e+02 -1.106071576546438706e+02 -1.106631850499920660e+02 -1.107145830508891038e+02 -1.107622912589202571e+02 -1.108074348345067079e+02 -1.108511227231282419e+02 -1.108939753306486153e+02 -1.109333192298365702e+02
4.157554362504220080e+03 -6.247316514824559874e+01 -6.248511398899457703e+01 -6.250680958542175603e+01 -6.252419615949779086e+01 -6.253946671192237261e+01 -6.255291353231486795e+01 -6.256475258666540640e+01 -6.257512843239690170e+01 -6.258407146538966970e+01 -6.259149000666142371e+01 -6.259722902425374969e+01 -6.260117035750464964e+01 -6.260327857973679500e+01 -6.260351323252668720e+01 -6.260171376376557362e+01
4.207554362504220080e+03 -6.021036572937644138e+01 -6.021104214297882606e+01 -6.021342301067427627e+01 -6.021502262250706394e+01 -6.021548452018267028e+01 -6.021475438453403228e+01 -6.021288978474782283e+01 -6.020999555304016582e+01 -6.020620856234980778e+01 -6.020166980131866552e+01 -6.019647024112667566e+01 -6.019059006085207386e+01 -6.018384515687134240e+01 -6.017580986332519188e+01 -6.016588842255795555e+01
4.257554362504220080e+03 -1.016515718204629479e+02 -1.016596378240118241e+02 -1.016727757332554063e+02 -1.016833177401804704e+02 -1.016919638978062181e+02 -1.016988989236484855e+02 -1.017043818741550893e+02 -1.017086886335683147e+02 -1.017120785235321279e+02 -1.017147465145729086e+02 -1.017167893954688225e+02 -1.017182145763768659e+02 -1.017190106293192855e+02 -1.017191816631614927e+02 -1.017185202353998221e+02
4.307554362504220080e+03 -2.031608794232601269e+02 -2.031860042243807527e+02 -2.032255629532326680e+02 -2.032599600315555506e+02 -2.032917530411174312e+02 -2.033212336775016240e+02 -2.033486420725162986e+02 -2.033741834841401896e+02 -2.033980149125387982e+02 -2.034202899685896853e+02 -2.034412493459556117e+02 -2.034614344924641500e+02 -2.034820795857068561e+02 -2.035055454936417902e+02 -2.035346506239610562e+02
4.357554362504220080e+03 -5.824446429308331119e+01 -5.823679731924314495e+01 -5.822321162941126005e+01 -5.821081717690113777e+01 -5.819868645219599301e+01 -5.818681572642724120e+01 -5.817520876963420307e+01 -5.816386009926603862e+01 -5.815276433089547936e+01 -5.814193978472921742e+01 -5.813148516697179957e+01 -5.812162621111842498e+01 -5.811266698954797505e+01 -5.810477351681038982e+01 -5.809761693669884863e+01
4.407554362504220080e+03 5.515239589482074223e+01 5.618571162056511525e+01 5.644760634716682546e+01 5.655645142591471597e+01 5.661564204750963825e+01 5.665824740344874755e+01 5.669548627922540618e+01 5.673078074246733138e+01 5.676508107754140298e+01 5.679866167072363226e+01 5.683159582745594207e+01 5.686379919613459322e+01 5.689495203436599269e+01 5.692444465930910980e+01 5.695165780262201594e+01
4.457554362504220080e+03 -9.046061877188576261e+01 -9.146344555484678551e+01 -9.187855541359088818e+01 -9.204460831608579952e+01 -9.211241946470244102e+01 -9.214071382467008675e+01 -9.215327323404584092e+01 -9.215970147585046846e+01 -9.216383258057976491e+01 -9.216732127922406903e+01 -9.217117237882119696e+01 -9.217632841310559400e+01 -9.218369353366601615e+01 -9.219318415078846840e+01 -9.219771513574789878e+01
4.507554362504220080e+03 -1.022409842142426868e+02 -1.022706010404058219e+02 -1.023062723772848699e+02 -1.023227719713311643e+02 -1.023330560634884563e+02 -1.023413123535595588e+02 -1.023494325750586427e+02 -1.023583501904636108e+02 -1.023685588427353110e+02 -1.023802338758530084e+02 -1.023931597079109110e+02 -1.024066410743284052e+02 -1.024198336261539168e+02 -1.024330135585306039e+02 -1.024489414222355066e+02
4.557554362504220080e+03 -7.485633831273975147e+01 -7.485771185648330572e+01 -7.486031843172752076e+01 -7.486226308541375829e+01 -7.486454831872627835e+01 -7.486747360821904351e+01 -7.487116492078371266e+01 -7.487568320248311693e+01 -7.488112398209769083e+01 -7.488772048365422052e+01 -7.489592586394986995e+01 -7.490636913668987518e+01 -7.491954988159679374e+01 -7.493519310600721894e+01 -7.495152464173865781e+01
4.607554362504220080e+03 -9.207424508298187504e+01 -9.207866796807029175e+01 -9.208786412732493432e+01 -9.209845734709082876e+01 -9.211058440565503247e+01 -9.212410100927149870e+01 -9.213882246158699729e+01 -9.215441409541958251e+01 -9.217034047445655176e+01 -9.218588130721741436e+01 -9.220023744158723389e+01 -9.221270764553786137e+01 -9.222288615484920626e+01 -9.223077807467376488e+01 -9.223677964029830889e+01
4.657554362504220080e+03 -6.091648414090640529e+01 -6.112501596882597710e+01 -6.146557906778443225e+01 -6.174180932616752671e+01 -6.195016217597545705e+01 -6.209598647418134476e+01 -6.219295031604018931e+01 -6.225598140087443966e+01 -6.229696592263233867e+01 -6.232428947438972955e+01 -6.234363428202016166e+01 -6.235911220234752506e+01 -6.237437516658328462e+01 -6.239319590164311791e+01 -6.241797005012819000e+01
4.707554362504220080e+03 -4.814964152555991461e+01 -4.823691814757128071e+01 -4.837011896623332063e+01 -4.846081133451543366e+01 -4.852238848184074271e+01 -4.856231505239954771e+01 -4.858750485122634188e+01 -4.860339720290459553e+01 -4.861396713523771496e+01 -4.862210028044655274e+01 -4.862989235483460249e+01 -4.863870072706853875e+01 -4.864896057264914475e+01 -4.865997705802397633e+01 -4.866998071911301338e+01
4.757554362504220080e+03 -6.487284969976673210e+01 -6.491764274208514962e+01 -6.498378272219410690e+01 -6.502734504105707458e+01 -6.505842011903905586e+01 -6.508166561404891581e+01 -6.510066265557267684e+01 -6.511791690687473988e+01 -6.513492228314076726e+01 -6.515226105016238023e+01 -6.516971338971241323e+01 -6.518643694695460056e+01 -6.520126969502612724e+01 -6.521310190941062501e+01 -6.522120348302183857e+01
4.807554362504220080e+03 -1.219222737580872291e+02 -1.219505513665944960e+02 -1.219979570918573586e+02 -1.220395348495607379e+02 -1.220786812299893427e+02 -1.221153665549265099e+02 -1.221491356560282782e+02 -1.221793366442304745e+02 -1.222053247013517989e+02 -1.222266394422834423e+02 -1.222431080585032532e+02 -1.222548705802602882e+02 -1.222623509257968948e+02 -1.222662133733021506e+02 -1.222673429076586871e+02
4.857554362504220080e+03 -1.385987671658099600e+02 -1.386117757218830775e+02 -1.386319034374392629e+02 -1.386477204882550893e+02 -1.386603932604831755e+02 -1.386700589857281898e+02 -1.386770107398976108e+02 -1.386816468903210193e+02 -1.386844163280219107e+02 -1.386857656632644478e+02 -1.386860925554611867e+02 -1.386857192829897372e+02 -1.386848891666055579e+02 -1.386837832641236332e+02 -1.386825497453774290e+02
4.907554362504220080e+03 -1.511544502161776506e+02 -1.511571536853093676e+02 -1.511595874400262574e+02 -1.511612596898398237e+02 -1.511623785270168128e+02 -1.511630444210834412e+02 -1.511633609647976186e+02 -1.511634218498240045e+02 -1.511633060915353326e+02 -1.511630797973149356e+02 -1.511627877197217344e+02 -1.511624479791104534e+02 -1.511620624607989498e+02 -1.511616287013937949e+02 -1.511611523449464016e+02
4.957554362504220080e+03 -1.604903704308966326e+02 -1.604920212138158604e+02 -1.604921656251037518e+02 -1.604925463109839541e+02 -1.604929893525588511e+02 -1.604934474503458546e+02 -1.604938981730486773e+02 -1.604943349265143979e+02 -1.604947576125114495e+02 -1.604951841761601941e+02 -1.604956291594787672e+02 -1.604960920036293999e+02 -1.604965495798278994e+02 -1.604969640631338166e+02 -1.604972948723381023e+02
5.007554362504220080e+03 -3.313355953443557951e+02 -3.313495586204203391e+02 -3.313724949658564469e+02 -3.313938806692615913e+02 -3.314146278544691313e+02 -3.314345109322193252e+02 -3.314532129340223605e+02 -3.314704212957538516e+02 -3.314861201123309229e+02 -3.315009484655504934e+02 -3.315158404250555009e+02 -3.315305073020754776e+02 -3.315427370737180013e+02 -3.315508827762120063e+02 -3.315620811892965207e+02
5.057554362504220080e+03 -1.018031315850604415e+02 -1.017978532537150613e+02 -1.017882029791346099e+02 -1.017787416996215057e+02 -1.017687212370291405e+02 -1.017582355491223325e+02 -1.017475651365019331e+02 -1.017371280902555242e+02 -1.017273605256443716e+02 -1.017185857388401189e+02 -1.017108799781098156e+02 -1.017039763808753605e+02 -1.016972001948018800e+02 -1.016896099556738875e+02 -1.016806082557832553e+02
5.107554362504220080e+03 -3.773856026497974767e+02 -3.774183694442470482e+02 -3.774452449749919651e+02 -3.774651694959324573e+02 -3.774837836622275518e+02 -3.775013550917727230e+02 -3.775182583803656371e+02 -3.775351005668089783e+02 -3.775523369179070983e+02 -3.775695104689734762e+02 -3.775842492340962622e+02 -3.775916994212771556e+02 -3.775851506862313727e+02 -3.775581385945155830e+02 -3.775080254859436764e+02
5.157554362504220080e+03 -1.060591887295809670e+02 -1.060518478628263068e+02 -1.060475101139370651e+02 -1.060421972933289823e+02 -1.060347609892301080e+02 -1.060254262454897827e+02 -1.060141131464760207e+02 -1.060011228818963360e+02 -1.059874947372655498e+02 -1.059752313338527188e+02 -1.059671913341728953e+02 -1.059663861970022509e+02 -1.059746349916395189e+02 -1.059911903513304878e+02 -1.060128672886701366e+02
5.207554362504220080e+03 -1.934296419897842441e+02 -1.934314802425604398e+02 -1.934419830157698641e+02 -1.934608305050025194e+02 -1.934860757320444122e+02 -1.935163846415158559e+02 -1.935504995248128068e+02 -1.935866365832785334e+02 -1.936225192990191601e+02 -1.936556597673432236e+02 -1.936837302146469426e+02 -1.937049647237257659e+02 -1.937185457529730570e+02 -1.937249226980384549e+02 -1.937257833197299703e+02
5.257554362504220080e+03 -1.951391053231740216e+02 -1.951726467201188200e+02 -1.952121204438371649e+02 -1.952359344188856198e+02 -1.952513236694527450e+02 -1.952622097435464354e+02 -1.952701947664417048e+02 -1.952760507917349457e+02 -1.952803466434014581e+02 -1.952835914199611125e+02 -1.952862511332128577e+02 -1.952887386773604987e+02 -1.952913970118250973e+02 -1.952945492719130982e+02 -1.952985411995182119e+02
5.307554362504220080e+03 -3.012001404977233392e+02 -3.012137100562126761e+02 -3.012412315280955113e+02 -3.012548836445205325e+02 -3.012572242460443022e+02 -3.012513493384168441e+02 -3.012412234139721932e+02 -3.012318054162065550e+02 -3.012276610224280944e+02 -3.012330240509843406e+02 -3.012514052608986503e+02 -3.012846005044103208e+02 -3.013314316452919570e+02 -3.013867947584809031e+02 -3.014416266314300401e+02
5.357554362504220080e+03 -9.842991148496324172e+01 -9.843083715073919393e+01 -9.844023131758912371e+01 -9.845236163235287563e+01 -9.845870823637199010e+01 -9.845223887566187670e+01 -9.843225583928666822e+01 -9.840298068738688642e+01 -9.836386121815148442e+01 -9.831663744172634267e+01 -9.826349572488469164e+01 -9.820698392797802967e+01 -9.815090237283953911e+01 -9.810254566871293491e+01 -9.807782702947567088e+01
5.407554362504220080e+03 -3.980813644345776652e+02 -3.981004480782987685e+02 -3.981325399004874726e+02 -3.981584435326536777e+02 -3.981760892673729018e+02 -3.981807543669062284e+02 -3.981683014817952539e+02 -3.981369125625962511e+02 -3.980889568302854968e+02 -3.980290002464421946e+02 -3.979583813436124728e+02 -3.978800309224543525e+02 -3.977968143384720179e+02 -3.977108672360220112e+02 -3.976229497365671364e+02
5.457554362504220080e+03 -4.527951704048934971e+02 -4.527249339542751727e+02 -4.526077188841234147e+02 -4.525096638043577286e+02 -4.524265095018459988e+02 -4.523589436149413814e+02 -4.523060187385058839e+02 -4.522652406350745196e+02 -4.522333438971135706e+02 -4.522073021123683247e+02 -4.521857825524526220e+02 -4.521674681410119661e+02 -4.521491220625413803e+02 -4.521290954420304047e+02 -4.521065331133374912e+02
5.507554362504220080e+03 -3.638597019619664934e+02 -3.638467725180146317e+02 -3.638270330835277946e+02 -3.638137148917030004e+02 -3.638058094815325489e+02 -3.638030829945170694e+02 -3.638049942523705340e+02 -3.638104954779529976e+02 -3.638181065292867515e+02 -3.638261459854938948e+02 -3.638332480655340078e+02 -3.638390914641155973e+02 -3.638451479228756966e+02 -3.638508578929561281e+02 -3.638561118693942262e+02
5.557554362504220080e+03 -3.259930171963350745e+02 -3.259912084531163714e+02 -3.259908571150191392e+02 -3.259934837402865924e+02 -3.259997357212110387e+02 -3.260095639958673246e+02 -3.260226709067945308e+02 -3.260385025976477209e+02 -3.260562397338301821e+02 -3.260748172575364379e+02 -3.260930816553492946e+02 -3.261100755266710962e+02 -3.261255319924724176e+02 -3.261402065941032333e+02 -3.261534156544136067e+02
5.607554362504220080e+03 -3.181460759289452085e+02 -3.181449886661291089e+02 -3.181443008903773944e+02 -3.181449990471547835e+02 -3.181473024006114088e+02 -3.181511345636503165e+02 -3.181563572253403436e+02 -3.181627478403528357e+02 -3.181700082612248366e+02 -3.181777696869615397e+02 -3.181856609839440466e+02 -3.181934627514365843e+02 -3.182011168359459248e+02 -3.182074778351068858e+02 -3.182133081749010444e+02
5.657554362504220080e+03 -3.189006432156463120e+02 -3.188989523863118052e+02 -3.188968046520929533e+02 -3.188955021827850942e+02 -3.188947234139034776e+02 -3.188943377917103703e+02 -3.188943070818258434e+02 -3.188946480882037804e+02 -3.188954808620387666e+02 -3.188971644410900126e+02 -3.188991332809313803e+02 -3.189007908451874300e+02 -3.189017992369264221e+02 -3.189029322539917075e+02 -3.189066462427100532e+02
5.707554362504220080e+03 -3.255343498754893972e+02 -3.255321371029822899e+02 -3.255289718634439282e+02 -3.255259873322323756e+02 -3.255228317856039553e+02 -3.255195073191770803e+02 -3.255162345120921827e+02 -3.255132477066118781e+02 -3.255101774090825302e+02 -3.255068864978160832e+02 -3.255034035845042126e+02 -3.254999419383343024e+02 -3.254969964891553786e+02 -3.254957676851575457e+02 -3.254973223089353382e+02
5.757554362504220080e+03 1.680453243623303479e+02 1.680786035945066033e+02 1.681382769104968133e+02 1.681939244661542148e+02 1.682472261119579571e+02 1.682976159130633960e+02 1.683446831661524641e+02 1.683879170605372337e+02 1.684266481768715380e+02 1.684601141575681424e+02 1.684875459060279752e+02 1.685084305872884727e+02 1.685223505115877742e+02 1.685296312907637173e+02 1.685323500163201800e+02
5.807554362504220080e+03 1.474248605560865428e+02 1.474645659594737879e+02 1.475298405531965216e+02 1.475898661767068347e+02 1.476489172215781878e+02 1.477071575725761079e+02 1.477644096636484790e+02 1.478201495918153796e+02 1.478735627508658865e+02 1.479236881374871757e+02 1.479695485805662258e+02 1.480105797252870730e+02 1.480470922833689258e+02 1.480803625076756020e+02 1.481127522261789977e+02
5.857554362504220080e+03 3.050532642082833945e+02 3.051731386068598226e+02 3.053686084632654456e+02 3.055503457907091160e+02 3.057295623299552290e+02 3.059056703177844270e+02 3.060772001296894018e+02 3.062423653761546802e+02 3.063997248679548306e+02 3.065486395853754402e+02 3.066896107583218622e+02 3.068242431573296471e+02 3.069551153068121607e+02 3.070854907413564661e+02 3.072183409000966208e+02
5.907554362504220080e+03 1.716362060977950250e+02 1.717239618809247474e+02 1.718643245256969294e+02 1.719791340334664369e+02 1.720850157240856220e+02 1.721899601913835625e+02 1.722980969081652631e+02 1.724105156315939666e+02 1.725263715326659053e+02 1.726439980488997321e+02 1.727617999870516030e+02 1.728786719870138882e+02 1.729939168086189056e+02 1.731071168013823183e+02 1.732179751263122114e+02
5.957554362504220080e+03 -7.982554718276347216e+00 -7.981423861729620484e+00 -7.986288565348373503e+00 -7.993719459519366133e+00 -8.004058305015760766e+00 -8.015760954024868212e+00 -8.026725628967628978e+00 -8.035203736165296817e+00 -8.040300765546552597e+00 -8.041999178076844501e+00 -8.040981428703107170e+00 -8.038459795285932685e+00 -8.036001355154642312e+00 -8.035210596496956015e+00 -8.037291625419662466e+00
6.007554362504220080e+03 2.040023302896444193e+02 2.041899030561255302e+02 2.044740789842414870e+02 2.047375997254870299e+02 2.050015357517290226e+02 2.052554949168219594e+02 2.054834459473976267e+02 2.056733631415586672e+02 2.058194091777520214e+02 2.059202904712583120e+02 2.059771969299902992e+02 2.059922411985554902e+02 2.059667089157959481e+02 2.058971407128281328e+02 2.057682151789126408e+02
6.057554362504220080e+03 1.686707947736344977e+02 1.687113083290749955e+02 1.687828413028800867e+02 1.688493608559552399e+02 1.689155749823240455e+02 1.689827477330798899e+02 1.690526986878561786e+02 1.691275644014742170e+02 1.692093916502472268e+02 1.692996645734282595e+02 1.693989128492989380e+02 1.695064995687017699e+02 1.696206135375468875e+02 1.697384535070702043e+02 1.698564220172133048e+02
6.107554362504220080e+03 1.631169653213827928e+02 1.631396217364699623e+02 1.631845764220375088e+02 1.632258095297996192e+02 1.632671634053437515e+02 1.633086675020302607e+02 1.633503816097728247e+02 1.633923938216755687e+02 1.634348297246632455e+02 1.634778648585144083e+02 1.635217418011834809e+02 1.635667900801743997e+02 1.636134305131570841e+02 1.636621687743259201e+02 1.637135768034387695e+02
6.157554362504220080e+03 7.777905866812803026e+01 7.778182237821658873e+01 7.778845240293081531e+01 7.779560530503576388e+01 7.780264865095931270e+01 7.780934341327827042e+01 7.781570488742124780e+01 7.782185895051642888e+01 7.782862155704337681e+01 7.787103909658142697e+01 7.787786104187833303e+01 7.788755232842495957e+01 7.789662462925188890e+01 7.790705006223623741e+01 7.791836698185147725e+01
6.207554362504220080e+03 1.219613505349107072e+02 1.219686497025787588e+02 1.219871911200492463e+02 1.220063882242915554e+02 1.220265827110076913e+02 1.220660530004122819e+02 1.220916553313096529e+02 1.221132242831824470e+02 1.221349551948257499e+02 1.221565977027519381e+02 1.221787229010529785e+02 1.222009644912732540e+02 1.222235245960013685e+02 1.222464918449258988e+02 1.222700600936138500e+02
6.257554362504220080e+03 3.957638885263904882e+01 7.761705061894498670e+01 1.259505265870832034e+02 1.467587652206786117e+02 1.937431081599269191e+02 2.641595053870658489e+02 3.491806969501350295e+02 4.413672666569625562e+02 5.354065121145380317e+02 6.274855067555772621e+02 7.146005396359248607e+02 7.944988845882194255e+02 8.648473049664765995e+02 9.244817411836044130e+02 9.756170609030781407e+02
6.307554362504220080e+03 -1.374497777807763157e+02 -1.374570606979344518e+02 -1.374723439417637110e+02 -1.374966870019785858e+02 -1.375354451295472415e+02 -1.375898195970930260e+02 -1.376649550180697474e+02 -1.377772608140288071e+02 -1.379092534304850233e+02 -1.380632578330840090e+02 -1.382187942776614591e+02 -1.383455394071152682e+02 -1.384191240964451879e+02 -1.384430321848486756e+02 -1.384584658244975515e+02
6.357554362504220080e+03 -7.572975010435612830e+01 -7.575543582160565848e+01 -7.580062324298766896e+01 -7.584431543243360352e+01 -7.588856831810358017e+01 -7.593151433565978436e+01 -7.597161649578831089e+01 -7.600507693340560422e+01 -7.603301734656399447e+01 -7.605597656905375459e+01 -7.607966350733967431e+01 -7.611193253745935294e+01 -7.615759437812779709e+01 -7.621381886517571047e+01 -7.628034569758803229e+01
6.407554362504220080e+03 9.813824059197511929e+01 9.823352886320661526e+01 9.835099762341900487e+01 9.843474776867851972e+01 9.850906426931560134e+01 9.857830485443511748e+01 9.864196458889524877e+01 9.871065149184184406e+01 9.876615505455180255e+01 9.881841619711779856e+01 9.886686176696726136e+01 9.891262134929095851e+01 9.895665653971877873e+01 9.900177609726047478e+01 9.905437241756568767e+01
6.457554362504220080e+03 1.466111173160402927e+02 1.466602206374426203e+02 1.468005030371824660e+02 1.469329855568315111e+02 1.470516137738825648e+02 1.471590533239401282e+02 1.472591330584259026e+02 1.473518108224421326e+02 1.474387703792514799e+02 1.475193948816781528e+02 1.475929581489476732e+02 1.476584499225714069e+02 1.477159695255695624e+02 1.477692585701325356e+02 1.478291986163203831e+02
6.507554362504220080e+03 1.620160423077469432e+02 1.620462073000256567e+02 1.621560193903315223e+02 1.622777385550110409e+02 1.623970281492371726e+02 1.625103856341086725e+02 1.626235173308758419e+02 1.627275641086219480e+02 1.628266977887153359e+02 1.629200616061501137e+02 1.630075255356836124e+02 1.630891048932513741e+02 1.631646835680601271e+02 1.632338907709121543e+02 1.632970176263425515e+02
6.557554362504220080e+03 1.884283920192176964e+01 1.884615110049468711e+01 1.885846677587875675e+01 1.887127159469555338e+01 1.888366825821684003e+01 1.889864521960834409e+01 1.890954408449648483e+01 1.892164542970984087e+01 1.893294966277157698e+01 1.894385354713581293e+01 1.895416181449787274e+01 1.896373182394470192e+01 1.897233038927595317e+01 1.897973953984799067e+01 1.898564264444258853e+01
6.607554362504220080e+03 -3.971481411878178847e+01 -3.973490418658689549e+01 -3.976378248090554024e+01 -3.978960090118160764e+01 -3.981355544415435332e+01 -3.983242979982657062e+01 -3.985622028091894009e+01 -3.987662762357539492e+01 -3.989575705881594558e+01 -3.991295274059893927e+01 -3.992841466370305170e+01 -3.994188601424306029e+01 -3.995335597674630179e+01 -3.996286365225322612e+01 -3.997136020229678621e+01
6.657554362504220080e+03 -3.939993927346445730e+02 -3.943084528233775359e+02 -3.946359261329760670e+02 -3.949312783379800749e+02 -3.951925410907210221e+02 -3.954272917323930869e+02 -3.956356571720661464e+02 -3.958182323417261159e+02 -3.959717336583645420e+02 -3.960911583341041364e+02 -3.961731708113719606e+02 -3.962179771861420932e+02 -3.962118833224898822e+02 -3.959439358294956151e+02 -3.919002778094151154e+02
6.707554362504220080e+03 8.005808821439512712e+01 8.009315691114142055e+01 8.015175249969389881e+01 8.020547745590666011e+01 8.025821950563563689e+01 8.030865493600525440e+01 8.035358605199043325e+01 8.039543628386520879e+01 8.043156409205724344e+01 8.046195879751925872e+01 8.048558568073404729e+01 8.050192580174608281e+01 8.051077541901621260e+01 8.051401958192434449e+01 8.051770110653366430e+01
6.757554362504220080e+03 1.875991084214759397e+01 1.877791246760649813e+01 1.878918288929234492e+01 1.880196823799909822e+01 1.881426326247851222e+01 1.882622147519192524e+01 1.883666857573313180e+01 1.884652142953797593e+01 1.885480490793761632e+01 1.886171088729040690e+01 1.886694697072221771e+01 1.887060743887787950e+01 1.887295704395981133e+01 1.887465545296954872e+01 1.887512198367926786e+01
6.807554362504220080e+03 -5.503979815975972301e-01 -5.506041876031670945e-01 -5.504932058273903639e-01 -5.502186196742625546e-01 -5.497620440486475912e-01 -5.484929956053612443e-01 -5.481724264138247982e-01 -5.476289026532759063e-01 -5.472100034683904379e-01 -5.467498402416840486e-01 -5.463726432139405231e-01 -5.460742085799364931e-01 -5.459012978925266157e-01 -5.458313550485908161e-01 -5.457947892319326977e-01
6.857554362504220080e+03 -1.965615689780781850e+01 -1.966744878648488992e+01 -1.967877481914900528e+01 -1.968909411025199674e+01 -1.969811165062895242e+01 -1.970651069227360708e+01 -1.971471881108036328e+01 -1.972172755280803713e+01 -1.972762431226087187e+01 -1.973225582689507718e+01 -1.973573895866687877e+01 -1.973822487817394844e+01 -1.973996687406866712e+01 -1.974150070920979161e+01 -1.974440667185388421e+01
6.907554362504220080e+03 -5.273815485096356781e+00 -5.275917385413251282e+00 -5.277952478322093022e+00 -5.279615724706400393e+00 -5.280838723590735917e+00 -5.280981075033024830e+00 -5.281721551288035776e+00 -5.282088657416999844e+00 -5.282239976124461833e+00 -5.282070926629033103e+00 -5.281668217867341752e+00 -5.281078695768761655e+00 -5.280397562511710774e+00 -5.279783291294086744e+00 -5.279503171734932110e+00
6.957554362504220080e+03 -6.238245090804979576e+00 -6.239602061527621757e+00 -6.241304680853958509e+00 -6.242572911644511890e+00 -6.243564964363171654e+00 -6.243741822176113843e+00 -6.244027820638405224e+00 -6.244005909639628982e+00 -6.243736591412254455e+00 -6.243177887007597349e+00 -6.242408828122386844e+00 -6.241501357939540640e+00 -6.240547750939567706e+00 -6.239529354686143670e+00 -6.237956139348678875e+00
7.007554362504220080e+03 -2.885795099811573650e+01 -2.886569459178221209e+01 -2.887813456922898681e+01 -2.888889194510637992e+01 -2.889880948581511788e+01 -2.890761732486061675e+01 -2.891529426095090827e+01 -2.892155976500845682e+01 -2.892639362280968029e+01 -2.892993844177601304e+01 -2.893241315374793388e+01 -2.893390239676439180e+01 -2.893383472705445314e+01 -2.892913441965091081e+01 -2.891277261035858004e+01
7.057554362504220080e+03 -6.848827058732310036e+01 -6.853203190954558011e+01 -6.856377789639437026e+01 -6.859118672967095165e+01 -6.861578232031544644e+01 -6.863939068070963856e+01 -6.865970849732144643e+01 -6.867646452477004004e+01 -6.868980573661613676e+01 -6.869974456157353870e+01 -6.870498837583475904e+01 -6.870124769597532577e+01 -6.867834660983758965e+01 -6.861899581840310702e+01 -6.852115096461534449e+01
7.062554362504220080e+03 -2.477275617109554062e+01 -2.478445487960163618e+01 -2.479365570361770921e+01 -2.480142991125945784e+01 -2.480822626266634856e+01 -2.481469429961437712e+01 -2.481969406505221798e+01 -2.482352368868731674e+01 -2.482622884075402681e+01 -2.482771164918882079e+01 -2.482724040367967433e+01 -2.482284151535002081e+01 -2.481066392475559468e+01 -2.478620573408987582e+01 -2.475483410818578989e+01
7.112554362504220080e+03 2.196834027235003646e+02 2.197323251566173212e+02 2.199109731098726854e+02 2.200881403736973994e+02 2.202361140556677981e+02 2.203493781765831443e+02 2.204414734143277315e+02 2.205036924519542936e+02 2.205426936926943711e+02 2.205571157536362534e+02 2.205459675988532808e+02 2.205088616299090347e+02 2.204532284889586435e+02 2.203785390126843424e+02 2.203112427690895174e+02
7.162554362504220080e+03 3.234850665553733506e+02 3.235645791138937284e+02 3.237997103631504956e+02 3.240358650631830528e+02 3.242303629024512475e+02 3.243702499952481730e+02 3.244689488925188812e+02 3.245294654287224034e+02 3.245591809181685221e+02 3.245615309584028410e+02 3.245385403520226646e+02 3.244983639586823756e+02 3.244472125479102260e+02 3.243828837073791078e+02 3.243167826483697809e+02
7.212554362504220080e+03 5.977114779769986797e+01 5.978165114924934898e+01 5.981717654150348551e+01 5.985499316971504413e+01 5.988925356157768931e+01 5.991589620007428607e+01 5.994179188646976542e+01 5.995504930198000437e+01 5.996360845853866550e+01 5.996696973219556526e+01 5.996613030805151823e+01 5.996134140408235425e+01 5.995285247808919138e+01 5.993937212445885621e+01 5.992196110417464183e+01
7.262554362504220080e+03 -1.329968598701846716e+01 -1.330607253289420200e+01 -1.331265087204952913e+01 -1.331900614821766560e+01 -1.332398338239657498e+01 -1.332741218355861612e+01 -1.332764898927065644e+01 -1.332819484094276596e+01 -1.332733796908727086e+01 -1.332569297790006324e+01 -1.332322194509784374e+01 -1.332011611380252880e+01 -1.331633682142420305e+01 -1.331152096685672781e+01 -1.330662683866712648e+01
7.312554362504220080e+03 1.256262469131874226e+01 1.257010807456446777e+01 1.257885408022561791e+01 1.258615295141697565e+01 1.259288234315567401e+01 1.259782839043885261e+01 1.261159598134428528e+01 1.261513548841125498e+01 1.261964409234708384e+01 1.262198855574068901e+01 1.262350652551510599e+01 1.262364923409092121e+01 1.262225683384461838e+01 1.261891447154683554e+01 1.261326934891279095e+01
7.362554362504220080e+03 -2.058053696212739112e+02 -2.058499766583410633e+02 -2.058907225991576411e+02 -2.059112323197649630e+02 -2.059159956303135743e+02 -2.059074781887137817e+02 -2.058895645153006910e+02 -2.058544486418756492e+02 -2.058103186541711693e+02 -2.057636961867233936e+02 -2.057213387146476578e+02 -2.056754992515701019e+02 -2.056035830326913469e+02 -2.055073351257821628e+02 -1.722179628710674706e+02
7.412554362504220080e+03 1.405174337370318085e+02 1.405278022951141850e+02 1.405260369847513289e+02 1.405170854202473549e+02 1.404996745857046108e+02 1.404765727212140405e+02 1.404485238752117482e+02 1.404177419721288516e+02 1.403838035659979084e+02 1.403449487415061014e+02 1.403055767634845097e+02 1.402573614409064078e+02 1.402002017060918604e+02 1.401612944131240965e+02 1.399716582063568353e+02
7.462554362504220080e+03 6.256131242890791810e+01 6.257289186049692375e+01 6.259209755767943761e+01 6.260967201138163318e+01 6.262625035630358639e+01 6.264119023615911885e+01 6.265348245291453111e+01 6.266380498738573834e+01 6.269364775381376376e+01 6.270075955278092295e+01 6.271232473040793565e+01 6.271792081547041420e+01 6.272230702585388684e+01 6.272128700125697520e+01 6.272455355741011829e+01
7.512554362504220080e+03 1.088963353245155616e+02 1.089446387064404291e+02 1.089993222094938687e+02 1.090503891871055941e+02 1.090979007437642849e+02 1.091411751655904538e+02 1.091916501653299179e+02 1.092185546867102062e+02 1.092435777372309360e+02 1.092607363620380454e+02 1.092748670983303612e+02 1.092849712534613928e+02 1.092921860712551592e+02 1.092974448187249408e+02 1.093069879092851409e+02
7.562554362504220080e+03 4.534313550401767543e+02 4.536430762373087759e+02 4.540710275035867198e+02 4.544172404152644162e+02 4.547899186678429828e+02 4.552563780297334119e+02 4.557363859060074560e+02 4.561680897586920196e+02 4.565622113757237344e+02 4.569216687536049335e+02 4.572458527295203226e+02 4.575307544144495182e+02 4.577726282208226962e+02 4.579632385898548250e+02 4.580964525954625515e+02
7.612554362504220080e+03 1.464449453674922097e+02 1.451280680833251608e+02 1.486686937490533751e+02 1.494771518225284126e+02 1.496364509972711687e+02 1.497170751969763671e+02 1.497831106318245702e+02 1.498341330270323226e+02 1.498383708421017388e+02 1.497491362642762738e+02 1.495463420538840182e+02 1.490123917117319934e+02 1.473404822578128233e+02 1.454031609822284850e+02 1.372594732171627356e+02
