TIME q_liq_Ch0_mesh1 q_liq_Ch0_mesh2 q_liq_Ch0_mesh3 q_liq_Ch0_mesh4 q_liq_Ch0_mesh5 q_liq_Ch0_mesh6 q_liq_Ch0_mesh7 q_liq_Ch0_mesh8 q_liq_Ch0_mesh9 q_liq_Ch0_mesh10 q_liq_Ch0_mesh11 q_liq_Ch0_mesh12 q_liq_Ch0_mesh13 q_liq_Ch0_mesh14 q_liq_Ch0_mesh15 
0.000000000000000000e+00 -1.937168700749996424e+04 -1.937168700745173192e+04 -1.937168700736622122e+04 -1.937168700728469412e+04 -1.937168700720304332e+04 -1.937168700712117061e+04 -1.937168700703951254e+04 -1.937168700695765074e+04 -1.937168700687565070e+04 -1.937168700679364702e+04 -1.937168700671171609e+04 -1.937168700662943229e+04 -1.937168700654745044e+04 -1.937168700646495563e+04 -1.937168700638284281e+04
5.000040000000043960e+01 -1.750036873949710071e+03 -1.746431178922113304e+03 -1.739841647548360243e+03 -1.735647111292838645e+03 -1.731700002515465940e+03 -1.726981340689440231e+03 -1.722038544311731584e+03 -1.717002639393008167e+03 -1.711890917203546678e+03 -1.706699169114348706e+03 -1.701418849226588691e+03 -1.696039573077679961e+03 -1.690549163858717975e+03 -1.684933561801735777e+03 -1.679177232944888374e+03
1.000003999999985922e+02 4.855906539112164069e+02 4.865067984983666065e+02 4.883167441791263741e+02 4.900053389455483739e+02 4.917002130768006509e+02 4.933740473883501636e+02 4.950012878833827585e+02 4.965555149627621745e+02 4.980100533459589656e+02 4.993388818029051777e+02 5.005240140510284164e+02 5.015377033561329654e+02 5.024140949769809481e+02 5.029929953328252168e+02 5.038050026268552415e+02
1.502405034099261059e+02 6.040476364371282614e+01 5.976252233049941509e+01 5.943975282439640750e+01 5.944712868790133342e+01 5.963729309273697510e+01 5.991573586827874465e+01 6.022527652373372575e+01 6.053539993324697832e+01 6.083812534852010145e+01 6.112248546112135017e+01 6.142926404345178071e+01 6.165365977080142557e+01 6.212106879079950517e+01 6.202020726611286250e+01 6.317075734889803584e+01
2.004200391960640388e+02 8.563659738572188473e+01 8.140982312629114404e+01 7.792623383886152055e+01 7.516873547275206136e+01 7.346678820838498325e+01 7.300452250935536824e+01 7.315703734424151605e+01 7.511155298814493619e+01 7.635801935309993382e+01 8.116128645082230264e+01 8.167207298124702675e+01 9.097150340834919291e+01 8.800288040237812481e+01 1.036948905987106855e+02 9.711726077629074894e+01
2.553043625042201370e+02 -2.962543969985669605e+02 -2.945857539762987471e+02 -2.938710301387490063e+02 -2.896143548305124682e+02 -2.843720398759386967e+02 -2.842034891332166353e+02 -2.842127640978873728e+02 -2.850917973090420787e+02 -2.854091776827676199e+02 -2.858169578975906688e+02 -2.860802494723575364e+02 -3.644719670432069165e+02 -3.755814410796373863e+02 -3.752490575231561820e+02 -3.747950694667290463e+02
3.053043625042201370e+02 -3.147512034007772854e+02 -3.159591461318854613e+02 -3.179645334814084663e+02 -3.193649568976499040e+02 -3.201989208435415435e+02 -3.204041528496131832e+02 -3.207300110429224560e+02 -3.208698749261907324e+02 -3.210403506280650276e+02 -3.212499430948190025e+02 -3.215076552437544137e+02 -3.219906913952069090e+02 -3.231781689676025167e+02 -3.254402036803102760e+02 -3.789577743907169634e+02
3.553043625042201370e+02 -3.152315209569012495e+02 -3.152527691704403310e+02 -3.152762621628871784e+02 -3.153055250333311506e+02 -3.153460774799744399e+02 -3.154009859753100500e+02 -3.154706883148262477e+02 -3.155538135216773412e+02 -3.156497004304829375e+02 -3.157588851022648555e+02 -3.158854467240062718e+02 -3.160539695635264934e+02 -3.162955475824758764e+02 -3.166381468097389416e+02 -3.170721009177956375e+02
4.053043625042201370e+02 1.068246824128688957e+02 1.076563418719534866e+02 1.078468989751360283e+02 1.079755854872708625e+02 1.081080038015708169e+02 1.082522720562273122e+02 1.084097785244177885e+02 1.085804460953002035e+02 1.087594453282158469e+02 1.089442238191150096e+02 1.091463699375808716e+02 1.093651923371547099e+02 1.095891727850848127e+02 1.098028133694519681e+02 1.099822903039615625e+02
4.553043625042201370e+02 -8.472910538825709637e+01 -8.474697818788639836e+01 -8.478105077504407916e+01 -8.481705202885342487e+01 -8.485566052359027367e+01 -8.489606729802333973e+01 -8.493716512429109855e+01 -8.497734583171222766e+01 -8.501573955621152834e+01 -8.505072564429188731e+01 -8.507782383705304596e+01 -8.509550777781890929e+01 -8.510251492075731505e+01 -8.510002073394191768e+01 -8.509189718671011349e+01
5.053043625042201370e+02 -9.793156611662439559e+01 -9.795609262172047238e+01 -9.799978180466395372e+01 -9.803799280544340888e+01 -9.807177300516315199e+01 -9.810017414503724353e+01 -9.812258209324461689e+01 -9.813874047603806616e+01 -9.814946619955506435e+01 -9.815583371369422139e+01 -9.815795695706592028e+01 -9.815782295613489339e+01 -9.815693680713707181e+01 -9.815692666724400794e+01 -9.815910070467587900e+01
5.553043625042200802e+02 -9.964796586400434819e+01 -9.965886327568752279e+01 -9.967610651865575733e+01 -9.968887926804360688e+01 -9.969873642377268652e+01 -9.970628207714560176e+01 -9.971213772685037213e+01 -9.971682195429134765e+01 -9.972099605249579213e+01 -9.972501867400609399e+01 -9.972842068539631555e+01 -9.973163658184807900e+01 -9.973486775924970971e+01 -9.973857926203886848e+01 -9.974331575343437351e+01
6.053043625042200802e+02 -9.917371760372252254e+01 -9.917859865762692095e+01 -9.918630902477289624e+01 -9.919285714971661605e+01 -9.919879161416083946e+01 -9.920429686578248152e+01 -9.920951585001013484e+01 -9.921454136797883905e+01 -9.921957342408011016e+01 -9.922468707101204188e+01 -9.922954247061275623e+01 -9.923436265755280772e+01 -9.923924599404114133e+01 -9.924444813775028251e+01 -9.925028407260812457e+01
6.553043625042200802e+02 -9.800752441772880275e+01 -9.801165950361850321e+01 -9.801854979785166222e+01 -9.802490779831569512e+01 -9.803103757881156355e+01 -9.803699956052535924e+01 -9.804284176618179458e+01 -9.804859756917078073e+01 -9.805436360121196060e+01 -9.806016747824375557e+01 -9.806580792026068139e+01 -9.807142903053481575e+01 -9.807710909581227554e+01 -9.808301632474044141e+01 -9.808934049193567262e+01
7.084293625042200802e+02 -9.690795455796208557e+01 -9.691204577471660286e+01 -9.691909809096651429e+01 -9.692574060526844448e+01 -9.693227423213640748e+01 -9.693873521587295272e+01 -9.694515422333039112e+01 -9.695155702814049903e+01 -9.695800363251228760e+01 -9.696450972104867105e+01 -9.697095369666598685e+01 -9.697742626649080933e+01 -9.698397452711320454e+01 -9.699069672615337367e+01 -9.699770722975287640e+01
7.596793625042200802e+02 -6.363659104087180651e+01 -6.363028641974946709e+01 -6.361998025982433091e+01 -6.361032354529504573e+01 -6.360065111111759251e+01 -6.359098393209928446e+01 -6.358133600291456844e+01 -6.357172323009668702e+01 -6.356218140992189092e+01 -6.355268758480750790e+01 -6.354311242710027585e+01 -6.353359299482037414e+01 -6.352423225654079886e+01 -6.351524414395574070e+01 -6.350715690599697894e+01
8.096793625042200802e+02 -9.146835107545523158e+01 -9.147260373367558373e+01 -9.148002964916285862e+01 -9.148727975773870469e+01 -9.149469851520275654e+01 -9.150240542663897259e+01 -9.151055032059569783e+01 -9.151929703510857905e+01 -9.152879656075238302e+01 -9.153910981718422590e+01 -9.155011780477181560e+01 -9.156170384809743723e+01 -9.157376225922043034e+01 -9.158635946359440538e+01 -9.159976705145273002e+01
8.596793625042200802e+02 -5.728465448359740009e+01 -5.632838211145564600e+01 -5.604638669813324015e+01 -5.603863752947440702e+01 -5.603125894177083666e+01 -5.602429133822079166e+01 -5.601776252832762282e+01 -5.601167945798029280e+01 -5.600609040466824240e+01 -5.600114787837365071e+01 -5.599730030043964746e+01 -5.599594334761284387e+01 -5.600019821758800020e+01 -5.601578159823181835e+01 -5.604973093791330285e+01
9.096793625042200802e+02 -8.401938727079186719e+01 -8.400642496644609025e+01 -8.402207816538472684e+01 -8.404019146839354448e+01 -8.406924991159711169e+01 -8.408931731565704126e+01 -8.411385626270040916e+01 -8.414405792661221994e+01 -8.418073928261563310e+01 -8.422374674822265206e+01 -8.427136051025335917e+01 -8.432019729531133123e+01 -8.436580594487334395e+01 -8.440428779955927041e+01 -8.443418148476251872e+01
9.596793625042200802e+02 -8.591829597851439360e+01 -8.615565357883431830e+01 -8.629777767430179836e+01 -8.641594063839887951e+01 -8.645353413386281716e+01 -8.649098261447848301e+01 -8.652902484343965739e+01 -8.656632776081710290e+01 -8.660166949328247199e+01 -8.663418080585617531e+01 -8.666349844658347479e+01 -8.668984950479251950e+01 -8.671383618121298298e+01 -8.673619778382494871e+01 -8.675759385445098815e+01
1.009679362504220080e+03 -8.229165870737395494e+01 -8.234953628969181239e+01 -8.249880778891684940e+01 -8.253127323216914135e+01 -8.255869670406691796e+01 -8.258464096506062901e+01 -8.260900348899654944e+01 -8.263181976373530802e+01 -8.265325318128340371e+01 -8.267352752206583943e+01 -8.269286215738736701e+01 -8.271150024490438568e+01 -8.272966526519311969e+01 -8.274759943102354498e+01 -8.276557448167199027e+01
1.059679362504220080e+03 -7.615560331812004335e+01 -7.620477656890595597e+01 -7.622663204302939732e+01 -7.624543108977550787e+01 -7.626333104810875341e+01 -7.628048433286878094e+01 -7.629702306571294912e+01 -7.631309762660275453e+01 -7.632886978370068221e+01 -7.634450046831338454e+01 -7.636013695480504282e+01 -7.637595284486647529e+01 -7.639209402188204479e+01 -7.640865553621742379e+01 -7.642562697664362759e+01
1.109679362504220080e+03 -7.409521236668174993e+01 -7.410576622742351560e+01 -7.412357182083783869e+01 -7.413994508058820543e+01 -7.415610289769188057e+01 -7.417214352432877433e+01 -7.418816023828344441e+01 -7.420422911431910507e+01 -7.422040112211067253e+01 -7.423668843556043839e+01 -7.425305290061909602e+01 -7.426944654562292669e+01 -7.428578567843756275e+01 -7.430195490464767261e+01 -7.431779364249987907e+01
1.159679362504220080e+03 -7.102764774013007809e+01 -7.103689620125203419e+01 -7.105379365332046859e+01 -7.106888300672434866e+01 -7.108395728507433375e+01 -7.109902098773568468e+01 -7.111406324824461933e+01 -7.112906173677014010e+01 -7.114399306986858562e+01 -7.115884185229039360e+01 -7.117361189047285563e+01 -7.118837640901371344e+01 -7.120325748925027654e+01 -7.121840568554378592e+01 -7.123392399570199984e+01
1.209679362504220080e+03 -7.017107827858416158e+01 -7.018046860406917631e+01 -7.019769765648511850e+01 -7.021303905241744303e+01 -7.022835901043035278e+01 -7.024367040982963317e+01 -7.025899521613335708e+01 -7.027436524334684975e+01 -7.028981860851521901e+01 -7.030538606225563569e+01 -7.032107232381325446e+01 -7.033687354061386543e+01 -7.035275000361463071e+01 -7.036863510878434624e+01 -7.038444343131274650e+01
1.259679362504220080e+03 -7.128285668489765214e+01 -7.129322524187047350e+01 -7.131240493754430076e+01 -7.132930442415563732e+01 -7.134624972210657745e+01 -7.136324729958508328e+01 -7.138029258478283623e+01 -7.139736722469945107e+01 -7.141443682074344679e+01 -7.143144551305668699e+01 -7.144830903892889751e+01 -7.146494032617060554e+01 -7.148123019376022569e+01 -7.149705081374709437e+01 -7.151225510122813489e+01
1.309679362504220080e+03 -6.668953852237629576e+01 -6.669819807364542896e+01 -6.671434833584038415e+01 -6.672860752329349054e+01 -6.674280546694097893e+01 -6.675690763083869683e+01 -6.677087336006447060e+01 -6.678466545541857613e+01 -6.679826281299141044e+01 -6.681167322026460909e+01 -6.682494488803800436e+01 -6.683819782238758478e+01 -6.685158879202015214e+01 -6.686525440764690131e+01 -6.687920212625130034e+01
1.359679362504220080e+03 -6.534145152082183472e+01 -6.534970877171957682e+01 -6.536472336122575655e+01 -6.537838024667290426e+01 -6.539192356113969140e+01 -6.540536551289676481e+01 -6.541872995083886622e+01 -6.543205053818836348e+01 -6.544536192365740135e+01 -6.545868273641657709e+01 -6.547199711563344238e+01 -6.548526666269772534e+01 -6.549842100459709116e+01 -6.551138290604218639e+01 -6.552409600979602544e+01
1.409679362504220080e+03 -6.408044398490579852e+01 -6.408829962263789071e+01 -6.410245849703032661e+01 -6.411560932245663480e+01 -6.412870396089185476e+01 -6.414174694616565375e+01 -6.415473269778664189e+01 -6.416764529160563768e+01 -6.418046014033212998e+01 -6.419314554229859482e+01 -6.420566524077729298e+01 -6.421800353917498683e+01 -6.423015452981373130e+01 -6.424212573002736804e+01 -6.425393248219852183e+01
1.459679362504220080e+03 -6.461568984990843489e+01 -6.462396127256334921e+01 -6.463873590410784686e+01 -6.465256986621831459e+01 -6.466630938432406595e+01 -6.467993937705490737e+01 -6.469344305953462992e+01 -6.470680537145116773e+01 -6.472001498436138434e+01 -6.473306155382233840e+01 -6.474592887757809478e+01 -6.475860488871084897e+01 -6.477106003625490871e+01 -6.478323737801488846e+01 -6.479503436329346755e+01
1.509679362504220080e+03 -5.937129172402988786e+01 -5.937790273376766947e+01 -5.938962807263465038e+01 -5.940061839727957249e+01 -5.941148323768949524e+01 -5.942221990135683285e+01 -5.943283738030527985e+01 -5.944337075482347643e+01 -5.945390560651662781e+01 -5.946460715359724247e+01 -5.947573438478013941e+01 -5.948759849095524999e+01 -5.950032464308558389e+01 -5.951344670227994982e+01 -5.952578819813035693e+01
1.559679362504220080e+03 -5.824353280504166719e+01 -5.824980801293997956e+01 -5.826092753449373163e+01 -5.827147970432140056e+01 -5.828207640371152110e+01 -5.829278781888581307e+01 -5.830368741428177515e+01 -5.831482836193615782e+01 -5.832621292628616771e+01 -5.833776626602178794e+01 -5.834933932288564051e+01 -5.836077606365692816e+01 -5.837198743668802337e+01 -5.838301513206025817e+01 -5.839402478109060013e+01
1.609679362504220080e+03 -1.683252076013592102e+02 -1.683811225361189940e+02 -1.684782018190994677e+02 -1.685706606793015965e+02 -1.686637920244831719e+02 -1.687575295042166488e+02 -1.688517572746910957e+02 -1.689463526543606520e+02 -1.690412593776867141e+02 -1.691365594134654771e+02 -1.692324524330915949e+02 -1.693290316228313941e+02 -1.694255717345704966e+02 -1.695180881591503805e+02 -1.695949199628659585e+02
1.659679362504220080e+03 -5.849121674478637800e+01 -5.849888700880397607e+01 -5.851224620869996329e+01 -5.852500559754549414e+01 -5.853779051001703237e+01 -5.855056462605874401e+01 -5.856328125573426746e+01 -5.857588187411690939e+01 -5.858831757279448738e+01 -5.860062548088271228e+01 -5.861307884402040713e+01 -5.862631428539052791e+01 -5.864102028907571906e+01 -5.865681759637204351e+01 -5.867132382089867093e+01
1.709679362504220080e+03 -5.603532787761227496e+01 -5.604196885011507590e+01 -5.605367065236602286e+01 -5.606481916688134959e+01 -5.607598747417608820e+01 -5.608721824276887702e+01 -5.609858447644778323e+01 -5.611017243657200027e+01 -5.612204074591389258e+01 -5.613416362421340011e+01 -5.614639922997681509e+01 -5.615854682382816065e+01 -5.617046056382261554e+01 -5.618217108605782784e+01 -5.619393883608927354e+01
1.759679362504220080e+03 -5.524604273372960250e+01 -5.525286093092594797e+01 -5.526482826082887811e+01 -5.527630466954077093e+01 -5.528791497027417989e+01 -5.529965918854607310e+01 -5.531151297495298280e+01 -5.532343235002731063e+01 -5.533537430405127111e+01 -5.534732381340592866e+01 -5.535931190153377202e+01 -5.537142110652113303e+01 -5.538374982967988558e+01 -5.539637783941815741e+01 -5.540931079481987354e+01
1.809679362504220080e+03 -5.466453665601125067e+01 -5.467157104813141899e+01 -5.468396893757674349e+01 -5.469581434507681905e+01 -5.470772862526263935e+01 -5.471970426036499191e+01 -5.473174598589552886e+01 -5.474387296832683347e+01 -5.475611429321722312e+01 -5.476849577231434552e+01 -5.478102360890152767e+01 -5.479368517720151033e+01 -5.480644807393844786e+01 -5.481927863950770075e+01 -5.483213134997509997e+01
1.859679362504220080e+03 -5.383884714026608265e+01 -5.384588316046711043e+01 -5.385832668287624614e+01 -5.387021256394491076e+01 -5.388218545974329032e+01 -5.389425601098373875e+01 -5.390643251235506739e+01 -5.391871613379661454e+01 -5.393109851300820168e+01 -5.394356093604015001e+01 -5.395607476139824854e+01 -5.396861242441249118e+01 -5.398114985078672845e+01 -5.399367719554141587e+01 -5.400616126858287203e+01
1.909679362504220080e+03 -5.087556318628291052e+01 -5.088157284545644643e+01 -5.089231325040264409e+01 -5.090258053671409044e+01 -5.091291836048421970e+01 -5.092331969415658932e+01 -5.093377239566706294e+01 -5.094425952365149612e+01 -5.095475924644170362e+01 -5.096524035274764941e+01 -5.097564965798957104e+01 -5.098588938523077729e+01 -5.099574755326911912e+01 -5.100483585770988526e+01 -5.101273807159274298e+01
1.959679362504220080e+03 -5.274377917862393161e+01 -5.275090280844639068e+01 -5.276359223374270613e+01 -5.277566559370631438e+01 -5.278774213059377018e+01 -5.279978194417884652e+01 -5.281172572981092372e+01 -5.282348853140024403e+01 -5.283495613639629340e+01 -5.284599075041645477e+01 -5.285645641157933738e+01 -5.286627932727773072e+01 -5.287551421271002283e+01 -5.288438855673571481e+01 -5.289322782184026295e+01
2.009679362504220080e+03 -5.237045976964351013e+01 -5.237739922462557018e+01 -5.238974990163823975e+01 -5.240137150239925745e+01 -5.241281120928874770e+01 -5.242399990392426901e+01 -5.243487140547306780e+01 -5.244537860516665262e+01 -5.245551230813226340e+01 -5.246531669763011507e+01 -5.247489444923525070e+01 -5.248440391968400576e+01 -5.249403299176903914e+01 -5.250397270655135884e+01 -5.251438272626314330e+01
2.059679362504220080e+03 -4.951744015408152677e+01 -4.952299879215856038e+01 -4.953277845167870197e+01 -4.954182223225310366e+01 -4.955061575175305677e+01 -4.955916214906948625e+01 -4.956748972761501904e+01 -4.957565039793701800e+01 -4.958370883142459462e+01 -4.959172361990601274e+01 -4.959972918014321408e+01 -4.960774251204497176e+01 -4.961582930210724385e+01 -4.962429399933033380e+01 -4.963394220443704796e+01
2.109679362504220080e+03 4.285995635162136885e+00 4.369672398730640950e+00 4.406463916550113602e+00 4.437043578197481963e+00 4.467433190287281697e+00 4.497936049945248982e+00 4.528563344990064188e+00 4.559316939174095751e+00 4.590201799433843988e+00 4.621246322131668194e+00 4.652528432446531248e+00 4.684088832985608519e+00 4.715994558813239479e+00 4.748278580364184265e+00 4.780771451563546215e+00
2.159679362504220080e+03 -2.839704264531509352e+02 -2.845131383199371840e+02 -2.853224711094279087e+02 -2.859034084285829067e+02 -2.863365185350013462e+02 -2.866716284527275320e+02 -2.869490517445871660e+02 -2.871959802734994582e+02 -2.874289239021949811e+02 -2.876580714400764691e+02 -2.878922761482550641e+02 -2.881429542301087281e+02 -2.884208624658620010e+02 -2.887156670721306568e+02 -2.889656301596374419e+02
2.209679362504220080e+03 3.426614101741488412e+02 3.427320752963085511e+02 3.432888007141653475e+02 3.442308476953527929e+02 3.453997595503814750e+02 3.465762248192055495e+02 3.476191155852603174e+02 3.484794882832954954e+02 3.491689216755748362e+02 3.497230069888411208e+02 3.501787628209301033e+02 3.505646566502608152e+02 3.508995031808941008e+02 3.511969260476919885e+02 3.514724950004877542e+02
2.259679362504220080e+03 -4.482116782187810031e+02 -4.482664327442107037e+02 -4.483172373040246157e+02 -4.483128758268300089e+02 -4.482675505574579802e+02 -4.481946873690549182e+02 -4.481055865128356004e+02 -4.480080516788868294e+02 -4.479057667915794241e+02 -4.477973775164361996e+02 -4.476748468967060148e+02 -4.475307705877662556e+02 -4.474141608702827853e+02 -4.475595705271125553e+02 -4.484055938157194987e+02
2.309679362504220080e+03 4.139192076377251794e+01 4.137557596086573852e+01 4.136878556868074952e+01 4.140389644420930892e+01 4.147856698640153894e+01 4.157767055521926380e+01 4.168132531720616640e+01 4.177513562952639603e+01 4.185233476504007655e+01 4.191181122539936155e+01 4.195585660581110687e+01 4.198808916291496729e+01 4.201235548173809775e+01 4.203209548440528920e+01 4.204909499190853950e+01
2.359679362504220080e+03 3.609906241695471607e+01 3.615667550275249909e+01 3.624612881570391920e+01 3.632030006057465954e+01 3.638508491988906002e+01 3.644788027725378754e+01 3.651281275151010419e+01 3.658169602997948289e+01 3.665572652457894520e+01 3.673612573031996931e+01 3.682366664971703329e+01 3.691743478393627953e+01 3.701357684176308993e+01 3.710507813429000379e+01 3.718295730154942191e+01
2.409679362504220080e+03 -1.924077728630404920e+02 -1.925883817313860220e+02 -1.928846574784151926e+02 -1.931352470916035600e+02 -1.933627579986030582e+02 -1.935692281880939163e+02 -1.937549679171805224e+02 -1.939204900738402273e+02 -1.940674808294958495e+02 -1.941986969054480880e+02 -1.943165432821282650e+02 -1.944203083439223008e+02 -1.945030002294996336e+02 -1.945505613952187502e+02 -1.945471944618934970e+02
2.459679362504220080e+03 -4.925028865318432736e+01 -4.943492087972481386e+01 -4.961514936995596514e+01 -4.977213493429530189e+01 -4.989663654931361236e+01 -4.998919774287713835e+01 -5.005493882176286746e+01 -5.010027701888358820e+01 -5.013107276817282809e+01 -5.015197558272105738e+01 -5.016655001747454179e+01 -5.017768268952349331e+01 -5.018756356965315035e+01 -5.019649756227086357e+01 -5.018920276014704740e+01
2.509679362504220080e+03 -6.671530703629528034e+02 -6.678890174243539377e+02 -6.692448175673815740e+02 -6.705943142870227121e+02 -6.719550338149838353e+02 -6.732942462743235410e+02 -6.745968745605498498e+02 -6.758654880782625014e+02 -6.771107943049353253e+02 -6.783296437101195124e+02 -6.794750123308695038e+02 -6.804381078300991703e+02 -6.810772465170392707e+02 -6.813137026976733068e+02 -6.812484166228592812e+02
2.559679362504220080e+03 -2.399021808479977267e+02 -2.405568658350446185e+02 -2.412732991106906297e+02 -2.418471257306633504e+02 -2.423365474069834988e+02 -2.427681940278068282e+02 -2.431549221795076789e+02 -2.435032493592522940e+02 -2.438181385827373617e+02 -2.441050981840992620e+02 -2.443697618932062596e+02 -2.446145502682402935e+02 -2.448346463781587659e+02 -2.450266829538391846e+02 -2.452550489294699787e+02
2.609679362504220080e+03 4.385784671577371228e+02 4.394622964488275443e+02 4.415189269166874624e+02 4.430782955974770516e+02 4.442640317948150823e+02 4.452166204880095961e+02 4.460312558147064692e+02 4.467584936381861667e+02 4.474270088859110501e+02 4.480573425009274615e+02 4.486655292542296820e+02 4.492595070585676353e+02 4.498314556008072032e+02 4.503527456937117108e+02 4.507812527206492064e+02
2.659679362504220080e+03 -3.144542716578616819e+02 -3.151306024650004360e+02 -3.160542721833492692e+02 -3.169123035200700542e+02 -3.176912630650298865e+02 -3.183811667952097650e+02 -3.189929694664186854e+02 -3.195400674955884028e+02 -3.200299031365760811e+02 -3.204626456310573985e+02 -3.208339095399541065e+02 -3.211406460061641042e+02 -3.213893161704248769e+02 -3.215951779116199987e+02 -3.217434441000580705e+02
2.709679362504220080e+03 -9.374380040210047582e+01 -9.220149001255434484e+01 -9.244471515245457738e+01 -9.271217138605867092e+01 -9.297108312561989862e+01 -9.320995572015074515e+01 -9.342345769825750779e+01 -9.361010098566815429e+01 -9.377073709468459128e+01 -9.390719473411139973e+01 -9.402144382403200495e+01 -9.411541900338048094e+01 -9.419182638306695310e+01 -9.425998491616896047e+01 -9.437501982751942364e+01
2.759679362504220080e+03 3.454717493419958600e+02 3.455540647362320215e+02 3.461502283351080678e+02 3.470816239392094644e+02 3.481698920121197602e+02 3.492327616742388159e+02 3.501798526273160519e+02 3.509922928352754639e+02 3.516856476727523955e+02 3.522847019931871273e+02 3.528117797978924841e+02 3.532829241428587466e+02 3.537074250393212651e+02 3.540886619966356648e+02 3.544259718774415546e+02
2.809679362504220080e+03 -5.106836041539003759e+02 -5.116161777147019052e+02 -5.127666647999692486e+02 -5.137538741301870004e+02 -5.146668629829972588e+02 -5.155107128747825982e+02 -5.162780217993679344e+02 -5.169631166688508301e+02 -5.175661264094619582e+02 -5.180939293326158577e+02 -5.185610335160089335e+02 -5.189904639077407182e+02 -5.194112099147478148e+02 -5.198430508895038429e+02 -5.202529957190452023e+02
2.859679362504220080e+03 -2.630767292972623636e+03 -2.633048080462699545e+03 -2.637224735713396058e+03 -2.641385469494845438e+03 -2.645663670738044857e+03 -2.649994916491019922e+03 -2.654299892995384653e+03 -2.658466827729451325e+03 -2.662341461296324269e+03 -2.665738567258618332e+03 -2.668484235454403006e+03 -2.670480057144247439e+03 -2.671742123077622182e+03 -2.672110822194602861e+03 -2.668460828911845510e+03
2.909679362504220080e+03 3.182263064273937744e+03 3.182675561715381718e+03 3.185137953797346199e+03 3.189496621729532762e+03 3.195368759143860643e+03 3.201945029413051088e+03 3.208620487523947759e+03 3.215120124886069789e+03 3.221398168996387085e+03 3.227498744491464549e+03 3.233459670563379859e+03 3.239267308179008069e+03 3.244846522394374460e+03 3.250070359854985327e+03 3.254780027595726551e+03
2.959679362504220080e+03 1.217612774591385460e+03 1.217874248456599162e+03 1.219363159819008843e+03 1.221633677841077542e+03 1.224373153035714950e+03 1.227198597540252194e+03 1.229865593839462917e+03 1.232262654610512527e+03 1.234360697837311363e+03 1.236167696407329004e+03 1.237701761263394019e+03 1.238979899777583796e+03 1.240016237014853232e+03 1.240824600891814725e+03 1.241422844664934701e+03
3.009679362504220080e+03 -8.600068164548171126e+02 -8.604737332623182056e+02 -8.614749932564167239e+02 -8.627516391792156583e+02 -8.642909097106719400e+02 -8.660004207175885540e+02 -8.677691111111888631e+02 -8.694941121745339387e+02 -8.710962506662589249e+02 -8.725250897805017303e+02 -8.737610343229767977e+02 -8.748237721236463358e+02 -8.757882546693522272e+02 -8.767904451498520757e+02 -8.781143486363558850e+02
3.059679362504220080e+03 -2.582548655850748673e+02 -2.583946516008185199e+02 -2.586950980535218036e+02 -2.590853502955919225e+02 -2.595508666884473428e+02 -2.600592902108962789e+02 -2.605806179536581908e+02 -2.610936358364068610e+02 -2.615864226106410229e+02 -2.620540450482849337e+02 -2.624970443780827054e+02 -2.629268189070342601e+02 -2.633903149550310445e+02 -2.640225985201834078e+02 -2.650235506678297384e+02
3.109679362504220080e+03 -3.266385220981485418e+02 -3.273100533020775060e+02 -3.282731245312469923e+02 -3.290501548649271513e+02 -3.296935991168986106e+02 -3.302374268991667350e+02 -3.307088377261510459e+02 -3.311236219797589229e+02 -3.314885211962063067e+02 -3.318049004875164201e+02 -3.320729114174808387e+02 -3.322964724146169715e+02 -3.324875761111408110e+02 -3.326646247870643265e+02 -3.328421989855623906e+02
3.159679362504220080e+03 1.995548444173325322e+02 1.995897293029541970e+02 1.997863525513119498e+02 2.000828608569256630e+02 2.004449655243435018e+02 2.008408203796284113e+02 2.012545915026145451e+02 2.016761005750217350e+02 2.020954742998247866e+02 2.025041327695768416e+02 2.028978972908064122e+02 2.032790815971256109e+02 2.036556130185265090e+02 2.040371096318883417e+02 2.044287013322832252e+02
3.209679362504220080e+03 1.388080957473553099e+02 1.389719495909074851e+02 1.393133722249597213e+02 1.396091247437118739e+02 1.398863266284098756e+02 1.401611213788388000e+02 1.404430618549970973e+02 1.407371095529755678e+02 1.410465994293428480e+02 1.413745219736532874e+02 1.417231686170050011e+02 1.420923172809144432e+02 1.424768356294553087e+02 1.428647491998631835e+02 1.432363415182109634e+02
3.259679362504220080e+03 -1.156716745870559180e+02 -1.158266129009194998e+02 -1.160863848054104608e+02 -1.163213924686296394e+02 -1.165498967255670948e+02 -1.167738793081692847e+02 -1.169934711340291642e+02 -1.172073201945593866e+02 -1.174125997011137201e+02 -1.176051853894497015e+02 -1.177803210073730042e+02 -1.179336517019455783e+02 -1.180613941959667841e+02 -1.181587558986579864e+02 -1.182218838166466526e+02
3.309679362504220080e+03 -4.948997767580490290e+02 -4.958000057426116314e+02 -4.974198887925056738e+02 -4.989489119180120724e+02 -5.003910340400785230e+02 -5.017119486113552398e+02 -5.029038670173599144e+02 -5.039744006742766373e+02 -5.049388663917142139e+02 -5.058158136489889785e+02 -5.066224714011378865e+02 -5.073655424389850168e+02 -5.080242601211827491e+02 -5.085319736364676828e+02 -5.087844778412919595e+02
3.359679362504220080e+03 -1.076255202861764246e+02 -1.079698493752480317e+02 -1.083260220296208445e+02 -1.086780463165539601e+02 -1.090251888896631840e+02 -1.093532627479521580e+02 -1.096483485115502248e+02 -1.099031097933863919e+02 -1.101171794396006902e+02 -1.102952743897917713e+02 -1.104452199456624015e+02 -1.105759844691168468e+02 -1.106946994258159123e+02 -1.108029640571823933e+02 -1.109039839979304389e+02
3.409679362504220080e+03 7.313974307503201544e+01 7.335324126022219104e+01 7.377178326261280006e+01 7.410687586638630364e+01 7.438618020907215111e+01 7.462826910927336144e+01 7.484319066267518394e+01 7.503594043254993551e+01 7.521002237377109623e+01 7.536902604745259282e+01 7.551730953783855682e+01 7.566017325410048500e+01 7.580311924505896570e+01 7.594912971144235314e+01 7.609306417187360694e+01
3.459679362504220080e+03 -3.752041411933016093e+02 -3.759064210399586727e+02 -3.772066012233565857e+02 -3.784734104099659930e+02 -3.796693583711338533e+02 -3.807487552751604198e+02 -3.817037312115567715e+02 -3.825479086209472825e+02 -3.833037412753476474e+02 -3.839961198540617033e+02 -3.846506674273387034e+02 -3.852922008039790285e+02 -3.859365096216345137e+02 -3.865695852186829029e+02 -3.871379930512355827e+02
3.509679362504220080e+03 2.222821052552012020e+02 2.233431828699324342e+02 2.242460299446752572e+02 2.250345565022184928e+02 2.257757286714222005e+02 2.264587554105891911e+02 2.270800815859026613e+02 2.276435154823303435e+02 2.281557616994764714e+02 2.286237354285026129e+02 2.290537464157449676e+02 2.294516879558157427e+02 2.298234070289444162e+02 2.301737151772248922e+02 2.304998122957781561e+02
3.559679362504220080e+03 -1.759063655511415547e+01 -1.762983485491307079e+01 -1.769360979932100975e+01 -1.776646943260681866e+01 -1.783449671009915960e+01 -1.789176050838171861e+01 -1.793730770506100924e+01 -1.797276933169163016e+01 -1.800027348180439546e+01 -1.802163584748054603e+01 -1.803816149381857770e+01 -1.805067836805102388e+01 -1.805952331554206580e+01 -1.806447961871282715e+01 -1.806053542323032701e+01
3.609679362504220080e+03 9.127294797754218791e+01 9.216079171358003919e+01 9.239290636384127708e+01 9.269856850848859153e+01 9.298996135686404330e+01 9.326922104471628927e+01 9.353291641294228498e+01 9.378039977772937164e+01 9.401269974442318755e+01 9.423126341556725549e+01 9.443686922072338064e+01 9.462857699877758932e+01 9.480278211399048871e+01 9.495236202607817688e+01 9.506516811521331078e+01
3.659679362504220080e+03 -6.417082727877035495e+02 -6.432671806153609850e+02 -6.455345018957091270e+02 -6.475720367213322106e+02 -6.494591766336076262e+02 -6.512235613078363485e+02 -6.528809702355185891e+02 -6.544404222041974890e+02 -6.559088123020986814e+02 -6.572912898805400346e+02 -6.585887901423820949e+02 -6.597929304620794255e+02 -6.608792068047621342e+02 -6.618071328630892367e+02 -6.625295149096443765e+02
3.709679362504220080e+03 5.654582817482438486e+02 5.683934918097533000e+02 5.720924803321057652e+02 5.744334391447029020e+02 5.762211859615276808e+02 5.777468794027640797e+02 5.791153867411114788e+02 5.803669697193867023e+02 5.815220824158514006e+02 5.825926776067104811e+02 5.835821338222090162e+02 5.844813763070008008e+02 5.852664207743290490e+02 5.859033189850280223e+02 5.863629582835568499e+02
3.759679362504220080e+03 2.414399648461921402e+02 2.415145393533036042e+02 2.420283205161908313e+02 2.428137285934588760e+02 2.437169851863112058e+02 2.445989880917291828e+02 2.454033990098105562e+02 2.461259936817124583e+02 2.467809418719553776e+02 2.473833474859599164e+02 2.479438857087045562e+02 2.484681456645170954e+02 2.489561365085067735e+02 2.494019032125891044e+02 2.497942454070885674e+02
3.809679362504220080e+03 -8.452777602178707994e+00 -8.451487311196716590e+00 -8.457261284223436704e+00 -8.464104401656170396e+00 -8.470354736008921748e+00 -8.475175159038684569e+00 -8.478282859576673047e+00 -8.479761727111355896e+00 -8.479921314021371614e+00 -8.479158502677584863e+00 -8.477877912047839359e+00 -8.476537956043426192e+00 -8.476026600623768559e+00 -8.479350010940390092e+00 -8.497732391019367171e+00
3.859679362504220080e+03 1.128462893576341770e+02 1.128706359349659039e+02 1.129915058817895215e+02 1.132072375748673920e+02 1.135063329153784224e+02 1.138503379041670200e+02 1.142060922805424497e+02 1.145538720033547690e+02 1.148846135094789673e+02 1.151950593035671204e+02 1.154845129256984535e+02 1.157533042733307838e+02 1.160021462197248354e+02 1.162316424927656726e+02 1.164417882788042533e+02
3.909679362504220080e+03 2.115462338372154250e+02 2.131024227382612253e+02 2.139099871403718964e+02 2.145600389338662524e+02 2.151687425704875238e+02 2.157507886153632057e+02 2.163030043135683229e+02 2.168235268957473920e+02 2.173128690718897076e+02 2.177721350960096345e+02 2.182008911850888637e+02 2.185947956401845147e+02 2.189435877439688909e+02 2.192312542814283063e+02 2.194420926863099339e+02
3.959679362504220080e+03 -7.988840829844529026e+02 -8.001052523591704357e+02 -8.024430729217791622e+02 -8.049078243540393487e+02 -8.073951440625602345e+02 -8.097797649687859121e+02 -8.119998318738302032e+02 -8.140366734971329379e+02 -8.158957413912168022e+02 -8.175951904733803985e+02 -8.191619695097832619e+02 -8.206330620700122154e+02 -8.220546269674445057e+02 -8.234547709390777754e+02 -8.247252268622273732e+02
4.009679362504220080e+03 8.118158644634024768e+02 8.121880329281251534e+02 8.140804563896385844e+02 8.165686121353766111e+02 8.192566906582915180e+02 8.218572387231562288e+02 8.242633748683246040e+02 8.264616328326662824e+02 8.284705943323951942e+02 8.303122995827990280e+02 8.320026707680520985e+02 8.335494711298414359e+02 8.349523914532181834e+02 8.362039585031664046e+02 8.372924797046465528e+02
4.059679362504220080e+03 -5.245155024197887315e+02 -5.254156976341831751e+02 -5.269549972514735146e+02 -5.283073588921494093e+02 -5.295356856134666259e+02 -5.306491434915492391e+02 -5.316626080612046508e+02 -5.325889326565043120e+02 -5.334373097281285254e+02 -5.342132521752697585e+02 -5.349175277140337812e+02 -5.355431623165389965e+02 -5.360726002199045297e+02 -5.364836683272081927e+02 -5.367910235001996853e+02
4.109679362504220080e+03 -8.163082100505950223e+01 -8.199308876394165679e+01 -8.227269421378950653e+01 -8.251751352754006064e+01 -8.273550665457855757e+01 -8.292777514820893714e+01 -8.309620494076779096e+01 -8.324355212903518009e+01 -8.337262118877058015e+01 -8.348587687366102728e+01 -8.358546177353467499e+01 -8.367330047231087065e+01 -8.375072902448283685e+01 -8.381710181188019249e+01 -8.387087497626608013e+01
4.159679362504220080e+03 -6.341860129911571420e+01 -6.379764211715593802e+01 -6.409958077777498886e+01 -6.433116559611815433e+01 -6.450800200078765556e+01 -6.464612166276455696e+01 -6.475716585201649877e+01 -6.484891627292279281e+01 -6.492637083220820671e+01 -6.499263894543631181e+01 -6.504959653805642006e+01 -6.509834605383885275e+01 -6.513947247320258782e+01 -6.517293767906102175e+01 -6.519130269032396541e+01
4.209679362504220080e+03 -2.283846563569725845e+02 -2.294397801930184357e+02 -2.305546773008096579e+02 -2.314601622877121088e+02 -2.321903859451898882e+02 -2.327807104392061035e+02 -2.332627186875421330e+02 -2.336620656512243954e+02 -2.339984101110425456e+02 -2.342858905577933228e+02 -2.345340766600389202e+02 -2.347491089016689614e+02 -2.349342847577721898e+02 -2.350879817621457164e+02 -2.352046979947872103e+02
4.259679362504220080e+03 -3.404875977411493864e+02 -3.415241079999493081e+02 -3.429085944652979379e+02 -3.439047369284027127e+02 -3.446652989974672323e+02 -3.452657203685265586e+02 -3.457542482642791697e+02 -3.461608144626980561e+02 -3.465047258059777846e+02 -3.467991679374989644e+02 -3.470535782533432894e+02 -3.472750296135305916e+02 -3.474697181053441000e+02 -3.476467749008118631e+02 -3.478319438490638049e+02
4.309679362504220080e+03 -3.154621061762972900e+01 -3.160301488141033843e+01 -3.164621572675607197e+01 -3.166861826786748324e+01 -3.168164468499534792e+01 -3.168914222956314575e+01 -3.169297742456209832e+01 -3.169427761546143429e+01 -3.169382802193743132e+01 -3.169223657546979567e+01 -3.169003500785007077e+01 -3.168781437577063542e+01 -3.168649954990027950e+01 -3.168790721287690459e+01 -3.169550432867459833e+01
4.359679362504220080e+03 -2.497995403302252626e+01 -2.498828380814988037e+01 -2.499852804767294145e+01 -2.500211085122370491e+01 -2.500224650147690753e+01 -2.500011442928428806e+01 -2.499643705673446448e+01 -2.499175967710129953e+01 -2.498659755918048475e+01 -2.498157684665665101e+01 -2.497762816129701946e+01 -2.497623147958126921e+01 -2.497955342767334130e+01 -2.499002247716087766e+01 -2.500853546718933629e+01
4.409679362504220080e+03 -1.785527810215057443e+01 -1.785266613487175036e+01 -1.784855748468633152e+01 -1.784240086754947541e+01 -1.783499809884581921e+01 -1.782684087010802898e+01 -1.781832302409383217e+01 -1.780985208507663131e+01 -1.780194097099365891e+01 -1.779528471077555096e+01 -1.779077374914697529e+01 -1.778932568461943120e+01 -1.779138953463812811e+01 -1.779620282494028771e+01 -1.780141206472120530e+01
4.459679362504220080e+03 -8.982428260409029974e+00 -8.972478853338790472e+00 -8.957204254990152492e+00 -8.942732881993133986e+00 -8.928437121957172096e+00 -8.914417026570619740e+00 -8.900783229009887165e+00 -8.887687390067624094e+00 -8.875332068419881537e+00 -8.863946283845335117e+00 -8.853703114678173947e+00 -8.844577421432708420e+00 -8.836180607501470163e+00 -8.827777997853575087e+00 -8.818686324151176592e+00
4.509679362504220080e+03 -1.013684000506384031e+01 -1.013003477726963553e+01 -1.011913750134654322e+01 -1.010839940224703959e+01 -1.009752797310926908e+01 -1.008673054272505709e+01 -1.007622559399268347e+01 -1.006626861136618345e+01 -1.005713727194127749e+01 -1.004906864230336794e+01 -1.004214736076226444e+01 -1.003619528096319868e+01 -1.003075161159903317e+01 -1.002525341414381010e+01 -1.001927303792326462e+01
4.559679362504220080e+03 -9.472774614062782206e+00 -9.481979820577072005e+00 -9.474292963694207259e+00 -9.465803744707075751e+00 -9.456924021659817825e+00 -9.447988004479160651e+00 -9.439255440974349654e+00 -9.430997683780404373e+00 -9.423475474373757876e+00 -9.416875178628510312e+00 -9.411222503146577267e+00 -9.406322243801072958e+00 -9.401794763701705193e+00 -9.397318789042659049e+00 -9.393460234382752461e+00
4.609679362504220080e+03 -1.074040580389319821e+01 -1.074536971245816552e+01 -1.074098697357160681e+01 -1.073548117215603526e+01 -1.072938821812502219e+01 -1.072310865053099072e+01 -1.071699285369174248e+01 -1.071139530048113819e+01 -1.070663813493591299e+01 -1.070293829039263578e+01 -1.070032636052083497e+01 -1.069861363542107391e+01 -1.069753838274070823e+01 -1.069723724657085562e+01 -1.069904852752910607e+01
4.659679362504220080e+03 2.262985599779504309e+00 2.330484945111754413e+00 2.352100079141319355e+00 2.371485265942281373e+00 2.389756475756791065e+00 2.407448514426199004e+00 2.424807011649535049e+00 2.442081095503078725e+00 2.459533076000697260e+00 2.477419899262902181e+00 2.495953581681193079e+00 2.515234783401943286e+00 2.535252575651255391e+00 2.555986879166640247e+00 2.577661008644598795e+00
4.709679362504220080e+03 -4.587072491007326391e+00 -4.593412756996221091e+00 -4.584226501671547993e+00 -4.575029653299829135e+00 -4.565649969857739521e+00 -4.556272505993339550e+00 -4.547017659991277938e+00 -4.537992273189816572e+00 -4.529275145443079076e+00 -4.520895258394683758e+00 -4.512822955680540815e+00 -4.504997622151736714e+00 -4.497420851616075410e+00 -4.490337697854680066e+00 -4.484491068144941472e+00
4.759679362504220080e+03 6.627747001688339523e+00 6.764887928564787600e+00 6.818863903687865324e+00 6.843431497848412093e+00 6.863905518759962909e+00 6.883327202142125678e+00 6.902303142541918568e+00 6.921214264420364692e+00 6.940429916279123645e+00 6.960294402732493779e+00 6.981078633451804016e+00 7.002924381050530833e+00 7.025838435403205295e+00 7.049872252445177345e+00 7.075493163792816453e+00
4.809679362504220080e+03 5.797795602452442409e+00 5.879898601596610597e+00 5.945912663215390026e+00 5.973923283326723954e+00 5.993263931930571609e+00 6.010673254122943732e+00 6.027538372401686217e+00 6.044284071131809100e+00 6.061205681921646438e+00 6.078570245444677944e+00 6.096597484182035842e+00 6.115420532218311500e+00 6.135074493745393376e+00 6.155606437075478610e+00 6.177323772954066428e+00
4.859679362504220080e+03 1.121677259157096351e+01 1.128269838022669092e+01 1.141691735967688182e+01 1.148989116612411543e+01 1.152909810138568325e+01 1.155513784276135425e+01 1.157700451576940992e+01 1.159769905464021811e+01 1.161828167273927015e+01 1.163931292137116635e+01 1.166119736055154910e+01 1.168421903973323595e+01 1.170851248603926464e+01 1.173415456417715497e+01 1.176145545577201013e+01
4.909679362504220080e+03 1.623195933656786849e+01 1.625647001594897390e+01 1.638635744962818208e+01 1.651081878093695821e+01 1.659653593645307623e+01 1.665010333288991617e+01 1.668577490908598548e+01 1.671349237656514930e+01 1.673829534375630601e+01 1.676246386168065072e+01 1.678709410298094795e+01 1.681280608443076474e+01 1.683995950172986866e+01 1.686875646808255524e+01 1.689946302103605547e+01
4.959679362504220080e+03 2.089028718949603558e+01 2.089561349353216002e+01 2.096862112904787523e+01 2.108275087680377169e+01 2.120503455887230260e+01 2.130441389025672905e+01 2.137538024079834287e+01 2.142504889245919486e+01 2.146206030548409771e+01 2.149280450321512959e+01 2.152113653077670108e+01 2.154918742834715317e+01 2.157811247293703616e+01 2.160854314146973820e+01 2.164088963379425934e+01
5.009679362504220080e+03 2.365453339451687143e+01 2.365463992813822713e+01 2.368246817130074788e+01 2.374526791478080412e+01 2.383933573897831693e+01 2.394706482755245602e+01 2.404896219277457448e+01 2.413156164799761072e+01 2.419425126830127226e+01 2.424175630725426345e+01 2.427957939821024169e+01 2.431220793019300075e+01 2.434273507199759123e+01 2.437309587788623233e+01 2.440444854130127084e+01
5.059679362504220080e+03 2.692075326361071674e+01 2.692031656206954437e+01 2.693111813235708141e+01 2.696158820530204281e+01 2.701840524711631986e+01 2.709963849963681426e+01 2.719631388004249928e+01 2.729647064531835809e+01 2.738851748767589456e+01 2.746545049146028106e+01 2.752670480719288904e+01 2.757565527898571744e+01 2.761633777097776488e+01 2.765231892086509546e+01 2.768630138351194603e+01
5.109679362504220080e+03 -2.618585530646306836e+01 -2.621343267011865663e+01 -2.627373951568186428e+01 -2.635930578204978758e+01 -2.646712260914292969e+01 -2.658778139875914093e+01 -2.670994389391754709e+01 -2.682377266664745719e+01 -2.692284522912564171e+01 -2.700382571303454071e+01 -2.706849142133353681e+01 -2.712098713275043593e+01 -2.716887723507225516e+01 -2.723511143085481478e+01 -2.740465238546757476e+01
5.159679362504220080e+03 2.122988868417827391e+01 2.124261763527401925e+01 2.126670755138382773e+01 2.129869692565189254e+01 2.134275747419244240e+01 2.139845537549422261e+01 2.146296368133268828e+01 2.153163065358286588e+01 2.159970184842600460e+01 2.166316253359277155e+01 2.171936945146096321e+01 2.176850224791415656e+01 2.181347230554355221e+01 2.186289915648722726e+01 2.193724836954054780e+01
5.209679362504220080e+03 5.084875468590939107e+01 5.084997953179363606e+01 5.087040310635600093e+01 5.091107624319400315e+01 5.097434456034833516e+01 5.106141557668147613e+01 5.117187672497077244e+01 5.130248104348559224e+01 5.144711458139110505e+01 5.159768468395855479e+01 5.174536405905620029e+01 5.188295777084343285e+01 5.200702974039969462e+01 5.216132785399258864e+01 5.235876085672374813e+01
5.259679362504220080e+03 7.992006417084013492e+01 7.992055958893730860e+01 7.992094278855402933e+01 7.992558542518018783e+01 7.993858145429558704e+01 7.996572265100490995e+01 8.001256099787903509e+01 8.008348057497428840e+01 8.018106952983195868e+01 8.034437918957969771e+01 8.049112242568227771e+01 8.066282400394580065e+01 8.084352529242710261e+01 8.102803855197625182e+01 8.121029494499049406e+01
5.309679362504220080e+03 3.547442007443728063e+00 3.547076050310538964e+00 3.543363438502071805e+00 3.538199792691420598e+00 3.530326828905741010e+00 3.519614475872339110e+00 3.506350343126945823e+00 3.491420524462944375e+00 3.481992285619832650e+00 3.465643789159674082e+00 3.452716134644721269e+00 3.441137557085798715e+00 3.431952326442555989e+00 3.424222284116641202e+00 3.419101160465011890e+00
5.359679362504220080e+03 2.028351878943860243e+01 2.028405370119646989e+01 2.028445782082043181e+01 2.028561011799332547e+01 2.028732094881056724e+01 2.029024742899930445e+01 2.029542671623980254e+01 2.030723792919048165e+01 2.031754046009304204e+01 2.033100038571011581e+01 2.035000230945039590e+01 2.037314145966259105e+01 2.040060965355598910e+01 2.043143956489450730e+01 2.046612298302763122e+01
5.409679362504220080e+03 3.104125852263206298e+02 3.104226422658830415e+02 3.104449816716109467e+02 3.104793043299837905e+02 3.105336746434443853e+02 3.106152922327781312e+02 3.107325453823150951e+02 3.108960993246038811e+02 3.111047512409952560e+02 3.113720863579851539e+02 3.117042203448292526e+02 3.121049843011138023e+02 3.125741912927493331e+02 3.131076510902441328e+02 3.136997126260795881e+02
5.459679362504220080e+03 7.322791688343742180e+02 7.768113936112671354e+02 8.428904790318522373e+02 8.984146461436134814e+02 9.484859900721269241e+02 9.953925563781141364e+02 1.040300024812189804e+03 1.083641203826564379e+03 1.125398064171770784e+03 1.165212718176912858e+03 1.202574204663900218e+03 1.236792553533555065e+03 1.265902910201275745e+03 1.292852473311290623e+03 1.320145741826033600e+03
5.509679362504220080e+03 -5.713772406581538732e+00 -4.663710956798901464e+00 -1.291651681362829596e+00 1.336179194739056220e+00 6.126956694421407112e-01 -2.232086415568593107e+00 -6.106574370495214232e+00 -1.030223107161536333e+01 -1.444571624293119427e+01 -1.824647677898309439e+01 -2.182771215218124894e+01 -2.464778740431962234e+01 -2.759771449794042653e+01 -2.960577134228698881e+01 -3.125333786817047255e+01
5.559679362504220080e+03 -1.034123403640354866e+02 -1.054913901970392942e+02 -1.072600701145889133e+02 -1.100381247724770617e+02 -1.126739468569714262e+02 -1.148890268742876657e+02 -1.165163625763647417e+02 -1.175406686698451892e+02 -1.183983815410074527e+02 -1.192965854441185485e+02 -1.214062677365742644e+02 -1.236633027373200377e+02 -1.292870391258299207e+02 -1.323024407077507760e+02 -1.430812254912484036e+02
5.609679362504220080e+03 7.550337764214408054e+00 6.170716099444666369e+00 3.769868240919101776e+00 1.579538846369660909e+00 -6.371739532196774025e-01 -2.920476078848967649e+00 -5.278051714691700091e+00 -7.722349317579237926e+00 -1.026371565019825027e+01 -1.288814556016292379e+01 -1.553352455107417462e+01 -1.814773234305115324e+01 -2.054843435767941529e+01 -2.271707072520949211e+01 -2.431240421593700063e+01
5.659679362504220080e+03 -8.948192953786087145e+00 -1.168017467491572425e+01 -1.487552624176991500e+01 -1.650228961596561206e+01 -1.705859521690533498e+01 -1.648680532370460483e+01 -1.585682473882026855e+01 -1.210831200656169848e+01 -7.997526384830448087e+00 -3.914266157541510527e+00 9.504403829940818449e-01 5.267070053607735503e+00 1.191987852932063774e+01 1.629654415628550268e+01 2.534893692691967004e+01
5.709679362504220080e+03 1.377865493899671208e+02 1.357961687424792103e+02 1.286555329967079331e+02 1.214078903400125142e+02 1.130068301029130424e+02 1.036090533802682501e+02 9.330721462137938715e+01 8.237897846934104962e+01 7.101154065336331200e+01 5.926968053349425958e+01 4.739196853523852582e+01 3.475531758663300508e+01 2.367907214552375450e+01 6.466652403562796358e+00 2.437394502277026476e+00
5.759679362504220080e+03 2.003259035928825327e+01 2.002772604352223240e+01 2.092097245074772260e+01 2.211535863061335050e+01 2.317274936637176808e+01 2.356508507943736319e+01 2.393463256610949585e+01 2.468607092048222640e+01 2.467144194294633408e+01 -6.839078780343771591e+00 -6.832865837358138350e+00 -6.807827993368871233e+00 -6.775751426306863223e+00 -6.730728534538869212e+00 -6.668525335019997335e+00
5.809679362504220080e+03 -1.610245332591719603e+01 -1.570245435345702667e+01 -1.367125442549209424e+01 -1.076944281795457137e+01 -7.110342857816680073e+00 -3.240654043824358954e+00 1.096833665567535920e-01 4.346874714508900617e+00 4.902803884028241299e+00 -1.041466923472338157e+00 -1.042917449555277987e+00 -1.040821342266034399e+00 -1.040379110544364050e+00 -1.039055275073084594e+00 -1.038128597725532787e+00
5.859679362504220080e+03 3.369662821286835452e+01 3.386038488790148193e+01 3.374221128283656412e+01 3.359222583159690600e+01 3.359110274911569860e+01 3.389342813842016255e+01 3.410074307420149609e+01 3.538344325377661903e+01 -5.177717881176213677e-01 -5.259621560427152342e-01 -5.217886209490802951e-01 -5.233376937070671753e-01 -5.224910142433838445e-01 -5.226951214245753041e-01 -5.224317121132586728e-01
5.909679362504220080e+03 -1.360941207813506360e+01 -1.328830411591981786e+01 -1.289467182859453231e+01 -1.261457679543028121e+01 -1.234010193534006916e+01 -1.222720153164361534e+01 -1.181660965706850952e+01 -1.208793032324327932e+01 -3.890937802445615934e-01 -3.894080700382057114e-01 -3.891276680330351123e-01 -3.894738582812932726e-01 -3.892341335644581846e-01 -3.892226273325741226e-01 -3.890277279706235158e-01
5.959679362504220080e+03 -1.590089784048797981e+02 -1.566491910267530727e+02 -1.533122255954655486e+02 -1.507064796748979347e+02 -1.507911694560023932e+02 -1.444394028209683256e+02 -1.392579580666694028e+02 -3.286581628428401625e-01 -3.259099871888206934e-01 -3.273743270703342034e-01 -3.278714393356323975e-01 -3.284331327022481650e-01 -3.295176099698281513e-01 -3.304524907326659711e-01 -3.316835869371059231e-01
6.009679362504220080e+03 8.927732913529274583e+01 7.432074101947030442e+01 7.538142968243356279e+01 1.118390676423772589e+02 1.674921613071981596e+02 2.461762534104980205e+02 -1.641316862974964708e-01 -2.209040919428584548e-01 -2.178123071361765806e-01 -2.148823342788206137e-01 -2.206380082728774394e-01 -2.199105504219045493e-01 -2.208464682590488837e-01 -2.203203554928334917e-01 -2.189768096615847537e-01
6.059679362504220080e+03 2.998038920548132182e+02 2.988785860829622720e+02 2.916869314706409568e+02 2.960264518711957180e+02 3.068855457193251937e+02 2.963577338260626561e+02 -2.155465783330226259e-01 -2.381255176465208456e-01 -2.254803485921114958e-01 -2.296151147624490574e-01 -2.258236910344201265e-01 -2.258856577581593306e-01 -2.233637749319839494e-01 -2.208277290930669157e-01 -2.179304190604756664e-01
6.109679362504220080e+03 -4.587317461976213195e+01 -4.662514218915784170e+01 -4.595189353600601834e+01 -4.264468930147240400e+01 -5.398208722272317317e+01 -1.983451289984044408e+01 -7.361043751496474385e-01 -7.363564450892716717e-01 -7.428012412628151040e-01 -7.452943897468656820e-01 -7.482943062104426835e-01 -7.494712222038885097e-01 -7.510158986164924277e-01 -7.519004303294619662e-01 -7.526235424421133802e-01
6.159679362504220080e+03 -6.122228812921993040e+02 -6.068437846303390870e+02 -6.003320086257979256e+02 -5.974377894276190091e+02 -6.377883609520059736e+02 -6.347896194859355035e+01 -4.275884089774640850e-01 -4.245992240948452401e-01 -4.336090779980115162e-01 -4.352723210026813727e-01 -4.389499212080027468e-01 -4.420297359392660330e-01 -4.448280208587085949e-01 -4.475676136647523395e-01 -4.500606211475710050e-01
6.209679362504220080e+03 -8.217602025393805434e+02 -8.157143105750105860e+02 -8.070922808686688086e+02 -8.059100980198293200e+02 -8.365980858433133562e+02 -1.583119949499808570e+02 -7.060828292131350326e-01 -6.975823891642930485e-01 -7.084975959020102243e-01 -7.117214121154188389e-01 -7.161281487057160611e-01 -7.212588997731342877e-01 -7.260362558095354579e-01 -7.312109252940754978e-01 -7.360549952370908366e-01
6.259679362504220080e+03 2.354363446261023185e+01 2.207989320478325368e+01 2.434011955648841763e+01 3.061277637060256396e+01 2.763557302294467632e+01 -7.767050270703562687e-01 -7.455911297510011693e-01 -7.760291654247238879e-01 -7.634660365651186886e-01 -7.750046148445324246e-01 -7.733236595808553604e-01 -7.776895680502461383e-01 -7.793704854513111568e-01 -7.817504486369890593e-01 -7.835397749223106389e-01
6.309679362504220080e+03 -4.879361193198834599e+02 -4.848376178780306418e+02 -4.786706537188177890e+02 -4.755655474456149250e+02 -5.052744943472887940e+02 -6.283355862109635259e-01 -5.800030605532540129e-01 -5.890338754593537063e-01 -5.880275282157324535e-01 -5.844291731375668153e-01 -5.839264754650782541e-01 -5.815006377954790029e-01 -5.799540170159152019e-01 -5.778987643436750421e-01 -5.760765763850371757e-01
6.359679362504220080e+03 1.859708086741409829e+02 1.856792134305207469e+02 1.832510386811528917e+02 1.787405481325333199e+02 1.781908540245062511e+02 -6.749495229062110191e-01 -6.934340127291551692e-01 -6.851754445936732996e-01 -6.863074743119498278e-01 -6.837856164398918857e-01 -6.817593199028030293e-01 -6.793803623320270324e-01 -6.763824253864876290e-01 -6.731267920356582835e-01 -6.693886645799933532e-01
6.409679362504220080e+03 -5.800668993648855354e-01 -1.094597301723958305e+00 -7.804996338391582134e-01 8.777897186209312475e-01 -3.480778575173161471e+00 -6.120670641624190722e-01 -6.100259038617596996e-01 -6.215330805922962831e-01 -6.220592107466862419e-01 -6.253916564081095641e-01 -6.261533626687896259e-01 -6.271814803529763838e-01 -6.272992021901478976e-01 -6.271483407665163767e-01 -6.264970662645935606e-01
6.459679362504220080e+03 -3.784591682413310991e+02 -3.776319379909165832e+02 -3.728660336093983005e+02 -3.684843267764040320e+02 -2.606877900957433667e+02 -6.388376852425020624e-01 -6.282163621280358878e-01 -6.430689762984392877e-01 -6.459138734559543016e-01 -6.505287901405042428e-01 -6.541281747145945014e-01 -6.572543793221458097e-01 -6.600817449446367835e-01 -6.622524982065577381e-01 -6.638796627344070167e-01
6.504679362504220080e+03 -1.461973965864242757e+02 -1.452921552185005680e+02 -1.433512879164044307e+02 -1.715850859793386576e+02 -8.195041230875736105e+00 -6.753259734795471481e-01 -6.748981836712510951e-01 -6.853460647794817895e-01 -6.843522393566410233e-01 -6.863995597105301272e-01 -6.857980116420401284e-01 -6.855693984101781657e-01 -6.846938890162720392e-01 -6.837246675748435143e-01 -6.824153069167988583e-01
6.509679362504220080e+03 -5.121269591958288458e+01 -5.025825813538023112e+01 -4.817901107922669013e+01 -6.776251527924668494e+01 -1.258670509000442905e+01 -6.871853185962859545e-01 -6.840272863529119896e-01 -6.956916465080636991e-01 -6.930871056292796650e-01 -6.961069666813779477e-01 -6.956282397799447015e-01 -6.965022905922421126e-01 -6.966063102478108338e-01 -6.967926988789892029e-01 -6.965739827366794756e-01
6.559679362504220080e+03 8.761078686933423398e+01 8.623780790038284749e+01 8.607139552053585874e+01 8.100158910027255388e+01 -6.735342609185263063e-01 -4.600702128607949137e-01 -5.971297296759341400e-01 -5.530294686497564394e-01 -5.624646377947086773e-01 -5.622928703840825992e-01 -5.630303002945100665e-01 -5.636811090735226459e-01 -5.638886957988334947e-01 -5.639958206608265412e-01 -5.636474702776167467e-01
6.609679362504220080e+03 -2.064147812792257071e+02 -2.056403357728420644e+02 -2.023946683931191615e+02 -2.144797931650379041e+02 -5.572270277791121496e-01 -4.595227250485183212e-01 -5.005933514813426521e-01 -4.873623073282840057e-01 -4.967639052744789452e-01 -4.980501836595246923e-01 -5.016596272654862965e-01 -5.041099354922584652e-01 -5.062582798906808401e-01 -5.078236625493465217e-01 -5.085410506778741402e-01
6.659679362504220080e+03 -9.468420509114368144e+01 -9.282922118505157982e+01 -8.952578556201098081e+01 -8.172164404070655053e+01 -6.669890919496437220e+01 -3.778041045023708411e-01 -3.711812866490153406e-01 -3.738259162738851726e-01 -3.726308176984858278e-01 -3.745731946256804501e-01 -3.750108753298396769e-01 -3.767608040953576709e-01 -3.780105854689874700e-01 -3.795789904530911807e-01 -3.809810425238503440e-01
6.709679362504220080e+03 1.616510524586984161e+02 1.605400450355942041e+02 1.585538009087628097e+02 1.586109056547479099e+02 -3.173034480224312670e-01 -3.287991275840743688e-01 -3.238704089697900801e-01 -3.285423105675422950e-01 -3.266619701972290901e-01 -3.251130047468587803e-01 -3.278704726948103443e-01 -3.261784232584640786e-01 -3.266943441876334342e-01 -3.253750530657497086e-01 -3.234235540514017182e-01
6.759679362504220080e+03 2.089221856192049245e+02 2.081981191585932436e+02 2.060388023686075201e+02 2.093062696408868248e+02 -2.695378215399971134e-01 -2.908154202255367471e-01 -2.817872273165951680e-01 -2.836748352529440687e-01 -2.819686570877681375e-01 -2.816249676761272691e-01 -2.809752495459270083e-01 -2.808862899609492203e-01 -2.810273036016873172e-01 -2.813690829287444073e-01 -2.819990798167488766e-01
6.809679362504220080e+03 1.313899894393579473e+02 1.311912813670718094e+02 1.299013324812968335e+02 1.321147523126730619e+02 -2.664127036754015410e-01 -2.855887408893493240e-01 -2.756337768446349146e-01 -2.799778500538441239e-01 -2.787138218035443149e-01 -2.799161739810521188e-01 -2.800998807577700367e-01 -2.805866882027193143e-01 -2.807058997800619959e-01 -2.805236003075542994e-01 -2.801204801659243349e-01
6.859679362504220080e+03 -2.442458038716310114e+02 -2.441567709101933303e+02 -2.411911966322583112e+02 -2.429851187410620525e+02 -3.090091901748321379e-01 -2.872128307693155858e-01 -2.991664567881435755e-01 -2.946587853989139916e-01 -2.963331845850568635e-01 -2.961136836965398422e-01 -2.967345571221243761e-01 -2.974859154098777325e-01 -2.983903709802703252e-01 -2.991656520761059590e-01 -2.992016210751964334e-01
6.909679362504220080e+03 -1.737604719318535373e+01 -1.708416981834636061e+01 -1.597334719677109760e+01 -1.532661699492553531e+01 -2.523937277026299664e-01 -2.455316504028701441e-01 -2.493711450726786016e-01 -2.452720900626942646e-01 -2.462315093129473498e-01 -2.451535088302787546e-01 -2.459522172893825187e-01 -2.470007275236840716e-01 -2.489722050380561991e-01 -2.511783653037900077e-01 -2.527775834336516425e-01
6.959679362504220080e+03 7.274592433733288033e+01 7.249020880796510369e+01 7.073714919135930757e+01 7.059136627988436885e+01 -2.032244113697334875e-01 -2.063448769950861628e-01 -2.036407818925967117e-01 -2.049462557239145333e-01 -2.051276804769947559e-01 -2.064613984332261398e-01 -2.078131731440131247e-01 -2.094939437927601789e-01 -2.111600352326940266e-01 -2.125497809318054876e-01 -2.132204133773088484e-01
7.009679362504220080e+03 -6.616138006607225464e+01 -6.540001985201955392e+01 -6.370519058358829056e+01 -6.443159771440731731e+01 -1.924973848918578589e-01 -1.939694798405992293e-01 -1.933072403618569801e-01 -1.949370158416551535e-01 -1.951343155570712806e-01 -1.958152111413394014e-01 -1.959183716666019204e-01 -1.958093389217275271e-01 -1.951506084195005208e-01 -1.940083612619398490e-01 -1.920930762271406966e-01
7.059679362504220080e+03 -1.946014425315491394e+02 -1.945709809124784613e+02 -1.927667016413979866e+02 -1.921360762832374860e+02 -1.832316678714755454e-01 -1.792343936018939154e-01 -1.840537112051330582e-01 -1.862510415291461774e-01 -1.902386550882468053e-01 -1.945659779061584549e-01 -1.987553004041613947e-01 -2.024619620625841554e-01 -2.051030795977174248e-01 -2.066807480656246698e-01 -2.058398480129740027e-01
7.109679362504220080e+03 1.278586645908495001e+02 1.264441194158344359e+02 1.222933520307053357e+02 1.236367367917916198e+02 -1.793775455096913163e-01 -1.794207125419526594e-01 -1.783661554139090999e-01 -1.751352887594133656e-01 -1.726326647714769014e-01 -1.688410577763660991e-01 -1.644358943044771648e-01 -1.587207561369833042e-01 -1.519734829754575134e-01 -1.447017946875984451e-01 -1.382454140263854603e-01
7.159679362504220080e+03 3.441061224586013623e+01 3.491393816304503872e+01 3.434342431190796674e+01 3.228102312076341462e+01 -1.308407466660828911e-01 -1.319002573167893932e-01 -1.250827330370509471e-01 -1.273437960829463811e-01 -1.267275647611142975e-01 -1.295211324122879093e-01 -1.320111192869537486e-01 -1.345816905147511899e-01 -1.361141572022568080e-01 -1.360941526519243439e-01 -1.351749041978931309e-01
7.209679362504220080e+03 3.895966057567086693e+01 3.921345259160248986e+01 3.873465290823425988e+01 3.792164455175679905e+01 -1.303487094709858685e-01 -1.313325300017814945e-01 -1.302956618708480951e-01 -1.309806920575700140e-01 -1.302704743673709642e-01 -1.302754803567333641e-01 -1.297782677847398036e-01 -1.291099456236699528e-01 -1.287227854065667310e-01 -1.292192296775388771e-01 -1.307850721215222667e-01
7.259679362504220080e+03 -3.613600253300054987e+01 -3.648856154247194894e+01 -3.781831414193784724e+01 -4.195773005922847076e+00 -1.342873264873531147e-01 -1.349692777756497097e-01 -1.332858576919239979e-01 -1.335084282590499327e-01 -1.331964654185762431e-01 -1.332037495063732591e-01 -1.333846394493683474e-01 -1.321247417173059824e-01 -1.298397763678204864e-01 -1.262646650868040066e-01 -1.207631875155827511e-01
7.309679362504220080e+03 1.335746674989142768e+01 1.356414304940854798e+01 1.475166558599410394e+01 -6.244150043423937757e-02 -1.218000242312847897e-01 -9.520525506079682843e-02 -1.003740263871449601e-01 -9.322207124250533883e-02 -9.186369105963380910e-02 -9.081447027731759380e-02 -9.244763815403453378e-02 -9.569704347980463599e-02 -1.006886860015250990e-01 -1.060359337047781930e-01 -1.102576046907967344e-01
7.359679362504220080e+03 -4.266416120014883262e+01 -4.291777070932280225e+01 -4.390347673956522812e+01 -3.643846641466372915e+01 -9.943306846166720392e-02 -1.001877720729217186e-01 -1.060614415676830041e-01 -1.105384731820019117e-01 -1.140666916979010959e-01 -1.173952692801372988e-01 -1.200055261117125016e-01 -1.213564308904283295e-01 -1.223044015174409860e-01 -1.228216844585632989e-01 -1.225336489767803738e-01
7.409679362504220080e+03 -3.980178783739511061e+01 -4.256242929909964801e+01 -4.676356354420946104e+01 -4.793414155145845967e+01 -9.072769105685847546e-02 -9.087143466489269739e-02 -9.485314374766148915e-02 -9.527469705896805807e-02 -9.696334353386958094e-02 -9.786157947146909009e-02 -9.969683998836768868e-02 -9.873548768818091181e-02 -9.821228758932021297e-02 -9.809922932999627643e-02 -9.820499714154910798e-02
7.459679362504220080e+03 3.802928594669762674e+01 3.790420224483422373e+01 4.070688925526230406e+01 -8.610479470590991224e-02 -8.582035467462152678e-02 -7.968635426441496306e-02 -7.742195240211463547e-02 -7.374246478439341890e-02 -7.084893858762761343e-02 -6.869416762192016856e-02 -6.755762861784689322e-02 -6.623472864226226386e-02 -6.681365163081645631e-02 -6.971379459042663373e-02 -7.451628436633497832e-02
7.509679362504220080e+03 2.513258782473995723e+01 2.507571081862022666e+01 2.817743498677606695e+01 -5.692297135264704627e-02 -5.694805465035605169e-02 -5.667998480492419250e-02 -5.945621647540944715e-02 -6.379955221942583410e-02 -6.985889360138661242e-02 -7.682683589778868671e-02 -8.402047960332688359e-02 -8.889264741842671513e-02 -9.350079158706453564e-02 -9.754679804834527623e-02 -1.008747584217682125e-01
7.559679362504220080e+03 -1.697471144016277549e+02 -1.685493996813005708e+02 -1.756215908597661155e+02 -7.894952332859517252e-02 -8.037280078761223356e-02 -8.538704029898441794e-02 -9.024735618839414830e-02 -9.354235749111526610e-02 -9.670758445706326145e-02 -9.846674060632899794e-02 -1.043828577842344230e-01 -1.041734163142495756e-01 -1.025861074081819563e-01 -9.989693893353372711e-02 -9.572819845015344276e-02
7.609679362504220080e+03 -3.425335801552502346e+01 -3.387360315609819850e+01 -3.305511982835238882e+01 -6.590563573043792256e-02 -6.473714192531500322e-02 -6.009833121002424589e-02 -5.923422180692922839e-02 -5.687133594755387767e-02 -5.597670116595925005e-02 -5.565803514730045115e-02 -5.698449158163808315e-02 -5.796354807589210179e-02 -6.135304672390173159e-02 -6.673639976113743266e-02 -7.240971598681285315e-02
7.659679362504220080e+03 2.569122903812985914e+00 2.768085026185746589e+00 4.378118966356296937e+00 -4.641981396806030280e-02 -4.600614728571522649e-02 -4.370191478015685721e-02 -4.509852076486441791e-02 -4.744467792501215475e-02 -5.218352413401229628e-02 -5.834135763415231740e-02 -6.604931187066938325e-02 -7.163796424733764878e-02 -7.709879001114811059e-02 -8.165133130460039412e-02 -8.529808955280272775e-02
7.709679362504220080e+03 -5.014019608036907272e+01 -4.983418629963307467e+01 -5.072573093508596287e+01 -4.885559169790236467e-02 -4.967725507296241738e-02 -5.349229120155220285e-02 -5.919699915742870217e-02 -6.535646358831852243e-02 -7.161273576748188041e-02 -7.668596574259550769e-02 -8.231690876326101802e-02 -8.412498090859715782e-02 -8.528782293517991886e-02 -8.569624722785809667e-02 -8.535919538638243875e-02
7.759679362504220080e+03 5.073487770756279502e+01 4.987570005194822897e+01 5.029482603098913529e+01 -6.050518095648850514e-02 -6.067725508670072931e-02 -6.098039743694418091e-02 -5.911921916783136749e-02 -5.826560022173592895e-02 -5.657839307819623187e-02 -5.513165952085810617e-02 -5.411186062914587896e-02 -5.092629423226537749e-02 -4.792573441207482327e-02 -4.525292646672366553e-02 -4.344128218741168113e-02
7.809679362504220080e+03 2.614484043314453388e+01 2.597159444168006459e+01 2.682557140176077226e+01 -3.932126137374741121e-02 -3.812790170110846866e-02 -3.588536286588060731e-02 -3.505939427995971580e-02 -3.623661966222947728e-02 -3.910706939174340979e-02 -4.370773728621361182e-02 -5.022214763209795901e-02 -5.458511412833561005e-02 -5.914575524813860813e-02 -6.339305162046951492e-02 -6.755638428403237805e-02
7.859679362504220080e+03 3.831776082226960511e+01 3.796704541749642914e+01 3.792305703613149603e+01 -4.029470818916659758e-02 -4.200007447816114098e-02 -4.611876427619688440e-02 -4.960275721926840631e-02 -5.443726126646577373e-02 -5.809611568207096594e-02 -6.104738277087350812e-02 -6.337916596139188397e-02 -6.169819075228571287e-02 -5.882042232753814659e-02 -5.473506658974420375e-02 -5.073317780790023018e-02
7.909679362504220080e+03 -4.012778272686264813e+01 -4.088571414246966640e+01 -4.350446161817849600e+01 -3.198043480701126540e-02 -3.108921948304639929e-02 -3.034357756743582407e-02 -3.147157207474273605e-02 -3.419713525030770862e-02 -3.861869112382117913e-02 -4.376350582069755968e-02 -5.029344562814968417e-02 -5.305566213344947019e-02 -5.516201557199878341e-02 -5.643557377634562944e-02 -5.696218129234911082e-02
7.959679362504220080e+03 3.322966422176450862e+01 3.298830556220463706e+01 3.353491448759203308e+01 -2.899015425862333517e-02 -3.029533096206216830e-02 -3.202187904454472517e-02 -3.427775726028235020e-02 -3.736233183242426703e-02 -3.979890760534367244e-02 -4.189012901689744689e-02 -4.407897586960932146e-02 -4.307802054541984282e-02 -4.244347649621465351e-02 -4.245131405000667629e-02 -4.386008127729380118e-02
8.009679362504220080e+03 3.756287652386836839e+01 3.599560796013570041e+01 3.081871393122178659e+01 -3.805694856079300248e-02 -3.505332184007760310e-02 -4.128884593985014673e-02 -4.205784358064709044e-02 -4.444221858444566409e-02 -4.941199651094173306e-02 -4.893905334619182146e-02 -4.750845376165801354e-02 -4.530451265519511161e-02 -4.229813390083025926e-02 -3.850604643026635243e-02 -3.479956918019983664e-02
8.059679362504220080e+03 -7.014439105895834414e-01 -8.013157529441523597e-01 -1.044384613685497731e+00 -4.002490752644053545e-02 -3.989838728328963524e-02 -4.367108886722254057e-02 -4.428629115644682618e-02 -4.444276938731947513e-02 -4.745311769950302794e-02 -4.647458836309737579e-02 -4.523224598078445791e-02 -4.394973603758751263e-02 -4.249352896221267328e-02 -4.049426655625187887e-02 -3.792314549861211526e-02
8.109679362504220080e+03 -2.654234909098592610e+01 -2.619868315117201973e+01 -2.617936064743892643e+01 -3.416444969193467573e-02 -3.375495778634552552e-02 -3.260322728427922367e-02 -3.347517898184182439e-02 -3.483078368098467548e-02 -4.031290562093991364e-02 -4.115384067889316794e-02 -4.323658576246569574e-02 -4.583899033635618903e-02 -4.883103741110275675e-02 -5.176116449054236207e-02 -5.440068063827098455e-02
8.159679362504220080e+03 -4.169697352513042432e+01 -4.152009831000355433e+01 -4.200980432096921646e+01 -3.092118473753921459e-02 -3.076842351186840144e-02 -3.119326631716794196e-02 -3.257331307153439603e-02 -3.442957015383786568e-02 -4.157623281564645085e-02 -4.447047869959825511e-02 -4.813437271851968291e-02 -5.140702595003033420e-02 -5.411110457025115894e-02 -5.609735038809365859e-02 -5.794324073001225900e-02
8.209679362504219171e+03 3.962529972992810912e+01 3.927314956701883375e+01 3.937781100583070071e+01 -3.590536030598044659e-02 -3.568584111901982464e-02 -3.743153901584189702e-02 -3.606234991829278952e-02 -3.416525549021059288e-02 -3.673324527304078907e-02 -3.399844903080897346e-02 -3.159510818976793423e-02 -2.978127775805717095e-02 -2.869228647184102199e-02 -2.835805744847450655e-02 -2.877080451439798306e-02
8.259679362504219171e+03 3.555475740611749558e+01 3.522281849697034772e+01 3.532896008725565196e+01 -2.854221127296368427e-02 -2.865420287325404214e-02 -3.124862225222459905e-02 -3.114439709979642881e-02 -3.105038970276814692e-02 -3.678813784808185328e-02 -3.742525914605739773e-02 -3.788953154665760520e-02 -3.862468465595871037e-02 -3.904670267151600510e-02 -3.887883810431934373e-02 -3.893229193809292360e-02
8.309679362504219171e+03 4.286908085202255592e+01 4.259203403554524670e+01 4.280942247733550943e+01 -2.869092590393483924e-02 -2.934164651828584033e-02 -2.975617991840534896e-02 -2.846143476344645956e-02 -2.831637810060164129e-02 -3.640781750300969843e-02 -3.730988587635393483e-02 -3.757995544910375935e-02 -3.801971459333548797e-02 -3.823123430505419307e-02 -3.896306739209356995e-02 -4.127951987277217460e-02
8.359679362504219171e+03 7.138522849913402979e+01 7.066432682951565880e+01 7.014400687868766227e+01 -2.714969976331789089e-02 -2.844679621263175584e-02 -3.143767837638526685e-02 -3.040368396052232219e-02 -3.039764007633534090e-02 -3.887974263960532195e-02 -3.992569054641335879e-02 -3.957216650716937484e-02 -3.894972017363364930e-02 -3.817163675202685930e-02 -3.803451358809813859e-02 -3.919834309386690391e-02
8.409679362504219171e+03 -1.094511795340261706e+01 -1.079920221268072922e+01 -1.080553113989903657e+01 -2.449392331149922303e-02 -2.460567898476297491e-02 -2.542459668353006658e-02 -2.596808419064132803e-02 -2.697200175161082458e-02 -3.390975764460039260e-02 -3.552421132828554456e-02 -3.822236590712128901e-02 -4.127035153166509762e-02 -4.426726491791500850e-02 -4.678493137044256733e-02 -4.909431228300439182e-02
8.459679362504219171e+03 1.656250501595197377e+01 1.649317533068514052e+01 1.629296384815237886e+01 1.647805389434965306e+01 -3.225355460460963691e-02 -3.299070050933693155e-02 -3.578176557562505467e-02 -3.660696992717941967e-02 -3.687020216109747339e-02 -3.620380400180971125e-02 -3.498518500194344044e-02 -3.343754135808767874e-02 -3.167144081241588666e-02 -2.961801274598593187e-02 -2.727208334466114936e-02
8.509679362504219171e+03 3.151314227997099593e+00 3.197427825512692223e+00 3.396271380288950148e+00 3.496475560241378400e+00 -2.930500534928154321e-02 -2.850974382760746578e-02 -2.763624226068859061e-02 -2.644354295122703508e-02 -2.581110970198778609e-02 -2.511198060910796101e-02 -2.499430666370103249e-02 -2.530727423450959343e-02 -2.645253002413178178e-02 -2.857863345054887858e-02 -3.183409068826631438e-02
8.559679362504219171e+03 1.901970927535435507e+01 1.899278021436899877e+01 1.920157214053170591e+01 2.000127753268980157e+01 -2.244351858003607036e-02 -2.028169027393867188e-02 -2.220272392526425470e-02 -2.156765422289549233e-02 -2.343207922316753108e-02 -2.500378896863007447e-02 -2.748352364846062476e-02 -2.954392010415844705e-02 -3.101763241165305177e-02 -3.131912709125436733e-02 -3.069415560701283657e-02
8.609679362504219171e+03 -3.688261520130989179e+00 -4.080402730852577875e+00 -3.022294225971790205e+00 -2.812859050621210333e+00 -8.474718436377098874e-02 -8.307878056172689207e-02 -8.307275474284273042e-02 -8.291207425399148290e-02 -8.282681849951784026e-02 -8.303477017524968362e-02 -8.361878176041764865e-02 -8.470572182861509092e-02 -8.620758586296141390e-02 -8.789042933354151987e-02 -8.963562451175216550e-02
8.659679362504219171e+03 8.196946795111351491e+00 7.919069274008245785e+00 6.167084286553079053e+00 3.944766690345808069e+00 -8.220798940856920145e-02 -8.186790541615707184e-02 -8.153081865153935515e-02 -8.122323936698096214e-02 -8.111389652368458658e-02 -8.104161488380250133e-02 -8.107062964321595788e-02 -8.119086160748022196e-02 -8.144064493577608810e-02 -8.190686041090233793e-02 -8.282285526455131219e-02
8.709679362504219171e+03 -6.911864472007072102e+00 -7.052651178715283464e+00 -8.477537371388482512e+00 -7.922342288225539875e+00 -8.478089978469677268e-02 -8.477914393130121795e-02 -8.468800979671649298e-02 -8.473802919582122672e-02 -8.485004167293400124e-02 -8.501641559396093395e-02 -8.524414229234883456e-02 -8.553508140814312932e-02 -8.587787203206063980e-02 -8.627138296298067499e-02 -8.678704349619634217e-02
8.759679362504219171e+03 1.399616371447601093e+00 1.474410573032222782e+00 1.980057984861648857e+00 6.006869895846764576e-03 -8.361380528123779632e-02 -8.353358973459602821e-02 -8.320073488283376284e-02 -8.288937597338925933e-02 -8.263382842343224011e-02 -8.238636640061397509e-02 -8.220148019652842586e-02 -8.209734068026540432e-02 -8.211653309166092041e-02 -8.233621411671680768e-02 -8.292923003390899328e-02
8.809679362504219171e+03 4.684118051551961592e+00 4.667379879672745702e+00 4.536966755270244178e+00 4.179927839812494383e+00 -7.481369487977627963e-02 -7.461129954422196509e-02 -7.388141507527772045e-02 -7.361404805497194503e-02 -7.362212703068325703e-02 -7.387856072040721589e-02 -7.446455130089951746e-02 -7.534381458023746425e-02 -7.645360104684614799e-02 -7.765683949978897938e-02 -7.886568038318442220e-02
8.859679362504219171e+03 1.006433386655435669e+01 1.018658505419083937e+01 9.287362298376626413e+00 -2.029715831489484479e-01 -7.491673942172967504e-02 -7.464074528088576743e-02 -7.404439054783097662e-02 -7.353889766676639794e-02 -7.317529761351194983e-02 -7.283410149674399148e-02 -7.260995801280345496e-02 -7.249221431770729029e-02 -7.255000723384770478e-02 -7.287856784193515181e-02 -7.368523752523201131e-02
8.909679362504219171e+03 5.030655495881044992e+00 5.065399224086190699e+00 3.324547306024918214e+00 -6.933650459391708931e-02 -6.769971623733817001e-02 -6.762223323517764506e-02 -6.707131640398068806e-02 -6.688673422824126247e-02 -6.677588660618703764e-02 -6.680259636796387346e-02 -6.698144392664727442e-02 -6.732579028495595808e-02 -6.784873582928979685e-02 -6.856219476125434420e-02 -6.953910194411504209e-02
8.959679362504219171e+03 3.298379970257900862e+00 3.342176274126546609e+00 4.383211247091497675e+00 -6.299363777545925747e-02 -6.363215175084037389e-02 -6.382098660823674885e-02 -6.435907788185979417e-02 -6.514026824984750497e-02 -6.616545931883480169e-02 -6.727288429679512127e-02 -6.841909693800649062e-02 -6.955009659128012778e-02 -7.067078019528801047e-02 -7.184275379288447561e-02 -7.317765042262600050e-02
9.009679362504219171e+03 5.239011506894227566e+00 5.290948780960387232e+00 6.851531426085326615e+00 -6.326317864052675988e-02 -6.398592368340046133e-02 -6.377790411422226691e-02 -6.371076233933159472e-02 -6.392086399097120231e-02 -6.444994732969262785e-02 -6.526781853816204793e-02 -6.641724572936759385e-02 -6.785221509789754468e-02 -6.949634177034949567e-02 -7.123925999822958155e-02 -7.297833557202026977e-02
9.059679362504219171e+03 6.164118041204944802e+02 6.141003758884222634e+02 5.432974079018124485e+02 -5.736515204717426708e-02 -6.100687692285197694e-02 -6.103596341555578980e-02 -6.069459822618070849e-02 -6.044495796153953604e-02 -6.034340317149773647e-02 -6.046163511498499343e-02 -6.079949936911999142e-02 -6.150245261299491090e-02 -6.259565322913725194e-02 -6.403052076840823337e-02 -6.561808242798976287e-02
9.109679362504219171e+03 7.290287628405905025e+02 7.249780318060563786e+02 5.901690851928148049e+02 -1.724028357474513828e-01 -5.833286171323341651e-02 -6.254100386975200432e-02 -6.345557984265644269e-02 -6.391343416808056843e-02 -6.521906879517609668e-02 -6.634261414191976181e-02 -6.768583894698367021e-02 -6.894381138481679716e-02 -7.020318418954443751e-02 -7.143071422159666395e-02 -7.272116120401084238e-02
9.159679362504219171e+03 -1.371787158098115178e+01 -1.372589541935118973e+01 -1.383339643285185439e+01 -7.272125336194137923e-02 -7.283457440235643898e-02 -7.290797286161430912e-02 -7.317738100048053196e-02 -7.360545614571686879e-02 -7.411425005850098835e-02 -7.466442051928212642e-02 -7.524856415064058723e-02 -7.584686903370596589e-02 -7.648698939153238119e-02 -7.718264414660777617e-02 -7.797550247795914657e-02
9.209679362504219171e+03 3.152122510670317013e+01 3.166737135352428822e+01 3.199937670734321316e+01 -6.585515179396839169e-02 -6.541431712941869758e-02 -6.505043768688745232e-02 -6.476501006783291770e-02 -6.472263953308422801e-02 -6.471796302173600524e-02 -6.487263001564999576e-02 -6.520618564982116894e-02 -6.580990197777777939e-02 -6.675077368791765275e-02 -6.803584767996591343e-02 -6.960573094805296013e-02
9.259679362504219171e+03 1.735341988088280329e+00 1.865366347486403287e+00 2.707590436709509163e+00 -6.174360386402489437e-02 -6.176425152791258782e-02 -6.194953720792814589e-02 -6.235798029621546223e-02 -6.311469531195051941e-02 -6.402352962688874494e-02 -6.511855594616890175e-02 -6.633061341054018178e-02 -6.760638041710251289e-02 -6.893515409658568238e-02 -7.031437331737880325e-02 -7.177380894211891904e-02
9.309679362504219171e+03 -4.539871107170827536e+00 -4.623949206413127122e+00 -7.562755243696124730e+00 -6.740274795561360111e-02 -6.731274490086847084e-02 -6.732000235446387870e-02 -6.737759355137688810e-02 -6.764351799747997385e-02 -6.791151988229902903e-02 -6.825459230315765458e-02 -6.862664997063518124e-02 -6.904833456575180939e-02 -6.956802872322161158e-02 -7.021620508925970061e-02 -7.103041818508820660e-02
9.359679362504219171e+03 -5.601443249677564751e+01 -5.602994453957985144e+01 -4.655278841198901318e+01 -7.233535159839295237e-02 -7.235292663868973795e-02 -7.220211912890170391e-02 -7.205737431118794389e-02 -7.201974638043888433e-02 -7.207855925050873913e-02 -7.227619706093238450e-02 -7.258822578648191359e-02 -7.297764854551519464e-02 -7.342587410986758933e-02 -7.389055404566725882e-02 -7.434965044987783267e-02
9.409679362504219171e+03 7.815987259663089048e+00 7.859347179160727670e+00 -2.672679347885886347e+00 -6.749837299896208065e-02 -6.751077200275348855e-02 -6.775199688347620375e-02 -6.796296802562151740e-02 -6.838920435492348848e-02 -6.880960686330168941e-02 -6.928317840154830931e-02 -6.974964853120793618e-02 -7.023080599526114465e-02 -7.082817681546804689e-02 -7.167264066765902109e-02 -7.293241839395894766e-02
9.459679362504219171e+03 -2.483590476343067621e+01 -2.489546613262371366e+01 -2.146301992315264329e+01 -6.821705711664970140e-02 -6.837535403733627226e-02 -6.888574815527080675e-02 -6.938881518052099351e-02 -7.011895418622153542e-02 -7.088584469859540715e-02 -7.174136533391613224e-02 -7.264279528734379765e-02 -7.356601056932306204e-02 -7.455451632152318431e-02 -7.562492490567557235e-02 -7.679296937576476911e-02
9.509679362504219171e+03 -3.108349386714852969e+01 -3.118225239449625974e+01 -1.463658960012086396e+01 -7.500983237268755988e-02 -7.523002639942839853e-02 -7.544053168387869490e-02 -7.558699251565610677e-02 -7.587207154587825852e-02 -7.613677600025171854e-02 -7.647435700627801258e-02 -7.681718036570078789e-02 -7.717180858330562054e-02 -7.757454288861155567e-02 -7.801768729849421768e-02 -7.848984213383870812e-02
9.559679362504219171e+03 9.955105871951804630e+00 9.890574535470481266e+00 -6.840729035018737469e-02 -5.470378770092849952e-02 -5.488791112227665164e-02 -5.532942534617484032e-02 -5.590073937849186769e-02 -5.660221539204757235e-02 -5.733874895999177546e-02 -5.816467386380855947e-02 -5.903447269634481270e-02 -5.996432335891795778e-02 -6.106672938524949912e-02 -6.236462398302396182e-02 -6.385923153557122867e-02
9.609679362504219171e+03 -7.812310726733378452e+00 -7.823072658426076131e+00 -6.263224047734543276e-02 -4.960304309013045115e-02 -4.993127032921413494e-02 -5.075620416603855017e-02 -5.170722315279507181e-02 -5.291175851638088568e-02 -5.416841696308447723e-02 -5.552426974628570100e-02 -5.688779756845960267e-02 -5.821499821037028760e-02 -5.959554291420737088e-02 -6.104469637408263538e-02 -6.256835639974960006e-02
9.659679362504219171e+03 -7.651496037260442584e+00 -7.606580702902356883e+00 -6.725525792790225388e-02 -8.321766816674229517e-02 -8.461418961453412435e-02 -8.809498655021495706e-02 -9.016596855705394375e-02 -9.188687157532358929e-02 -9.300191541351809921e-02 -9.372341806003217646e-02 -9.411198380626983884e-02 -9.433696082176046271e-02 -9.467095953466052316e-02 -9.519877207832536103e-02 -9.595361185090853229e-02
9.709679362504219171e+03 -2.077749311844701907e+01 -2.082253956069095935e+01 -9.266407142075241965e-02 -7.109142734247785034e-02 -7.120428626293245911e-02 -7.179961490531734658e-02 -7.250141292539118154e-02 -7.338724127273811570e-02 -7.417041519434938723e-02 -7.502422724481808136e-02 -7.569402049139922761e-02 -7.623883934552555530e-02 -7.679547450802758080e-02 -7.736871175251590349e-02 -7.789384995015770363e-02
9.759679362504219171e+03 -9.790504566877199721e+00 -9.709765175393009429e+00 -5.254818531188308606e-02 -4.499052949602910800e-02 -4.582569409651948700e-02 -4.699713134748178395e-02 -4.843351350025890817e-02 -5.005080763710270664e-02 -5.174313365831602340e-02 -5.352854328710363041e-02 -5.532686533263547063e-02 -5.706786447025176401e-02 -5.888938825146013134e-02 -6.082737832295910529e-02 -6.288748042116462655e-02
9.809679362504219171e+03 -1.197261702541473483e+01 -1.189407207601354344e+01 -8.920677368930932105e-02 -1.000267940888238394e-01 -9.899369931131303535e-02 -9.927519298641493406e-02 -9.888010375076049241e-02 -9.912834298922179599e-02 -9.927580520865651736e-02 -9.976221993267189725e-02 -1.001714665174904123e-01 -1.005929101778185869e-01 -1.011265327718250395e-01 -1.017451116078062212e-01 -1.023935932551112704e-01
9.859679362504219171e+03 -1.518446072620202614e+01 -1.523034011251238695e+01 -9.928045258406785478e-02 -7.807798593107784235e-02 -7.803710337237877714e-02 -7.869795931197703931e-02 -7.937913195844026326e-02 -8.025489512857822416e-02 -8.101193671218352710e-02 -8.186679795503336299e-02 -8.250551485839649479e-02 -8.300168503716782997e-02 -8.351066481678547093e-02 -8.407257210904973965e-02 -8.460757468159266215e-02
9.909835612504219171e+03 7.314158704549179602e-01 7.802987172139440597e-01 -4.764053706928368659e-02 -5.298027733177757687e-02 -5.332550376417339449e-02 -5.452669647332554492e-02 -5.576571449399240349e-02 -5.721828361248291334e-02 -5.867223692795203033e-02 -6.026475853651839382e-02 -6.177468282931676546e-02 -6.318404882364714314e-02 -6.465257296539886345e-02 -6.619276119628066113e-02 -6.776656326325533608e-02
9.959835612504219171e+03 1.868364663054298447e+01 1.856053300802466666e+01 -9.928423123070800216e+00 -5.483966356344778526e-02 -5.513454710872674192e-02 -5.586134696481765555e-02 -5.690598587286909565e-02 -5.853561987016072526e-02 -6.064456628958533879e-02 -6.337865153899811810e-02 -6.683900315859445107e-02 -7.083225449619663661e-02 -7.527230661388871480e-02 -7.996327810269439340e-02 -8.454538398238391206e-02
1.000983561250421917e+04 -1.902187481833325222e+01 -1.897748716262510271e+01 -1.248111085444783830e-01 -1.185794608836069075e-01 -1.144125091411259676e-01 -1.137124825867497774e-01 -1.123636131516931036e-01 -1.123821251664126886e-01 -1.122426860645311247e-01 -1.124147746320346697e-01 -1.122362061496408325e-01 -1.118613871412502125e-01 -1.115039017723757631e-01 -1.112281780643796097e-01 -1.109619011726087900e-01
1.005983561250421917e+04 2.391948130603427813e+01 2.404415893514040192e+01 -4.438630411267829423e+00 -4.403802881804260577e-02 -4.349616503869956768e-02 -4.297884541149167570e-02 -4.250627078726520319e-02 -4.231348145284084816e-02 -4.227194986137722266e-02 -4.254535778617852398e-02 -4.308543850037061668e-02 -4.388841372714282624e-02 -4.489686890194689167e-02 -4.607995134881616439e-02 -4.736411551820167432e-02
1.010983561250421917e+04 -4.193049006975757464e+01 -4.214564617777762834e+01 -4.403137589778634287e-02 -4.023792994170204834e-02 -4.183462072570470064e-02 -4.294945304086040389e-02 -4.475506958547558617e-02 -4.663257858189034932e-02 -4.873528647965909982e-02 -5.110174866917068653e-02 -5.367233579470025162e-02 -5.642775417564198370e-02 -5.972270344976138984e-02 -6.387093900376870914e-02 -6.925147929238033295e-02
1.015983561250421917e+04 -9.746330561300297290e+00 -9.692471964409170582e+00 -1.284382975517211201e-01 -1.411263681151512239e-01 -1.380174002922007481e-01 -1.379782266419948000e-01 -1.366343615822262492e-01 -1.361062791226823054e-01 -1.354462745582923067e-01 -1.351687186512325056e-01 -1.346146196330646194e-01 -1.340126076789574239e-01 -1.335383830797620131e-01 -1.331707555633000473e-01 -1.328516810664167880e-01
1.020983561250421917e+04 -1.164245390863221274e+01 -1.169173213747013840e+01 -5.073734674412708201e-02 -4.908343670714703649e-02 -5.038028793223770646e-02 -5.218640711427835477e-02 -5.414290495579526796e-02 -5.626630441433532609e-02 -5.832565932105858442e-02 -6.046475392483213751e-02 -6.242084260165751963e-02 -6.408913830970124070e-02 -6.571426492460688551e-02 -6.734353450510639771e-02 -6.891369795468230142e-02
1.025983561250421917e+04 -7.123342755260928527e-01 -6.198727958110900049e-01 -4.315825798750175940e-02 -4.300674818187046056e-02 -4.412841723978735975e-02 -4.563311651443358041e-02 -4.742927944682038405e-02 -4.937827283981414961e-02 -5.139683532465139787e-02 -5.357620673593701394e-02 -5.572543289713221409e-02 -5.767180379817262587e-02 -5.963667982047397842e-02 -6.165475853030413095e-02 -6.366521663286292543e-02
1.030983561250421917e+04 1.777527515581967776e+01 1.737042244566041660e+01 -3.232105015726845221e-02 -3.703200566111986003e-02 -3.839130684796033394e-02 -4.085783074475191068e-02 -4.419786376238352826e-02 -4.868976096653466340e-02 -5.449150564563039895e-02 -6.203468551573502326e-02 -7.187562941201250388e-02 -8.329174940946247607e-02 -9.616349975230882585e-02 -1.097567430727806881e-01 -1.227675460041722233e-01
1.035983561250421917e+04 -1.427756719277042805e+02 -1.435082735852732299e+02 -1.818547720897150943e-01 -3.393225611747523462e-01 -3.289496082370022556e-01 -3.210243628153865436e-01 -3.137707257317766674e-01 -3.078513068280447906e-01 -3.034486246476905680e-01 -3.004095468270126523e-01 -2.975647147615473331e-01 -2.954729361660738407e-01 -2.940660351980335374e-01 -2.930470058519293874e-01 -2.922963967680229369e-01
1.040983561250421917e+04 -4.207901838836761499e+01 -4.212062194627514344e+01 -5.114640889761226661e-02 -4.892556698438407098e-02 -5.032795749833680193e-02 -5.189933639413234212e-02 -5.377649646513279341e-02 -5.577166793707476200e-02 -5.782121151342844295e-02 -6.002062302559178081e-02 -6.207823728014769810e-02 -6.384489360295238225e-02 -6.555445965023376509e-02 -6.724285925227499461e-02 -6.884461574135804229e-02
1.045983561250421917e+04 3.211675194594320271e+00 3.422600575736256090e+00 -4.351745735649546754e-02 -4.445090426644553866e-02 -4.576373969315795237e-02 -4.797029125146869827e-02 -5.022289447908391546e-02 -5.268530437248718223e-02 -5.518353333643911951e-02 -5.787531133748746726e-02 -6.048740993491114049e-02 -6.277383915011133797e-02 -6.502570755297699956e-02 -6.730168023235903740e-02 -6.952842066837502943e-02
1.050983561250421917e+04 -1.135481630892938796e+02 -1.140734994598637968e+02 -4.718489846642388852e-02 -4.651398731530064640e-02 -4.756662085218005265e-02 -4.884956369132758408e-02 -5.045087094148061752e-02 -5.218765584038188160e-02 -5.410764501106182789e-02 -5.631754620088727514e-02 -5.854353789871479669e-02 -6.064301883684270617e-02 -6.291232189276362019e-02 -6.551097960920659879e-02 -6.854328120654944179e-02
1.055983561250421917e+04 4.286930664032230709e+01 4.274574805426605195e+01 -5.807116807058401026e-02 -5.747098670860598807e-02 -5.772172198983051977e-02 -5.897343280942172333e-02 -5.995911909239691473e-02 -6.125238741221988165e-02 -6.251280157444029373e-02 -6.413360229608613960e-02 -6.560020125270246694e-02 -6.694871398758603376e-02 -6.854370922888386453e-02 -7.052702316089226597e-02 -7.281168872953762417e-02
1.060983561250421917e+04 -1.206636041936416485e-02 3.892152306211073710e-03 1.550733956874461410e-02 2.313467632277827271e-02 2.297689711784272476e-02 2.282016425211196714e-02 2.261174192700523070e-02 2.233346336109585245e-02 2.201836231297351135e-02 2.168067969427066310e-02 2.125867951747749743e-02 2.081912448502457394e-02 2.039276146837298159e-02 1.996806882061508484e-02 1.954221846463600684e-02
1.065983561250421917e+04 9.144290452776866118e+01 -3.570450244160143678e-03 1.022928152159881254e-02 2.203419685796164512e-02 2.197207359921264300e-02 2.209840163677552136e-02 2.280621627865635909e-02 2.542362587809525454e-02 3.235351858626520777e-02 4.896614003389531539e-02 1.058959846852341874e-01 2.582282099796081587e-01 5.375771926424844915e-01 8.886856750214529033e-01 1.312649022135733645e+00
1.070983561250421917e+04 -6.717883187680989254e-04 9.422855821730840003e-04 2.012089300692775692e-03 2.014448283923890321e-03 2.015215163553129695e-03 2.014846934679097833e-03 2.013648671400593369e-03 2.011921626060564350e-03 2.009911071889477954e-03 2.007841540590345284e-03 2.005571983353418054e-03 2.003436031364022422e-03 2.001688441343513983e-03 2.000412963510033067e-03 1.999735952610012454e-03
1.075983561250421917e+04 -8.683038753023886863e-03 5.232155515529497182e-03 1.924970472215344064e-02 2.791874160854609238e-02 2.775907347256574564e-02 2.761975764879922440e-02 1.933117968750864765e-02 -2.178008245451126967e+01 -8.885469068970289541e+00 -6.813293587393444817e+00 -5.549142157471066206e+00 -4.635478388464068900e+00 -3.918636643586784984e+00 -3.238243706714892145e+00 -2.666654762279334179e+00
1.080983561250421917e+04 -5.889365335388329292e+00 -5.785899441462605708e+00 -5.652985550733935938e+00 -4.374139778339816154e+00 -2.566548459009816430e+00 1.396932645306572796e-01 9.147536496484628410e-01 3.627962616469563528e+00 5.532741578088272938e+00 7.995425305477773747e+00 2.861350040586035703e+00 3.401834707851168371e+00 9.946070109672849213e+00 1.684326653718344957e+01 2.336236157509651079e+01
1.085983561250421917e+04 -7.418040486630158625e+01 -1.416055009785085588e+02 -1.970408729236665692e+02 -2.346712166858680462e+02 -2.568536807459669262e+02 -2.598685074107427226e+02 -2.587848342394680685e+02 -3.000243996751376017e+02 -2.843400103438170277e+02 -1.193647080194226788e+02 -3.053877139643923044e+01 -1.340098966137730763e+01 -1.304603986818477424e+01 -1.304225676384277754e+01 -1.297367283187850084e+01
1.090983561250421917e+04 6.906844010925216537e+01 1.003579763257845201e+02 1.439682667312986553e+02 1.785055513945913219e+02 2.352526727653134060e+02 3.182011432059666731e+02 4.125366152399226962e+02 4.997839131790514102e+02 5.548913216552767835e+02 5.851384663773826560e+02 5.912645940607144439e+02 4.952769575135613422e+02 6.289044681626380680e+02 -1.287316399808651290e+01 -1.276496858571154114e+01
1.095983561250421917e+04 -1.590032599755911269e+00 -3.912193837852083966e+00 2.680009416688598378e+01 5.828764174465730008e+01 9.290205294312362128e+01 1.230104980772140237e+02 1.462947219782669208e+02 1.514438406286541010e+02 1.917735264281729712e+02 -8.140868203453143437e+00 -1.206067395239464446e+01 -1.201546096474197611e+01 -1.198259593102714504e+01 -1.197589399816008715e+01 -1.197162656155111016e+01
1.100983561250421917e+04 -1.526277050674372049e+02 -1.529443134846438852e+02 -1.592543366911362739e+02 -1.524704369867273215e+02 -1.493728447881454144e+02 -1.563702016666975112e+02 -1.097384412014425266e+02 -1.353789304359909407e+00 -1.323696404225574108e+00 -1.321652141515011314e+00 -1.325177871072750868e+00 -1.324047222041867311e+00 -1.325006140714149794e+00 -1.325763193977871568e+00 -1.326776145055887257e+00
1.103882291640421499e+04 3.437034696519119734e+02 3.126133780697642237e+02 3.096183919859667526e+02 3.085101345327523745e+02 3.040012620906682059e+02 3.088422564625479936e+02 3.997564854815666422e+02 -3.477623696257470809e-01 -3.714331227401794222e-01 -3.790358630875223511e-01 -3.857989900999818644e-01 -3.899180049178639362e-01 -3.907236272616722017e-01 -3.888970808312378069e-01 -3.855128986201482033e-01
