TIME T_sat_Ch3_mesh1 T_sat_Ch3_mesh2 T_sat_Ch3_mesh3 T_sat_Ch3_mesh4 T_sat_Ch3_mesh5 T_sat_Ch3_mesh6 T_sat_Ch3_mesh7 T_sat_Ch3_mesh8 T_sat_Ch3_mesh9 T_sat_Ch3_mesh10 T_sat_Ch3_mesh11 T_sat_Ch3_mesh12 T_sat_Ch3_mesh13 T_sat_Ch3_mesh14 T_sat_Ch3_mesh15 
0.000000000000000000e+00 6.201575877715479237e+02 6.201164193919523768e+02 6.200257037979458801e+02 6.199271288847896813e+02 6.198869555901968624e+02 6.197896825328310797e+02 6.196917671347175656e+02 6.195905794354758882e+02 6.195500678227381286e+02 6.194500739561992759e+02 6.193493719504023147e+02 6.192452310443904935e+02 6.192042622654191746e+02 6.190988009624288679e+02 6.190345500401864456e+02
5.000040000000043960e+01 5.654673931656611785e+02 5.654529105671763318e+02 5.654334841790699784e+02 5.654145777241933502e+02 5.653976321080768912e+02 5.653795759958002236e+02 5.653618666846737142e+02 5.653443971448549519e+02 5.653289569101727920e+02 5.653120367788599197e+02 5.652953410915156383e+02 5.652787862017240741e+02 5.652645047387426303e+02 5.652477922557823149e+02 5.652355404052063932e+02
1.000003999999985922e+02 5.603780680550660236e+02 5.603606818657135591e+02 5.603376072300911801e+02 5.603211016271480958e+02 5.603086564418595117e+02 5.602982373646894985e+02 5.602897609109064661e+02 5.602828460802078325e+02 5.602767065977772063e+02 5.602718644549404416e+02 5.602674649607183710e+02 5.602633371010037990e+02 5.602585479554911672e+02 5.602531214001551234e+02 5.602487524780151489e+02
1.502405034099261059e+02 5.440057880891617970e+02 5.439875554083557745e+02 5.439634411895859785e+02 5.439435368270289928e+02 5.439260640912702911e+02 5.439102581122776883e+02 5.438960259584644064e+02 5.438831801033204556e+02 5.438713284377033688e+02 5.438600700841857361e+02 5.438497694967072675e+02 5.438399148237555210e+02 5.438318820637944100e+02 5.438219818816373845e+02 5.438135976730202401e+02
2.004200391960640388e+02 4.950884871416373016e+02 4.950728303277635405e+02 4.950655695180459475e+02 4.950644903417540945e+02 4.950634886011417848e+02 4.950624681862795455e+02 4.950614581144649264e+02 4.950604464457682639e+02 4.950594964092701957e+02 4.950584963449807105e+02 4.950574962017419693e+02 4.950564880035053648e+02 4.950555685745811161e+02 4.950545790101121497e+02 4.950538614726511923e+02
2.553043625042201370e+02 4.478258025566866536e+02 4.476948445816246362e+02 4.475313550224133223e+02 4.473734221371174158e+02 4.472300286401010680e+02 4.471113823677233086e+02 4.470127097176374491e+02 4.469316968538341825e+02 4.468617937276603129e+02 4.467985447812101256e+02 4.467447880968560412e+02 4.466960604674005708e+02 4.466694438152394468e+02 4.466650407509479237e+02 4.466624073050882089e+02
3.053043625042201370e+02 4.436431717633514609e+02 4.435019143218642057e+02 4.433253539518360640e+02 4.431533466782785240e+02 4.429936829307742983e+02 4.428575905921262574e+02 4.427425996834875832e+02 4.426433200112983855e+02 4.425557343028762602e+02 4.424756163684515400e+02 4.424034159573907914e+02 4.423362126298679868e+02 4.422792116232103581e+02 4.422150029039266315e+02 4.421636894150744865e+02
3.553043625042201370e+02 4.453324838609667609e+02 4.451958555734237848e+02 4.450249056676459531e+02 4.448583985220984687e+02 4.446986611050948568e+02 4.445567853727954457e+02 4.444361307676688853e+02 4.443318822559136834e+02 4.442398574226539267e+02 4.441561074246706085e+02 4.440806349486983891e+02 4.440106821497325313e+02 4.439507205274507555e+02 4.438843505182163653e+02 4.438313928454886650e+02
4.053043625042201370e+02 4.511692095713785307e+02 4.510499416627804408e+02 4.508982238454882463e+02 4.507512329210595681e+02 4.506158551934808543e+02 4.504999624983795457e+02 4.503998202582631620e+02 4.503119795158841043e+02 4.502332919446744199e+02 4.501611850052535715e+02 4.500966257559774704e+02 4.500359533043255738e+02 4.499851685917903410e+02 4.499282720968636795e+02 4.498815432200700002e+02
4.553043625042201370e+02 4.521253261792620606e+02 4.520050133538888417e+02 4.518550924624483969e+02 4.517112781222343756e+02 4.515811087870339406e+02 4.514713782424278179e+02 4.513774877216550294e+02 4.512954110342548120e+02 4.512219722094747567e+02 4.511544389874899821e+02 4.510935012402924258e+02 4.510362118807548768e+02 4.509875292044005732e+02 4.509328081766296918e+02 4.508876716740613801e+02
5.053043625042201370e+02 4.516808465608227152e+02 4.515596758927931660e+02 4.514086629673011544e+02 4.512643082419224356e+02 4.511339748498049858e+02 4.510238101396831212e+02 4.509293193838190064e+02 4.508465580786851206e+02 4.507724055432213390e+02 4.507041453970927591e+02 4.506424723303052815e+02 4.505844960867663076e+02 4.505351046763296381e+02 4.504796685971118677e+02 4.504340542567591683e+02
5.553043625042200802e+02 4.513468403224673580e+02 4.512249418410217459e+02 4.510730256006686432e+02 4.509281081176504244e+02 4.507973833517259550e+02 4.506865952653999443e+02 4.505913453340162960e+02 4.505077642572136938e+02 4.504327692911779195e+02 4.503636712202153376e+02 4.503011658118992955e+02 4.502423906650542449e+02 4.501922164480226343e+02 4.501359616680001068e+02 4.500897422735599207e+02
6.053043625042200802e+02 4.510022829407712379e+02 4.508795724490910857e+02 4.507266448554958060e+02 4.505806820604603899e+02 4.504488173254466687e+02 4.503368692801328166e+02 4.502405093409003598e+02 4.501558815765187660e+02 4.500798890273040342e+02 4.500098506007174706e+02 4.499464475468516298e+02 4.498868284005557143e+02 4.498358532968596819e+02 4.497787703667514734e+02 4.497319351948289068e+02
6.553043625042200802e+02 4.506376977961920716e+02 4.505141094689354873e+02 4.503600837517085438e+02 4.502128686166807938e+02 4.500795717399337263e+02 4.499662426111068498e+02 4.498686193541714715e+02 4.497828383329146504e+02 4.497057701588130385e+02 4.496347345827379627e+02 4.495703936968120615e+02 4.495099000587291016e+02 4.494581073305275254e+02 4.494001807235595720e+02 4.493527174128333286e+02
7.084293625042200802e+02 4.501935393124320512e+02 4.500688767224293088e+02 4.499135049765451413e+02 4.497647956336115840e+02 4.496298430046963404e+02 4.495149404562133668e+02 4.494158882088831888e+02 4.493288085913404188e+02 4.492505346496675429e+02 4.491783820408662109e+02 4.491129936082030554e+02 4.490515229491089713e+02 4.489988221966725632e+02 4.489399511236151739e+02 4.488917838585389859e+02
7.596793625042200802e+02 4.495510341327715196e+02 4.494248895028557627e+02 4.492676526470120848e+02 4.491188141464390924e+02 4.489854326736675603e+02 4.488720142494717606e+02 4.487740674554204361e+02 4.486877545260379634e+02 4.486100333275289813e+02 4.485382337903646430e+02 4.484731134683279947e+02 4.484117783683991547e+02 4.483592138989483260e+02 4.483003156918709919e+02 4.482520508068282652e+02
8.096793625042200802e+02 4.479995343254612408e+02 4.478696841228617700e+02 4.477078230589384020e+02 4.475556449718071690e+02 4.474203419679374178e+02 4.473053143455773579e+02 4.472059247647995903e+02 4.471183045866305861e+02 4.470394115321644222e+02 4.469664760514872341e+02 4.469003667011786547e+02 4.468380352967423050e+02 4.467847441594561815e+02 4.467248524925300330e+02 4.466757400022466982e+02
8.596793625042200802e+02 4.458141558348246463e+02 4.456789625722302617e+02 4.455103747026652172e+02 4.453563577793725017e+02 4.452237482494348910e+02 4.451108811559346350e+02 4.450130001623409726e+02 4.449264381589313189e+02 4.448483278825207208e+02 4.447758281888394549e+02 4.447101680491743991e+02 4.446479573742229832e+02 4.445951035587136175e+02 4.445351009482776590e+02 4.444856012793115951e+02
9.096793625042200802e+02 4.438813358859020468e+02 4.437414956414958169e+02 4.435667073902241100e+02 4.434091685066908894e+02 4.432755292067201935e+02 4.431613325928306040e+02 4.430619044278947172e+02 4.429737539789585412e+02 4.428940689604369254e+02 4.428199418539003318e+02 4.427527693438970573e+02 4.426889960012479150e+02 4.426348942477284254e+02 4.425732523687921685e+02 4.425223909147222230e+02
9.596793625042200802e+02 4.423426801293367134e+02 4.421982869213780987e+02 4.420179709359573508e+02 4.418557513382562547e+02 4.417183557628239328e+02 4.416008399974643908e+02 4.414984399943627977e+02 4.414075995673210855e+02 4.413254468007805258e+02 4.412489994006647862e+02 4.411797057152148795e+02 4.411138971208597468e+02 4.410580568630190328e+02 4.409944178025909309e+02 4.409419996622376630e+02
1.009679362504220080e+03 4.410950125309719283e+02 4.409466424637153068e+02 4.407615915387087284e+02 4.405948750742529683e+02 4.404534024036144615e+02 4.403324375890276201e+02 4.402270756626160733e+02 4.401336239346546790e+02 4.400491250212375007e+02 4.399705163993934889e+02 4.398992700287827802e+02 4.398316129596763631e+02 4.397741960298560571e+02 4.397087862022888203e+02 4.396549937600761950e+02
1.059679362504220080e+03 4.399707473992122004e+02 4.398188799168045762e+02 4.396294659521568633e+02 4.394585474035638413e+02 4.393132636951449967e+02 4.391890924222201988e+02 4.390809831693652541e+02 4.389851163098816755e+02 4.388984499734738733e+02 4.388178470779546387e+02 4.387447988259414160e+02 4.386754375235308885e+02 4.386165659581467935e+02 4.385495201412818460e+02 4.384944623701280761e+02
1.109679362504220080e+03 4.389364611831542788e+02 4.387812977697560086e+02 4.385877722565221575e+02 4.384130966078340634e+02 4.382645821804171078e+02 4.381376701751152041e+02 4.380271880994184812e+02 4.379292199762563769e+02 4.378406562191239004e+02 4.377582932219133909e+02 4.376836555899834025e+02 4.376127739237650758e+02 4.375526186004523765e+02 4.374841031129099633e+02 4.374278973457504662e+02
1.159679362504220080e+03 4.378440487471175402e+02 4.376853414163449543e+02 4.374873798275835384e+02 4.373089013563213712e+02 4.371574146576740532e+02 4.370280342883105504e+02 4.369154346700976816e+02 4.368156080660050975e+02 4.367253788721610590e+02 4.366414640478878937e+02 4.365654440429988767e+02 4.364932229936987937e+02 4.364319783208800345e+02 4.363621608901095215e+02 4.363049117321281756e+02
1.209679362504220080e+03 4.367072305801518723e+02 4.365447440978359737e+02 4.363420428048447093e+02 4.361594782095938854e+02 4.360047505635748166e+02 4.358726277399368314e+02 4.357576439643524964e+02 4.356557051311351643e+02 4.355635698503436970e+02 4.354778758565673797e+02 4.354002531689210969e+02 4.353264893561885174e+02 4.352639616533012941e+02 4.351926364356477848e+02 4.351342004207537002e+02
1.259679362504220080e+03 4.356065976565075744e+02 4.354403304358099263e+02 4.352328858499387820e+02 4.350461155326066205e+02 4.348879294633787822e+02 4.347528890513160604e+02 4.346353818214616922e+02 4.345312132692022828e+02 4.344370701302785847e+02 4.343495099857805712e+02 4.342702048315817365e+02 4.341948290710777201e+02 4.341309516440009588e+02 4.340580574805251217e+02 4.339983956675126251e+02
1.309679362504220080e+03 4.345853105823752003e+02 4.344154734442098516e+02 4.342035170547833900e+02 4.340127117611591530e+02 4.338511722852859975e+02 4.337132848796748021e+02 4.335933048466056903e+02 4.334869433806218240e+02 4.333908190261199138e+02 4.333014161938766620e+02 4.332204509162745580e+02 4.331434783430503330e+02 4.330782667751727786e+02 4.330038241366136731e+02 4.329429533421212000e+02
1.359679362504220080e+03 4.336357484805780018e+02 4.334624611034560075e+02 4.332461782472208824e+02 4.330515546910632452e+02 4.328868806048695888e+02 4.327463379061540536e+02 4.326240531478271123e+02 4.325156481405053910e+02 4.324176781973378638e+02 4.323265568791973692e+02 4.322440440918608147e+02 4.321655806795911872e+02 4.320991260259566502e+02 4.320232354229065095e+02 4.319612312895747550e+02
1.409679362504220080e+03 4.327254420399505648e+02 4.325487551431644988e+02 4.323282076935302030e+02 4.321297463402998460e+02 4.319618531168387108e+02 4.318186047807544128e+02 4.316939893342408254e+02 4.315835268876817281e+02 4.314837067733167828e+02 4.313908689529321236e+02 4.313068131081839738e+02 4.312268675385778920e+02 4.311591764360576917e+02 4.310818507434896674e+02 4.310187272257494442e+02
1.459679362504220080e+03 4.318492516024217593e+02 4.316692048899090537e+02 4.314444371017526692e+02 4.312420140638253088e+02 4.310706458281605364e+02 4.309244888301856236e+02 4.307973850799563706e+02 4.306847380558906480e+02 4.305829610704788024e+02 4.304883195680451990e+02 4.304026386030876097e+02 4.303211466040902451e+02 4.302521510479304538e+02 4.301733324646027654e+02 4.301090602942881560e+02
1.509679362504220080e+03 4.308044140843017544e+02 4.306203512696460507e+02 4.303906254503657465e+02 4.301848718451367404e+02 4.300118850179359811e+02 4.298643792462585793e+02 4.297360120580406146e+02 4.296222224532173755e+02 4.295193831590196396e+02 4.294236901139365159e+02 4.293370929013901787e+02 4.292546308300592273e+02 4.291849408760185725e+02 4.291051324415038266e+02 4.290399925290809051e+02
1.559679362504220080e+03 4.297858534631521934e+02 4.295977186112372692e+02 4.293630377428790439e+02 4.291532962674791065e+02 4.289773240676843216e+02 4.288272778828264222e+02 4.286966562326495023e+02 4.285808564941198711e+02 4.284761853865596777e+02 4.283787648583122518e+02 4.282906128254031728e+02 4.282066278224554026e+02 4.281356942715786431e+02 4.280543804458169461e+02 4.279880440571527629e+02
1.609679362504220080e+03 4.288054786003137338e+02 4.286130196938523795e+02 4.283726935001626543e+02 4.281539558350016819e+02 4.279666828489235968e+02 4.278071259865997717e+02 4.276687123812014875e+02 4.275462711533219249e+02 4.274359137658954069e+02 4.273334920917808404e+02 4.272408153319972826e+02 4.271528658733856787e+02 4.270783837473825315e+02 4.269934544877983171e+02 4.269247310413464902e+02
1.659679362504220080e+03 4.276294501035907842e+02 4.274323285330636963e+02 4.271870994308917489e+02 4.269693762226701210e+02 4.267877084594504140e+02 4.266328942861121050e+02 4.264980764783489349e+02 4.263785732215125108e+02 4.262705591700190553e+02 4.261699696979908367e+02 4.260790149026602194e+02 4.259922390080085961e+02 4.259191344919548783e+02 4.258350500973017461e+02 4.257664460967997684e+02
1.709679362504220080e+03 4.264616220093370771e+02 4.262594082590583184e+02 4.260082570203973660e+02 4.257860167869525867e+02 4.256009931092838769e+02 4.254433246407994602e+02 4.253059745643269025e+02 4.251842182388755305e+02 4.250741570204208983e+02 4.249716279521932165e+02 4.248789471813234968e+02 4.247904566704345370e+02 4.247159948785986217e+02 4.246302180032976139e+02 4.245602358962458993e+02
1.759679362504220080e+03 4.253871595203156630e+02 4.251800896494351036e+02 4.249231933000215804e+02 4.246963511638870159e+02 4.245077562377338154e+02 4.243470557272135011e+02 4.242070397848380026e+02 4.240829171641634616e+02 4.239707142878174295e+02 4.238661701887807567e+02 4.237716924194207877e+02 4.236814324949227171e+02 4.236055520842199371e+02 4.235180416287647631e+02 4.234466702092066726e+02
1.809679362504220080e+03 4.243623994680294800e+02 4.241505508073825581e+02 4.238879070971503324e+02 4.236563350826116903e+02 4.234640418954123788e+02 4.233002443142321454e+02 4.231575404021540976e+02 4.230310486439558417e+02 4.229167163167310264e+02 4.228101789752666377e+02 4.227139281277080727e+02 4.226219305107770197e+02 4.225446563488900438e+02 4.224554490504526143e+02 4.223827202641829217e+02
1.859679362504220080e+03 4.233847184226362970e+02 4.231681567492518070e+02 4.228997838071165916e+02 4.226634068166598013e+02 4.224673369455058491e+02 4.223004000145037935e+02 4.221549890999945092e+02 4.220261175559071489e+02 4.219096506261977879e+02 4.218011197262358110e+02 4.217030911559196511e+02 4.216093581436393265e+02 4.215306800105537377e+02 4.214397727616469069e+02 4.213656936167443519e+02
1.909679362504220080e+03 4.225483662880424731e+02 4.223276535570313968e+02 4.220539350581535700e+02 4.218126024700703738e+02 4.216123311612946054e+02 4.214418363180780034e+02 4.212933453173606608e+02 4.211617456278910936e+02 4.210428163426191759e+02 4.209320069877131232e+02 4.208319304022530787e+02 4.207362238063352606e+02 4.206558955749757160e+02 4.205631082252227770e+02 4.204875668831321036e+02
1.959679362504220080e+03 4.218121585675747838e+02 4.215876729340861857e+02 4.213088129592052269e+02 4.210624193901071521e+02 4.208579240236274472e+02 4.206840519941181924e+02 4.205327844523773138e+02 4.203988054658952365e+02 4.202777983836763269e+02 4.201651016630129902e+02 4.200633569203936304e+02 4.199660689961443722e+02 4.198844423163935744e+02 4.197901520373268909e+02 4.197134473202700065e+02
2.009679362504220080e+03 4.210127164335273164e+02 4.207840660286599928e+02 4.204997877519237477e+02 4.202483719997761682e+02 4.200397561680223362e+02 4.198625327812442265e+02 4.197084588797161473e+02 4.195720514109128771e+02 4.194489029467392243e+02 4.193342417289179025e+02 4.192307689693362818e+02 4.191318127924622559e+02 4.190488457682979515e+02 4.189529776949933080e+02 4.188750215372944581e+02
2.059679362504220080e+03 4.204376663828713845e+02 4.202058695106743471e+02 4.199171521361761279e+02 4.196609560071168517e+02 4.194479810582024584e+02 4.192671364685875233e+02 4.191100114382271613e+02 4.189709330625504435e+02 4.188454002261976825e+02 4.187285712818945740e+02 4.186231460899108470e+02 4.185223467089862197e+02 4.184377961398833463e+02 4.183401996886236702e+02 4.182609398255726774e+02
2.109679362504220080e+03 4.197876864831304715e+02 4.195533768215699979e+02 4.192625275996562095e+02 4.190079580579229059e+02 4.187982839366940198e+02 4.186201417960897970e+02 4.184651195070071026e+02 4.183278250541092689e+02 4.182038347036019559e+02 4.180882368881848379e+02 4.179842044459683166e+02 4.178842896740596871e+02 4.178010988927913445e+02 4.177045048961658154e+02 4.176255013560588623e+02
2.159679362504220080e+03 4.188049034742704180e+02 4.185639470030697566e+02 4.182620692936110345e+02 4.179840272941056014e+02 4.177453134733108868e+02 4.175455780770673186e+02 4.173749798949352225e+02 4.172256943637266318e+02 4.170924876162538339e+02 4.169694138823209641e+02 4.168589915956110303e+02 4.167540456511679849e+02 4.166665547006469410e+02 4.165655013836732223e+02 4.164842343494635770e+02
2.209679362504220080e+03 4.180355724396803225e+02 4.177898986420249230e+02 4.175046348690112836e+02 4.172747434445103636e+02 4.170870917368007440e+02 4.169263604864876243e+02 4.167860124769188133e+02 4.166612379541596738e+02 4.165483678885643712e+02 4.164419760682206402e+02 4.163473620164063504e+02 4.162545104580441944e+02 4.161805724607652337e+02 4.160904491678874706e+02 4.160161325570827557e+02
2.259679362504220080e+03 4.155035772349089029e+02 4.152432490135573175e+02 4.149152420029054724e+02 4.145938725789148975e+02 4.142746604395850909e+02 4.139796091792675270e+02 4.137307052151484186e+02 4.135220831777493231e+02 4.133426380748103384e+02 4.131818279069322557e+02 4.130381843347211088e+02 4.129057270273773383e+02 4.127928500623400510e+02 4.126663190591576722e+02 4.125695871021042649e+02
2.309679362504220080e+03 4.141469408034676007e+02 4.138631529696708640e+02 4.135311344845982831e+02 4.132424148054075204e+02 4.130036871387234214e+02 4.128014281965538999e+02 4.126283539166407763e+02 4.124809681546486217e+02 4.123517050972426432e+02 4.122419556113986232e+02 4.121512487641267057e+02 4.120757718957244151e+02 4.120190231517334496e+02 4.119931169956181520e+02 4.119864199411562140e+02
2.359679362504220080e+03 4.137663640876933755e+02 4.134953056874666117e+02 4.131606720454685160e+02 4.128722399693239140e+02 4.126396317681236496e+02 4.124441571037292533e+02 4.122752260444317471e+02 4.121262953295297962e+02 4.119925381837477971e+02 4.118676951467409140e+02 4.117563770303344199e+02 4.116485590433873085e+02 4.115606890519558192e+02 4.114563793394473237e+02 4.113705513318612361e+02
2.409679362504220080e+03 4.130144791078953403e+02 4.127389647966072062e+02 4.123926301774580452e+02 4.120644377269702545e+02 4.117739167197368033e+02 4.115319356785408331e+02 4.113265782655290081e+02 4.111475296027135187e+02 4.109880800208988489e+02 4.108410965392538401e+02 4.107082815109635021e+02 4.105828828406056914e+02 4.104767720957082702e+02 4.103548224997935563e+02 4.102592903854105089e+02
2.459679362504220080e+03 4.128602262179137483e+02 4.125800386345212019e+02 4.122359409905805592e+02 4.119329256229978000e+02 4.116821381250038030e+02 4.114695560638360803e+02 4.112845545038324531e+02 4.111208663449471032e+02 4.109731988369124451e+02 4.108355823063214984e+02 4.107124080577671066e+02 4.105932470400167631e+02 4.104953370517626468e+02 4.103810720661034566e+02 4.102875916262935334e+02
2.509679362504220080e+03 4.129252058116971966e+02 4.126556963844128632e+02 4.123088240761478573e+02 4.119700765682954398e+02 4.116510867613517917e+02 4.113727132839533738e+02 4.111382307271075547e+02 4.109370034918940746e+02 4.107612361523969184e+02 4.105998065892558202e+02 4.104541335662587471e+02 4.103182513767403634e+02 4.102034547744001429e+02 4.100723716632136870e+02 4.099732041354938588e+02
2.559679362504220080e+03 4.121663053771381442e+02 4.118783270894040243e+02 4.115240869877717387e+02 4.112085733390016458e+02 4.109474316908896867e+02 4.107277945318688808e+02 4.105385854378917543e+02 4.103719203026261653e+02 4.102223700718798227e+02 4.100834550809577195e+02 4.099584995229010929e+02 4.098389479881688544e+02 4.097392766218804354e+02 4.096233799564881792e+02 4.095299445807878556e+02
2.609679362504220080e+03 4.111603513102188003e+02 4.108783327627613176e+02 4.105243314855273411e+02 4.102237873003145978e+02 4.099843478125894194e+02 4.097820913335036153e+02 4.096062284479738764e+02 4.094501519012110293e+02 4.093087318776808843e+02 4.091761308799378867e+02 4.090570768909914818e+02 4.089414351220548269e+02 4.088458527744668345e+02 4.087337429960196005e+02 4.086405999359101315e+02
2.659679362504220080e+03 4.105243653391169119e+02 4.102331338308540580e+02 4.098667704966576366e+02 4.095346706991711585e+02 4.092555392147411339e+02 4.090232303223738199e+02 4.088237840757346362e+02 4.086483501715959505e+02 4.084914344938088675e+02 4.083452564105260763e+02 4.082130130370092616e+02 4.080871095261312576e+02 4.079810918135544853e+02 4.078570233980232160e+02 4.077602163749696729e+02
2.709679362504220080e+03 4.093161318745985113e+02 4.090169690535428799e+02 4.086537126515227101e+02 4.083420919881521627e+02 4.080873218728687561e+02 4.078730164720096241e+02 4.076863507518554570e+02 4.075218777505205026e+02 4.073738853420669557e+02 4.072360015833808120e+02 4.071135292610711076e+02 4.069946048587530640e+02 4.069002954695461085e+02 4.067874329659347836e+02 4.066923359058645815e+02
2.759679362504220080e+03 4.084751643081344810e+02 4.081487206341444107e+02 4.077640707299693759e+02 4.074365953305998005e+02 4.071789355769087706e+02 4.069675841377931533e+02 4.067909929396537336e+02 4.066410619022000219e+02 4.065084348049070968e+02 4.063919693836970737e+02 4.062916089453663631e+02 4.061992825558782556e+02 4.061188747742701821e+02 4.060451138113196521e+02 4.060229628329693128e+02
2.809679362504220080e+03 4.088150587537230649e+02 4.085114324055072075e+02 4.081264227612676336e+02 4.077493317075404775e+02 4.073895576156128300e+02 4.070763485466562770e+02 4.068151798201432712e+02 4.065916167260727434e+02 4.063959230740937301e+02 4.062181273379409276e+02 4.060587529784295953e+02 4.059097773033013823e+02 4.057835314635688633e+02 4.056409159648279115e+02 4.055312970661120744e+02
2.859679362504220080e+03 4.083493271274850258e+02 4.080383210477181137e+02 4.076200198347571586e+02 4.071999125935553252e+02 4.067975954478430367e+02 4.063732016857375129e+02 4.059611457976883457e+02 4.056042442599745641e+02 4.053136527312830140e+02 4.050514770409592984e+02 4.048236912026497976e+02 4.046343688741146707e+02 4.044716951529690618e+02 4.042931794366523945e+02 4.042545183199511030e+02
2.909679362504220080e+03 4.071837923810964526e+02 4.070135278071595621e+02 4.067000735622594902e+02 4.065294548663122214e+02 4.063512947887055589e+02 4.061956306015056839e+02 4.060496305728320294e+02 4.059132390110498818e+02 4.057806491124911190e+02 4.056574992978046907e+02 4.055433190019565473e+02 4.054274077499303530e+02 4.053375741586345953e+02 4.052216723567848931e+02 4.051246612025244076e+02
2.959679362504220080e+03 4.066280269589099134e+02 4.062794497854255269e+02 4.058709177486705357e+02 4.054721936784026184e+02 4.050806839919605409e+02 4.047489749013766414e+02 4.044962065112709979e+02 4.042939295445424932e+02 4.041187820082637927e+02 4.039714946222626395e+02 4.038440115225081399e+02 4.037253317580655221e+02 4.036257179232007957e+02 4.035073845139959303e+02 4.034448193644583966e+02
3.009679362504220080e+03 4.066632781882161680e+02 4.063524992652681931e+02 4.059471499643929064e+02 4.055514180429814814e+02 4.051779846757399355e+02 4.048498344495461083e+02 4.045717329365859882e+02 4.043301463555015971e+02 4.041164010126792618e+02 4.039176708550595549e+02 4.037377635370103803e+02 4.036209829698731255e+02 4.035759577884815599e+02 4.035586458571373782e+02 4.035528358719744801e+02
3.059679362504220080e+03 4.066884683733040333e+02 4.063652900126097620e+02 4.059593635872597588e+02 4.055837608725561267e+02 4.052509749726328891e+02 4.049652311248815408e+02 4.047215893700648621e+02 4.045059589734069618e+02 4.043118001551119960e+02 4.041339387103837453e+02 4.039709730489365711e+02 4.038193252387777079e+02 4.036907680213361118e+02 4.035131226691829056e+02 4.033679357530416496e+02
3.109679362504220080e+03 4.067029523071632866e+02 4.063811776752303331e+02 4.059750153445318688e+02 4.055788308062930128e+02 4.052145881634554030e+02 4.049102292690135982e+02 4.046573276597883932e+02 4.044412819252252120e+02 4.042518108909050625e+02 4.040795624296395658e+02 4.039270831019219941e+02 4.037826986415158217e+02 4.036639423690056105e+02 4.035281769847123314e+02 4.034195618541783688e+02
3.159679362504220080e+03 4.074478582009090246e+02 4.071336419541562464e+02 4.067447831177262287e+02 4.064061493895357557e+02 4.061272543422047647e+02 4.058897067801801199e+02 4.056818577898699232e+02 4.054972172677793196e+02 4.053298658222199720e+02 4.051736066817729238e+02 4.050331563903483243e+02 4.048971873258574306e+02 4.047847524157346015e+02 4.046537041293670427e+02 4.045473237011414085e+02
3.209679362504220080e+03 4.077845104027124989e+02 4.074683669789769738e+02 4.070737989059284700e+02 4.067261731369596305e+02 4.064444402677502239e+02 4.062085295230036763e+02 4.060048539064494548e+02 4.058251160175558425e+02 4.056630525138781422e+02 4.055121647707456987e+02 4.053762353403433281e+02 4.052454837892262844e+02 4.051360377262579959e+02 4.050090595479649664e+02 4.049055505113092295e+02
3.259679362504220080e+03 4.079303137931324272e+02 4.076195190118226037e+02 4.072266990263457274e+02 4.068423297133293772e+02 4.064854412707448432e+02 4.061828404717517742e+02 4.059257460923544727e+02 4.057021014118570292e+02 4.055036615241708660e+02 4.053221431131572672e+02 4.051574053627883814e+02 4.050030049234809439e+02 4.048710187559474889e+02 4.047215682706176949e+02 4.046069350404476381e+02
3.309679362504220080e+03 4.079068701553093206e+02 4.075927193576235368e+02 4.071971942491394998e+02 4.068090517810436495e+02 4.064371033152202699e+02 4.061103982403972168e+02 4.058380799041892715e+02 4.056066960879443286e+02 4.054044307274672292e+02 4.052213889569130743e+02 4.050578668790243455e+02 4.049052164597669616e+02 4.047765947784210994e+02 4.046319898313181511e+02 4.045196564760275919e+02
3.359679362504220080e+03 4.076993062706064848e+02 4.073810004508736711e+02 4.069840278000278317e+02 4.066210554284600676e+02 4.063117220024237213e+02 4.060557309315855719e+02 4.058392239839233753e+02 4.056500335519642704e+02 4.054817387437514071e+02 4.053260812932580279e+02 4.051880021497523785e+02 4.050547592821815783e+02 4.049463237648088239e+02 4.048195815680015244e+02 4.047172956827155303e+02
3.409679362504220080e+03 4.077817781379531539e+02 4.074657166118471423e+02 4.070703279928590064e+02 4.067128432868183268e+02 4.064118995557436165e+02 4.061581244488668290e+02 4.059387083582951163e+02 4.057446306729610228e+02 4.055693544540799849e+02 4.054064425922005057e+02 4.052584565112724135e+02 4.051172882244422908e+02 4.049972144078047904e+02 4.048592876202055777e+02 4.047502182696260888e+02
3.459679362504220080e+03 4.079491450990533394e+02 4.076417976052841254e+02 4.072492997402529795e+02 4.068643632282836506e+02 4.064938517182536089e+02 4.061644253799705666e+02 4.058866762973480604e+02 4.056490895074630885e+02 4.054402743464017931e+02 4.052513452333967052e+02 4.050827531152792176e+02 4.049249923995377003e+02 4.047928332292805180e+02 4.046439473454774429e+02 4.045282857714748275e+02
3.509679362504220080e+03 4.078741921451634198e+02 4.075610255304467273e+02 4.071674318742798278e+02 4.067921324272399488e+02 4.064583387443828997e+02 4.061783572726148464e+02 4.059370299699530165e+02 4.057245158889487584e+02 4.055329278166639710e+02 4.053558535103621239e+02 4.051948253903851196e+02 4.050422951576310311e+02 4.049114958437120322e+02 4.047638752769315715e+02 4.046483957289382261e+02
3.559679362504220080e+03 4.075378531381307425e+02 4.072185775124476095e+02 4.068206873346102270e+02 4.064638677283332981e+02 4.061659231617883279e+02 4.059161261680393977e+02 4.057013917979602411e+02 4.055118247645981455e+02 4.053411949792274527e+02 4.051824744590170440e+02 4.050389435209697240e+02 4.049014585949446428e+02 4.047853522123549510e+02 4.046511137515341261e+02 4.045441521769692486e+02
3.609679362504220080e+03 4.080184718069434666e+02 4.077165866906947258e+02 4.073269680288477161e+02 4.069450742833763570e+02 4.065667060533448876e+02 4.062147928817128673e+02 4.059084751359935126e+02 4.056423527107668292e+02 4.054068002091681819e+02 4.051933603189758060e+02 4.050009591292583764e+02 4.048228756047664092e+02 4.046692459683562788e+02 4.045018448713664156e+02 4.043745711401669496e+02
3.659679362504220080e+03 4.074404541445970835e+02 4.071094121010757476e+02 4.067039404223863812e+02 4.063090119175033124e+02 4.059496118845571573e+02 4.056532232833246781e+02 4.054103744094418289e+02 4.052053668781629767e+02 4.050274447188728573e+02 4.048665733851912591e+02 4.047261713648515524e+02 4.045932003426843835e+02 4.044869972907346778e+02 4.043625489199811227e+02 4.042705610051923486e+02
3.709679362504220080e+03 4.076871555641645273e+02 4.073784270836867449e+02 4.069849542959020141e+02 4.065996266951374309e+02 4.062152040540698295e+02 4.058670136987972796e+02 4.055779142516401521e+02 4.053311692084982951e+02 4.051109069107029086e+02 4.049105489391879473e+02 4.047287876374456346e+02 4.045583907394939160e+02 4.044125657032421941e+02 4.042518627734207257e+02 4.041271324076727751e+02
3.759679362504220080e+03 4.073664803444888207e+02 4.070454023253787454e+02 4.066460092041059511e+02 4.062838710187839979e+02 4.059780259243787555e+02 4.057193860853885781e+02 4.054942785135021950e+02 4.052945762282284932e+02 4.051135554698539067e+02 4.049451766874910277e+02 4.047920442141947319e+02 4.046459243040042111e+02 4.045214517097364251e+02 4.043788368797285102e+02 4.042672083272703389e+02
3.809679362504220080e+03 4.075907906469283262e+02 4.072816044151463188e+02 4.068862755087437222e+02 4.064988022584824421e+02 4.061151165755267129e+02 4.057619418099625364e+02 4.054594093480329775e+02 4.051992732309427083e+02 4.049700465818759767e+02 4.047626292466809446e+02 4.045756600991758773e+02 4.044021818355627147e+02 4.042524521209327304e+02 4.040880379275647556e+02 4.039623846035740371e+02
3.859679362504220080e+03 4.070409990271808738e+02 4.067113588625021521e+02 4.063070344045418096e+02 4.059465111749470339e+02 4.056507500085220954e+02 4.054020141610551491e+02 4.051861139479340750e+02 4.049949376868364084e+02 4.048218567724475747e+02 4.046604494463294941e+02 4.045144866428016712e+02 4.043739861421944397e+02 4.042559474624632685e+02 4.041195913485911433e+02 4.040103653681979381e+02
3.909679362504220080e+03 4.074646258631963747e+02 4.071528104976084705e+02 4.067555026996788001e+02 4.063662346722182974e+02 4.059814866938504565e+02 4.056250529845394794e+02 4.053183537830021237e+02 4.050525382400583112e+02 4.048166694414645690e+02 4.046027742170425654e+02 4.044091980917388582e+02 4.042294407505480649e+02 4.040730464149986574e+02 4.039020974187952788e+02 4.037719223999761766e+02
3.959679362504220080e+03 4.068549925599495509e+02 4.065226977309246195e+02 4.061111985765397776e+02 4.057066435348712048e+02 4.053215575912597046e+02 4.049882931117429621e+02 4.047161864014211687e+02 4.044895242212272706e+02 4.042938476591461949e+02 4.041184173218217666e+02 4.039648958141742696e+02 4.038200971128061951e+02 4.037026713964548890e+02 4.035685884206502578e+02 4.034620325107086956e+02
4.009679362504220080e+03 4.069753713603025176e+02 4.066537867938111503e+02 4.062525347948597982e+02 4.058603329242067730e+02 4.054720032767469320e+02 4.051284318792403951e+02 4.048456791931987482e+02 4.046051687449282213e+02 4.043923361222344965e+02 4.042003627219255577e+02 4.040282531958923755e+02 4.038665951015917699e+02 4.037305671706767498e+02 4.035743945269549613e+02 4.034569550369170656e+02
4.059679362504220080e+03 4.070260399827943729e+02 4.067130346422587763e+02 4.063096446622728308e+02 4.059134695015083025e+02 4.055160815655056012e+02 4.051200081263450556e+02 4.047497009209032512e+02 4.044286871408237403e+02 4.041551766665586456e+02 4.039147879766277356e+02 4.037031296421433808e+02 4.035104718018410495e+02 4.033472087124329732e+02 4.031707712166748934e+02 4.030373608724391943e+02
4.109679362504220080e+03 4.066667673432680203e+02 4.063369963758552785e+02 4.059273787452679016e+02 4.055263653787497447e+02 4.051591744774972312e+02 4.048556045048235319e+02 4.046025634265436111e+02 4.043851485438736972e+02 4.041926700608781857e+02 4.040170613989657795e+02 4.038594335795254437e+02 4.037106229180177479e+02 4.035848582063869117e+02 4.034418145096310582e+02 4.033286791355211562e+02
4.159679362504220080e+03 4.064447824859749971e+02 4.061109336450014098e+02 4.056985447517472494e+02 4.052954633152978658e+02 4.049266351562335444e+02 4.046214943827364436e+02 4.043671584052273147e+02 4.041487499391071765e+02 4.039553660289011532e+02 4.037790413370128135e+02 4.036206812060063385e+02 4.034713131730990767e+02 4.033449199473238878e+02 4.032009941026702791e+02 4.030873497637470564e+02
4.209679362504220080e+03 4.063626141826921980e+02 4.060308040877916369e+02 4.056180698284393884e+02 4.052139236538185969e+02 4.048405852851694817e+02 4.045292530798235475e+02 4.042723219383722153e+02 4.040546388239827706e+02 4.038638601507272483e+02 4.036913980895981240e+02 4.035381349712175165e+02 4.033937978149036780e+02 4.032734950116455366e+02 4.031362163518138573e+02 4.030249722629176858e+02
4.259679362504220080e+03 4.064774807776105945e+02 4.061523769877704808e+02 4.057416473361400904e+02 4.053388507585020761e+02 4.049371268615858526e+02 4.045624748221657683e+02 4.042426309734771053e+02 4.039720828839330125e+02 4.037378008555642737e+02 4.035286580219504913e+02 4.033438252323484789e+02 4.031720807940342866e+02 4.030286856795053154e+02 4.028689884899918638e+02 4.027465277654411580e+02
4.309679362504220080e+03 4.067646973537854365e+02 4.064399082906678586e+02 4.060321584701360962e+02 4.056327819241784027e+02 4.052465161643146416e+02 4.049033946035310123e+02 4.046139693571001317e+02 4.043650126006588721e+02 4.041447401114635909e+02 4.039450080941976466e+02 4.037653956192403939e+02 4.035974321180186735e+02 4.034539052563228552e+02 4.032941715430529825e+02 4.031707560720122387e+02
4.359679362504220080e+03 4.070168656930370616e+02 4.066944083997778989e+02 4.062896074684731502e+02 4.058932310545181963e+02 4.055178469404562520e+02 4.051923771235776144e+02 4.049179787094921039e+02 4.046812874233510797e+02 4.044712763827452591e+02 4.042801987885781045e+02 4.041083706746268263e+02 4.039469893886114278e+02 4.038096944208637069e+02 4.036558599655015769e+02 4.035361679649433313e+02
4.409679362504220080e+03 4.071283818025974597e+02 4.068071470687629585e+02 4.064039157520562071e+02 4.060091974037697469e+02 4.056419262561410619e+02 4.053292625257297459e+02 4.050643680717673192e+02 4.048345961988536033e+02 4.046298813436638966e+02 4.044429101636944779e+02 4.042744864153000890e+02 4.041158115611742119e+02 4.039808692883834738e+02 4.038291454355675114e+02 4.037107552236322476e+02
4.459679362504220080e+03 4.072655480867517213e+02 4.069457873788695679e+02 4.065444033240288491e+02 4.061545611103141482e+02 4.057984136081446991e+02 4.054987809022507008e+02 4.052435547304726242e+02 4.050207539074282863e+02 4.048215200853341571e+02 4.046387854463148415e+02 4.044739720565752350e+02 4.043181551202572450e+02 4.041857897645755884e+02 4.040363652294229269e+02 4.039194318926693086e+02
4.509679362504220080e+03 4.073356035511224036e+02 4.070167306343909104e+02 4.066164783305833339e+02 4.062320674451868854e+02 4.058854461885417777e+02 4.055941919829483595e+02 4.053452059080334493e+02 4.051270667785262276e+02 4.049316058584601024e+02 4.047518629928116525e+02 4.045896587819568140e+02 4.044359559227505088e+02 4.043055368092212802e+02 4.041578814426446797e+02 4.040420439017034369e+02
4.559679362504220080e+03 4.074525368220798782e+02 4.071348986899530473e+02 4.067362290157704479e+02 4.063586909935055473e+02 4.060233117227519415e+02 4.057413220254162525e+02 4.054993879317402730e+02 4.052866874794732439e+02 4.050956889927274460e+02 4.049195582436669838e+02 4.047605108849543285e+02 4.046094147811402308e+02 4.044813385110699073e+02 4.043358748875136257e+02 4.042214109425660808e+02
4.609679362504220080e+03 4.074819357863030405e+02 4.071647263365328513e+02 4.067667234412811013e+02 4.063951451378182469e+02 4.060697920562709555e+02 4.057955545730852123e+02 4.055594545319921735e+02 4.053512360508350980e+02 4.051638368735824542e+02 4.049905481567990932e+02 4.048338432893598338e+02 4.046846789273412242e+02 4.045581407350870222e+02 4.044141176486065206e+02 4.043005535121466210e+02
4.659679362504220080e+03 4.075232046067214355e+02 4.072067517857583425e+02 4.068095926613341931e+02 4.064434721883696966e+02 4.061266441680222101e+02 4.058582290274880506e+02 4.056260216516674291e+02 4.054205746621084359e+02 4.052352474137936156e+02 4.050635257659981789e+02 4.049081709379179870e+02 4.047599959264687755e+02 4.046344653875352719e+02 4.044912615360669292e+02 4.043781807783494173e+02
4.709679362504220080e+03 4.075443597199072201e+02 4.072283256261280258e+02 4.068317135977756607e+02 4.064692945184501696e+02 4.061584700110673793e+02 4.058945359711929086e+02 4.056657038690316313e+02 4.054629531313519806e+02 4.052798752694516793e+02 4.051100186171045152e+02 4.049563808645185077e+02 4.048096023176192944e+02 4.046854744401577477e+02 4.045435459577389565e+02 4.044312494690526592e+02
4.759679362504220080e+03 4.075966546343912000e+02 4.072811921162989393e+02 4.068854429064562623e+02 4.065279595655317166e+02 4.062249277828292406e+02 4.059666054880104866e+02 4.057417307228521395e+02 4.055419436902824373e+02 4.053611224764709391e+02 4.051929996913429477e+02 4.050407404398504241e+02 4.048950372357486458e+02 4.047717459790197836e+02 4.046305533850311917e+02 4.045186768963154691e+02
4.809679362504220080e+03 4.076391235925721048e+02 4.073241417182949817e+02 4.069297415453992244e+02 4.065763243027346334e+02 4.062793409638638877e+02 4.060257083853703080e+02 4.058042989193318135e+02 4.056073335919687679e+02 4.054287851969806979e+02 4.052625497865064972e+02 4.051118755622760546e+02 4.049675277093530781e+02 4.048453595771885603e+02 4.047052634549436334e+02 4.045940471344453613e+02
4.859679362504220080e+03 4.076980612270120901e+02 4.073836860137886902e+02 4.069916657018462729e+02 4.066429025588748800e+02 4.063509260210286129e+02 4.061009778802505821e+02 4.058822131890625542e+02 4.056873479318376212e+02 4.055104548110502947e+02 4.053455744844537207e+02 4.051960621432681364e+02 4.050526577920238651e+02 4.049313398260090366e+02 4.047920396449685541e+02 4.046812969976073191e+02
4.909679362504220080e+03 4.077728908500992020e+02 4.074592059195164779e+02 4.070695306221414285e+02 4.067246227990628427e+02 4.064362895778142502e+02 4.061889896759960834e+02 4.059721192594020067e+02 4.057787467495182909e+02 4.056030188514748716e+02 4.054390895060430466e+02 4.052903807093043724e+02 4.051476303541246580e+02 4.050268799723537541e+02 4.048881350169629059e+02 4.047777244595829984e+02
4.959679362504220080e+03 4.078564923676441936e+02 4.075435371767405854e+02 4.071560233348382667e+02 4.068143280834086681e+02 4.065288208945502220e+02 4.062835626050209044e+02 4.060681590990440668e+02 4.058759387438344106e+02 4.057011090412390786e+02 4.055379141819284996e+02 4.053898201362551390e+02 4.052475775340886912e+02 4.051272481137208388e+02 4.049889505424661706e+02 4.048787999430973059e+02
5.009679362504220080e+03 4.079389137139074251e+02 4.076266600895768875e+02 4.072409473766340398e+02 4.069016986963931686e+02 4.066182108465670808e+02 4.063743913875389921e+02 4.061600196167296417e+02 4.059686006173798205e+02 4.057943901473531696e+02 4.056317007959522698e+02 4.054840153168602797e+02 4.053421228794987883e+02 4.052220494313505696e+02 4.050840717693336046e+02 4.049740968961909857e+02
5.059679362504220080e+03 4.080116879685515983e+02 4.077000492730729775e+02 4.073160209093098274e+02 4.069790759442225863e+02 4.066974803703815269e+02 4.064550128685985442e+02 4.062416310213262705e+02 4.060509861755189149e+02 4.058773857144345811e+02 4.057151915907681996e+02 4.055679257908127511e+02 4.054263647596776536e+02 4.053065931863026208e+02 4.051688370383274673e+02 4.050590797962818783e+02
5.109679362504220080e+03 4.079907743620273664e+02 4.076790111557807563e+02 4.072916941708161858e+02 4.069480290404462153e+02 4.066596639740764658e+02 4.064121609681450877e+02 4.061949782887704714e+02 4.060012475944802759e+02 4.058251731272614506e+02 4.056607934209823725e+02 4.055118246244552438e+02 4.053680510634823122e+02 4.052479898082739851e+02 4.051041668087677863e+02 4.049953270914209043e+02
5.159679362504220080e+03 4.078703973793591331e+02 4.075578351617717203e+02 4.071736774386586148e+02 4.068380811707547764e+02 4.065576096593757711e+02 4.063159315881727593e+02 4.061030891558420990e+02 4.059128253739785350e+02 4.057395529099334226e+02 4.055773979709740615e+02 4.054306221077566761e+02 4.052882677081091174e+02 4.051700843800767302e+02 4.050274684033016683e+02 4.049192560061677000e+02
5.209679362504220080e+03 4.080349112986328919e+02 4.077237281098226731e+02 4.073473897600143800e+02 4.070240726304625696e+02 4.067523252624276893e+02 4.065162816462778892e+02 4.063072352722494429e+02 4.061198457871171286e+02 4.059482061109528672e+02 4.057884518336576321e+02 4.056405378681345155e+02 4.055044079662638978e+02 4.053765110642817149e+02 4.052592765058617488e+02 4.051125862131131043e+02
5.259679362504220080e+03 4.082424871949460794e+02 4.079335058379441534e+02 4.075648866870347433e+02 4.072544478499088996e+02 4.069935712936307937e+02 4.067660989560724829e+02 4.065645701665098954e+02 4.063835913413286676e+02 4.062178811673583141e+02 4.060628243175221996e+02 4.059207173092003131e+02 4.057867636000545417e+02 4.056672239924628229e+02 4.055457908693124409e+02 4.055114365287216742e+02
5.309679362504220080e+03 4.080449332710072667e+02 4.077346732376445289e+02 4.073639532124036009e+02 4.070505351894169053e+02 4.067871444656225322e+02 4.065576554323530445e+02 4.063543339900120372e+02 4.061715417421600591e+02 4.060050073584534402e+02 4.058469615059423177e+02 4.057074824835937079e+02 4.055632101352579184e+02 4.054589673817793596e+02 4.054511408881504622e+02 4.054497211567050954e+02
5.359679362504220080e+03 4.078155373737771470e+02 4.075035773295374497e+02 4.071314596533435406e+02 4.068180257187329971e+02 4.065549496472477244e+02 4.063257942650743075e+02 4.061227816962361317e+02 4.059406050837752673e+02 4.057737233975124127e+02 4.056178678659901493e+02 4.054745030989375891e+02 4.054320763190159482e+02 4.054303687665710640e+02 4.054278831734389996e+02 4.054264814932421359e+02
5.409679362504220080e+03 4.070879802876312965e+02 4.067700808946440247e+02 4.063984714411398045e+02 4.060962683290221094e+02 4.058458593038484992e+02 4.056295531141597621e+02 4.054408823967052626e+02 4.052694706242665461e+02 4.051981532807893132e+02 4.051951424246392435e+02 4.051934338668498867e+02 4.051914986161631305e+02 4.051897971304664452e+02 4.051873377380282477e+02 4.051859526062039549e+02
5.459679362504220080e+03 4.044719267798493547e+02 4.044713803336804858e+02 4.044707054043921062e+02 4.044701043484690217e+02 4.044694869619120823e+02 4.044688675717483193e+02 4.044682399548044600e+02 4.044676083896646333e+02 4.044669427927882452e+02 4.044662609615642168e+02 4.044655677522277415e+02 4.044648360026573073e+02 4.044640376683466343e+02 4.044631524133014864e+02 4.044625130462122229e+02
5.509679362504220080e+03 4.038731275190113479e+02 4.038724635607569553e+02 4.038717715013251564e+02 4.038711681316407862e+02 4.038705300023301561e+02 4.038699041364934033e+02 4.038692718789307037e+02 4.038686408297027128e+02 4.038679669135414088e+02 4.038672885017441558e+02 4.038665813768663497e+02 4.038658675534080658e+02 4.038651912254550211e+02 4.038644375069015950e+02 4.038638599384945564e+02
5.559679362504220080e+03 4.038219783703428902e+02 4.038214404124050247e+02 4.038208512224384776e+02 4.038203825315723066e+02 4.038198364253854038e+02 4.038192622867508135e+02 4.038186637739204343e+02 4.038180782312326187e+02 4.038174350626314322e+02 4.038167349876601975e+02 4.038159557782166189e+02 4.038150671339078599e+02 4.038141388243666938e+02 4.038129409712388451e+02 4.038121429677395895e+02
5.609679362504220080e+03 4.021813696000015170e+02 4.021809011261815385e+02 4.021803503318604953e+02 4.021799382637153712e+02 4.021794967737397997e+02 4.021790119513445916e+02 4.021784873604925110e+02 4.021779474586771812e+02 4.021773741939788351e+02 4.021767869777437454e+02 4.021761676937232437e+02 4.021754713794106806e+02 4.021747155081530423e+02 4.021738362924558601e+02 4.021732171065730768e+02
5.659679362504220080e+03 4.018539588859131868e+02 4.018535314922854695e+02 4.018530771540396245e+02 4.018528257239612458e+02 4.018524864835230801e+02 4.018520966929752944e+02 4.018516262815717255e+02 4.018511123971036341e+02 4.018505011906916593e+02 4.018498550294207803e+02 4.018491938721197698e+02 4.018485132753135645e+02 4.018477631416950544e+02 4.018469019463312861e+02 4.018462770744006320e+02
5.709679362504220080e+03 4.018429679557243048e+02 4.018424802590250238e+02 4.018419224532539715e+02 4.018415419472848384e+02 4.018410710695046077e+02 4.018405907014372360e+02 4.018399894962307144e+02 4.018392188071854889e+02 4.018374428477541187e+02 4.018339773245464812e+02 4.018311994912481850e+02 4.018279786052364670e+02 4.018250827355524279e+02 4.018209347419467576e+02 4.018188216357551141e+02
5.759679362504220080e+03 4.018297129144928022e+02 4.014792154454241313e+02 4.010620131192070517e+02 4.009050424728700364e+02 4.009042468474115140e+02 4.009033324961745848e+02 4.009022907698662834e+02 4.009010339168668224e+02 4.008997950020435042e+02 4.008981004456908295e+02 4.008961178460582460e+02 4.008937336581674913e+02 4.008916895349923948e+02 4.008885465324208326e+02 4.008868398115780565e+02
5.809679362504220080e+03 4.003692912438941107e+02 4.000182603472904930e+02 3.995795315664714167e+02 3.992541372910488917e+02 3.991815124097613534e+02 3.991807483679120310e+02 3.991799893356468374e+02 3.991792099332972725e+02 3.991784574237694869e+02 3.991776891833445688e+02 3.991768863156063958e+02 3.991759912486807025e+02 3.991750257038226550e+02 3.991739045685442875e+02 3.991731606182942187e+02
5.859679362504220080e+03 3.996643967400563042e+02 3.992902513353137692e+02 3.988708574862959608e+02 3.985090668038698141e+02 3.983275399955172134e+02 3.983266781628275339e+02 3.983257723560498675e+02 3.983248100411328778e+02 3.983239406392112869e+02 3.983230105050881775e+02 3.983220812768693122e+02 3.983211176824059407e+02 3.983202477729455495e+02 3.983192345669357337e+02 3.983185249920927617e+02
5.909679362504220080e+03 3.991296212363894256e+02 3.987451786667066926e+02 3.983165210168666022e+02 3.979467159268403407e+02 3.977597323231388486e+02 3.977584467419317775e+02 3.977571992250802850e+02 3.977558432049258954e+02 3.977547095487406068e+02 3.977533804261755677e+02 3.977520564394429243e+02 3.977506696606681089e+02 3.977495561391483534e+02 3.977482075146447187e+02 3.977474067159971582e+02
5.959679362504220080e+03 3.978371243185965795e+02 3.974666637546424681e+02 3.970562574897239756e+02 3.967215050560280929e+02 3.964265132532881353e+02 3.963308480269444090e+02 3.963297839377004266e+02 3.963285660547937823e+02 3.963274813142387529e+02 3.963262831514682603e+02 3.963250902403764258e+02 3.963238349313160143e+02 3.963227720735467301e+02 3.963215549729146687e+02 3.963208808023833853e+02
6.009679362504220080e+03 3.968972981543984702e+02 3.965395481719249346e+02 3.961166098392234858e+02 3.957690386323274652e+02 3.954903370312602533e+02 3.954433329293570409e+02 3.954424171643368027e+02 3.954413599784371627e+02 3.954403863513899182e+02 3.954393474265594932e+02 3.954383135034259453e+02 3.954372223634171064e+02 3.954362665422792702e+02 3.954352019154675872e+02 3.954346143647762801e+02
6.059679362504220080e+03 3.964185253911583686e+02 3.959847095562984123e+02 3.955039524095006982e+02 3.951120741580373306e+02 3.949130794112831495e+02 3.949090707863790044e+02 3.949081272917662773e+02 3.949070532038559804e+02 3.949060405619514427e+02 3.949049962837344765e+02 3.949039577536477736e+02 3.949028564156155880e+02 3.949018603939617833e+02 3.949007856553853912e+02 3.949002319180868881e+02
6.109679362504220080e+03 3.961869008595323294e+02 3.957545928164135489e+02 3.952664731372021265e+02 3.948596013673969765e+02 3.945949509243972670e+02 3.945837175399599346e+02 3.945824745639298499e+02 3.945809296597581692e+02 3.945794682199485237e+02 3.945779089195295910e+02 3.945763510139826167e+02 3.945746757355497039e+02 3.945732064481217662e+02 3.945716166140073256e+02 3.945709393354893564e+02
6.159679362504220080e+03 3.960066689913443270e+02 3.955999150507399236e+02 3.951072285902188241e+02 3.946860752287250875e+02 3.944375801257166358e+02 3.944309799437337460e+02 3.944296440427265225e+02 3.944279081281094932e+02 3.944262957242767698e+02 3.944244895073010184e+02 3.944226821882441527e+02 3.944207319015357029e+02 3.944190885773060131e+02 3.944172317494924869e+02 3.944165032616515987e+02
6.209679362504220080e+03 3.958876184663353683e+02 3.954679559086172276e+02 3.949642721443115079e+02 3.945333246025383573e+02 3.942460832674461244e+02 3.942452699809625187e+02 3.942442640941076206e+02 3.942429919701979770e+02 3.942417519724854174e+02 3.942404475364759264e+02 3.942391415223310105e+02 3.942377292243317015e+02 3.942364601129499988e+02 3.942351055125711241e+02 3.942345174653040658e+02
6.259679362504220080e+03 3.957537718302279472e+02 3.953627908968131237e+02 3.948708677420716526e+02 3.944320293970321814e+02 3.942038795585522735e+02 3.942027232228038542e+02 3.942015708894937802e+02 3.942000333473022238e+02 3.941985226457357498e+02 3.941968886546404747e+02 3.941952424871220160e+02 3.941934462298282824e+02 3.941918585645587427e+02 3.941901293758691054e+02 3.941895514640321494e+02
6.309679362504220080e+03 3.954976236117344115e+02 3.950216057946337287e+02 3.945027659116987024e+02 3.940946402560261959e+02 3.939353877679029665e+02 3.939345545838391445e+02 3.939334834260941989e+02 3.939320965173798754e+02 3.939306985902425708e+02 3.939292531141153972e+02 3.939278013083311407e+02 3.939262203662956949e+02 3.939247633229572898e+02 3.939232506549445247e+02 3.939226124354965464e+02
6.359679362504220080e+03 3.952967427422681226e+02 3.948498559102653189e+02 3.943455591414614219e+02 3.939479493673872526e+02 3.938358609163223605e+02 3.938351729852064409e+02 3.938343285326475893e+02 3.938332678130449267e+02 3.938321783881175406e+02 3.938310809905488554e+02 3.938299806872094564e+02 3.938287861491438662e+02 3.938276564149987848e+02 3.938265123007977877e+02 3.938260471479840135e+02
6.409679362504220080e+03 3.951330669160201978e+02 3.947059230689990272e+02 3.942033637358342730e+02 3.937859621824270562e+02 3.936059358166685342e+02 3.936051653801550287e+02 3.936041526291591026e+02 3.936028264207135976e+02 3.936014463550802134e+02 3.936000289884528911e+02 3.935986063615892476e+02 3.935970525810367349e+02 3.935955917540641167e+02 3.935941307258581219e+02 3.935936240306239142e+02
6.459679362504220080e+03 3.949831223310104633e+02 3.945464355967005190e+02 3.940329984092400650e+02 3.936278400957891108e+02 3.934684963409317788e+02 3.934676230794422054e+02 3.934664063659946578e+02 3.934647350831025392e+02 3.934629652590157889e+02 3.934610967254350271e+02 3.934592159891763572e+02 3.934571494467500088e+02 3.934552155188216602e+02 3.934532857874320939e+02 3.934527192058513947e+02
6.504679362504220080e+03 3.948594947545442437e+02 3.944450041594901677e+02 3.939385200789752162e+02 3.935235464710595465e+02 3.933461590323280461e+02 3.933453221920279930e+02 3.933441614303815186e+02 3.933425487684268091e+02 3.933407623496720475e+02 3.933388564118473596e+02 3.933369257284050491e+02 3.933347743333614517e+02 3.933326744851362946e+02 3.933306008361473118e+02 3.933300779691810476e+02
6.509679362504220080e+03 3.948449041362090952e+02 3.944377121030689182e+02 3.939316532518746499e+02 3.935165914246624652e+02 3.933475175314630974e+02 3.933466916545798426e+02 3.933455525702780164e+02 3.933439723531542427e+02 3.933422197032130043e+02 3.933403519938721615e+02 3.933384584725934587e+02 3.933363450341739735e+02 3.933342733103666546e+02 3.933322298247232993e+02 3.933317179861776935e+02
6.559679362504220080e+03 3.947428877975924024e+02 3.943172419496629573e+02 3.938097984867520722e+02 3.934106397037717215e+02 3.932844485296660650e+02 3.932836384787520956e+02 3.932825045876872991e+02 3.932809182174047464e+02 3.932791265267260314e+02 3.932772084758435085e+02 3.932752497431550296e+02 3.932730355202630221e+02 3.932707736114008412e+02 3.932685940876014570e+02 3.932680882284037125e+02
6.609679362504220080e+03 3.946610429299103657e+02 3.942173681283966289e+02 3.936967574664558924e+02 3.933128931286252623e+02 3.932280099060875500e+02 3.932270969967200926e+02 3.932257885002011335e+02 3.932239189475360490e+02 3.932217675701126041e+02 3.932193997705380752e+02 3.932169767770516842e+02 3.932142181251050488e+02 3.932111654985363884e+02 3.932083271306485699e+02 3.932077670179675124e+02
6.659679362504220080e+03 3.946186694999304336e+02 3.941622963593322879e+02 3.936287619539630214e+02 3.932790142732642948e+02 3.932554315078168656e+02 3.932544055974051389e+02 3.932529814712247003e+02 3.932509579338909020e+02 3.932485907888204224e+02 3.932459755704401800e+02 3.932433318458209897e+02 3.932403016896114991e+02 3.932349115684533558e+02 3.932303538769961051e+02 3.932298618813882740e+02
6.709679362504220080e+03 3.945636881270354479e+02 3.941126277240427953e+02 3.935926057299249123e+02 3.932084998845789414e+02 3.931318113154478624e+02 3.931309368476076997e+02 3.931296971746608051e+02 3.931279357768113414e+02 3.931258673248403284e+02 3.931236164428721622e+02 3.931213661915875832e+02 3.931188061133886436e+02 3.931142048401384272e+02 3.931102250219889811e+02 3.931097980011759319e+02
6.759679362504220080e+03 3.944908836654352626e+02 3.940589797991297019e+02 3.935391464442888037e+02 3.932007785904845036e+02 3.931742393829750313e+02 3.931734322379170408e+02 3.931723096971280711e+02 3.931707312313977809e+02 3.931689005077307684e+02 3.931669502699209033e+02 3.931650272788760958e+02 3.931628750089656137e+02 3.931589248741789220e+02 3.931553973359756924e+02 3.931550305021879126e+02
6.809679362504220080e+03 3.944525770303034733e+02 3.940055859314502413e+02 3.934771625522380418e+02 3.931516521957224768e+02 3.931375699783818050e+02 3.931366976975000966e+02 3.931354615686675515e+02 3.931337269763913014e+02 3.931317364360392617e+02 3.931296359497235926e+02 3.931275797356715884e+02 3.931252697192190908e+02 3.931209309919231032e+02 3.931169696564860487e+02 3.931165985411228689e+02
6.859679362504220080e+03 3.944107035275529825e+02 3.939768788591453585e+02 3.934490948909471513e+02 3.931048235234320600e+02 3.930784362433481647e+02 3.930773204110550978e+02 3.930756736314301065e+02 3.930732975047823743e+02 3.930705869277574038e+02 3.930676563445317697e+02 3.930647750915608185e+02 3.930615309564759059e+02 3.930555971471887915e+02 3.930500995629281533e+02 3.930496770243462379e+02
6.909679362504220080e+03 3.942899406566743892e+02 3.938592190280642171e+02 3.933388242760291860e+02 3.929901719551502879e+02 3.929534090476152528e+02 3.929523210505569750e+02 3.929507154593017617e+02 3.929484147018921476e+02 3.929457772919737408e+02 3.929429098214688452e+02 3.929400937781407492e+02 3.929369059841262697e+02 3.929318011138486213e+02 3.929275346490435368e+02 3.929273013218725055e+02
6.959679362504220080e+03 3.942274646615979918e+02 3.937813588018915425e+02 3.932455409932172188e+02 3.929339972711723590e+02 3.929269026757901884e+02 3.929259519976814090e+02 3.929246081667546378e+02 3.929227527607248476e+02 3.929206015141609214e+02 3.929182937796759916e+02 3.929160244594382334e+02 3.929134887566249859e+02 3.929096498695453761e+02 3.929061342190997266e+02 3.929059419783119438e+02
7.009679362504220080e+03 3.942271225961073355e+02 3.937737790518872316e+02 3.932350160520717850e+02 3.929400744487104475e+02 3.929362986631633703e+02 3.929351723779257100e+02 3.929335243355022271e+02 3.929311932014723538e+02 3.929284497274614409e+02 3.929254945901773795e+02 3.929225877785750640e+02 3.929193771360182836e+02 3.929152622491048419e+02 3.929113709601361393e+02 3.929111104221032065e+02
7.059679362504220080e+03 3.942068771329471701e+02 3.937665051159080463e+02 3.932366262934820611e+02 3.929164521209975192e+02 3.929034813100201404e+02 3.929022773712998742e+02 3.929005306162458737e+02 3.928980482337842659e+02 3.928950285012795689e+02 3.928917277826777763e+02 3.928884656536882858e+02 3.928847457000601366e+02 3.928798244970777205e+02 3.928780692778662456e+02 3.928779299487376306e+02
7.109679362504220080e+03 3.941830539546709815e+02 3.937430574729208956e+02 3.932109498902900668e+02 3.929452013762297611e+02 3.929430227538604754e+02 3.929420331136902291e+02 3.929406293349095449e+02 3.929386613536548793e+02 3.929362959666575534e+02 3.929338471855033390e+02 3.929315691484273998e+02 3.929291216983172035e+02 3.929257474137975237e+02 3.929247096456571171e+02 3.929246150764616914e+02
7.159679362504220080e+03 3.942015664473682364e+02 3.937400721811967514e+02 3.932055377965382377e+02 3.929713221696591177e+02 3.929704112948761008e+02 3.929693715665811737e+02 3.929678864728015242e+02 3.929657765764965234e+02 3.929632529321658012e+02 3.929607551916584498e+02 3.929585783470012643e+02 3.929561476807128884e+02 3.929527079674767833e+02 3.929517071864120794e+02 3.929516097674041930e+02
7.209679362504220080e+03 3.941835884146977378e+02 3.937306348449989173e+02 3.932011586928902034e+02 3.929852366965205874e+02 3.929845955071012895e+02 3.929835087055013219e+02 3.929819205223202516e+02 3.929796357723448068e+02 3.929772631485288912e+02 3.929752643968132588e+02 3.929733316966596135e+02 3.929709465624081872e+02 3.929674899331432130e+02 3.929665232448713823e+02 3.929664257956754909e+02
7.259679362504220080e+03 3.941770082405716380e+02 3.937208239762412632e+02 3.931776038063302394e+02 3.929237487400963573e+02 3.929230399596483494e+02 3.929219727723831284e+02 3.929202160598221099e+02 3.929177737844823923e+02 3.929154090121709260e+02 3.929136431991425411e+02 3.929121289444689751e+02 3.929101936967254005e+02 3.929074737749413089e+02 3.929067084617391856e+02 3.929066240401025425e+02
7.309679362504220080e+03 3.940989671701354951e+02 3.936506939085477370e+02 3.931168064235101838e+02 3.928778622081592289e+02 3.928773030309545220e+02 3.928766790194944178e+02 3.928758214800693622e+02 3.928748394865153841e+02 3.928739451282381197e+02 3.928731545573449466e+02 3.928724402976325223e+02 3.928715163264974990e+02 3.928702892076604485e+02 3.928699396246383913e+02 3.928698922223269960e+02
7.359679362504220080e+03 3.940766809637928532e+02 3.936294990284580422e+02 3.931012759555115395e+02 3.928755104831210474e+02 3.928749429635533943e+02 3.928742500070558208e+02 3.928734704709561356e+02 3.928724531078524933e+02 3.928714699805908026e+02 3.928706001357772379e+02 3.928697695316643603e+02 3.928686701188304937e+02 3.928683346020990257e+02 3.928681449853517051e+02 3.928681072717792517e+02
7.409679362504220080e+03 3.945810444899653362e+02 3.941440709370962736e+02 3.936062424167951690e+02 3.933493190580508099e+02 3.933483433828803868e+02 3.933464866010579044e+02 3.933439582557657559e+02 3.933399413540084879e+02 3.933357326450767459e+02 3.933345525189009777e+02 3.933343359335836453e+02 3.933339816404114799e+02 3.933337453278256248e+02 3.933333812982469340e+02 3.933333296271981681e+02
7.459679362504220080e+03 3.940849569037762876e+02 3.936328948792517508e+02 3.931158805357723622e+02 3.929469902515258468e+02 3.929464550735202124e+02 3.929458214686668498e+02 3.929452090952935919e+02 3.929442828037979893e+02 3.929431509086479650e+02 3.929428476702515241e+02 3.929427228753110057e+02 3.929426198753287736e+02 3.929425139614148748e+02 3.929423641623760659e+02 3.929423242556227933e+02
7.509679362504220080e+03 3.940895645003096206e+02 3.936416162431419252e+02 3.931337523444861404e+02 3.929900939086012386e+02 3.929895668542266662e+02 3.929889462831666265e+02 3.929883326247900186e+02 3.929872148245759149e+02 3.929868455064749355e+02 3.929866819297703842e+02 3.929865580139406802e+02 3.929864289539478932e+02 3.929862880787534891e+02 3.929860810745332174e+02 3.929860354198362984e+02
7.559679362504220080e+03 3.941174639193985740e+02 3.936598415169692089e+02 3.931455709315277431e+02 3.929813287095256555e+02 3.929806541529648030e+02 3.929797287587995243e+02 3.929786971701400375e+02 3.929767998098548105e+02 3.929763790188271741e+02 3.929762353167573679e+02 3.929761427953819748e+02 3.929760470388307567e+02 3.929759348081096277e+02 3.929757494434944078e+02 3.929757174408126730e+02
7.609679362504220080e+03 3.940633245663076991e+02 3.936113440044929348e+02 3.931122756282956630e+02 3.930001476944286765e+02 3.929995139525584023e+02 3.929986515977547015e+02 3.929975484642307038e+02 3.929956989199167765e+02 3.929953856103230692e+02 3.929952740731890231e+02 3.929952049236496805e+02 3.929951370715357370e+02 3.929950612104778429e+02 3.929949416204840418e+02 3.929949150568694449e+02
7.659679362504220080e+03 3.940956188946594239e+02 3.936461014058867249e+02 3.931463535017052209e+02 3.930381348060656705e+02 3.930375246100085178e+02 3.930367261519425028e+02 3.930355721335071735e+02 3.930349884824920537e+02 3.930348661801295975e+02 3.930347919000935804e+02 3.930347289580411143e+02 3.930346628825673747e+02 3.930345884304842912e+02 3.930344745095736130e+02 3.930344478329731146e+02
7.709679362504220080e+03 3.940620644005623490e+02 3.936132417737403557e+02 3.931077410426449887e+02 3.929822235368660586e+02 3.929815452743989681e+02 3.929806132925222641e+02 3.929785877828634852e+02 3.929779705420114055e+02 3.929778653117721205e+02 3.929778055465142188e+02 3.929777542153805712e+02 3.929777020570422223e+02 3.929776477307714231e+02 3.929775775717985198e+02 3.929775437132209390e+02
7.759679362504220080e+03 3.940716046993633768e+02 3.936349928969731309e+02 3.931347270979139239e+02 3.930246228664513524e+02 3.930240070015757965e+02 3.930231002578403832e+02 3.930216186560668348e+02 3.930209733474175664e+02 3.930208937788943899e+02 3.930208611238616641e+02 3.930208304698562074e+02 3.930208023291600057e+02 3.930207859015670238e+02 3.930207836641969834e+02 3.930207430597081384e+02
7.809679362504220080e+03 3.941036687378202146e+02 3.936574722732755163e+02 3.931513351020141727e+02 3.930282260370157701e+02 3.930275003730036474e+02 3.930265323701995612e+02 3.930248748984281519e+02 3.930242255279977712e+02 3.930241458651506719e+02 3.930241192950046525e+02 3.930240985807542984e+02 3.930240766411847062e+02 3.930240597902774198e+02 3.930240480419740265e+02 3.930240209372607296e+02
7.859679362504220080e+03 3.941063954647819969e+02 3.936639981987999022e+02 3.931421426322445427e+02 3.929672444381598098e+02 3.929664838498001700e+02 3.929654147504222692e+02 3.929637189064300173e+02 3.929633504161521955e+02 3.929632255823488549e+02 3.929631847082981153e+02 3.929631590873913751e+02 3.929631399375641649e+02 3.929631247823474496e+02 3.929631106435588777e+02 3.929630878081949845e+02
7.909679362504220080e+03 3.941501088952238661e+02 3.937035854979384339e+02 3.931790127257398808e+02 3.929877186629860830e+02 3.929868222590763480e+02 3.929851237547315463e+02 3.929845944674582370e+02 3.929844622205932296e+02 3.929843767586576178e+02 3.929843110088993399e+02 3.929842541597123500e+02 3.929842090934606631e+02 3.929841436721560513e+02 3.929840626105089427e+02 3.929839988804299082e+02
7.959679362504220080e+03 3.941278100813401011e+02 3.936803039112866145e+02 3.931608733983086950e+02 3.929971613188145056e+02 3.929961582765292860e+02 3.929937881276340477e+02 3.929932759533851936e+02 3.929931654366943121e+02 3.929930812774318838e+02 3.929930178351407335e+02 3.929929611520246340e+02 3.929929190104994632e+02 3.929928310113250518e+02 3.929927672931193570e+02 3.929927189302384818e+02
8.009679362504220080e+03 3.943244130393414935e+02 3.939194285153629949e+02 3.934106214061118294e+02 3.932549147774121820e+02 3.932534545934805692e+02 3.932505345000574266e+02 3.932501472866092627e+02 3.932499794990718556e+02 3.932498017398451111e+02 3.932496475635862225e+02 3.932495035920492796e+02 3.932493300011585120e+02 3.932491878942906851e+02 3.932490193841143764e+02 3.932489043823083534e+02
8.059679362504220080e+03 3.941435732734402677e+02 3.937082524159392847e+02 3.932070962333388593e+02 3.930883753794250879e+02 3.930862752995353731e+02 3.930819120651017897e+02 3.930815975761893242e+02 3.930815171032356261e+02 3.930814561982136865e+02 3.930814133833055166e+02 3.930813732805500536e+02 3.930813315350636685e+02 3.930812918690168090e+02 3.930812470256911411e+02 3.930812128920894111e+02
8.109679362504220080e+03 3.941404633098820227e+02 3.936932147767308265e+02 3.932032080308310924e+02 3.931126591884142272e+02 3.931098535583093962e+02 3.931038787848788161e+02 3.931035575169889285e+02 3.931032902559139757e+02 3.931031552011571648e+02 3.931031078856843806e+02 3.931030614296162753e+02 3.931029823681469679e+02 3.931029178437047449e+02 3.931028550743092183e+02 3.931027998459936725e+02
8.159679362504220080e+03 3.941575412463859607e+02 3.937098095793345465e+02 3.932221240873639658e+02 3.931089302995046637e+02 3.931048635207535540e+02 3.931022695395461710e+02 3.931022585926260149e+02 3.931020202595370847e+02 3.931017706670924667e+02 3.931017129005474544e+02 3.931016642060178015e+02 3.931015674968027156e+02 3.931014823686929844e+02 3.931014061846827872e+02 3.931013376958340473e+02
8.209679362504219171e+03 3.941659983860462262e+02 3.937267081712700474e+02 3.932525714075134147e+02 3.931629356598886034e+02 3.931569761099243010e+02 3.931541857409977183e+02 3.931540939118256119e+02 3.931539384098293226e+02 3.931537826244857570e+02 3.931537310298321586e+02 3.931536850019006692e+02 3.931535985658147752e+02 3.931535171962466393e+02 3.931534576820673692e+02 3.931534045636660153e+02
8.259679362504219171e+03 3.941347286843872553e+02 3.936936601502235362e+02 3.932258299894032234e+02 3.931406014415456980e+02 3.931314819710664210e+02 3.931277579914711282e+02 3.931276103037915846e+02 3.931275561259226379e+02 3.931274888146125477e+02 3.931274492862076499e+02 3.931274118979964101e+02 3.931273500560731691e+02 3.931272873614670402e+02 3.931272405380752843e+02 3.931271950525184593e+02
8.309679362504219171e+03 3.941369039319645822e+02 3.936887189266028599e+02 3.932327752451823244e+02 3.931704545312946379e+02 3.931596126708874976e+02 3.931558156088177043e+02 3.931556935592589639e+02 3.931556468864688441e+02 3.931555896068873608e+02 3.931555595986856133e+02 3.931555239976237317e+02 3.931554707707244916e+02 3.931554196102891297e+02 3.931553777992523351e+02 3.931553374839801336e+02
8.359679362504219171e+03 3.941425968193909171e+02 3.936902495182802113e+02 3.932357415075514950e+02 3.931800279573064358e+02 3.931315685819579357e+02 3.931026100946576207e+02 3.930954649959114704e+02 3.930954336647957916e+02 3.930953546417846951e+02 3.930953172156889650e+02 3.930952825217563031e+02 3.930952268405237646e+02 3.930951672024119716e+02 3.930951329184151177e+02 3.930950978099459121e+02
8.409679362504219171e+03 3.941010216143538969e+02 3.936541619668572594e+02 3.932060497523918912e+02 3.931487224748577773e+02 3.931420073036799749e+02 3.931409716612895409e+02 3.931408685706293795e+02 3.931407915818064112e+02 3.931407227381369580e+02 3.931406928002504628e+02 3.931406604156246090e+02 3.931406145476539677e+02 3.931405789630896379e+02 3.931405429447445385e+02 3.931405067268678977e+02
8.459679362504219171e+03 3.947586164454443747e+02 3.943201014127488975e+02 3.940364594469164672e+02 3.940358003479057629e+02 3.931746133234533431e+02 3.931735145436021526e+02 3.931734241098049552e+02 3.931732778406141051e+02 3.931731376640082090e+02 3.931730622498516254e+02 3.931729775076227043e+02 3.931728630165281970e+02 3.931727890279124722e+02 3.931727275898943503e+02 3.931726708563573425e+02
8.509679362504219171e+03 3.947058688981402383e+02 3.942667804717434592e+02 3.939827754462070288e+02 3.939821363064292541e+02 3.931757582264111761e+02 3.931748051443516943e+02 3.931747101852787409e+02 3.931745801914089498e+02 3.931744724809392437e+02 3.931743381455201529e+02 3.931742451026303797e+02 3.931741341108775600e+02 3.931740431771639805e+02 3.931739599034358434e+02 3.931738845060003769e+02
8.559679362504219171e+03 3.947329879516199753e+02 3.942942412404760262e+02 3.940104612966425748e+02 3.940098249755608890e+02 3.932049760062654968e+02 3.932040676749971340e+02 3.932039587348415353e+02 3.932038168213290419e+02 3.932037048562111181e+02 3.932035627880259199e+02 3.932034630698771025e+02 3.932033204049353685e+02 3.932032554069093067e+02 3.932031655450279004e+02 3.932030895956754080e+02
8.609679362504219171e+03 3.946981364700522477e+02 3.942643859927831045e+02 3.939852982048469130e+02 3.939846358706715819e+02 3.932437478519765932e+02 3.932429429665767771e+02 3.932429025802338174e+02 3.932428537836327678e+02 3.932427975797072577e+02 3.932427332442001102e+02 3.932426185965336458e+02 3.932426156073308903e+02 3.932425691038971536e+02 3.932424760115762865e+02 3.932424239934567822e+02
8.659679362504219171e+03 3.948224925403552561e+02 3.943931149602450432e+02 3.941183718160075387e+02 3.941178185130651173e+02 3.937407375111432657e+02 3.937400131419430522e+02 3.937398850007620581e+02 3.937397899153597791e+02 3.937393698214112305e+02 3.937392406055645324e+02 3.937389545376953492e+02 3.937388829565102810e+02 3.937387559647964963e+02 3.937384395312550396e+02 3.937383152792160672e+02
8.709679362504219171e+03 3.945720863873874578e+02 3.941398409882919509e+02 3.938636386985273248e+02 3.938628106969431428e+02 3.933410598659729658e+02 3.933392577491060251e+02 3.933390968554041365e+02 3.933390459362088905e+02 3.933390132329552671e+02 3.933389716116487875e+02 3.933389707093794527e+02 3.933388923573949114e+02 3.933388475757083143e+02 3.933387621788423303e+02 3.933387208172754868e+02
8.759679362504219171e+03 3.944960395921283975e+02 3.940628090723063224e+02 3.937856366097988712e+02 3.937848725744927378e+02 3.933442475255289992e+02 3.933437627995677417e+02 3.933436542487685870e+02 3.933435974077825676e+02 3.933435655223681806e+02 3.933435328797156671e+02 3.933434620672085202e+02 3.933434546134857328e+02 3.933434150928528652e+02 3.933433772447870069e+02 3.933433536284593401e+02
8.809679362504219171e+03 3.944834154034057292e+02 3.940495411305689117e+02 3.937797388594652830e+02 3.937789970626508875e+02 3.933690799137787621e+02 3.933688713596153548e+02 3.933681139033141676e+02 3.933680593877924139e+02 3.933680310113863925e+02 3.933679952577360268e+02 3.933679582482938031e+02 3.933679221129038979e+02 3.933678852184414154e+02 3.933678359928975965e+02 3.933678065445310494e+02
8.859679362504219171e+03 3.944346757809417454e+02 3.940001717093743991e+02 3.937220858135129333e+02 3.937211922540964792e+02 3.933532872030124281e+02 3.933530532906355575e+02 3.933527323914286171e+02 3.933526809410244596e+02 3.933526441581915378e+02 3.933525973721510240e+02 3.933525622044575130e+02 3.933525306891423838e+02 3.933524875641735434e+02 3.933524692587143363e+02 3.933524380394719060e+02
8.909679362504219171e+03 3.944553266481092919e+02 3.940208732707754962e+02 3.937427034258750496e+02 3.937418329564185342e+02 3.933792004450281183e+02 3.933789094717894272e+02 3.933784766141762930e+02 3.933782697360666134e+02 3.933782182312447162e+02 3.933780474181875206e+02 3.933779663471522099e+02 3.933778898182603712e+02 3.933778212495737421e+02 3.933777576210609936e+02 3.933776921314598667e+02
8.959679362504219171e+03 3.944243368212273708e+02 3.939893821474939841e+02 3.937107851861358085e+02 3.937099268978981854e+02 3.934073067028434707e+02 3.934070201671257792e+02 3.934065997898645719e+02 3.934063698085022338e+02 3.934063174373514471e+02 3.934061631171280737e+02 3.934060763270504708e+02 3.934059906853196935e+02 3.934059153996402642e+02 3.934058439559738076e+02 3.934057724043761937e+02
9.009679362504219171e+03 3.943916613422044293e+02 3.939559064419032666e+02 3.936768686298086095e+02 3.936759787086921847e+02 3.934144758150225130e+02 3.934142134228122245e+02 3.934138374489709804e+02 3.934136981378163114e+02 3.934136578754705624e+02 3.934135590488905905e+02 3.934134829942894385e+02 3.934134085508613339e+02 3.934133393728756687e+02 3.934132696211750044e+02 3.934131997034918413e+02
9.059679362504219171e+03 3.946214195728207983e+02 3.942006639704806048e+02 3.941007920841954046e+02 3.940999632084971154e+02 3.934501030616074786e+02 3.934499514535636990e+02 3.934498508980972247e+02 3.934498664920367332e+02 3.934498527632437685e+02 3.934498095128993214e+02 3.934497707066889234e+02 3.934497296879735586e+02 3.934496944587509688e+02 3.934496433700694524e+02 3.934495873541735023e+02
9.109679362504219171e+03 3.952410874939683936e+02 3.952333792283868661e+02 3.953238071650451957e+02 3.953216077449926047e+02 3.935214071887556884e+02 3.935201238789711056e+02 3.935180347797942204e+02 3.935162817713826939e+02 3.935161456502542023e+02 3.935158797386281435e+02 3.935157620693474883e+02 3.935156355026973074e+02 3.935155178129223259e+02 3.935153092998892816e+02 3.935150546308138360e+02
9.159679362504219171e+03 3.943451394517809376e+02 3.939101344605622899e+02 3.936278737668195049e+02 3.936267961030483207e+02 3.934284436886590584e+02 3.934281957305677224e+02 3.934273365714183228e+02 3.934272295965785702e+02 3.934271662641942839e+02 3.934270813481183495e+02 3.934269956738226028e+02 3.934269048308819947e+02 3.934268209244680747e+02 3.934267212731623999e+02 3.934266230365756769e+02
9.209679362504219171e+03 3.943581507115810609e+02 3.939196613859542708e+02 3.936377310091093591e+02 3.935857740496228416e+02 3.935850954049180928e+02 3.935846256124978026e+02 3.935840162922756349e+02 3.935836909812608724e+02 3.935834027008658040e+02 3.935832045758306776e+02 3.935830299016100753e+02 3.935828645699702975e+02 3.935827126866854542e+02 3.935825723842427806e+02 3.935824555646857448e+02
9.259679362504219171e+03 3.943212767533570968e+02 3.938829503983371296e+02 3.936010934833616375e+02 3.935488895751668110e+02 3.935482692487719305e+02 3.935477974886400716e+02 3.935472187917393398e+02 3.935467797336143576e+02 3.935464947410677041e+02 3.935462897045052273e+02 3.935461134363487758e+02 3.935459472465288968e+02 3.935457940012183258e+02 3.935456464852263139e+02 3.935455167390034035e+02
9.309679362504219171e+03 3.943030856207661827e+02 3.938647083320076376e+02 3.935827065806251426e+02 3.935282951630828165e+02 3.935276766741823167e+02 3.935271745803095769e+02 3.935265255189236768e+02 3.935260767221095648e+02 3.935258309547841122e+02 3.935256253448762891e+02 3.935254396234843171e+02 3.935252604977355873e+02 3.935250929687772441e+02 3.935249078405098544e+02 3.935247342063450446e+02
9.359679362504219171e+03 3.942671833221592124e+02 3.938117170333512149e+02 3.935147543074550072e+02 3.934897536882658073e+02 3.934891027711536253e+02 3.934885611233064537e+02 3.934879895468906170e+02 3.934875681109783159e+02 3.934873435666351043e+02 3.934871459042662991e+02 3.934869612462562145e+02 3.934867823861241050e+02 3.934866137574459231e+02 3.934864361140427036e+02 3.934862748287680461e+02
9.409679362504219171e+03 3.942192513185202074e+02 3.937879461842862270e+02 3.935223009113306034e+02 3.935105664901039972e+02 3.935100584172267872e+02 3.935096402663089066e+02 3.935092206861181694e+02 3.935089181751239380e+02 3.935086982618627758e+02 3.935085126933216770e+02 3.935083358645944145e+02 3.935081629277974571e+02 3.935079978111392052e+02 3.935078307260022257e+02 3.935076841939031738e+02
9.459679362504219171e+03 3.942201220419797210e+02 3.937847306675340633e+02 3.935101396383995507e+02 3.934934621625175737e+02 3.934930231576745996e+02 3.934926060329942175e+02 3.934921608560734967e+02 3.934919864091907016e+02 3.934918075630292265e+02 3.934916300751759763e+02 3.934914569449935016e+02 3.934912875271568282e+02 3.934911256579816268e+02 3.934909588572625694e+02 3.934908117444590516e+02
9.509679362504219171e+03 3.941920825911582824e+02 3.937549838485347209e+02 3.934855821193290240e+02 3.934641630515772022e+02 3.934637525087182439e+02 3.934633533176913147e+02 3.934630191113095634e+02 3.934628245385848118e+02 3.934626402181692129e+02 3.934624623718829639e+02 3.934622890999472702e+02 3.934621190052176303e+02 3.934619561123188873e+02 3.934617884084535149e+02 3.934616398787608205e+02
9.559679362504219171e+03 3.941448363345391499e+02 3.937121463237546095e+02 3.934927039433691220e+02 3.934725270869550968e+02 3.934721533300150895e+02 3.934717882130944986e+02 3.934714806595104051e+02 3.934712942149021728e+02 3.934711122669741599e+02 3.934709356047991946e+02 3.934707631711177100e+02 3.934705939387058606e+02 3.934704311045915688e+02 3.934702661501561352e+02 3.934701225613872566e+02
9.609679362504219171e+03 3.941246128064483969e+02 3.936905275538665023e+02 3.934772111654328342e+02 3.934520168746704485e+02 3.934516798190078362e+02 3.934513468294588279e+02 3.934510659916228974e+02 3.934508980177115518e+02 3.934507255946409146e+02 3.934505563999339302e+02 3.934503912542660373e+02 3.934502291507919836e+02 3.934500728400875005e+02 3.934499148317382264e+02 3.934497770750045333e+02
9.659679362504219171e+03 3.941009320450623932e+02 3.936666419752828574e+02 3.934680974859014668e+02 3.934432180303073210e+02 3.934429216559872771e+02 3.934426270668940333e+02 3.934423794569165693e+02 3.934422278833623068e+02 3.934420668270877854e+02 3.934419069185059925e+02 3.934417502087075036e+02 3.934415961279576095e+02 3.934414470515822018e+02 3.934412962446862707e+02 3.934411638342115225e+02
9.709679362504219171e+03 3.940849361843012275e+02 3.936520573414761657e+02 3.934453327361255788e+02 3.934199560733658245e+02 3.934196895424013292e+02 3.934194199435353312e+02 3.934191993227517514e+02 3.934190657912787401e+02 3.934189207583569896e+02 3.934187754082113315e+02 3.934186327130763630e+02 3.934184924422783070e+02 3.934183568438725160e+02 3.934182181847010611e+02 3.934180954954854315e+02
9.759679362504219171e+03 3.940670148673548283e+02 3.936391742844716646e+02 3.934494985581204674e+02 3.934253474420947896e+02 3.934251083081019260e+02 3.934248655612158245e+02 3.934246703034266943e+02 3.934245551586013789e+02 3.934244304934827028e+02 3.934243052012468524e+02 3.934241821746907135e+02 3.934240612421012315e+02 3.934239441413596978e+02 3.934238252208650124e+02 3.934237213114250835e+02
9.809679362504219171e+03 3.940380477129309043e+02 3.936148481328046387e+02 3.934444662591823203e+02 3.934068203533259975e+02 3.934065782631536194e+02 3.934063326170081041e+02 3.934061403679032196e+02 3.934060246955521052e+02 3.934059018400774335e+02 3.934057785918488435e+02 3.934056575407337277e+02 3.934055385752460552e+02 3.934054232746366324e+02 3.934053061599326497e+02 3.934052046908865350e+02
9.859679362504219171e+03 3.940618560424896941e+02 3.936376083161128463e+02 3.934495425935582489e+02 3.933925341142445404e+02 3.933922954752151782e+02 3.933920500857905154e+02 3.933918606986924260e+02 3.933917457096933958e+02 3.933916243142404028e+02 3.933915018635919409e+02 3.933913812771152720e+02 3.933912627229116765e+02 3.933911477865812572e+02 3.933910292496564693e+02 3.933909249466232154e+02
9.909835612504219171e+03 3.941060313910627997e+02 3.936983656589984548e+02 3.934396831888975044e+02 3.934391172301773167e+02 3.934386353997533092e+02 3.934382015792716629e+02 3.934376090608321874e+02 3.934373066271139123e+02 3.934371007830557687e+02 3.934369421811819620e+02 3.934368005184827553e+02 3.934366619620495840e+02 3.934365300542987143e+02 3.934363948339563422e+02 3.934362798862557042e+02
9.959835612504219171e+03 3.941089348324159118e+02 3.937184485986959999e+02 3.935155881966435345e+02 3.935136926737190493e+02 3.935131197282595394e+02 3.935125443529707354e+02 3.935116868603607827e+02 3.935112309728914965e+02 3.935108951028173578e+02 3.935106448229480520e+02 3.935104265272656789e+02 3.935102144573238547e+02 3.935100091467126617e+02 3.935098043682688740e+02 3.935096311343146454e+02
1.000983561250421917e+04 3.940500663955756977e+02 3.936502700682859768e+02 3.934110046084588816e+02 3.934103507759373315e+02 3.934098232673559323e+02 3.934092924297550553e+02 3.934088536060550041e+02 3.934085466929014956e+02 3.934082934979366541e+02 3.934080677069763397e+02 3.934078544074545789e+02 3.934076457438020498e+02 3.934074429889770954e+02 3.934072446740592000e+02 3.934070778100588086e+02
1.005983561250421917e+04 3.943842473717967323e+02 3.940587653631256444e+02 3.937507619939722758e+02 3.936549278030480536e+02 3.936542028490509324e+02 3.936535309770162030e+02 3.936522804478499324e+02 3.936517084796311110e+02 3.936513874959768486e+02 3.936511371056772077e+02 3.936509263898979043e+02 3.936507239273252594e+02 3.936505315290291946e+02 3.936503353031806114e+02 3.936501719773842183e+02
1.010983561250421917e+04 3.940232621210651587e+02 3.936330279094756293e+02 3.933931107269672793e+02 3.933925032947205978e+02 3.933919473207428155e+02 3.933913975197326636e+02 3.933909519954859775e+02 3.933906376999483427e+02 3.933903752144144050e+02 3.933901512734628341e+02 3.933899452069899780e+02 3.933897449841667822e+02 3.933895527380908561e+02 3.933893727818539219e+02 3.933892303910790815e+02
1.015983561250421917e+04 3.940331799677086337e+02 3.936557860597248464e+02 3.934425113706035972e+02 3.934419177140452462e+02 3.934413870456235145e+02 3.934409116152821753e+02 3.934402520328469564e+02 3.934398725303752258e+02 3.934396465255991870e+02 3.934393804332391369e+02 3.934392338047374551e+02 3.934390766235424621e+02 3.934389381981288238e+02 3.934387771733342447e+02 3.934386722613653546e+02
1.020983561250421917e+04 3.940150511977534507e+02 3.936382133801698160e+02 3.934258004427924789e+02 3.934252083080597799e+02 3.934246779234554197e+02 3.934242039221861660e+02 3.934235464076186304e+02 3.934231678925670508e+02 3.934228557516391902e+02 3.934226604426842755e+02 3.934224967293957320e+02 3.934223323730163315e+02 3.934221827125676327e+02 3.934220246623261801e+02 3.934219045197751825e+02
1.025983561250421917e+04 3.940121275002435937e+02 3.936424989767125453e+02 3.934409421856650511e+02 3.934403462968426197e+02 3.934398119648527654e+02 3.934393331420366167e+02 3.934386896186908302e+02 3.934382555849223309e+02 3.934379841138665483e+02 3.934377870197002380e+02 3.934376133652367002e+02 3.934374400329255650e+02 3.934372759980287810e+02 3.934371059841986380e+02 3.934369750435910191e+02
1.030983561250421917e+04 3.939592865744522783e+02 3.936032868200255734e+02 3.934374404429879633e+02 3.934368982331259303e+02 3.934364068032114687e+02 3.934359618007501922e+02 3.934355038915766727e+02 3.934351229485221779e+02 3.934348455503071591e+02 3.934346421130958902e+02 3.934344642854844096e+02 3.934342877606906086e+02 3.934341184206035109e+02 3.934339451122302194e+02 3.934338108598474264e+02
1.035983561250421917e+04 3.939985422298024105e+02 3.936286620537532599e+02 3.934433809412838059e+02 3.934427958380956625e+02 3.934422591279669632e+02 3.934417368879202854e+02 3.934413348716371956e+02 3.934410602147015084e+02 3.934408283441339336e+02 3.934406367799385862e+02 3.934404567507720003e+02 3.934402769765916332e+02 3.934401040743283033e+02 3.934399267623552419e+02 3.934397885642559913e+02
1.040983561250421917e+04 3.939330422281299775e+02 3.935611081986023692e+02 3.933930044368602239e+02 3.933924012248307349e+02 3.933918486864747592e+02 3.933913103287331978e+02 3.933909108544409605e+02 3.933906712435934878e+02 3.933904592499084174e+02 3.933902735825696482e+02 3.933900919976853174e+02 3.933899116059000676e+02 3.933897367611050413e+02 3.933895587214734633e+02 3.933894186817864238e+02
1.045983561250421917e+04 3.939342329468831849e+02 3.935752355388859769e+02 3.934186173302409202e+02 3.934180112667410754e+02 3.934174525510417197e+02 3.934168986764803435e+02 3.934164800067187002e+02 3.934162222788115173e+02 3.934159995449992948e+02 3.934158125479940509e+02 3.934156343325036573e+02 3.934154579917048977e+02 3.934152874584701749e+02 3.934151134867007045e+02 3.934149766346237129e+02
1.050983561250421917e+04 3.938914897677192357e+02 3.935199589061427332e+02 3.933174345409296393e+02 3.933167943926801513e+02 3.933162167119909327e+02 3.933156448418820901e+02 3.933152045117926718e+02 3.933149655776995814e+02 3.933147524097487349e+02 3.933145653789252947e+02 3.933143855980085846e+02 3.933142073155478897e+02 3.933140345621330880e+02 3.933138582826452421e+02 3.933137191523866250e+02
1.055983561250421917e+04 3.939317714281173721e+02 3.936074259462316718e+02 3.934335133181181163e+02 3.934309339863355035e+02 3.934302760038243605e+02 3.934295608102324877e+02 3.934289864593921493e+02 3.934286158358286798e+02 3.934282917629678877e+02 3.934280371718762126e+02 3.934278268937116536e+02 3.934276244802784390e+02 3.934274320130147089e+02 3.934272396045111577e+02 3.934270900027808580e+02
1.060983561250421917e+04 4.058216209325356090e+02 4.058072693531787536e+02 4.057367365853386900e+02 4.056474541379491257e+02 4.054743114726879298e+02 4.052454624745125784e+02 4.052044838917471452e+02 4.050971168813146051e+02 4.049085242485257368e+02 4.047080204538951307e+02 4.047065894317410653e+02 4.047055249169966373e+02 4.047047379446120203e+02 4.047039655225020169e+02 4.047033033075144317e+02
1.065983561250421917e+04 4.135746617051405565e+02 4.135250757629275995e+02 4.135136536793450546e+02 4.135054225707740443e+02 4.135034812922764900e+02 4.134984627739814869e+02 4.134748334203623585e+02 4.134685683522980639e+02 4.134681407304683489e+02 4.134676049746686886e+02 4.134670772940453958e+02 4.134665421045435778e+02 4.134661487937947868e+02 4.134656232145538297e+02 4.134651800277632674e+02
1.070983561250421917e+04 4.083895130824635089e+02 4.083863282318509391e+02 4.083817062253922359e+02 4.083791535992753552e+02 4.083728499061761568e+02 4.083711989258318908e+02 4.083707408302278168e+02 4.083703238550880315e+02 4.083699294548530361e+02 4.083695132186997512e+02 4.083690903366332918e+02 4.083686579699841559e+02 4.083682452168947634e+02 4.083678092786525440e+02 4.083674624629642267e+02
1.075983561250421917e+04 4.146140660768901967e+02 4.144817636781505144e+02 4.142978463325368352e+02 4.141415510862501606e+02 4.140901515352195474e+02 4.140716893076142924e+02 4.140700076085308297e+02 4.140687157728085594e+02 4.140681075007457252e+02 4.140668585851650505e+02 4.140656351600081280e+02 4.140643424127786716e+02 4.140637151188088865e+02 4.140624333919350306e+02 4.140614039236712642e+02
1.080983561250421917e+04 4.125135896637993369e+02 4.124630776192273629e+02 4.123722475241472125e+02 4.123259586366076519e+02 4.123254028029953702e+02 4.123246200229331748e+02 4.123238984100958646e+02 4.123231887383028607e+02 4.123226226997381900e+02 4.123219267822826168e+02 4.123212417252840396e+02 4.123205362598723127e+02 4.123199802424105656e+02 4.123192764347492130e+02 4.123187042537243769e+02
1.085983561250421917e+04 4.083307828844252754e+02 4.083305573303932761e+02 4.083304401698134143e+02 4.083292624759931186e+02 4.083286911003850719e+02 4.083280618086390064e+02 4.083274217238462143e+02 4.083267795827457576e+02 4.083261264661513223e+02 4.083254357423641636e+02 4.083247455526931731e+02 4.083240716197702795e+02 4.083233826861350622e+02 4.083227947125960213e+02 4.083223431889854851e+02
1.090983561250421917e+04 4.043581682978512504e+02 4.043579785794976829e+02 4.043579004539844846e+02 4.043574545965834659e+02 4.043568288225490619e+02 4.043562008859520347e+02 4.043555665377074320e+02 4.043549419397297697e+02 4.043542449224611346e+02 4.043536905051463464e+02 4.043531224295156790e+02 4.043525532842836583e+02 4.043519899471197050e+02 4.043514335633434484e+02 4.043510151921165061e+02
1.095983561250421917e+04 4.004513188901586318e+02 4.004508836873453106e+02 4.004505289234616612e+02 4.004501369672633473e+02 4.004497058336033888e+02 4.004492331263868437e+02 4.004487443173265433e+02 4.004482443878042091e+02 4.004477375545850464e+02 4.004472089520910458e+02 4.004466702011326333e+02 4.004461268770207880e+02 4.004455818432169281e+02 4.004450849144027416e+02 4.004447274545005939e+02
1.100983561250421917e+04 3.987025734634996752e+02 3.985803282222591406e+02 3.985799144174418416e+02 3.985795134218062117e+02 3.985791541569290075e+02 3.985787845911904697e+02 3.985784135625914928e+02 3.985780241011030967e+02 3.985776155257415212e+02 3.985772310737860380e+02 3.985768439888112198e+02 3.985764585512254143e+02 3.985760752192559266e+02 3.985757006355005387e+02 3.985754141869057889e+02
1.103882291640421499e+04 3.986956234616499728e+02 3.986847311735277231e+02 3.986840996611425680e+02 3.986834548989218661e+02 3.986830593108596759e+02 3.986826714642560319e+02 3.986823035329267668e+02 3.986819328639950868e+02 3.986815590225899086e+02 3.986811985956603621e+02 3.986808366294786197e+02 3.986804759313383215e+02 3.986801230043823807e+02 3.986797709252462028e+02 3.986794971910664458e+02
