TIME q_liq_Ch3_mesh1 q_liq_Ch3_mesh2 q_liq_Ch3_mesh3 q_liq_Ch3_mesh4 q_liq_Ch3_mesh5 q_liq_Ch3_mesh6 q_liq_Ch3_mesh7 q_liq_Ch3_mesh8 q_liq_Ch3_mesh9 q_liq_Ch3_mesh10 q_liq_Ch3_mesh11 q_liq_Ch3_mesh12 q_liq_Ch3_mesh13 q_liq_Ch3_mesh14 q_liq_Ch3_mesh15 
0.000000000000000000e+00 1.008865197194318353e+04 1.008865197196538793e+04 1.004793206215192731e+04 1.003196653098640854e+04 1.010508970491472246e+04 1.004007642746331294e+04 1.004381828681579827e+04 1.005466933710257217e+04 1.012551366709225476e+04 1.006410260500428922e+04 1.006868868967279195e+04 1.008048821590425905e+04 1.014963048467055523e+04 1.009455510143352876e+04 1.006046822058788348e+04
5.000040000000043960e+01 3.446614145742315714e+02 3.431217807471703622e+02 3.233334839335840911e+02 2.983201284507466653e+02 2.728599422191417148e+02 2.917832352731339824e+02 2.931138060170338804e+02 2.908297125901656273e+02 2.787563942004059641e+02 3.064140129570618569e+02 3.136460961935663363e+02 3.137879908786941883e+02 3.044312785306021283e+02 3.305487009871399096e+02 3.383836058861929814e+02
1.000003999999985922e+02 -8.965886438491726551e+01 -8.579476294256897972e+01 -9.103413915983048810e+01 -9.900630095296671129e+01 -8.287704506354226908e+01 -1.125019658351133529e+02 -1.231838150614130996e+02 -1.471138994231100980e+02 -1.674419570158321164e+02 -1.895240842169904738e+02 -2.205046665088814848e+02 -2.453620540154018670e+02 -2.651683932189776556e+02 -2.471517871326963416e+02 -2.602855348562560494e+02
1.502405034099261059e+02 -9.243093368143411226e+01 -7.388919263020946460e+01 -8.770310943535443471e+01 -1.079746907249343479e+02 -1.419183251262484475e+02 -1.435014119429131654e+02 -1.069823849499428405e+02 -5.471415401243510956e+01 -5.154323813485850891e+00 2.466968706737999995e+01 2.392384518583434527e+01 7.685317176302559616e+00 2.803421367028585465e+00 2.556847552532996914e+01 -2.047551436423363569e+00
2.004200391960640388e+02 4.035408248339037129e+01 3.909966548193376212e+01 -1.980306339310288877e+01 -2.034056016961120861e+02 -2.079789106262513485e+02 -6.527858307468800092e+01 1.795157243504210243e+01 1.582027137029524244e+00 6.158746505893570866e-01 3.345211836076888434e-01 2.340915247022606893e-01 1.780946916904515842e-01 1.460173967692585117e-01 1.241513341534298820e-01 1.091603706210346331e-01
2.553043625042201370e+02 1.047095846580210861e+02 1.019560199624528991e+02 8.066298044752186058e+01 4.980116619329738370e+01 5.207340561900201692e+01 6.061835000507697657e+01 1.121422312231240142e+02 1.728716951025903654e+02 2.016468949840512721e+02 1.733795885475659588e+02 1.521949019273164936e+02 1.513524217879790683e+02 1.766207056731854834e+02 -3.271203163520204527e+01 -4.030527600556315093e+01
3.053043625042201370e+02 2.142623258962228761e+02 2.139054801455061465e+02 2.026634004830542892e+02 1.518120526764863598e+02 1.426467347764136093e+02 1.621617733970423672e+02 1.583193618020762301e+02 1.652581586288877133e+02 1.671523895080775333e+02 1.727211355757011972e+02 1.726649095332280410e+02 1.763934417292066428e+02 1.781294199168073646e+02 1.808225394736490159e+02 1.786366368623590972e+02
3.553043625042201370e+02 2.833626558843394605e+02 2.833245660855395158e+02 2.792442274239324433e+02 2.596168826785384454e+02 1.943022178196870584e+02 1.608765540553891356e+02 1.518326894866875989e+02 1.467728047297232195e+02 1.444024566314773779e+02 1.484091919518462817e+02 1.426437234890434524e+02 1.502449378678313110e+02 1.499555461762889195e+02 1.678923515297346114e+02 1.485363966859557081e+02
4.053043625042201370e+02 9.132668790448198592e+01 9.133849788367477629e+01 8.822423734396529937e+01 7.608696884669595306e+01 2.662303796910082809e+01 -6.060824843863456657e+00 8.530783073722975729e+00 1.328202349943269311e+01 2.107793448375011636e+01 2.945035100691552543e+01 3.018712701711944746e+01 3.265465512240444212e+01 3.939142996382000916e+01 3.459931635314904952e+01 4.243244430061067618e+01
4.553043625042201370e+02 1.147462049647010929e+02 1.147474547678070280e+02 1.115047831238527749e+02 1.033349462880937182e+02 6.584802297270800864e+01 3.919301690000123983e+01 4.924044405078622333e+01 5.700526012542276533e+01 6.309196622330387072e+01 7.080517712683396780e+01 6.826064966968912984e+01 7.069390097066531098e+01 7.416151475825412831e+01 7.292145991948844141e+01 6.658260870181712221e+01
5.053043625042201370e+02 1.127249542326171650e+02 1.127249011781430426e+02 1.096292833117776411e+02 1.012899669225845685e+02 6.343596960549464825e+01 3.754559695583566281e+01 4.842705442419484996e+01 5.595120987351926090e+01 6.224640871750459326e+01 7.001181641256657429e+01 6.787597372975952226e+01 7.053573068104900301e+01 7.400371655199126053e+01 7.324215743482588437e+01 6.681315081837546188e+01
5.553043625042200802e+02 1.088414498092744367e+02 1.088406784849201756e+02 1.057739137928867592e+02 9.727525970860982341e+01 5.955862452852280597e+01 3.499820186653446541e+01 4.726963510281254344e+01 5.515046727332483556e+01 6.212247236394688343e+01 7.028588031978905803e+01 6.866168838159242682e+01 7.167374410929642181e+01 7.537448850044569326e+01 7.492473287726805609e+01 6.868963927946428782e+01
6.053043625042200802e+02 1.117370382131792610e+02 1.117344480177447252e+02 1.086690090205913890e+02 1.000983384040836484e+02 6.199721941213174858e+01 3.639206444946545105e+01 4.759531844186591343e+01 5.493078139362286549e+01 6.123622119335543346e+01 6.892703600795911711e+01 6.709307708581877705e+01 6.986113559754988955e+01 7.328175166758768455e+01 7.271838707248600997e+01 6.647300356294542212e+01
6.584293625042200802e+02 1.116542801978408761e+02 1.116515018631360761e+02 1.085900518602472857e+02 9.994164893059817700e+01 6.172740031456163479e+01 3.634481335080101161e+01 4.776560860996041669e+01 5.507343181461113346e+01 6.141640329847537316e+01 6.908034477898762304e+01 6.764160752930152398e+01 7.054110520257854944e+01 7.393492493009600253e+01 7.354769393718385118e+01 6.738556314688119642e+01
7.096793625042200802e+02 1.110924850515591800e+02 1.110894355259834470e+02 1.080240374116059314e+02 9.918574746184162905e+01 6.085100057361795223e+01 3.604471616469816553e+01 4.792550761825157934e+01 5.510223427800088558e+01 6.152547426428492372e+01 6.910363439973879451e+01 6.789131331094166910e+01 7.083190925277379790e+01 7.420774880142306529e+01 7.393085688488883989e+01 6.786830576039793073e+01
7.596793625042200802e+02 1.096986213364870082e+02 1.097004952601242707e+02 1.065289164366008094e+02 9.651515519925992237e+01 5.122095525016992923e+01 2.687564305090842254e+01 3.869052550050981409e+01 4.222103742852321773e+01 4.798135708504418773e+01 5.395642995515333240e+01 5.336781163471977152e+01 5.598025688865524785e+01 5.923460928914550294e+01 5.936521729348995535e+01 5.379777817875596924e+01
8.096793625042200802e+02 1.165196616102038405e+02 1.165149129018137302e+02 1.132506240270971318e+02 1.008873181001575290e+02 6.194785145752905464e+01 4.419852788443510860e+01 5.739521410618712594e+01 6.230350227475165070e+01 6.848818985163558182e+01 7.481496595728965815e+01 7.394161730606050753e+01 7.642804206157691738e+01 7.942763042980543275e+01 7.910692448517951902e+01 7.280031336276663012e+01
8.596793625042200802e+02 1.039122149523381751e+02 1.039474630751240198e+02 9.879635839412314624e+01 8.058188511516055996e+01 4.515086091577101968e+01 3.578993100458233556e+01 4.908875144599991103e+01 5.394471567362027287e+01 6.023545261574393805e+01 6.618116433567554679e+01 6.613765305151282803e+01 6.862392784908878696e+01 7.172294788732270376e+01 7.144910339599570648e+01 6.582149153115571494e+01
9.096793625042200802e+02 1.034324939399931225e+02 1.034157495241282447e+02 9.823567574348778919e+01 7.749786417774494396e+01 4.157166302437816796e+01 3.551763385977887566e+01 4.829681244978863930e+01 5.289297441081771467e+01 5.892443745181862624e+01 6.453383551502493276e+01 6.456282894577900322e+01 6.685747806385371916e+01 6.988418780619960557e+01 6.935008652624266290e+01 6.405690002521312465e+01
9.596793625042200802e+02 1.026002562694668114e+02 1.025936906112652593e+02 9.847458031789626887e+01 7.878994404085085534e+01 4.216848368775004730e+01 3.578335034620512545e+01 4.892388042043114638e+01 5.346463344933813033e+01 5.963253642322525394e+01 6.518091532525207299e+01 6.545175546150819912e+01 6.780067264740957000e+01 7.083521167830753029e+01 7.042848416196204653e+01 6.526765480391841834e+01
1.009679362504220080e+03 1.002917402577547961e+02 1.002855879627150273e+02 9.636575251346471305e+01 7.691537964393241111e+01 4.013889053432313148e+01 3.376965804238631108e+01 4.729782821682455562e+01 5.191856943340844310e+01 5.828224643450503351e+01 6.384156151916897670e+01 6.441784047826320148e+01 6.686540871029879440e+01 6.996626529008513273e+01 6.970793584462882109e+01 6.480688821056867255e+01
1.059679362504220080e+03 9.988848992963481521e+01 9.988260045013460342e+01 9.601294429206978975e+01 7.673589560189878966e+01 3.969710619215474878e+01 3.324747414833204573e+01 4.693701045026428886e+01 5.152154468127882581e+01 5.793965192845656276e+01 6.341604591714686734e+01 6.415850562349625363e+01 6.659960975311712161e+01 6.970584941725782357e+01 6.947112878603704189e+01 6.475500049974689887e+01
1.109679362504220080e+03 1.003815335942429527e+02 1.003803781840032059e+02 9.654275847762659168e+01 7.768611837540899501e+01 4.054941876018217783e+01 3.387036014696856512e+01 4.771959763384544573e+01 5.232324154531913507e+01 5.879148189791349211e+01 6.421108499414724236e+01 6.507829969949024473e+01 6.753605636074212271e+01 7.061731908421910475e+01 7.046443934253036900e+01 6.579107855529404958e+01
1.159679362504220080e+03 9.735365321801302230e+01 9.735037847629271823e+01 9.336557783971240099e+01 7.347365256974551073e+01 3.713239433992942651e+01 3.266857485244444348e+01 4.634453706364491410e+01 5.103295286795725616e+01 5.746342207604628527e+01 6.278980672156851739e+01 6.380979300494170303e+01 6.625559032426600936e+01 6.932855112071979420e+01 6.920471770982138082e+01 6.472097550354695272e+01
1.209679362504220080e+03 9.671025823153499346e+01 9.670643194758841332e+01 9.255473815020755524e+01 7.091617280138549972e+01 3.464834342941550460e+01 3.351112572964166958e+01 4.693796432304963417e+01 5.160858003915273429e+01 5.794368406796377968e+01 6.313955769474264912e+01 6.420872251720577140e+01 6.661205781659974434e+01 6.963352142947763923e+01 6.952262926554251976e+01 6.510386461159556859e+01
1.259679362504220080e+03 9.617202084424738473e+01 9.616761682743363338e+01 9.192786427199834520e+01 6.922815719866640904e+01 3.298989232133099847e+01 3.392450617476792019e+01 4.715380895384981841e+01 5.190738609546075111e+01 5.816489592763587524e+01 6.329770025766661945e+01 6.442417128148565553e+01 6.682182381329856469e+01 6.980545151081851429e+01 6.973067781960425293e+01 6.539256974589783056e+01
1.309679362504220080e+03 9.555352803782848525e+01 9.554887712094144092e+01 9.127274357727822007e+01 6.810753326173630740e+01 3.185649563924126682e+01 3.383437764480647303e+01 4.703901409654521615e+01 5.182334674256085094e+01 5.807244424005277494e+01 6.314092988911797732e+01 6.436034161476673887e+01 6.675181779189590259e+01 6.972044550021580278e+01 6.967924238527297121e+01 6.545300630759095384e+01
1.359679362504220080e+03 9.511794161086028510e+01 9.511320430555164762e+01 9.084273179249137797e+01 6.752871590393695556e+01 3.120795172455332178e+01 3.367169349200849382e+01 4.691618594515666274e+01 5.170923864375006218e+01 5.797009185680418142e+01 6.297347577972052335e+01 6.428942461475492109e+01 6.667036249856943186e+01 6.962936616852553584e+01 6.961412607300275113e+01 6.550199332343871106e+01
1.409679362504220080e+03 1.006676230116502779e+02 1.006644795824337706e+02 9.776927290243922641e+01 6.669458869393247369e+01 2.785271146554962129e+01 3.406997437630039371e+01 4.403936778973381649e+01 4.831513942282214202e+01 5.292269097673429457e+01 5.710874497405805528e+01 5.764206643696797983e+01 5.929161929632282835e+01 6.176746576579083836e+01 6.099630072818830939e+01 5.712537445150777415e+01
1.459679362504220080e+03 9.443015626706349508e+01 9.442589111060541995e+01 9.076789617023150925e+01 6.096753919124074628e+01 2.580013045483527279e+01 3.493544946441106447e+01 4.643876943464906049e+01 5.228130561145814426e+01 5.791026292696213318e+01 6.308615704938024038e+01 6.417696582943719363e+01 6.665454398498401645e+01 6.942514628837692214e+01 6.950000533660826818e+01 6.541131728340913298e+01
1.509679362504220080e+03 1.057971136457410068e+02 1.057896314560142628e+02 1.021882201532842345e+02 7.067010731534463730e+01 3.427263925637932829e+01 4.318166254880300414e+01 5.278895888535765124e+01 5.796446782402234277e+01 6.256597744646808223e+01 6.718227487283972721e+01 6.765792783874999827e+01 6.973248904920389180e+01 7.211691309445379261e+01 7.191744393217436482e+01 6.755891740172215520e+01
1.559679362504220080e+03 9.354286458857205844e+01 9.353905496794105545e+01 8.972527311313494636e+01 5.543552842898250788e+01 2.378511841844404628e+01 3.767338686010221949e+01 4.709390153359051112e+01 5.394531630268104294e+01 5.881473736798992036e+01 6.419358196159112140e+01 6.503295763313143141e+01 6.762315346387299542e+01 7.023600970963644841e+01 7.035186868676761662e+01 6.647073039363040436e+01
1.609679362504220080e+03 9.401852828061937828e+01 9.401433079216472777e+01 9.008436631881110657e+01 5.371838884305121553e+01 2.465194967535616399e+01 4.061530973434673086e+01 4.857347835519139778e+01 5.589613942501651422e+01 6.016399516281913407e+01 6.560373786688502662e+01 6.607313125725757175e+01 6.869271464018075335e+01 7.104406464280889111e+01 7.123901390770021180e+01 6.711327506966443934e+01
1.659679362504220080e+03 9.384495658467132273e+01 9.384019827676675618e+01 8.986543851801457095e+01 5.241438627229265279e+01 2.482446418033079638e+01 4.182580523423693108e+01 4.900679297598773587e+01 5.661031608915992308e+01 6.055752845461809386e+01 6.603901793840343259e+01 6.635373630775210074e+01 6.899067852640219201e+01 7.122949873238893304e+01 7.143859381353662741e+01 6.730479540680332207e+01
1.709679362504220080e+03 9.333849379378773392e+01 9.333362314292511996e+01 8.934902973438629203e+01 5.125282679564465838e+01 2.482233107275289186e+01 4.246281526166686859e+01 4.914116687324343502e+01 5.692161369853501185e+01 6.064971399109096950e+01 6.614357259326904170e+01 6.637328473074968826e+01 6.901912776143622352e+01 7.117157732603726572e+01 7.139881792764538204e+01 6.727490370602022551e+01
1.759679362504220080e+03 9.255561670117636197e+01 9.255097146046408341e+01 8.856831406597970613e+01 4.997939226942562385e+01 2.463490107469576529e+01 4.278424944663539975e+01 4.904611623579601343e+01 5.696562780743770560e+01 6.050511362348704125e+01 6.600102347669890435e+01 6.616771796233309999e+01 6.881754247253405765e+01 7.089332286755481505e+01 7.113485031996145835e+01 6.703368456756118121e+01
1.809679362504220080e+03 9.436839247216190074e+01 9.436307412694800689e+01 9.042633351650252393e+01 5.219009574415153452e+01 2.663420338777499552e+01 4.446300799871296050e+01 5.089587816797322262e+01 5.868955020087218344e+01 6.224465801050894953e+01 6.764881244697915008e+01 6.783919594235204897e+01 7.045376049141907515e+01 7.249460432500698914e+01 7.275410871213011887e+01 6.864132357541144813e+01
1.859679362504220080e+03 9.150139848246305974e+01 9.149688184472941543e+01 8.751804509491897477e+01 4.944544922872376702e+01 2.469204997086507447e+01 4.288248811445975406e+01 4.942559293963640954e+01 5.738406933539215515e+01 6.098040724955981062e+01 6.640121763660806664e+01 6.670244988000428066e+01 6.929692025306493974e+01 7.136215612982127254e+01 7.155335158877160495e+01 6.754741943906753932e+01
1.909679362504220080e+03 8.785638053858326657e+01 8.785319624448564468e+01 8.401931276796915427e+01 4.643928253050783184e+01 2.080434838512722706e+01 3.872864337317991357e+01 4.602208713914963312e+01 5.389669483374619574e+01 5.777039682666173803e+01 6.317785382358866997e+01 6.373238065283746323e+01 6.641998287200014772e+01 6.852687083733044915e+01 6.891897570017226826e+01 6.509256826899782311e+01
1.959679362504220080e+03 9.333950441733733783e+01 9.333449362778497971e+01 8.941024554448314632e+01 5.347301433896213751e+01 2.593489517736745853e+01 4.216070749386939553e+01 5.011817810092585290e+01 5.734794020844167761e+01 6.136246552607543236e+01 6.640869062628841846e+01 6.705096137117884325e+01 6.949418831108582140e+01 7.161035536424235204e+01 7.180309146824150446e+01 6.803240820197071059e+01
2.009679362504220080e+03 9.222501154724189121e+01 9.222070476534479155e+01 8.834290800456042803e+01 5.351151948527293456e+01 2.556609034579284767e+01 4.127388950961799452e+01 4.982790668305362658e+01 5.688168438407737426e+01 6.111949754296085757e+01 6.606655091552228498e+01 6.690154235946134520e+01 6.932088433711939501e+01 7.147790150424849287e+01 7.171033196339395488e+01 6.802510612649707866e+01
2.059679362504220080e+03 8.977629060568773411e+01 8.977939344978041447e+01 8.698909634189463702e+01 4.696251533356448249e+01 1.625754612150421607e+01 3.141428934895092695e+01 3.750350217048636381e+01 4.413806425766426855e+01 4.748225462418606924e+01 5.239767757266773174e+01 5.321207830164514263e+01 5.611785024021863677e+01 5.798989506756478818e+01 5.943970154983411902e+01 5.555850733706968470e+01
2.109679362504220080e+03 8.480512261537931806e+01 8.480808537663359914e+01 8.131046167572954175e+01 4.017059050470483328e+01 1.656576031316704345e+01 3.487041142035084818e+01 3.974182214910483424e+01 4.737521352072545966e+01 5.001628399879061959e+01 5.493750693253610251e+01 5.528847964234864776e+01 5.734171092659403968e+01 5.948353653956593234e+01 5.877513775336105795e+01 5.612549251934893135e+01
2.159679362504220080e+03 1.437434203059762865e+02 1.437347761747846562e+02 1.381871863717990436e+02 1.046832934199774172e+02 6.844603349877392873e+01 7.770733361082336899e+01 8.395941208421861290e+01 8.831209743308518512e+01 9.092606595803508185e+01 9.418798132398036671e+01 9.372569311915461299e+01 9.444895388548042092e+01 9.636236330478777745e+01 9.433999307899458131e+01 9.091901792433331764e+01
2.209679362504220080e+03 -2.217361217953862429e+00 -2.208171985062768350e+00 -6.863868144642522040e+00 -3.199373851210446063e+01 -4.589817254912033206e+01 -2.441925596319227765e+01 -1.092143297672935454e+01 -2.652623430324372866e-01 7.469845607945382326e+00 1.530005546828375707e+01 1.949691688382048227e+01 2.544876510497905642e+01 2.887987726733131311e+01 3.410191131459385616e+01 3.151220041114540038e+01
2.259679362504220080e+03 2.317173654154077269e+02 2.316549798838561287e+02 2.303933612365614465e+02 2.234780478304622591e+02 2.014981169950848710e+02 1.880413845780096835e+02 1.917182834776218385e+02 2.186808848637051881e+02 2.433358847772202864e+02 2.645958271566674966e+02 2.751973691880659771e+02 2.903623131366432517e+02 3.004703349399840135e+02 3.155554355417832539e+02 3.154400554865877666e+02
2.309679362504220080e+03 -1.343442601896406359e+02 -1.342201199380260164e+02 -1.035003287870462430e+02 -1.799492300765587629e+02 -2.333403467640137308e+02 -1.940187776585088102e+02 -1.987413024741391609e+02 -1.843066891729545773e+02 -1.856284259532299075e+02 -1.683472356591723553e+02 -1.781347633867332547e+02 -1.677000159619553585e+02 -1.789405461609428016e+02 -1.802195368158957081e+02 -2.192104724301762246e+02
2.359679362504220080e+03 1.083805489709351555e+01 1.084092595546766091e+01 4.418243082394901045e+00 -1.337901005483537453e+01 -2.863648630935653472e+01 -1.739761238803949084e+01 6.557728519953106572e-01 9.875126635772193850e+00 1.917789462418717861e+01 2.592114853835399657e+01 3.002883026763863938e+01 3.589550393032800457e+01 3.773999542849394828e+01 4.465289425325351402e+01 3.850637934777673621e+01
2.409679362504220080e+03 9.156408377548169142e+01 9.156860017163438670e+01 8.804351110038069805e+01 5.567287212426990806e+01 3.461908398024914391e+01 5.068031989809247051e+01 5.720349517205839618e+01 6.331634580944626123e+01 6.578554004852537673e+01 6.920615070932166191e+01 6.885733491689100561e+01 6.981574000137513281e+01 7.078917820427156471e+01 6.958613613569163192e+01 6.576275960583555502e+01
2.459679362504220080e+03 1.623747365294236715e+02 1.623710828376293307e+02 1.510322713030546424e+02 1.003348583045697069e+02 6.245766112393415170e+01 6.553388570167982152e+01 6.424165201531694436e+01 6.466055777872796284e+01 6.332401244109052385e+01 6.357447683605428779e+01 6.227709038454690926e+01 6.022807224468654397e+01 6.269585054691663117e+01 5.713135451984182822e+01 5.727822573850077248e+01
2.509679362504220080e+03 7.914645559693227028e+01 7.914770461797732537e+01 7.510402870444362122e+01 4.966033603103990401e+01 1.880595586303984845e+01 3.059857519584856789e+01 4.298144086924987306e+01 4.860232975818893664e+01 5.430684142217991450e+01 5.824124329522948074e+01 6.047988905916184166e+01 6.244810341241641538e+01 6.500470603043892481e+01 6.520137386380243072e+01 6.299514155464259346e+01
2.559679362504220080e+03 8.219129220815926828e+01 8.219161823436429870e+01 7.895882928149501367e+01 4.538969932292944520e+01 2.129226159411322072e+01 3.762267929238153386e+01 4.582173969750262899e+01 5.273820465810947411e+01 5.659028417781060938e+01 6.104413706536836060e+01 6.213536476473961301e+01 6.429725919437522919e+01 6.625133035402257065e+01 6.643063650719172131e+01 6.348344146251258735e+01
2.609679362504220080e+03 1.078208345808803443e+02 1.078112036622510175e+02 1.039336432260056284e+02 7.268294314809651269e+01 4.654102765802154096e+01 6.026261388532922325e+01 6.796616108511031484e+01 7.376047179422702982e+01 7.714278792636015680e+01 8.094987124437258785e+01 8.141854583479378960e+01 8.306731024107479300e+01 8.470928717078201942e+01 8.444628371207213036e+01 8.084945721813269870e+01
2.659679362504220080e+03 1.412992822013096372e+02 1.412902617668851235e+02 1.379339732938520626e+02 9.878030577538321211e+01 6.309448545550990417e+01 6.915642595014926997e+01 7.023770320182831028e+01 7.190330664459891352e+01 7.184542777949552317e+01 7.296930018683076469e+01 7.196967293005465649e+01 7.125242404407968877e+01 7.274761584904540257e+01 6.964867231309766282e+01 6.748060603486531761e+01
2.709679362504220080e+03 8.922490598588935029e+01 8.922190269867890322e+01 8.555653970605091274e+01 5.677125340568002798e+01 3.010541740571921920e+01 4.387105802030824009e+01 5.360825728555927583e+01 5.949098329897032045e+01 6.384553325290748660e+01 6.769870694650715848e+01 6.900972283536223983e+01 7.085492523606833970e+01 7.278658767743121416e+01 7.290527023614566815e+01 6.978428216013502094e+01
2.759679362504220080e+03 1.269930551347344760e+02 1.269904300385721285e+02 1.257299660345750851e+02 8.818183921651642265e+01 4.904138104556849953e+01 5.398848805522663241e+01 5.712314077693833525e+01 5.850631989343697370e+01 5.946475036392734381e+01 6.052758288304434586e+01 6.041411829193211958e+01 5.987545544513383788e+01 6.171401942086801284e+01 5.909643374281230876e+01 5.734921340436586235e+01
2.809679362504220080e+03 8.577193595054311004e+01 8.577034692300439644e+01 8.204521881424297192e+01 6.371608784747697740e+01 2.873808063751345898e+01 3.526309530041696405e+01 4.910886123634300304e+01 5.310498326304311689e+01 5.920593047527411557e+01 6.215558235639234397e+01 6.465815160195455746e+01 6.605109416409609935e+01 6.859522048463252020e+01 6.854547564601631393e+01 6.638677578100312360e+01
2.859679362504220080e+03 8.548189172871576602e+01 8.548036678110055675e+01 8.192222137122588776e+01 6.426995777245386421e+01 2.812249322686921360e+01 3.366160399450234308e+01 4.766450682410884099e+01 5.143652217472426713e+01 5.760968229240218363e+01 6.044277652140541335e+01 6.303356497658012358e+01 6.433764938224278751e+01 6.696713531754035387e+01 6.681483209061450168e+01 6.502181893907226140e+01
2.909679362504220080e+03 8.333600680434224728e+01 8.333485601631926443e+01 7.980323103618677294e+01 6.289438250320586832e+01 2.706426628289411696e+01 3.240839825029633658e+01 4.721823265463206099e+01 5.128213237284085579e+01 5.785273975651726630e+01 6.087301818664852959e+01 6.369340185374077379e+01 6.511823751585538389e+01 6.788233437154576677e+01 6.779241285957604646e+01 6.611710688809240821e+01
2.959679362504220080e+03 8.463977106060259814e+01 8.463862390599071261e+01 8.122282614501948217e+01 6.506337822102814528e+01 2.779812419718138727e+01 3.178607133850957922e+01 4.646973846226443072e+01 5.011163711395160192e+01 5.654918274846819060e+01 5.931722625777175040e+01 6.206947618999905814e+01 6.334930337876302531e+01 6.605152317186440314e+01 6.591431527325890727e+01 6.433712140349950914e+01
3.009679362504220080e+03 8.167478604953714694e+01 8.167467397772267645e+01 7.824586764693398777e+01 6.199425773955648822e+01 2.490341550192924203e+01 2.905988285177352282e+01 4.379556097898600342e+01 4.745150877142516777e+01 5.394021504839019343e+01 5.670882684870535684e+01 5.952503923811148212e+01 6.081077207072227253e+01 6.355145151342217247e+01 6.342586930393261468e+01 6.211507553265091275e+01
3.059679362504220080e+03 7.921231804879816707e+01 7.921297663387066734e+01 7.576530765589224359e+01 5.867820241946483151e+01 2.159998349478438584e+01 2.639718505503777024e+01 4.080037586170792707e+01 4.429092829122155450e+01 5.061254661761462614e+01 5.325073773753430117e+01 5.595727580970381609e+01 5.710208174987687357e+01 5.981967997238393764e+01 5.951346622838708811e+01 5.892305773409914593e+01
3.109679362504220080e+03 4.743551667167939740e+02 4.742437220872605508e+02 4.842196424081997748e+02 4.950351391302522757e+02 4.860781442270718458e+02 4.581161211182569559e+02 4.623629470148660516e+02 4.870418362111379906e+02 4.379666500240874143e+02 3.715042360904031398e+02 3.087745885227874965e+02 2.878668354420931337e+02 3.250367888211152376e+02 3.492592973289404767e+02 3.502775145103436785e+02
3.159679362504220080e+03 -6.044912824115003787e+02 -6.042105272642659202e+02 -5.964970710726547622e+02 -5.900797371579710671e+02 -6.093873653065182907e+02 -6.249211327665120734e+02 -6.375030269258248836e+02 -6.765900182830822587e+02 -4.453824767984408481e+02 -7.527166791005568314e+01 1.916954401345031442e+02 2.801238018868815516e+02 2.784215096329243124e+02 3.769726372334600342e+02 5.003381790979880179e+02
3.209679362504220080e+03 -2.034624575454034357e+03 -2.034002713998304671e+03 -2.012668078798327542e+03 -1.834555577148894827e+03 -1.288040254499608409e+03 -9.982403664350766803e+02 -8.095770480747615920e+02 -7.134546867319841112e+02 -7.208600882071297065e+02 -6.450668881060087188e+02 -4.643504275090355122e+02 -2.345122013738063629e+02 -6.514409571306576652e+01 5.949862999984723189e+01 -4.799282061080721462e+01
3.259679362504220080e+03 2.206222295256727648e+02 2.205920433875470508e+02 2.201928001476500469e+02 2.131712433741946882e+02 1.942633142490412013e+02 1.754949264869208037e+02 1.659497589195763680e+02 1.787136631823885580e+02 1.874959531482174953e+02 1.927601984027703281e+02 1.883989853156390950e+02 1.876648089206943837e+02 1.852311058852882582e+02 1.834770638096982793e+02 1.761883099564345514e+02
3.309679362504220080e+03 1.082944039115641459e+02 1.082924075549801728e+02 1.084252835203083549e+02 1.063356430326148825e+02 8.528509074317670979e+01 6.957170948856622772e+01 9.030927285965711349e+01 1.201126205391997956e+02 1.315369632545058209e+02 1.449192984084562283e+02 1.467146128770910991e+02 1.510459506795704954e+02 1.527496349863489797e+02 1.506643086236109355e+02 1.453772263769572817e+02
3.359679362504220080e+03 -2.348657048565163663e+01 -2.346327573120419885e+01 -2.311021218425264223e+01 -4.791686400927267186e+01 -2.203513433449604264e+01 3.244350585182728253e+01 7.372871176258203718e+01 9.820110157692296582e+01 1.150140353733773821e+02 1.263258615027915965e+02 1.313078277343485638e+02 1.352676915169419090e+02 1.389528804618203708e+02 1.378255388616467485e+02 1.355394560602221645e+02
3.409679362504220080e+03 2.628023894204557678e+02 2.626873030167982392e+02 2.704530998465615426e+02 2.291818225204201838e+02 1.271576405159398035e+02 8.318266584142607201e+01 6.533993857988396314e+01 4.724409904621462175e+01 4.199936907388045171e+01 3.747269715852019090e+01 3.620457242730681457e+01 3.783484944049995136e+01 2.922719317879868584e+01 3.673766155377477105e+01 3.015408110536235142e+01
3.459679362504220080e+03 8.789507816619536129e+01 8.788746714904935686e+01 8.732927629914595968e+01 7.808400873607985204e+01 4.970505235484467477e+01 3.885779940224382045e+01 6.579893397901822993e+01 9.320936738874243588e+01 1.079809162820457402e+02 1.213024176433347350e+02 1.261987851189223306e+02 1.318600093002270057e+02 1.349662313667510887e+02 1.354846867865688864e+02 1.317019008424522610e+02
3.509679362504220080e+03 -2.420258519867459768e+02 -2.418150405300494015e+02 -2.549822019139641327e+02 -3.149276276607515115e+02 -2.466898900593360793e+02 -1.812739729944815110e+02 -1.638425028530501777e+02 -1.362139998749860581e+02 -1.250778249503949695e+02 -1.080935968983117164e+02 -1.049821982356516514e+02 -9.134709685034228244e+01 -9.100322727539887069e+01 -7.858185464985723456e+01 -8.590308881986295830e+01
3.559679362504220080e+03 1.810854190282600200e+02 1.809593191791181255e+02 1.821650700240170693e+02 1.725484433395446331e+02 6.725624460389789760e+01 2.947149072949205717e+01 2.338148232629668399e+01 1.799323987289452376e+01 1.942054205403248446e+01 1.559230095405604821e+01 1.969840093813164117e+01 2.082951951287989090e+01 2.169333693644423278e+01 3.298558818499130041e+01 2.248529583665661491e+01
3.609679362504220080e+03 -2.896936565624253035e+02 -2.894221660833328542e+02 -2.906142394076081814e+02 -3.026122690688161470e+02 -3.517036314515805202e+02 -2.962707602894673755e+02 -2.466474155832903534e+02 -2.093623739133395247e+02 -1.629835299510783670e+02 -1.292174212980092989e+02 -9.763998823412548234e+01 -6.743828660930397234e+01 -4.643099400943876987e+01 -1.017968758411596397e+01 -6.725714977645711912e+00
3.659679362504220080e+03 4.985555318961876310e+02 4.984606934935937943e+02 4.970148351033911354e+02 4.939068392479726413e+02 4.671187298911648327e+02 4.164391471953046562e+02 3.110694651471441148e+02 2.252507171187371000e+02 1.687306430460838840e+02 1.190610064603457516e+02 7.981014115537718112e+01 4.303563940280734812e+01 1.967146349823051565e+01 -1.111493318290462540e+01 -3.727954437267147370e+01
3.709679362504220080e+03 -1.976154363045138211e+02 -1.974623116992862037e+02 -2.068150092779785609e+02 -2.507996744008402743e+02 -2.525972430203209456e+02 -1.448316057918024171e+02 -7.974505196387030992e+01 -1.482770726588220001e+01 2.515896470587317069e+01 6.033900577850960190e+01 8.078195529713943301e+01 8.826773137375346323e+01 1.214102454125423378e+02 1.005999311969907950e+02 1.578181485183816335e+02
3.759679362504220080e+03 -3.504679889259605829e+01 -3.500052061104705103e+01 -3.381330751359485731e+01 -3.137507998883304694e+01 -4.301914491691373144e+01 -5.773246027093825461e+01 -3.671669025331443947e+01 9.223876056631810982e+00 5.937036387812546678e+01 8.782080990101316331e+01 1.037087122536803747e+02 1.139877773532162735e+02 1.196869083417890351e+02 1.216977845991735165e+02 1.138447504550330507e+02
3.809679362504220080e+03 3.131949649220628658e+02 3.131589944761153674e+02 3.122807370846374511e+02 3.059094302981122837e+02 2.652614197957782949e+02 1.505069625868701166e+02 7.795000248455046687e+01 3.270249785136088860e+01 -5.083204743680205695e+00 -3.610410807588925763e+01 -5.567542833981198669e+01 -7.817833885904657620e+01 -9.271243727066431006e+01 -9.733268247577308330e+01 -1.304252332182679766e+02
3.859679362504220080e+03 -7.485713174644191170e+00 -7.482502078146927360e+00 -1.079570246909884901e+01 -1.790044039308235213e+01 -3.144138222369155500e+01 -1.909737305348304659e+01 7.244590060442258839e+00 3.798082999896540457e+01 5.191063698067220145e+01 6.353578355190185789e+01 6.573446265139429556e+01 6.811609335643677809e+01 7.033995210110194307e+01 6.513124564020280616e+01 6.514957963751537307e+01
3.909679362504220080e+03 9.708944397924268799e+01 9.708858472003565510e+01 9.670991062964280616e+01 9.298062201529744186e+01 7.574126424126204427e+01 4.333217332921839926e+01 4.563324717354545612e+01 6.412961623908627473e+01 6.861783108086690675e+01 7.564010820959154557e+01 7.506858826032424759e+01 7.616968377496544917e+01 7.673472701747832048e+01 7.306805706184604787e+01 6.716923659960455950e+01
3.959679362504220080e+03 1.372550732074668929e+02 1.372666514853067952e+02 1.354969033290452955e+02 1.325922038898300741e+02 7.824755319929316499e+01 3.393341142172700842e+01 3.104164260371995354e+01 3.056744930132087390e+01 2.992927205704485871e+01 2.995722604762981334e+01 2.859198026139845794e+01 2.931305546507890369e+01 2.819212556405417303e+01 3.146262350679782216e+01 2.429831653126140623e+01
4.009679362504220080e+03 7.091971827278047158e+01 7.092854561501809485e+01 6.822550141607948149e+01 6.361168329050761372e+01 4.882629438536136490e+01 1.509177424631868369e+01 1.852287770750753992e+01 3.538727164486433452e+01 3.962738752712125034e+01 4.834252715688644741e+01 4.892685548899896020e+01 5.347216750827050902e+01 5.515394673655332980e+01 5.686719471093209677e+01 5.420193148666039917e+01
4.059679362504220080e+03 6.893174592882571972e+01 6.894058522364684904e+01 6.693110086640253087e+01 6.453915534018629785e+01 2.850502207938577115e+01 4.833257940590780954e+00 2.195954727565433728e+01 3.230246499893142698e+01 3.964994297045989669e+01 4.560318504527968742e+01 4.867759004344239315e+01 5.181157629444158630e+01 5.479059161237321263e+01 5.575039710693953054e+01 5.546264787263599771e+01
4.109679362504220080e+03 6.026069398831899093e+01 6.026929892628498919e+01 5.849373823674511641e+01 5.443505887741947902e+01 1.203432996491912199e+01 -2.473796331301591600e+00 1.755819758097275241e+01 2.261571796620586028e+01 3.116514870091142342e+01 3.444088101870849528e+01 3.846138067287420625e+01 4.001853548347659029e+01 4.334880102362574661e+01 4.350927985595814818e+01 4.509099595916988079e+01
4.159679362504220080e+03 6.346632661802501474e+01 6.347326986201264987e+01 6.207492694997974780e+01 5.501752280803227535e+01 1.316912186869758727e+01 5.067656060648332961e+00 2.402251542064865220e+01 2.759274514266768819e+01 3.598923346978440208e+01 3.878232438898994872e+01 4.291366220671774556e+01 4.428843393287758801e+01 4.782154943569733518e+01 4.784351364671940843e+01 4.979422516772500273e+01
4.209679362504220080e+03 5.747722822022505085e+01 5.748299007590568266e+01 5.636380529730316624e+01 4.444099183023102739e+01 3.834412204575396110e+00 4.071840725395714955e+00 2.153980516438830506e+01 2.443077097870729020e+01 3.239628680807024352e+01 3.485196309110832402e+01 3.885253800204106511e+01 4.002138197790017671e+01 4.350587940622974514e+01 4.337994249672439651e+01 4.554853024967642483e+01
4.259679362504220080e+03 5.199923080447572232e+01 5.200369685548543686e+01 5.250854164067584406e+01 3.293470036828338010e+01 -4.850419704791966602e+00 3.911862940247335718e+00 1.919504780039055092e+01 2.285363380362399610e+01 2.999074259208035897e+01 3.278654853825078419e+01 3.634264123940585733e+01 3.767230247400856769e+01 4.093179087507582636e+01 4.082185698088358095e+01 4.283105794202774774e+01
4.309679362504220080e+03 4.949922042824655222e+01 4.950267384270828330e+01 5.222990662052536948e+01 1.632969791875925836e+01 -1.362763238781031916e+01 3.819258985811520013e+00 1.461196150235282687e+01 2.125239077768544860e+01 2.633932766801314429e+01 3.059120306361443298e+01 3.282340603615650565e+01 3.493088309301423777e+01 3.745956961877593727e+01 3.765649071073158893e+01 3.854619763556864598e+01
4.359679362504220080e+03 4.555894735615285640e+01 4.556166800641010894e+01 4.850366926963314285e+01 6.693396179776527788e+00 -1.781646521062278410e+01 2.515485301588986644e+00 1.047022647139523777e+01 1.844190382632990577e+01 2.224608027100081387e+01 2.720357596375624709e+01 2.862305989148556407e+01 3.111346894859040191e+01 3.322202282921413996e+01 3.355288922378867511e+01 3.390741691320353368e+01
4.409679362504220080e+03 4.152405592374006460e+01 4.152626090646440105e+01 4.447823723169099708e+01 -8.691999305409681131e-01 -2.088779468083287227e+01 7.737352977099809515e-01 6.821642855279264950e+00 1.550320545806505379e+01 1.846320733866834018e+01 2.381925754332715073e+01 2.471504106195376949e+01 2.742641805154463341e+01 2.927817917564706107e+01 2.968319440864910064e+01 2.980707557124473084e+01
4.459679362504220080e+03 4.046245022414139925e+01 4.046456572105687854e+01 4.338726771117831760e+01 -2.608258915956843449e+00 -1.924820547644781144e+01 3.253253041654122324e+00 7.504866028484742380e+00 1.672583066544258656e+01 1.891713559422898072e+01 2.458981007635565064e+01 2.501987949905448261e+01 2.792006165920917127e+01 2.954852556932441843e+01 3.003609539688608265e+01 2.966378458368209436e+01
4.509679362504220080e+03 4.279591370520670779e+01 4.279673842595090605e+01 4.421712062597656967e+01 1.811055784640231536e+01 1.429913036065121013e+01 3.839205244143975193e+01 4.878367192633189120e+01 5.928067046530163253e+01 6.474488811044614067e+01 7.105648489421524516e+01 7.445223847141647866e+01 7.827505325989574203e+01 8.079725902845407859e+01 8.312562598446966433e+01 7.544812670701941215e+01
4.559679362504220080e+03 3.670287498465911113e+01 3.670410316460998956e+01 3.867432538397440567e+01 1.310481610284141007e+00 9.617561727806307914e+00 3.229776243367619060e+01 3.733739489458321259e+01 4.751985416432073350e+01 5.068064960141422404e+01 5.704040768838576270e+01 5.982940236261790545e+01 6.471552997292864973e+01 6.715419167751964835e+01 7.256035036470343869e+01 7.578033291716727149e+01
4.609679362504220080e+03 -8.308718363099375281e+00 -8.311515533222936014e+00 -7.676797872177382409e+00 -5.647984730940815012e+01 -5.335017864640713015e+01 -3.041560052860794983e+01 -3.345185368736792242e+01 -2.309075530378207830e+01 -2.402529261596850318e+01 -1.766939300840651939e+01 -1.904949270154470753e+01 -1.521465753440492819e+01 -1.566767393588520996e+01 -1.280275162749012452e+01 -1.266677003948210967e+01
4.659679362504220080e+03 -2.730670298842613875e+01 -2.729690076400884280e+01 -4.556332125863768567e+01 -8.508769969081411944e+01 -6.421189948859681351e+01 -4.757368907878532127e+01 -4.239753187738568840e+01 -3.453654209525750218e+01 -3.155303439541793864e+01 -2.701364565986026989e+01 -2.427832631217265202e+01 -2.419964122054303246e+01 -1.607640294867881536e+01 -2.798273061240538340e+01 -1.321858220061250283e-04
4.709679362504220080e+03 -2.262918885905121158e+01 -2.262460292386070648e+01 -4.021623945431167613e+01 -7.533035089774142534e+01 -5.415579985634931859e+01 -3.889867104983969881e+01 -3.306041600211030840e+01 -2.631439291579680884e+01 -2.314649409120767132e+01 -2.009932627110104875e+01 -1.562155509708281187e+01 -1.948101044803639326e+01 -3.021205927617726886e-09 3.960774781426441902e-09 -8.905981220691665257e-02
4.759679362504220080e+03 -1.107174165949430922e+01 -1.107393409914138260e+01 -2.684129337401102333e+01 -6.020832838758032324e+01 -4.128087309996431031e+01 -2.729764621384182988e+01 -2.258212571917558975e+01 -1.682559961940449611e+01 -1.355346279156350242e+01 -1.340823233206660525e+01 -1.360991456208178636e-03 1.226914702047722343e-02 3.321227753983641007e-02 5.380213326739578111e-02 -1.439597846095980738e-01
4.809679362504220080e+03 -5.097809198806107389e+01 -5.096074174949766444e+01 -6.986137743447891069e+01 -9.195065771812217292e+01 -6.291652507997154942e+01 -4.555407112826137705e+01 -3.479644064098010858e+01 -2.454959830630697937e+01 -1.695052553371296256e+01 -1.149331247442400716e+01 0.000000000000000000e+00 0.000000000000000000e+00 0.000000000000000000e+00 -1.253195910941106606e+00 -1.781388175575684629e+00
4.859679362504220080e+03 -1.562440354891822558e+01 -1.562354652383181985e+01 -3.012723672033423483e+01 -5.964385631833112456e+01 -3.836805589593798516e+01 -2.243470063223256261e+01 -1.600314785824713937e+01 -8.911029945462868085e+00 -5.199688481480940538e+00 -2.150513931011900581e+00 -6.175256935742572248e-05 3.378516459924219614e-03 5.088985301675172553e-03 2.526552995668714802e-02 -5.655222593318989244e-01
4.909679362504220080e+03 -2.132806388444636880e+01 -2.132794026181386116e+01 -3.285393522234129904e+01 -6.010991297433011482e+01 -3.661823970369938053e+01 -1.669213514780525287e+01 -8.171006023186381029e+00 2.009563159841921021e+00 4.558350827413574002e+00 1.809462720095800137e+01 0.000000000000000000e+00 0.000000000000000000e+00 0.000000000000000000e+00 0.000000000000000000e+00 -2.959360083997959467e-01
4.959679362504220080e+03 -9.037336151998063727e+00 -9.034626576189904057e+00 -1.984855359651089657e+01 -5.193573359190094862e+01 -3.801039465174861931e+01 -2.370948918120835813e+01 -2.166310370902814242e+01 -1.747299921735989159e+01 -1.470688881083491495e+01 -2.108311486379767885e+01 -9.339592821262831985e-09 1.315096474572984647e-08 -1.712311174127707725e+00 -2.838375853041336327e+00 -3.418612109485759110e+00
5.009679362504220080e+03 -1.717437882661973347e+01 -1.717284701115886847e+01 -3.190877491136557254e+01 -6.151057408081911859e+01 -4.011921724292297853e+01 -2.411813649271552507e+01 -1.774077463230870677e+01 -1.060648354338767341e+01 -7.017935415281309375e+00 -3.826082024410938587e+00 0.000000000000000000e+00 0.000000000000000000e+00 5.862367725972042758e-08 -9.844438727675541845e-01 -1.575277369397505289e+00
5.059679362504220080e+03 -4.071321921028996371e+01 -4.071300286245731570e+01 -5.394195187685342319e+01 -7.465468670419970465e+01 -5.143151166855579248e+01 -3.595908802159018336e+01 -2.809557804777559653e+01 -2.013976834254883030e+01 -1.592418355230152294e+01 -1.001410145994429080e+01 0.000000000000000000e+00 0.000000000000000000e+00 0.000000000000000000e+00 -2.354769552993458692e-01 -8.353965709270112505e-01
5.109679362504220080e+03 -4.975601361193214700e+01 -4.975019219162076212e+01 -6.210317562358642363e+01 -8.079229791674765693e+01 -5.425210695267989536e+01 -3.300397939007520165e+01 -2.048056393692151644e+01 -8.568155382999107061e+00 2.720655994744396011e+00 0.000000000000000000e+00 0.000000000000000000e+00 5.142297337309190836e-02 -3.274659769904639361e+00 -4.146256537379995777e+00 -4.570985346673765548e+00
5.159679362504220080e+03 -2.232763174271561724e+01 -2.232752002343380582e+01 -3.540524681363231707e+01 -6.283730289536224944e+01 -4.229654157014042681e+01 -2.638923416840879455e+01 -2.083597864418662482e+01 -1.339045145344723231e+01 -1.174120331103244652e+01 -9.376674732307392889e-07 9.665551324134512344e-05 5.920480619620011216e-03 -1.522334261894239704e+00 -2.461526371412034120e+00 -3.052601815647752126e+00
5.209679362504220080e+03 -2.958890601306387325e+01 -2.958861123286034456e+01 -4.288247641046463343e+01 -6.976470019789564958e+01 -4.848519936992929757e+01 -3.176338281756528659e+01 -2.564539326842780653e+01 -1.739233591605670881e+01 -1.531202611108535905e+01 -1.456053053593025809e-04 6.024866637241355072e-02 5.880749637605840047e-02 -2.678077880041156156e-02 -1.040371103373894046e+00 -1.697335490433919514e+00
5.259679362504220080e+03 -3.364992098754699867e+01 -3.365048269138038961e+01 -4.654456318682948535e+01 -6.671471014220762186e+01 -4.453886581073603423e+01 -2.925973271620608784e+01 -2.259662717547243105e+01 -1.514777912455997466e+01 -1.287335399237188049e+01 -1.451558454799674766e-06 8.939966775980837457e-05 1.036264081167223019e-04 1.307767235356340364e-03 -2.785118075391223580e-01 -8.928385591527044918e-01
5.309679362504220080e+03 3.259587958382033435e+01 3.258490291269730221e+01 2.660870114533905806e+01 5.254815046063828987e+00 1.475369446194274836e+01 2.298051887538189675e+01 2.316631338308805255e+01 2.532858192017037879e+01 -2.612629296495166731e+00 -6.884899463603679631e-03 1.021855109143382165e-02 9.363828156211133694e-03 -8.503317545766303498e-01 -1.956894594857765846e+00 -2.537983352325261954e+00
5.359679362504220080e+03 -1.155570671943301591e+02 -1.161404876330463622e+02 -1.312493362337318672e+02 -1.084672526667783927e+02 -4.321849737057268470e+01 -3.643246704961129456e-01 1.248304952941798329e-01 4.499363962107680998e-02 1.265746609297940459e-02 1.483332804814226254e-02 -2.160937627048054865e-01 -3.495922709663243921e-01 -1.302814602685012701e+00 -2.203928374400958567e+00 -2.732518968169848517e+00
5.409679362504220080e+03 -1.672832296484833559e-01 -1.664329375423161672e-01 -1.696759225523559178e-01 -1.718291509867368450e-01 -1.934045713297921631e-01 -2.299842695465615094e-01 -3.367063349604262346e-01 -6.202623856380319323e-01 -1.151999732457529513e+00 -1.699110234643061323e+00 -2.540724018707674503e+00 -2.529932419612817007e+00 -3.295291533739212575e+00 -4.101544530903814767e+00 -4.532391125400801357e+00
5.459679362504220080e+03 -1.769035496236486438e+01 -1.823512015455140300e+01 -1.914284221197289426e+01 -2.122105583843507404e+01 -2.466276675683542763e+01 -2.523396111970403410e+01 -2.525224416118509296e+01 -2.489428633628605070e+01 -2.402919191337075944e+01 -2.314518907503313017e+01 -2.148755316037596685e+01 -1.897475137371723974e+01 -1.646562135588522935e+01 -1.485604867578918586e+01 -1.269115677218652749e+01
5.509679362504220080e+03 -4.098308965876450216e+00 -4.217300011909837387e+00 -4.383243489130585147e+00 -5.177087201995860255e+00 -6.282185953757553065e+00 -7.054430535602216779e+00 -7.884903467139015021e+00 -8.659125829361487447e+00 -9.394851583295517727e+00 -1.012967157784925654e+01 -1.079145124893636343e+01 -1.070517132454035369e+01 -1.130026079746579093e+01 -1.198071155449147263e+01 -1.229775473155431165e+01
5.559679362504220080e+03 -2.616534222728773007e-01 -2.647316699430643516e-01 -2.781844216804219561e-01 -3.088751133998249854e-01 -6.816918355783140315e-01 -2.413373143354082817e+00 -4.839479991650921242e+00 -6.582456105667991331e+00 -7.038138260889434505e+00 -7.647943573741562417e+00 -8.376507694235279189e+00 -8.331880159609776015e+00 -8.899721299060965762e+00 -9.588562146861459468e+00 -1.000724359442381939e+01
5.609679362504220080e+03 -3.290945454070421383e-01 -3.507433105422132491e-01 -4.277303126213169993e-01 -7.067830030007378195e-01 -3.918648804316239076e+00 -1.430772432665655636e+01 -2.032051465002511748e+01 -2.368874611723165557e+01 -2.681089044850572378e+01 -2.919349071929634931e+01 -3.204313140914015179e+01 -3.411174692121489471e+01 -3.653346863920955201e+01 -3.830240504612888941e+01 -3.966343392244191790e+01
5.659679362504220080e+03 7.617270131063009764e+00 8.088218149404404755e+00 -1.427886796805595537e+01 -2.578045188642125041e+01 -7.079155107764297794e-01 0.000000000000000000e+00 0.000000000000000000e+00 0.000000000000000000e+00 0.000000000000000000e+00 0.000000000000000000e+00 1.187101872020577577e-02 1.116027031765951492e-02 -5.146011138620409930e-01 -1.474199078242875327e+00 -2.004507857166173412e+00
5.709679362504220080e+03 -4.331927942855892333e+00 -4.038140733677546557e+00 -3.871785786170586618e+01 -5.259326143441116130e+01 -9.367407451921204498e+00 4.542997227213555256e+00 5.028453668197747639e-01 3.798727310936900192e-01 3.706068341874405037e-01 3.628590013550885285e-01 3.578807110715837014e-01 3.407434118826186409e-01 3.628855660821751483e-01 2.235793384647447868e-01 -3.954820467831535180e-01
5.759679362504220080e+03 3.476877702894950062e+01 2.627586073832193136e+01 2.183910100023279011e+00 -1.208941569921142332e+02 -1.193234861873241073e+02 1.305136822506328365e+01 -6.633191821230838281e-02 -6.628435914925491501e-02 -7.587487569993621450e-02 -7.562657643454388789e-02 -7.993141228743720628e-02 -8.421202790247334091e-02 -7.673887945275977007e-02 -7.823928326564009994e-02 -8.449655612904874435e-02
5.809679362504220080e+03 -2.025885292578958286e+02 -2.024237320503362696e+02 -1.518571329857172714e+02 -6.568890303108963380e+00 2.502169650219510189e+01 -2.544410127290217005e+01 -2.301788874024544851e-02 -2.254847546235505887e-02 -2.327980124208708923e-02 -2.419514632907245055e-02 -2.870674449655049795e-02 -3.201242548769733798e-02 -2.738304390142479866e-02 -2.868413140341900813e-02 -3.456294266002869764e-02
5.859679362504220080e+03 -2.451497923753125008e+02 -2.451914302309837410e+02 -2.678721340311174117e+02 -2.727043638621055379e+02 -8.767191325632195742e+01 -5.097954857623545166e+01 -1.227152070176764503e-02 -1.623078563637611604e-02 -1.253488072979523464e-02 -4.143465227575565853e-03 -7.595559407039971164e-03 -8.723971392599675495e-03 -9.223010121221317942e-03 -1.284343824976398075e-02 -1.553893641123123975e-02
5.909679362504220080e+03 -1.359311684468093517e+02 -1.359127118063732951e+02 -9.799815077741217806e+01 -1.299663425605626976e+01 2.380991820379552149e+00 -5.640909859317057583e-05 9.428967674727610222e-05 2.505970795135668838e-03 -9.161875648983764178e-03 -1.964707973661238005e-02 -2.470592341894119193e-02 -3.545899334285595311e-02 -3.489702795698432225e-02 -4.145093645919727815e-02 -4.565294514719028113e-02
5.959679362504220080e+03 -2.215100422215355707e+02 -2.215380850666290371e+02 -2.431489725185411999e+02 -1.130348011545882372e+02 3.355421047473861051e+01 -6.190014865690428497e-09 5.792571298329756065e-09 1.400757954879223648e-08 1.850927379843325550e-08 1.854452604647890745e-08 1.589430581916860850e-08 0.000000000000000000e+00 1.406586498438967055e-04 3.915548927264696048e-03 9.351157112246946679e-03
6.009679362504220080e+03 -2.017929739013135588e+02 -2.017967696856767361e+02 -2.200729326122230134e+02 -2.078969754539686505e+02 3.739468305471587151e+00 0.000000000000000000e+00 0.000000000000000000e+00 0.000000000000000000e+00 0.000000000000000000e+00 0.000000000000000000e+00 0.000000000000000000e+00 0.000000000000000000e+00 0.000000000000000000e+00 0.000000000000000000e+00 0.000000000000000000e+00
6.059679362504220080e+03 -1.428013311508094318e+02 -1.428025890650408485e+02 -1.754776181953456842e+02 -6.757089214461298354e+01 6.293275191263149537e+01 -4.722641796984339260e-10 3.465922558131311615e-10 0.000000000000000000e+00 0.000000000000000000e+00 0.000000000000000000e+00 0.000000000000000000e+00 0.000000000000000000e+00 0.000000000000000000e+00 0.000000000000000000e+00 0.000000000000000000e+00
6.109679362504220080e+03 -2.420898700795534921e+02 -2.420907134975360577e+02 -2.932298790297367646e+02 -2.617465406834778605e+02 -4.551907668389859651e+01 0.000000000000000000e+00 0.000000000000000000e+00 0.000000000000000000e+00 0.000000000000000000e+00 0.000000000000000000e+00 0.000000000000000000e+00 0.000000000000000000e+00 0.000000000000000000e+00 0.000000000000000000e+00 0.000000000000000000e+00
6.159679362504220080e+03 -2.001394823536880949e+02 -2.001397425408116533e+02 -1.968548502006965464e+02 -7.992846900664684995e+01 -1.421143865505654169e+01 0.000000000000000000e+00 0.000000000000000000e+00 0.000000000000000000e+00 0.000000000000000000e+00 0.000000000000000000e+00 0.000000000000000000e+00 7.399347078618976713e-08 1.326531264520148150e-07 1.213214202872948018e-07 5.886463511568599057e-08
6.209679362504220080e+03 -2.264464434469068408e+02 -2.264467626679936814e+02 -1.987384231517406192e+02 -1.586978977779978663e+02 -8.590707364293979253e+01 0.000000000000000000e+00 0.000000000000000000e+00 0.000000000000000000e+00 0.000000000000000000e+00 0.000000000000000000e+00 0.000000000000000000e+00 1.478631148256873284e-08 9.152501645673001105e-08 1.329544352197222030e-07 4.582498934059597301e-08
6.234679362504220080e+03 -9.891778921727303953e+01 -9.891784169289768158e+01 -1.016170711727915688e+02 -5.890516905992911489e+01 -5.943839499234002233e+00 -4.368631322883738275e-09 3.457720146890168966e-09 0.000000000000000000e+00 0.000000000000000000e+00 5.879857878323199916e-09 3.246323545625062077e-08 1.011089647259604110e-07 1.842037971875581393e-07 2.636989993434365832e-07 2.116792266925582500e-07
6.239679362504220080e+03 -1.057616533570270434e+01 -1.057607508726471046e+01 -3.769486037281047253e+00 3.544829494607805032e+01 7.426647251575400333e+01 0.000000000000000000e+00 0.000000000000000000e+00 0.000000000000000000e+00 0.000000000000000000e+00 0.000000000000000000e+00 1.838441030375894476e-08 7.926549785324085668e-08 1.651592343080017254e-07 2.421380991708621718e-07 1.883915008015391483e-07
6.289679362504220080e+03 -9.444734794756615770e+01 -9.444850843485224345e+01 -9.285072305629476830e+01 -4.438061048735585246e+01 -3.573645157115519500e-02 0.000000000000000000e+00 0.000000000000000000e+00 0.000000000000000000e+00 0.000000000000000000e+00 0.000000000000000000e+00 4.377765664214380306e-08 6.535071420267627890e-08 1.575492878929307897e-07 2.251599800369108299e-07 1.923568239905377453e-07
6.339679362504220080e+03 -1.021390938957752752e+02 -1.021398293523997296e+02 -7.762926907586761160e+01 -1.640274274945285882e+01 -5.038480939292116830e-09 5.326329684218461035e-09 1.555686836155468265e-08 2.784741882581496586e-08 5.722996648671679741e-08 1.381796919671950012e-07 2.273209153179515884e-07 4.395462410604123069e-07 9.185791458383531154e-07 1.252103256996025197e-06 1.066117398411252341e-06
6.389679362504220080e+03 -9.323087312480832622e+01 -9.323138650822833995e+01 -7.336911840327772438e+01 -1.379252892083227344e+01 0.000000000000000000e+00 0.000000000000000000e+00 0.000000000000000000e+00 0.000000000000000000e+00 0.000000000000000000e+00 1.340177137183686398e-08 2.384617962421509859e-08 1.785264001028307147e-07 1.138532813568656103e-06 2.968033254613143785e-06 2.024289863900439231e-06
6.439679362504220080e+03 -1.128903815839477147e+02 -1.128905468659224454e+02 -9.212533555717514844e+01 -4.336114903452698854e+01 0.000000000000000000e+00 0.000000000000000000e+00 0.000000000000000000e+00 0.000000000000000000e+00 0.000000000000000000e+00 0.000000000000000000e+00 0.000000000000000000e+00 0.000000000000000000e+00 0.000000000000000000e+00 0.000000000000000000e+00 0.000000000000000000e+00
6.489679362504220080e+03 -7.797532215099714392e+01 -7.797513977007263009e+01 -6.030593925870348926e+01 -1.373461306572216101e+00 0.000000000000000000e+00 0.000000000000000000e+00 0.000000000000000000e+00 0.000000000000000000e+00 0.000000000000000000e+00 0.000000000000000000e+00 0.000000000000000000e+00 0.000000000000000000e+00 0.000000000000000000e+00 0.000000000000000000e+00 0.000000000000000000e+00
6.539679362504220080e+03 -8.969955331212648275e+01 -8.970004131662902580e+01 -7.784790346203040201e+01 -1.209415783048521753e+01 0.000000000000000000e+00 0.000000000000000000e+00 0.000000000000000000e+00 0.000000000000000000e+00 0.000000000000000000e+00 0.000000000000000000e+00 0.000000000000000000e+00 0.000000000000000000e+00 0.000000000000000000e+00 0.000000000000000000e+00 0.000000000000000000e+00
6.589679362504220080e+03 -9.185780402244932930e+01 -9.185768207560950316e+01 -7.778339029860839560e+01 -6.216687424524769057e+01 -1.854199948534132032e-08 7.709952429792880700e-09 0.000000000000000000e+00 0.000000000000000000e+00 0.000000000000000000e+00 0.000000000000000000e+00 0.000000000000000000e+00 0.000000000000000000e+00 0.000000000000000000e+00 0.000000000000000000e+00 0.000000000000000000e+00
6.639679362504220080e+03 -9.153113673147475993e+01 -9.153136477319351627e+01 -1.092416643807257230e+02 -2.423693041883404220e+01 0.000000000000000000e+00 0.000000000000000000e+00 0.000000000000000000e+00 0.000000000000000000e+00 0.000000000000000000e+00 0.000000000000000000e+00 0.000000000000000000e+00 0.000000000000000000e+00 0.000000000000000000e+00 1.924036888543753068e-07 0.000000000000000000e+00
6.689679362504220080e+03 -4.865256767292048323e+01 -4.865287848064529186e+01 -4.131199664224537571e+01 6.862735120788103771e+00 0.000000000000000000e+00 0.000000000000000000e+00 0.000000000000000000e+00 0.000000000000000000e+00 0.000000000000000000e+00 0.000000000000000000e+00 0.000000000000000000e+00 0.000000000000000000e+00 0.000000000000000000e+00 0.000000000000000000e+00 0.000000000000000000e+00
6.739679362504220080e+03 -5.662592133096764968e+01 -5.662591451369893747e+01 -5.127185926805422156e+01 -2.103502091058681600e+01 0.000000000000000000e+00 0.000000000000000000e+00 0.000000000000000000e+00 0.000000000000000000e+00 0.000000000000000000e+00 0.000000000000000000e+00 0.000000000000000000e+00 0.000000000000000000e+00 0.000000000000000000e+00 0.000000000000000000e+00 0.000000000000000000e+00
6.789679362504220080e+03 -5.566084360394687280e+01 -5.566077533276583722e+01 -5.385467314595494770e+01 -4.562421710399455321e+01 0.000000000000000000e+00 0.000000000000000000e+00 0.000000000000000000e+00 0.000000000000000000e+00 0.000000000000000000e+00 0.000000000000000000e+00 0.000000000000000000e+00 1.367623685639537642e-08 4.550078946362802243e-07 7.261019124017943907e-08 2.104353836018191567e-08
6.839679362504220080e+03 -4.561372047081520265e+01 -4.561338423133463493e+01 -4.154137384608151251e+01 2.205314962225837405e+01 0.000000000000000000e+00 0.000000000000000000e+00 0.000000000000000000e+00 0.000000000000000000e+00 0.000000000000000000e+00 0.000000000000000000e+00 0.000000000000000000e+00 0.000000000000000000e+00 0.000000000000000000e+00 0.000000000000000000e+00 0.000000000000000000e+00
6.889679362504220080e+03 -4.510200097947491571e+01 -4.510211554896296349e+01 -4.658569408268013490e+01 -2.233536683538485690e+01 0.000000000000000000e+00 0.000000000000000000e+00 0.000000000000000000e+00 0.000000000000000000e+00 0.000000000000000000e+00 0.000000000000000000e+00 0.000000000000000000e+00 0.000000000000000000e+00 0.000000000000000000e+00 0.000000000000000000e+00 0.000000000000000000e+00
6.939679362504220080e+03 -2.269705219804317764e+01 -2.268248139302974664e+01 -2.607295200184361406e+01 2.923407508005630362e+01 0.000000000000000000e+00 0.000000000000000000e+00 0.000000000000000000e+00 0.000000000000000000e+00 0.000000000000000000e+00 5.847821050817826543e-09 1.045157582260612781e-07 3.112164246255842318e-07 5.596943909994819313e-07 1.102764456535018674e-07 0.000000000000000000e+00
6.989679362504220080e+03 -1.127455430135207166e+02 -1.127564647550016304e+02 -9.961317457264148345e+01 -5.377949396645762548e+00 0.000000000000000000e+00 0.000000000000000000e+00 0.000000000000000000e+00 0.000000000000000000e+00 0.000000000000000000e+00 0.000000000000000000e+00 0.000000000000000000e+00 0.000000000000000000e+00 0.000000000000000000e+00 0.000000000000000000e+00 0.000000000000000000e+00
7.039679362504220080e+03 -5.288217954203082627e+01 -5.288288189193283273e+01 -4.736494335198902661e+01 -1.596084803450955647e+01 0.000000000000000000e+00 0.000000000000000000e+00 0.000000000000000000e+00 0.000000000000000000e+00 0.000000000000000000e+00 0.000000000000000000e+00 0.000000000000000000e+00 0.000000000000000000e+00 0.000000000000000000e+00 0.000000000000000000e+00 0.000000000000000000e+00
7.089679362504220080e+03 -5.159181280804851610e+01 -5.170428238669774856e+01 -4.138590093391493951e+01 -6.827138228655164898e-02 0.000000000000000000e+00 0.000000000000000000e+00 0.000000000000000000e+00 0.000000000000000000e+00 0.000000000000000000e+00 0.000000000000000000e+00 0.000000000000000000e+00 2.328267659376391539e-08 0.000000000000000000e+00 0.000000000000000000e+00 0.000000000000000000e+00
7.139679362504220080e+03 -2.905242576459451698e+01 -2.905357928483594776e+01 -2.760669714194808577e+01 -2.182320059341799970e-02 -4.463613078165978160e-02 -4.756626862508846199e-02 -5.276483046717844044e-02 -5.947059456920558013e-02 -6.889322879744989858e-02 -7.632578886252006090e-02 -8.145233835285449475e-02 -8.110028382112086098e-02 -1.296952414724535929e-01 -1.479555326599601706e-01 -1.576054099980583045e-01
7.189679362504220080e+03 -3.327743180094878994e+01 -3.327772094007732306e+01 -2.792130032402909023e+01 -6.363585210530544033e-06 3.356963321927921247e-06 5.209706435714027612e-06 -7.424972122921011646e-04 -7.991219066933645185e-03 -1.567408188240457245e-02 -2.080586841455539862e-02 -2.489597144723530373e-02 -5.166522557900896095e-02 -6.300854467481134535e-02 -6.765030921692330446e-02 -7.311918884582346845e-02
7.239679362504220080e+03 -9.546398238460785990e+01 -9.595819008328813027e+01 -7.101479179128095609e+01 3.382419817676734358e-02 0.000000000000000000e+00 0.000000000000000000e+00 0.000000000000000000e+00 0.000000000000000000e+00 0.000000000000000000e+00 2.326283873244646319e-06 0.000000000000000000e+00 0.000000000000000000e+00 0.000000000000000000e+00 0.000000000000000000e+00 0.000000000000000000e+00
7.289679362504220080e+03 -4.376550990096047400e+01 -4.376711550035945208e+01 -3.832456277368234510e+01 0.000000000000000000e+00 0.000000000000000000e+00 0.000000000000000000e+00 0.000000000000000000e+00 2.468075688546017129e-08 1.817413821897466517e-07 3.652164027323355891e-07 0.000000000000000000e+00 7.220463250606264720e-06 -1.139201151697053632e-03 -5.280655241513891769e-03 -6.678820600462752680e-03
7.339679362504220080e+03 -2.891630212487962126e+01 -2.891652429439955085e+01 -2.201500283180483564e+01 0.000000000000000000e+00 0.000000000000000000e+00 0.000000000000000000e+00 0.000000000000000000e+00 0.000000000000000000e+00 1.002444431741326043e-06 1.046731867531215177e-07 2.557090714459290688e-05 0.000000000000000000e+00 0.000000000000000000e+00 0.000000000000000000e+00 -3.528362460348465449e-10
7.389679362504220080e+03 -3.457173735496135691e+01 -3.457172444396172040e+01 -2.801701688502976850e+01 -4.105123398377892030e-10 1.244927491851675386e-10 0.000000000000000000e+00 0.000000000000000000e+00 0.000000000000000000e+00 8.226200857126715859e-07 5.179188348113108948e-08 7.691255618130764653e-09 0.000000000000000000e+00 0.000000000000000000e+00 0.000000000000000000e+00 -4.943765572056150146e-12
7.439679362504220080e+03 -4.059663456865226117e+00 -4.157227442638378179e+00 -1.623257984956612177e+01 0.000000000000000000e+00 0.000000000000000000e+00 0.000000000000000000e+00 5.078892339143277569e-09 6.002461766248632894e-07 1.448447754186086980e-06 1.260515237260183422e-07 2.647270972686187643e-09 0.000000000000000000e+00 0.000000000000000000e+00 -1.224967707629228951e-20 0.000000000000000000e+00
7.489679362504220080e+03 -1.247188378341641446e+01 -1.236745452403240897e+01 -8.281717802588980604e+00 0.000000000000000000e+00 0.000000000000000000e+00 0.000000000000000000e+00 7.170600536047449666e-08 1.061122219906053691e-06 2.472284602348548100e-07 2.044356066248387916e-09 0.000000000000000000e+00 0.000000000000000000e+00 -4.427691343931025756e-21 -1.097876941262061276e-07 0.000000000000000000e+00
7.539679362504220080e+03 -7.008625840010432206e+00 -7.008326722684133259e+00 -1.346319008982281407e+00 -1.767771335217040032e-09 4.649008908985929778e-10 0.000000000000000000e+00 0.000000000000000000e+00 3.960738313284944111e-07 5.476140876879171403e-08 0.000000000000000000e+00 0.000000000000000000e+00 0.000000000000000000e+00 -1.402563737265395422e-19 4.270518828694692752e-08 2.815252897923270704e-10
7.589679362504220080e+03 6.354774762967361212e+00 6.270746705458721593e+00 -6.906262077577495440e+00 0.000000000000000000e+00 0.000000000000000000e+00 0.000000000000000000e+00 0.000000000000000000e+00 2.222600977387981914e-07 2.105100307793155219e-07 9.073757058544399065e-08 2.349652593150696673e-08 0.000000000000000000e+00 -5.392774938267940220e-19 2.996288283715145011e-07 2.165466320548107032e-08
7.639679362504220080e+03 -1.048045921765891997e+01 -1.048252377779517097e+01 -4.168746978389052060e+00 0.000000000000000000e+00 0.000000000000000000e+00 0.000000000000000000e+00 9.027848814457496712e-07 1.174035861529296771e-06 1.713435365082020666e-08 5.460191488242936610e-09 2.822863085715574407e-09 0.000000000000000000e+00 0.000000000000000000e+00 0.000000000000000000e+00 -3.390602586940117481e-09
7.689679362504220080e+03 9.754715925044282088e+00 9.762257019805122837e+00 1.488567216332510235e+01 -4.638230534632242968e-09 1.309077138935661815e-09 7.473201274313088410e-08 1.294361553718336693e-06 2.933741755604811089e-07 2.208770818478421574e-07 4.844045095812712195e-08 2.551378243865578319e-09 0.000000000000000000e+00 -1.267699564257759625e-20 4.789440396042966969e-09 1.709299144995696901e-09
7.739679362504220080e+03 3.223378412595651099e+01 3.224047164720075642e+01 1.930166295083766315e+01 0.000000000000000000e+00 0.000000000000000000e+00 1.946380576551335242e-07 6.005950017918778569e-07 5.690503899771771095e-08 0.000000000000000000e+00 3.822136727001265822e-07 -2.070233939586241200e-20 0.000000000000000000e+00 0.000000000000000000e+00 0.000000000000000000e+00 5.541170415856350199e-10
7.789679362504220080e+03 2.891093879987533199e+01 2.835974292980517220e+01 2.190814123685784409e+01 0.000000000000000000e+00 0.000000000000000000e+00 2.229079427758789781e-07 8.557650587159113062e-07 4.430285017126910395e-08 1.377821746880131044e-06 1.126081155393638277e-06 0.000000000000000000e+00 -9.993893311950261857e-20 2.057612559151100862e-06 7.165194972725208483e-08 5.315045911297673855e-09
7.839679362504220080e+03 -2.217973191558192170e+01 -2.218123839295736488e+01 -2.043996589434661360e+01 0.000000000000000000e+00 0.000000000000000000e+00 1.128810745815639164e-06 1.437110699371967137e-07 0.000000000000000000e+00 2.622927245717340934e-07 0.000000000000000000e+00 0.000000000000000000e+00 -6.201797886144105322e-21 4.193604984096059272e-08 7.851299599139719595e-10 0.000000000000000000e+00
7.889679362504220080e+03 -3.854257908218124840e+01 -3.854261068325215689e+01 -2.794304224086375044e+01 0.000000000000000000e+00 0.000000000000000000e+00 1.578322043666944862e-06 4.688121348865794721e-07 6.486564672353981670e-07 0.000000000000000000e+00 0.000000000000000000e+00 0.000000000000000000e+00 -3.250975150257819541e-20 2.797643796881475274e-07 1.060906506484157494e-08 9.202250377065718978e-11
7.939679362504220080e+03 2.515392463376022363e+02 2.539938309068284070e+02 2.860901449919597326e+02 -6.339662218330335275e-01 -9.073304878423918973e-01 -3.408383172162789965e-01 -3.407251652081964011e-01 -2.576010709770831797e-01 -1.034866484049124929e-01 -5.877743845698221031e-03 0.000000000000000000e+00 0.000000000000000000e+00 3.260184624366586389e-06 -1.610266184809429901e-01 -2.226493130951462396e-01
7.989679362504220080e+03 -4.717748116149940074e+01 -4.717970689416792851e+01 -4.929870416075864625e+01 -7.597047395200582633e-07 3.899773452210778817e-07 2.572300493073865415e-06 0.000000000000000000e+00 0.000000000000000000e+00 1.603657472864945182e-08 0.000000000000000000e+00 -6.588895314207676790e-22 -1.150872714207993595e-20 4.761335493190513036e-08 -2.778350123827097637e-11 0.000000000000000000e+00
8.039679362504220080e+03 -1.524689468887958554e+01 -1.524668210239552479e+01 -1.448978009927210842e+01 0.000000000000000000e+00 0.000000000000000000e+00 0.000000000000000000e+00 0.000000000000000000e+00 0.000000000000000000e+00 7.279714809524156994e-08 0.000000000000000000e+00 8.098855571426932362e-17 -1.926595008667808773e-19 1.987300422820904929e-08 -6.148487937755934900e-11 -2.894184304891090170e-09
8.089679362504220080e+03 -5.963850424906988223e+01 -5.963807671457918502e+01 -5.718536828093049706e+01 -2.040832870864017519e-07 1.466424318070343298e-07 2.369951286855329869e-07 1.049050866144237963e-07 1.285528001695268306e-07 2.369702816882452113e-17 -1.366124321635949223e-17 0.000000000000000000e+00 0.000000000000000000e+00 2.100760158214770726e-07 3.771002487670522531e-08 1.115720085495781412e-07
8.139679362504220080e+03 -6.280586227363157548e+01 -6.280607786668858949e+01 -6.309974431592166155e+01 -5.952644334243756676e-07 5.794826545585699384e-07 4.712410540506727285e-07 3.194303785498942430e-08 3.368510383365989508e-08 -1.167579303682581348e-21 0.000000000000000000e+00 -8.813687607302262678e-19 2.191959961857292372e-15 -3.082567550307239099e-16 6.736874220168953607e-09 2.993484911573804628e-09
8.189679362504220080e+03 -3.039399739443455672e+01 -3.056456351297878271e+01 -4.604111052598374698e+01 -3.220746626310274390e-06 9.127171198698666194e-06 0.000000000000000000e+00 0.000000000000000000e+00 1.063230396255241678e-08 -9.039531127560889984e-22 0.000000000000000000e+00 0.000000000000000000e+00 0.000000000000000000e+00 -3.514636310371107560e-17 -1.325698487043778517e-08 -6.117651323604248555e-07
8.239679362504219171e+03 -1.076521517632400027e+01 -1.076537149480447297e+01 -7.983767439863500570e+00 -7.448902195351791549e-08 7.081159435436103578e-07 0.000000000000000000e+00 1.629717976430802025e-09 3.716245878505330907e-08 -2.627530430741655436e-19 0.000000000000000000e+00 0.000000000000000000e+00 2.128418815287455834e-16 0.000000000000000000e+00 -1.393789000885084924e-08 -5.726772692638475964e-08
8.289679362504219171e+03 -1.964123722406029344e+02 -1.965752304287958907e+02 -6.500454122927641265e+01 -6.677074853668309348e-07 1.472633207744748880e-13 0.000000000000000000e+00 0.000000000000000000e+00 2.022950291267925722e-07 1.356121519996553376e-16 -1.104972566957055470e-20 5.206796387198411111e-19 7.909907457016060923e-07 2.757952810384600629e-07 1.522080496668819735e-09 -6.549272076748148522e-08
8.339679362504219171e+03 2.827009514423476588e+00 2.828749530655981559e+00 6.744483571240215802e+00 0.000000000000000000e+00 0.000000000000000000e+00 0.000000000000000000e+00 1.452874911511222361e-12 2.507333908477178110e-07 7.793036442441836364e-18 -6.325476740521157674e-18 1.460315679478550995e-06 0.000000000000000000e+00 8.573459168157066440e-08 2.164759402599668454e-08 1.533317295596618618e-05
8.389679362504219171e+03 -9.500145618298442685e+01 -9.248777968795539550e+01 -1.484574242093042358e+02 -6.308479261491715562e+00 -3.244418176156699474e+00 -1.478608483244187449e-09 5.347632259277364916e-12 1.251308078552144086e-04 8.915177955826920203e-05 6.222006893072801453e-04 1.916020258886794647e-03 -2.683075704317419100e-03 -8.194264769693843965e-04 -2.789183133823471483e-06 -1.668588036251465567e+00
8.439679362504219171e+03 3.920719294111016495e+01 3.493933710907494117e+01 -1.976891984806952420e-05 1.228049774006065248e-06 4.122583191224554533e-05 1.903791550697463160e-14 -4.292923241877435863e-15 3.814941428065852058e-14 2.438221833412874213e-05 2.381877239752613288e-03 5.450796923386843924e-04 8.988261860375778157e-05 -1.676699841974761684e-02 2.558130766068257263e-04 -1.571130772214616653e-02
8.489679362504219171e+03 2.488881226648675238e+01 2.487681508241712436e+01 -2.002439194100359975e-07 1.616555856031513881e-08 1.306722705237918276e-07 8.460962435235457957e-04 8.202401540729359908e-13 3.724627334026744067e-14 1.898365709260454570e-04 2.290362549788982684e-10 8.811923706994854530e-11 7.415708823113354191e-05 -1.760683528267782466e-03 1.043306722076928336e-03 2.732179218117165007e-04
8.539679362504219171e+03 5.800960419041953742e+01 6.034723450936765943e+01 0.000000000000000000e+00 0.000000000000000000e+00 0.000000000000000000e+00 0.000000000000000000e+00 6.090002276932448503e-04 1.911993287217324822e-05 1.123852968198922348e-04 2.679936518057897132e-10 8.979143573662999310e-11 5.898317390001712221e-05 -8.277646458701203372e-04 7.742372926803290766e-04 2.168592235168920255e-04
8.589679362504219171e+03 5.937595768011377118e+01 5.881594862804823975e+01 0.000000000000000000e+00 0.000000000000000000e+00 2.658594748712278850e-07 2.178540076394024397e-08 5.887452604365991479e-07 4.237265185438988048e-13 -3.828257374463386314e-11 2.158380653598257787e-10 3.348362647343412508e-04 7.358198066002036449e-05 -5.734402390477731301e-03 4.265633796484351683e-04 -4.245283332969483452e-03
8.639679362504219171e+03 4.450852948706046419e+01 4.464898584951101412e+01 -9.834972473455433369e-07 5.473464098534510593e-07 2.016330654984337511e-06 9.775751360955202676e-06 4.937349750579348242e-05 5.887444139656971845e-11 -4.380497531533239964e-11 2.283869751695758943e-10 2.683903204966601053e-04 9.225970771217929095e-05 -5.369951959923636867e-04 3.696087012051040748e-04 -2.036606481815914690e-03
8.689679362504219171e+03 1.272797533421817917e+01 1.341746421239068532e+01 0.000000000000000000e+00 0.000000000000000000e+00 2.890174832065474856e-06 2.501067034503440096e-06 2.847750310788103203e-06 5.922786525430992020e-11 -3.910113178493397148e-11 2.143088287878041301e-10 2.247625592307631384e-04 7.436945173531147603e-05 -1.526771731184727249e-03 2.673226584786416349e-04 -3.994137118620014887e-03
8.739679362504219171e+03 3.073155335473568073e+01 3.058512206841164982e+01 0.000000000000000000e+00 0.000000000000000000e+00 7.305551517961680740e-07 1.026092604175493866e-06 9.549238619132586487e-07 7.579474256380421050e-10 2.667766937010114315e-10 7.445324868333734469e-03 2.704092590047826742e-04 8.365096116937884322e-05 -2.690059347638392318e-03 4.203117924257179067e-04 -2.066844012829837426e-03
8.789679362504219171e+03 3.602595031722411534e+01 3.545805922722766468e+01 0.000000000000000000e+00 0.000000000000000000e+00 3.815913994992919984e-07 7.646376134116439503e-07 6.369188529473658855e-07 5.997151532341104402e-03 1.914456249001699265e-02 1.333470284120789710e-02 3.810366460859450138e-04 1.048371182234048336e-04 -2.941958363255567713e-03 5.738728761948779476e-04 -1.177764590479522030e-03
8.839679362504219171e+03 1.962402379407388509e+01 1.982371527822674295e+01 0.000000000000000000e+00 0.000000000000000000e+00 6.289020508341477216e-07 1.051012052301523471e-06 8.042903593629013562e-07 6.370795614686712398e-03 2.177214250109639482e-02 1.353745439261036174e-02 4.335310794542535269e-04 1.077194433227267442e-04 -3.167545127697704316e-03 7.874804723267707016e-04 1.724441469505036092e-04
8.889679362504219171e+03 2.351192078865875956e+01 2.328441647320470764e+01 0.000000000000000000e+00 0.000000000000000000e+00 3.563443407280966112e-08 6.483067147424315825e-07 3.210262100774135329e-06 2.460149644776028158e-03 8.261677079778330032e-03 8.453797073104448584e-03 4.402708525468328107e-04 1.224930538188020838e-04 -2.934245128375747354e-03 9.211494906492191832e-04 3.573805102085532187e-04
8.939679362504219171e+03 2.634519281807152069e+01 2.587864252071913640e+01 0.000000000000000000e+00 0.000000000000000000e+00 9.580535839565559286e-08 7.168681361434773237e-07 7.216570968661932748e-07 3.849126058017654940e-03 1.115898898253306522e-02 9.390135965653417446e-03 4.857410931533195139e-04 1.353149353795761347e-04 -3.321938208136999363e-03 1.064130573610169283e-03 4.308290492983066254e-04
8.989679362504219171e+03 1.896778967517413506e+01 1.968189135562078107e+01 -9.327637195138173196e-08 1.085023657680545083e-08 0.000000000000000000e+00 5.656075803380951364e-08 2.405652755580027026e-07 4.238133384680296996e-03 1.146225282061234460e-02 9.133683703136281917e-03 4.615692174878337304e-04 1.215910113660502402e-04 -3.994359525190475588e-03 1.062399734973276146e-03 5.253919244046534624e-04
9.039679362504219171e+03 -4.997385310544477655e+00 -4.780556884194878897e+00 0.000000000000000000e+00 0.000000000000000000e+00 5.367938181553607456e-09 1.024337390649184865e-08 0.000000000000000000e+00 3.482197916311864736e-03 9.592564241021965879e-03 8.219286650598867441e-03 4.644699643643380744e-04 1.312777467946923125e-04 -3.280509673295958079e-03 1.053885110148606013e-03 5.064484679486699935e-04
9.089679362504219171e+03 1.625018100115642028e+01 1.647348476737034417e+01 -2.374167885248458534e-08 2.439401915741978966e-09 0.000000000000000000e+00 1.546942647050327178e-08 3.366137336189771448e-08 3.332738342042531037e-03 9.994619180671238112e-03 7.862448984474532457e-03 4.536654779605033840e-04 1.408050304426562401e-04 -1.558506513548231585e-03 9.336553702901631471e-04 4.482289538066489562e-04
9.139679362504219171e+03 1.644133169583383136e+01 1.687628316463909073e+01 -1.564913131554423964e-07 1.716772867852536872e-08 1.080414469769183535e-08 0.000000000000000000e+00 1.325570910904289898e-09 3.534103265532651233e-03 1.081576641899220821e-02 8.645751916004678489e-03 4.899719097976344348e-04 1.461533680594315871e-04 -2.087394136436901502e-03 9.951758810013905995e-04 4.678110574955644590e-04
9.189679362504219171e+03 8.489663903759481656e+00 8.233952367879371792e+00 0.000000000000000000e+00 0.000000000000000000e+00 2.683963093800623410e-09 2.454304014188591624e-08 5.582256861699877445e-09 3.078959042851300669e-03 9.753592347793715867e-03 7.741145504584139719e-03 4.624343870655101343e-04 1.497976911091611536e-04 -1.210563541993156305e-03 9.884282223167604499e-04 4.523975899229839420e-04
9.239679362504219171e+03 -7.084342469465391368e+00 -5.995821829733155361e+00 -1.520678632128019021e-07 1.275650255541793616e-08 8.141586915090131890e-09 9.348880170808575887e-09 2.518317950470765416e-08 3.174794861592840790e-03 9.298049111161046584e-03 7.459800334143975448e-03 4.371923544520276632e-04 1.336635332069201969e-04 -1.953734774002761129e-03 9.321612188315015661e-04 4.411378645237023295e-04
9.289679362504219171e+03 7.453153462845857113e+00 7.540809116631075781e+00 0.000000000000000000e+00 0.000000000000000000e+00 1.915450566192613179e-08 1.195408862414160118e-08 0.000000000000000000e+00 2.735951101696368695e-03 8.059595179461975789e-03 6.459420651023277393e-03 4.018255414369344266e-04 1.402500654886570800e-04 -4.861949028388198326e-04 9.287503378723081446e-04 4.662638227967729528e-04
9.339679362504219171e+03 2.385416075917749623e+01 2.365585636408549419e+01 0.000000000000000000e+00 0.000000000000000000e+00 1.337039112240678974e-08 2.282347460014243491e-08 2.724986176867647820e-08 2.790174019929648943e-03 8.294174440831485542e-03 6.406512726016640527e-03 3.950624079175754839e-04 1.470612691918469345e-04 3.586742657641074812e-03 1.200286167868829142e-03 5.391047235093198321e-04
9.389679362504219171e+03 2.288848571146608535e+01 2.262430744570685448e+01 0.000000000000000000e+00 0.000000000000000000e+00 5.056008192333023419e-08 7.392184833361056653e-08 2.851178839893138888e-09 2.494221730403491186e-03 7.561740531954999102e-03 5.904309667477872399e-03 3.619122819388400996e-04 1.391010207081730594e-04 4.620787197768475539e-03 1.159265418300092516e-03 5.163429630247369246e-04
9.439679362504219171e+03 4.353816434234401456e+00 4.213287091646840565e+00 0.000000000000000000e+00 0.000000000000000000e+00 3.149750730730628649e-08 9.200584626216438069e-09 0.000000000000000000e+00 2.642099227284301806e-03 7.677919175639859491e-03 6.070051871642902740e-03 3.787412744201132451e-04 1.413472000148048222e-04 3.043348167707639416e-03 1.165065498301385899e-03 5.354136152032534573e-04
9.489679362504219171e+03 8.455352791147975111e+00 9.321118463480045691e+00 -4.414840587072449921e-07 4.281724255848639257e-08 8.428575172350653384e-08 1.076263376695415527e-08 0.000000000000000000e+00 1.965404354340799346e-03 3.966391293084264857e-03 4.059080540426337862e-03 3.020142253204921080e-04 1.220785492518578819e-04 6.701818500865786357e-03 1.363862324639808065e-03 6.316582595309726701e-04
9.539679362504219171e+03 -1.013180667200500040e-02 9.822629782149773156e-03 3.092121808371223884e-02 1.213092825809509350e-04 -4.163916776583062514e-05 1.178899684088032711e-04 1.116276475818223611e-04 8.428057032136036862e-05 1.813180702489125909e-04 1.128117699905655040e-04 3.840755094268475734e-05 5.190696723995089426e-05 1.598561515255307250e-03 5.160418118384779143e-04 7.107674280030440916e-04
9.589679362504219171e+03 -5.425768568599176724e-04 -5.225191785967345584e-04 -4.253258766978206744e-04 -2.974839329881563753e-04 -2.973761840873724279e-04 -2.991137126094611256e-04 -6.708221781197707323e-04 4.121881923833716757e-04 -3.954992382517729353e-03 -7.796266149095792616e-05 2.468991996097912294e-04 7.325838151825639507e-05 -1.907819712985692998e-04 1.284558492929595297e-04 4.238122771553410771e-04
9.639679362504219171e+03 -1.590058106346548133e-05 1.051861478339354709e-06 2.762189677920468979e-05 5.638913282803348945e-05 9.537362610099568434e-05 3.194484930073307688e-04 3.947185784174483893e-04 2.885844415772182998e-03 4.666355325112823450e-03 3.774514874984364558e-03 3.509679727352046572e-04 1.538585767426297994e-04 3.531535731794140185e-03 1.031786297123821238e-03 5.245227035252075223e-04
9.689679362504219171e+03 -1.111291551127768784e-03 -9.697139619102648506e-04 -7.445391304517364438e-04 -6.851091554330950408e-04 -5.256463054265615937e-04 -3.828671115331560345e-04 -1.788984879142697850e-04 -2.560428643426014450e-05 -2.032124004313391394e-03 -3.287462452323654878e-05 1.347360868205006506e-04 8.412090037853716361e-05 3.403679817131427792e-03 5.869034840458600905e-04 3.675492658296657892e-04
9.739679362504219171e+03 -9.386742922000763080e-06 -5.088068202578924251e-06 -2.281802057651230331e-05 -4.859972301038313771e-05 -3.656795224629402140e-05 -3.704318534574616506e-06 2.050063153232798926e-05 1.152345104686340474e-03 1.626054603773024023e-03 1.344152043923283781e-03 1.444856854407607874e-04 8.344525290535571339e-05 1.800489353934526388e-03 4.626510782528601507e-04 3.183435613749544544e-04
9.789679362504219171e+03 -4.586816229421990299e-06 -7.944431033064935170e-06 -1.305724687768295823e-05 -1.674671741837977778e-05 -1.228574580069513884e-05 -1.923065562074386254e-05 -4.735758044217885986e-05 4.086389221617393441e-04 8.526470877747235758e-04 9.086208668757471407e-04 8.047437933604691064e-05 5.244282436651152667e-05 1.312887868739758077e-03 2.612444482865009594e-04 2.011390261058964971e-04
9.839679362504219171e+03 -8.452545521081511489e-07 1.335674160433293826e-06 4.140328506644213864e-04 3.913249314388168323e-04 6.087979492229993617e-04 7.034198206030410801e-04 5.059135111151685056e-04 1.153508781478003323e-03 9.057279281040504781e-04 9.438257117947998834e-04 7.535670081594083062e-05 5.223350240358615366e-05 1.417626827813164327e-03 2.577481521217249113e-04 2.278047719756300029e-04
9.889679362504219171e+03 -9.685243809470543773e-06 -1.082857111065530237e-05 -2.105025040330442158e-05 -7.157485249607281456e-05 -3.629929254663347621e-05 -2.706480728729177777e-05 -4.416950709290106628e-05 2.711578741536277448e-04 3.453228366055813184e-04 4.983594829627861680e-04 6.054343113475572371e-05 4.238955422763729820e-05 9.727567060698524013e-04 1.951203303860125091e-04 1.633508229202576122e-04
9.939679362504219171e+03 -1.563557036414312191e-07 2.900023212452796764e-08 4.094545197138960713e-06 1.777811451153288357e-05 1.823038112505283962e-05 4.395630009560396969e-05 5.895499993795776447e-05 6.869880015940800413e-04 7.572858005406057132e-04 7.208618889456502128e-04 5.774995956763822382e-05 4.186543794507659947e-05 9.578709526788863971e-04 1.924229922943768026e-04 1.730534758578307038e-04
9.989679362504219171e+03 -5.065217425426334777e-08 1.891724152685473124e-09 1.666710835078045283e-06 7.374944533676961411e-06 8.601799786091579749e-06 2.357911398254157107e-05 4.331201286101868180e-05 5.678975866713791617e-04 7.220974377843774293e-04 6.325632273408622218e-04 5.141038782317139492e-05 3.696653006039908151e-05 7.199871235875419506e-04 1.613769380856002421e-04 1.437357237578600728e-04
1.003967936250421917e+04 -1.865302894613882969e-06 -3.639516858794278047e-06 -7.638047926623140084e-06 -1.129711598883927305e-05 -5.996022581099287004e-06 1.363687756277890562e-05 2.249267832056052230e-05 4.164110648758679104e-04 5.222165245935254550e-04 5.643778800184906085e-04 5.007252545140239794e-05 3.589467825726620022e-05 7.177158028514727577e-04 1.632528218884573992e-04 1.432266595633482876e-04
1.008967936250421917e+04 -5.049582910019208965e-07 1.058274735619024547e-09 5.196280914848812696e-07 1.766722541949085051e-06 3.144112761528897237e-06 8.071291741996501103e-05 5.687923507353774528e-05 4.054896639489505945e-04 4.806831914579207847e-04 5.565426817050609298e-04 5.793366074907204316e-05 4.174362758643716082e-05 7.697797045196384325e-04 1.774688766300984704e-04 1.535049276147655442e-04
1.013967936250421917e+04 -2.220427841075316623e-07 5.954396051971707677e-08 3.572056553211631938e-06 3.148706165445324951e-05 4.676509214607822668e-05 1.163081374718817769e-04 1.585684113613668351e-04 9.000263036099082157e-04 5.677330476591527274e-04 6.740433754463300963e-04 5.746886221522668495e-05 4.142918322632730500e-05 1.004874240719973687e-03 1.951197059799473262e-04 1.798133753069639407e-04
1.018967936250421917e+04 -4.175835097514992271e-06 -7.737210495385818285e-06 -5.159545721260377216e-05 -1.701536876387286750e-05 -1.204787421018210587e-05 -8.698966307344676259e-06 4.000478096067628190e-06 3.343153177001547717e-04 1.777267558006077127e-04 2.554396233886826800e-04 4.187040273826886540e-05 2.980202689422127953e-05 9.111661102051125428e-04 1.492319232185968891e-04 1.301559878436846901e-04
1.023967936250421917e+04 -5.230161851410216489e-06 8.646204442281441233e-06 2.167800339568720040e-04 2.177105532540555795e-04 1.035257152843107676e-04 1.698488368848646076e-04 6.436394289252924009e-12 1.913087607744969732e-12 2.829731161287363499e-04 3.075719569777993320e-04 1.483782918153165480e-04 9.496548036649172467e-05 2.007514411074238191e-03 5.048469657102202168e-04 4.243377941795067171e-04
1.028967936250421917e+04 -2.249246001450863038e-07 5.095406744149986227e-08 4.173997613964467519e-05 3.806233245020067182e-05 4.072957237562069125e-05 4.020854816257388398e-05 2.238115219855852860e-12 4.768154798994198032e-12 3.795988439707682514e-04 5.825460059049731004e-04 7.055708436760354282e-05 4.774417544647137921e-05 1.172760550946442670e-03 2.466811200006394219e-04 2.231380603335992316e-04
1.033967936250421917e+04 -3.913506060723614260e-02 2.311726606274065732e-03 -8.629154854620171497e-03 -9.437158278374652154e-01 -1.057271429838648191e-01 -8.514706214512955673e-02 -6.389559717054189847e-03 -1.135344108604651711e-05 -8.507123790514938347e-03 -8.922303150182277556e-03 1.357710338425991911e-03 2.390483294777736559e-04 1.884997041466410228e-02 2.835871788820648609e-02 2.256922867787009360e-02
1.038967936250421917e+04 -2.081770515035741009e-01 -2.087281804387524364e-01 -2.180113030253411632e-01 -1.940832705967036331e-01 -1.728218823986243935e-01 -8.375746383744681056e-02 -4.399147864579373325e-03 -6.774117448744782020e-05 -1.192316807105854304e-01 -7.696173461497644516e-03 5.544515522171616136e-04 5.528951299845940114e-10 -1.482447532357829688e-07 -3.954352141365659323e-02 -5.211926385257686922e-02
1.043967936250421917e+04 -1.998081908935757725e-02 -2.003703099194437814e-02 -1.182648176076328203e-02 -5.944638772890739609e-03 -4.248017646738506264e-02 -2.179715871238758693e-02 -2.432791011246236267e-03 -1.888013560725791811e-05 -3.959793004468416949e-02 -4.637065995084899790e-04 1.175954813098631553e-04 2.187431951811053288e-10 1.998501840928380373e-09 1.899872515630701350e-02 9.154657335160651041e-03
1.048967936250421917e+04 -7.709688501022461497e-03 -7.784958638263062870e-03 -2.992559579742126805e-03 -1.213470477532618613e-03 -1.793635195357936099e-02 -2.119625976782494106e-02 -1.190083610545616868e-03 -9.501072868270822496e-06 -4.421444764217382500e-02 -3.178145896566181988e-02 2.668162111910545140e-04 2.255503505673601781e-10 -5.503373531497923173e-09 -3.114385403293516361e-02 -2.453814481821415747e-02
1.053967936250421917e+04 -3.865120257726875966e-03 -4.117923033716493902e-03 -1.317184749083377031e-03 7.127912579783264721e-05 1.065347528697376325e-02 -2.527783833893498550e-03 -4.494037422908865468e-04 -9.084865721043493974e-06 -4.997784328728039488e-02 -3.359361175878222694e-02 1.501321377137901380e-04 1.207987603184651761e-10 -1.359087282257462238e-08 -2.326580625089479798e-02 -1.727205814841508216e-02
1.058967936250421917e+04 -4.780160809253912457e-03 -4.669948455983101258e-03 -1.982001127500809552e-03 2.613684388187437614e-04 -1.891450005266005329e-03 -1.368263443091316013e-02 -1.514560636447549735e-02 -1.476291140035891972e-02 -1.551852259392245102e-02 -1.323831359308661956e-02 1.500997822753660945e-04 1.352945825363658820e-10 -7.134306537521265034e-10 -1.391719320926426001e-02 -1.589563460881224938e-02
1.063343194675421910e+04 0.000000000000000000e+00 0.000000000000000000e+00 2.852988176410568215e-04 8.505401878472387388e-04 6.956993154988508864e-03 -8.323231983229253603e-03 -1.492274169578386434e-02 -1.344095387918937436e-02 -1.248515060662203253e-02 -1.033491434579893523e-02 1.973576293176678841e-04 1.590516411449998952e-10 7.427061321291580778e-10 -7.381163619287692788e-03 -6.860996025938336830e-03
1.063344444675421983e+04 -6.461999530292125149e-01 -5.289753921335114129e-01 -1.152630056869617947e+00 -1.360156868125585783e+00 -7.840978617672264006e-01 -1.001048450195895834e+00 -8.494643091347373609e-01 -8.003242846154379198e-01 -6.670651374928909805e-01 -4.549741289003229050e-01 -2.294110312845885902e-02 -3.564691547903745594e-08 -9.834361933078713609e-08 -3.361952931100669617e-01 -3.935076733632114077e-01
1.063354444675422019e+04 -7.745802664426343354e-03 -9.073321985360477751e-03 -2.074204454795076577e-02 -2.421868031090824644e-02 -6.297575554496175065e-02 -4.364957413639250494e-02 -3.530207894334358443e-02 -4.012949518236527680e-02 -8.718563222520851752e-02 -5.712841663830731109e-02 2.421468815267695772e-03 2.087174325104727759e-09 6.169059193059137766e-09 -7.256007266923734933e-02 -6.736189924600415047e-02
1.068380279757354765e+04 -3.073410367166786502e-03 -3.039707073819774077e-03 -1.513831040301400496e-04 1.177719366762120515e-04 -3.427013666700839522e-03 3.702969834010744112e-03 2.139753005714178143e-03 -3.095945840000957909e-04 2.823450217878020665e-04 3.110863180038632176e-03 1.121737579058688000e-04 1.213478841442692617e-10 -3.465987639139910931e-08 -1.307475529708762964e-03 1.014371606046913848e-03
1.073508109924219389e+04 -3.766197524666195680e-03 -3.821182795643187843e-03 -3.763538852659072446e-04 2.726982156740328156e-04 -7.436315383583324374e-04 6.393154166778636759e-03 5.361960625587199915e-03 2.527973482333802872e-03 1.445480156289651215e-03 3.773509092467191434e-03 1.083474963938874048e-04 1.088317907013455420e-10 -3.519720409089289497e-08 -1.597081448395572170e-03 9.661320293990993376e-04
1.078508109924219389e+04 -4.314858196762318978e-04 -4.975569034048588600e-04 6.874386485653192483e-04 4.415622708077273154e-03 1.136062873519998878e-02 1.168371429252219526e-02 1.138310160227194376e-02 1.010195493903673185e-02 1.305947928470034027e-02 9.837020936996931572e-03 1.439176975318998055e-04 1.170564811230823929e-10 -3.481456542241956732e-08 -1.520301071764882392e-03 1.657533422280048916e-03
1.083508109924219389e+04 -1.552503287541214796e-04 7.007281284411336877e-07 3.469818751934888651e-04 3.429790552925824753e-03 7.026094338765133222e-03 8.202708459764668572e-03 9.489820927176005616e-03 7.737894231439745342e-03 8.422849944760956581e-03 7.537371822134045912e-03 1.428444766614196345e-04 1.200730061219805982e-10 -3.247628100613572735e-08 -1.384129030349852841e-03 1.561414152432362206e-03
1.088508109924219389e+04 -3.820250312633966319e-03 -3.907249554908337821e-03 -2.467612588148758532e-03 7.332356904456014584e-04 4.281099940930114221e-03 4.582717964210907338e-03 3.942775863149537881e-03 4.036735752597509115e-03 5.222993794214279839e-03 5.255462942310633843e-03 1.104558450874671262e-04 9.301996426569547689e-11 -3.602639208761119888e-08 -1.926268358978496095e-03 9.468079839386035843e-04
1.093508109924219389e+04 -1.382338637309180745e-06 9.638471337792654353e-08 4.573413247998090944e-03 6.159631908803982203e-03 9.487917603686800427e-03 8.889813440321974944e-03 9.601282756604921989e-03 6.984328820582512247e-03 6.423889293168665894e-03 6.884513440134070773e-03 1.347833308896843321e-04 1.162730245186610789e-10 -2.865498178169608287e-08 -5.985917231315933309e-04 1.472291976561583039e-03
1.097504444674924889e+04 -8.629637441837400332e-04 -1.228441290653122485e-03 -6.329999942597232471e-04 1.300078150103584377e-03 9.439911086507071086e-03 6.316651306366534088e-03 4.628543115111852929e-03 3.818238113360259388e-03 3.386345201218942790e-03 4.874705716407969416e-03 8.000619980474155146e-05 7.368653796887102020e-11 -2.977125534966815850e-08 -9.717516296007907466e-04 9.742698501879851637e-04
1.097514444674924925e+04 -6.304323013491100513e-04 -5.985136333760730050e-04 -4.527847592543182677e-06 1.824130797089824462e-03 9.886036535991012814e-03 6.651690435086952610e-03 4.988032068057968865e-03 4.053215933914757797e-03 3.604845070468344886e-03 5.017522194816202187e-03 1.085200976039890299e-04 9.358903883601949995e-11 -2.975782330440816371e-08 -9.683585463175826448e-04 9.999263481232142231e-04
1.127297416302726197e+04 -1.240686977101935400e-04 1.882421803704469561e-05 8.854176617156758484e-04 1.908569263919051261e-03 1.017868659176728941e-03 -6.608040378129065306e-04 5.412739668720446600e-04 -2.538634269120880645e-03 -7.993627992524218739e-03 -2.971972409454427203e-03 1.315986391993545751e-04 1.003769781997109913e-10 -2.438086820855980337e-08 -8.542229803280122031e-04 1.206386759168142243e-03
1.127298666302726269e+04 -2.411939135517943977e-01 -3.305476996525358313e-01 -3.768081695753562332e-01 -3.695556876341856700e-01 -1.699258150533604073e-01 -2.006275628865377691e-01 -1.777218148166631040e-01 -1.785120671752681021e-01 -1.615919744781666445e-01 -1.108423014417890956e-01 -8.059585219418228348e-04 -4.356797912007374288e-09 -1.229899550975950439e-07 -1.215226143113436706e-02 -3.100862291895552930e-02
1.127308666302726306e+04 4.975507572688790681e-02 2.076595852772880613e-02 1.895408053855871921e-03 -3.843763812185913616e-03 -1.323676733499746551e-02 2.395623307415080741e-03 -1.240792109414161695e-02 -1.821191964143504746e-02 -2.718199378746564629e-02 -1.765811391668210828e-02 5.209259778531944579e-04 5.823338040618120462e-10 -1.875481673584039358e-08 -5.965646596330834335e-03 -5.697024123374694327e-03
1.197873593060527492e+04 -1.509647568063909797e-04 5.949679484931362706e-05 1.583513651072937685e-03 2.088370279889594557e-03 -1.088553297515467474e-03 -1.497706899940984488e-04 -1.788705565124109210e-03 6.696325027684703855e-04 2.715554317621006117e-03 5.419150308471691949e-03 9.027533713921819360e-05 6.076085764617252011e-11 8.466815065596985985e-11 9.654306548141339261e-03 5.504259174417939354e-03
1.287873593060527492e+04 -4.844262968332908002e-03 -5.119181709957535027e-03 -5.724210068090308107e-03 -4.463288975885264243e-03 -3.894319657545394688e-03 -5.000192760667615359e-03 -4.173568563376424401e-03 -2.191358195466484599e-03 -2.059557494853590451e-04 2.407116574384223287e-03 1.010890306363248240e-04 6.039921423210401521e-11 -6.323685523207906718e-10 5.129174599057410681e-03 1.830387318107608990e-03
1.377873593060527492e+04 -4.493230773757774833e-03 -5.333216742975232551e-03 -5.524320730554690626e-03 -5.414392299027837724e-03 -6.549174593790518979e-03 -3.469097661241864194e-03 -6.341751678924242852e-03 -3.192264263434901710e-03 -2.098659487176497175e-03 1.947606778963024239e-03 9.468269143659400100e-05 5.629087880687816539e-11 -9.454886819915820010e-10 4.881217434063709650e-03 1.661486859922798112e-03
1.467873593060527492e+04 -2.692026126787615704e-03 -2.644219247256908260e-03 -2.180381560230086613e-03 -2.208893064127724366e-03 -4.651090228798190548e-03 -2.305125750015849222e-03 -4.229466167102676616e-03 -2.578616311559800683e-03 -2.116753292975244623e-03 1.785487015666819503e-03 9.703508216500388104e-05 6.029780354888473580e-11 -2.036779662456150254e-08 -1.373012938879797536e-03 6.726061233280029384e-04
1.557873593060527492e+04 -3.116898510871384041e-04 -3.177826616889298320e-05 1.312424209094168056e-04 1.526384054183068393e-03 -2.445519799233700112e-04 -3.799392343805815483e-04 -1.752527215085319815e-03 -3.364893919890801430e-03 -7.098494389548295862e-03 -3.473873968286543979e-03 1.026276086298506519e-04 5.725017095817151648e-11 -1.653379109094558070e-08 -1.065362336676834235e-03 1.169171750546697157e-03
1.647873593060527492e+04 -4.488801906870369327e-04 -6.534204689683472712e-04 -9.677259973440033997e-05 2.241480733034387272e-04 -1.034426561186766944e-03 -1.332257216568568737e-03 -2.726965065291820593e-03 -3.899545496124986500e-03 -7.042926261630863376e-03 -4.455108920433161271e-03 9.003112206849420748e-05 4.950189624842926600e-11 -1.620269924322329684e-08 -1.296913974817676249e-03 7.081195067013427774e-04
1.737873593060527492e+04 -3.596933923176001864e-04 -2.619996927256840625e-04 1.002540673339198451e-04 7.348466980234807499e-04 -9.158057108483303984e-04 -1.108662607893397354e-03 -2.121316720185277126e-03 -3.193745896599306088e-03 -6.062967983524784020e-03 -3.708160309339833538e-03 9.962322651093575882e-05 5.823852673129707959e-11 -1.307634937056336306e-08 -9.958263284208404391e-04 7.753829281625581205e-04
1.827873593060527492e+04 -2.538577685162209498e-04 -1.156866672893192900e-04 1.175367212125207560e-04 6.174203295617646317e-04 -1.114406631092754304e-03 -1.036368021201038506e-03 -2.932866696990628092e-03 -3.773821459581983701e-03 -6.858878531093221161e-03 -4.442939507799227930e-03 1.233712882497259224e-04 6.142492849782335622e-11 -1.724204864209837003e-08 -1.283544500860537901e-03 1.068988156244310124e-03
1.917873593060527492e+04 9.578184957598583332e-04 4.967978373723553687e-04 3.393595248233883762e-04 1.145136498309774894e-03 -5.609592761407852400e-04 2.372097247443471894e-04 -8.092432357126556289e-04 -1.724578298130371133e-03 -4.605152542421614079e-03 -2.319088542926869660e-03 1.188851382555543550e-04 6.244721631078313983e-11 -1.517348945252348085e-08 -6.963641506481001034e-04 1.451558886964367549e-03
2.007873593060527492e+04 -5.171454028149010057e-04 -5.852803054842795625e-04 -2.541945399612363535e-05 4.857177084551066301e-04 -1.634749834876557005e-03 -2.172291816830449439e-03 -4.236807086358006236e-03 -4.972958301935565505e-03 -8.069903503209503379e-03 -6.387314319194383437e-03 1.245554917583293047e-04 5.769766973821150569e-11 -1.573838878304512007e-08 -1.672220926064932073e-03 5.353398955614348167e-04
2.097873593060527492e+04 -2.136520564789094333e-04 1.912611114800198876e-05 5.221598739358247624e-04 1.625414919885195732e-03 9.737070148626379013e-03 -2.699859237431348653e-03 -7.282743834127508760e-03 -8.418653480898903932e-03 -1.401753484749430033e-02 -5.748978018782607488e-03 1.442542534781975701e-04 6.728913174352321364e-11 -1.844714932357975873e-08 -1.818225065423538685e-03 1.227123692329943911e-03
2.187873593060527492e+04 -1.077514561593113061e-03 -1.057101273974964855e-03 -3.652187650554677609e-04 -1.606750681898404275e-04 -6.088203219358063328e-03 -1.164884115458318138e-02 -1.192245776201653583e-02 -1.285101347603311711e-02 -1.882417629493108105e-02 -8.591339477543636499e-03 1.190919120378724729e-04 5.039176063862667382e-11 -1.989907616012324015e-08 -2.398036873942858711e-03 7.069496314032598736e-04
2.277873593060527492e+04 6.298536653958121141e-04 9.744783334568787305e-04 1.619934813584511784e-03 2.274255623805711713e-03 -4.245387835649659485e-03 -8.781118892475318558e-03 -9.096813919777501159e-03 -1.018796588349505858e-02 -1.689738207253770053e-02 -6.863147895233598188e-03 1.199611460514639854e-04 5.092349924100168295e-11 -1.897996742568645089e-08 -1.718370072167393469e-03 1.447897319459236914e-03
2.368335026738495799e+04 -1.574423355463409175e-05 1.333301158159889428e-05 1.731342274379691791e-03 2.734808146869427241e-03 -9.197969155988264256e-03 -1.370655252232396565e-02 -1.360517317543113655e-02 -1.470396895341185770e-02 -2.326656130045059306e-02 -8.442289645210803578e-03 1.721573452347107856e-04 7.017609032226959423e-11 -2.398993803144205012e-08 -1.959124605539661838e-03 1.775542609549213800e-03
2.458335026738495799e+04 -7.275680437372424383e-03 -8.125977245424360895e-03 -9.931346522286445613e-03 -4.827926589366776482e-03 1.845839407842947422e-02 1.430827475368312736e-02 1.267885930316080961e-02 1.142579996336303208e-02 1.313564209202053475e-02 1.082455013867222524e-02 1.346808961066814846e-04 5.081467849514596812e-11 -2.704612746267691798e-08 -1.775984063781742891e-03 1.273234538495221762e-03
2.506335026738495799e+04 -2.017383070722748804e-05 1.135519572350516619e-05 1.726443532472961805e-03 1.816288876131353335e-03 1.358848951432994195e-02 1.353531140924274512e-02 1.368256481423425590e-02 1.231479587901996089e-02 1.314288281323366774e-02 1.066405422530887145e-02 1.015351842393949358e-04 3.472732602193854896e-11 -2.903725297104011075e-08 -1.914295144641340891e-03 1.184820242534294571e-03
