TIME Debris_Ch1_mesh1 Debris_Ch1_mesh2 Debris_Ch1_mesh3 Debris_Ch1_mesh4 Debris_Ch1_mesh5 Debris_Ch1_mesh6 Debris_Ch1_mesh7 Debris_Ch1_mesh8 Debris_Ch1_mesh9 Debris_Ch1_mesh10 Debris_Ch1_mesh11 Debris_Ch1_mesh12 Debris_Ch1_mesh13 Debris_Ch1_mesh14 Debris_Ch1_mesh15 
0.000000000000000000e+00 0.000000000000000000e+00 0.000000000000000000e+00 0.000000000000000000e+00 0.000000000000000000e+00 0.000000000000000000e+00 0.000000000000000000e+00 0.000000000000000000e+00 0.000000000000000000e+00 0.000000000000000000e+00 0.000000000000000000e+00 0.000000000000000000e+00 0.000000000000000000e+00 0.000000000000000000e+00 0.000000000000000000e+00 0.000000000000000000e+00
5.000040000000043960e+01 0.000000000000000000e+00 0.000000000000000000e+00 0.000000000000000000e+00 0.000000000000000000e+00 0.000000000000000000e+00 0.000000000000000000e+00 0.000000000000000000e+00 0.000000000000000000e+00 0.000000000000000000e+00 0.000000000000000000e+00 0.000000000000000000e+00 0.000000000000000000e+00 0.000000000000000000e+00 0.000000000000000000e+00 0.000000000000000000e+00
1.000003999999985922e+02 0.000000000000000000e+00 0.000000000000000000e+00 0.000000000000000000e+00 0.000000000000000000e+00 0.000000000000000000e+00 0.000000000000000000e+00 0.000000000000000000e+00 0.000000000000000000e+00 0.000000000000000000e+00 0.000000000000000000e+00 0.000000000000000000e+00 0.000000000000000000e+00 0.000000000000000000e+00 0.000000000000000000e+00 0.000000000000000000e+00
1.502405034099261059e+02 0.000000000000000000e+00 0.000000000000000000e+00 0.000000000000000000e+00 0.000000000000000000e+00 0.000000000000000000e+00 0.000000000000000000e+00 0.000000000000000000e+00 0.000000000000000000e+00 0.000000000000000000e+00 0.000000000000000000e+00 0.000000000000000000e+00 0.000000000000000000e+00 0.000000000000000000e+00 0.000000000000000000e+00 0.000000000000000000e+00
2.004200391960640388e+02 0.000000000000000000e+00 0.000000000000000000e+00 0.000000000000000000e+00 0.000000000000000000e+00 0.000000000000000000e+00 0.000000000000000000e+00 0.000000000000000000e+00 0.000000000000000000e+00 0.000000000000000000e+00 0.000000000000000000e+00 0.000000000000000000e+00 0.000000000000000000e+00 0.000000000000000000e+00 0.000000000000000000e+00 0.000000000000000000e+00
2.553043625042201370e+02 0.000000000000000000e+00 0.000000000000000000e+00 0.000000000000000000e+00 0.000000000000000000e+00 0.000000000000000000e+00 0.000000000000000000e+00 0.000000000000000000e+00 0.000000000000000000e+00 0.000000000000000000e+00 0.000000000000000000e+00 0.000000000000000000e+00 0.000000000000000000e+00 0.000000000000000000e+00 0.000000000000000000e+00 0.000000000000000000e+00
3.053043625042201370e+02 0.000000000000000000e+00 0.000000000000000000e+00 0.000000000000000000e+00 0.000000000000000000e+00 0.000000000000000000e+00 0.000000000000000000e+00 0.000000000000000000e+00 0.000000000000000000e+00 0.000000000000000000e+00 0.000000000000000000e+00 0.000000000000000000e+00 0.000000000000000000e+00 0.000000000000000000e+00 0.000000000000000000e+00 0.000000000000000000e+00
3.553043625042201370e+02 0.000000000000000000e+00 0.000000000000000000e+00 0.000000000000000000e+00 0.000000000000000000e+00 0.000000000000000000e+00 0.000000000000000000e+00 0.000000000000000000e+00 0.000000000000000000e+00 0.000000000000000000e+00 0.000000000000000000e+00 0.000000000000000000e+00 0.000000000000000000e+00 0.000000000000000000e+00 0.000000000000000000e+00 0.000000000000000000e+00
4.053043625042201370e+02 0.000000000000000000e+00 0.000000000000000000e+00 0.000000000000000000e+00 0.000000000000000000e+00 0.000000000000000000e+00 0.000000000000000000e+00 0.000000000000000000e+00 0.000000000000000000e+00 0.000000000000000000e+00 0.000000000000000000e+00 0.000000000000000000e+00 0.000000000000000000e+00 0.000000000000000000e+00 0.000000000000000000e+00 0.000000000000000000e+00
4.553043625042201370e+02 0.000000000000000000e+00 0.000000000000000000e+00 0.000000000000000000e+00 0.000000000000000000e+00 0.000000000000000000e+00 0.000000000000000000e+00 0.000000000000000000e+00 0.000000000000000000e+00 0.000000000000000000e+00 0.000000000000000000e+00 0.000000000000000000e+00 0.000000000000000000e+00 0.000000000000000000e+00 0.000000000000000000e+00 0.000000000000000000e+00
5.053043625042201370e+02 0.000000000000000000e+00 0.000000000000000000e+00 0.000000000000000000e+00 0.000000000000000000e+00 0.000000000000000000e+00 0.000000000000000000e+00 0.000000000000000000e+00 0.000000000000000000e+00 0.000000000000000000e+00 0.000000000000000000e+00 0.000000000000000000e+00 0.000000000000000000e+00 0.000000000000000000e+00 0.000000000000000000e+00 0.000000000000000000e+00
5.553043625042200802e+02 0.000000000000000000e+00 0.000000000000000000e+00 0.000000000000000000e+00 0.000000000000000000e+00 0.000000000000000000e+00 0.000000000000000000e+00 0.000000000000000000e+00 0.000000000000000000e+00 0.000000000000000000e+00 0.000000000000000000e+00 0.000000000000000000e+00 0.000000000000000000e+00 0.000000000000000000e+00 0.000000000000000000e+00 0.000000000000000000e+00
6.053043625042200802e+02 0.000000000000000000e+00 0.000000000000000000e+00 0.000000000000000000e+00 0.000000000000000000e+00 0.000000000000000000e+00 0.000000000000000000e+00 0.000000000000000000e+00 0.000000000000000000e+00 0.000000000000000000e+00 0.000000000000000000e+00 0.000000000000000000e+00 0.000000000000000000e+00 0.000000000000000000e+00 0.000000000000000000e+00 0.000000000000000000e+00
6.594293625042200802e+02 0.000000000000000000e+00 0.000000000000000000e+00 0.000000000000000000e+00 0.000000000000000000e+00 0.000000000000000000e+00 0.000000000000000000e+00 0.000000000000000000e+00 0.000000000000000000e+00 0.000000000000000000e+00 0.000000000000000000e+00 0.000000000000000000e+00 0.000000000000000000e+00 0.000000000000000000e+00 0.000000000000000000e+00 0.000000000000000000e+00
7.094293625042200802e+02 0.000000000000000000e+00 0.000000000000000000e+00 0.000000000000000000e+00 0.000000000000000000e+00 0.000000000000000000e+00 0.000000000000000000e+00 0.000000000000000000e+00 0.000000000000000000e+00 0.000000000000000000e+00 0.000000000000000000e+00 0.000000000000000000e+00 0.000000000000000000e+00 0.000000000000000000e+00 0.000000000000000000e+00 0.000000000000000000e+00
7.594293625042200802e+02 0.000000000000000000e+00 0.000000000000000000e+00 0.000000000000000000e+00 0.000000000000000000e+00 0.000000000000000000e+00 0.000000000000000000e+00 0.000000000000000000e+00 0.000000000000000000e+00 0.000000000000000000e+00 0.000000000000000000e+00 0.000000000000000000e+00 0.000000000000000000e+00 0.000000000000000000e+00 0.000000000000000000e+00 0.000000000000000000e+00
8.094293625042200802e+02 0.000000000000000000e+00 0.000000000000000000e+00 0.000000000000000000e+00 0.000000000000000000e+00 0.000000000000000000e+00 0.000000000000000000e+00 0.000000000000000000e+00 0.000000000000000000e+00 0.000000000000000000e+00 0.000000000000000000e+00 0.000000000000000000e+00 0.000000000000000000e+00 0.000000000000000000e+00 0.000000000000000000e+00 0.000000000000000000e+00
8.594293625042200802e+02 0.000000000000000000e+00 0.000000000000000000e+00 0.000000000000000000e+00 0.000000000000000000e+00 0.000000000000000000e+00 0.000000000000000000e+00 0.000000000000000000e+00 0.000000000000000000e+00 0.000000000000000000e+00 0.000000000000000000e+00 0.000000000000000000e+00 0.000000000000000000e+00 0.000000000000000000e+00 0.000000000000000000e+00 0.000000000000000000e+00
9.094293625042200802e+02 0.000000000000000000e+00 0.000000000000000000e+00 0.000000000000000000e+00 0.000000000000000000e+00 0.000000000000000000e+00 0.000000000000000000e+00 0.000000000000000000e+00 0.000000000000000000e+00 0.000000000000000000e+00 0.000000000000000000e+00 0.000000000000000000e+00 0.000000000000000000e+00 0.000000000000000000e+00 0.000000000000000000e+00 0.000000000000000000e+00
9.594293625042200802e+02 0.000000000000000000e+00 0.000000000000000000e+00 0.000000000000000000e+00 0.000000000000000000e+00 0.000000000000000000e+00 0.000000000000000000e+00 0.000000000000000000e+00 0.000000000000000000e+00 0.000000000000000000e+00 0.000000000000000000e+00 0.000000000000000000e+00 0.000000000000000000e+00 0.000000000000000000e+00 0.000000000000000000e+00 0.000000000000000000e+00
1.009429362504220080e+03 0.000000000000000000e+00 0.000000000000000000e+00 0.000000000000000000e+00 0.000000000000000000e+00 0.000000000000000000e+00 0.000000000000000000e+00 0.000000000000000000e+00 0.000000000000000000e+00 0.000000000000000000e+00 0.000000000000000000e+00 0.000000000000000000e+00 0.000000000000000000e+00 0.000000000000000000e+00 0.000000000000000000e+00 0.000000000000000000e+00
1.059429362504220080e+03 0.000000000000000000e+00 0.000000000000000000e+00 0.000000000000000000e+00 0.000000000000000000e+00 0.000000000000000000e+00 0.000000000000000000e+00 0.000000000000000000e+00 0.000000000000000000e+00 0.000000000000000000e+00 0.000000000000000000e+00 0.000000000000000000e+00 0.000000000000000000e+00 0.000000000000000000e+00 0.000000000000000000e+00 0.000000000000000000e+00
1.109429362504220080e+03 0.000000000000000000e+00 0.000000000000000000e+00 0.000000000000000000e+00 0.000000000000000000e+00 0.000000000000000000e+00 0.000000000000000000e+00 0.000000000000000000e+00 0.000000000000000000e+00 0.000000000000000000e+00 0.000000000000000000e+00 0.000000000000000000e+00 0.000000000000000000e+00 0.000000000000000000e+00 0.000000000000000000e+00 0.000000000000000000e+00
1.159429362504220080e+03 0.000000000000000000e+00 0.000000000000000000e+00 0.000000000000000000e+00 0.000000000000000000e+00 0.000000000000000000e+00 0.000000000000000000e+00 0.000000000000000000e+00 0.000000000000000000e+00 0.000000000000000000e+00 0.000000000000000000e+00 0.000000000000000000e+00 0.000000000000000000e+00 0.000000000000000000e+00 0.000000000000000000e+00 0.000000000000000000e+00
1.209429362504220080e+03 0.000000000000000000e+00 0.000000000000000000e+00 0.000000000000000000e+00 0.000000000000000000e+00 0.000000000000000000e+00 0.000000000000000000e+00 0.000000000000000000e+00 0.000000000000000000e+00 0.000000000000000000e+00 0.000000000000000000e+00 0.000000000000000000e+00 0.000000000000000000e+00 0.000000000000000000e+00 0.000000000000000000e+00 0.000000000000000000e+00
1.259429362504220080e+03 0.000000000000000000e+00 0.000000000000000000e+00 0.000000000000000000e+00 0.000000000000000000e+00 0.000000000000000000e+00 0.000000000000000000e+00 0.000000000000000000e+00 0.000000000000000000e+00 0.000000000000000000e+00 0.000000000000000000e+00 0.000000000000000000e+00 0.000000000000000000e+00 0.000000000000000000e+00 0.000000000000000000e+00 0.000000000000000000e+00
1.309429362504220080e+03 0.000000000000000000e+00 0.000000000000000000e+00 0.000000000000000000e+00 0.000000000000000000e+00 0.000000000000000000e+00 0.000000000000000000e+00 0.000000000000000000e+00 0.000000000000000000e+00 0.000000000000000000e+00 0.000000000000000000e+00 0.000000000000000000e+00 0.000000000000000000e+00 0.000000000000000000e+00 0.000000000000000000e+00 0.000000000000000000e+00
1.359429362504220080e+03 0.000000000000000000e+00 0.000000000000000000e+00 0.000000000000000000e+00 0.000000000000000000e+00 0.000000000000000000e+00 0.000000000000000000e+00 0.000000000000000000e+00 0.000000000000000000e+00 0.000000000000000000e+00 0.000000000000000000e+00 0.000000000000000000e+00 0.000000000000000000e+00 0.000000000000000000e+00 0.000000000000000000e+00 0.000000000000000000e+00
1.409429362504220080e+03 0.000000000000000000e+00 0.000000000000000000e+00 0.000000000000000000e+00 0.000000000000000000e+00 0.000000000000000000e+00 0.000000000000000000e+00 0.000000000000000000e+00 0.000000000000000000e+00 0.000000000000000000e+00 0.000000000000000000e+00 0.000000000000000000e+00 0.000000000000000000e+00 0.000000000000000000e+00 0.000000000000000000e+00 0.000000000000000000e+00
1.459429362504220080e+03 0.000000000000000000e+00 0.000000000000000000e+00 0.000000000000000000e+00 0.000000000000000000e+00 0.000000000000000000e+00 0.000000000000000000e+00 0.000000000000000000e+00 0.000000000000000000e+00 0.000000000000000000e+00 0.000000000000000000e+00 0.000000000000000000e+00 0.000000000000000000e+00 0.000000000000000000e+00 0.000000000000000000e+00 0.000000000000000000e+00
1.509429362504220080e+03 0.000000000000000000e+00 0.000000000000000000e+00 0.000000000000000000e+00 0.000000000000000000e+00 0.000000000000000000e+00 0.000000000000000000e+00 0.000000000000000000e+00 0.000000000000000000e+00 0.000000000000000000e+00 0.000000000000000000e+00 0.000000000000000000e+00 0.000000000000000000e+00 0.000000000000000000e+00 0.000000000000000000e+00 0.000000000000000000e+00
1.559429362504220080e+03 0.000000000000000000e+00 0.000000000000000000e+00 0.000000000000000000e+00 0.000000000000000000e+00 0.000000000000000000e+00 0.000000000000000000e+00 0.000000000000000000e+00 0.000000000000000000e+00 0.000000000000000000e+00 0.000000000000000000e+00 0.000000000000000000e+00 0.000000000000000000e+00 0.000000000000000000e+00 0.000000000000000000e+00 0.000000000000000000e+00
1.609429362504220080e+03 0.000000000000000000e+00 0.000000000000000000e+00 0.000000000000000000e+00 0.000000000000000000e+00 0.000000000000000000e+00 0.000000000000000000e+00 0.000000000000000000e+00 0.000000000000000000e+00 0.000000000000000000e+00 0.000000000000000000e+00 0.000000000000000000e+00 0.000000000000000000e+00 0.000000000000000000e+00 0.000000000000000000e+00 0.000000000000000000e+00
1.659429362504220080e+03 0.000000000000000000e+00 0.000000000000000000e+00 0.000000000000000000e+00 0.000000000000000000e+00 0.000000000000000000e+00 0.000000000000000000e+00 0.000000000000000000e+00 0.000000000000000000e+00 0.000000000000000000e+00 0.000000000000000000e+00 0.000000000000000000e+00 0.000000000000000000e+00 0.000000000000000000e+00 0.000000000000000000e+00 0.000000000000000000e+00
1.709429362504220080e+03 0.000000000000000000e+00 0.000000000000000000e+00 0.000000000000000000e+00 0.000000000000000000e+00 0.000000000000000000e+00 0.000000000000000000e+00 0.000000000000000000e+00 0.000000000000000000e+00 0.000000000000000000e+00 0.000000000000000000e+00 0.000000000000000000e+00 0.000000000000000000e+00 0.000000000000000000e+00 0.000000000000000000e+00 0.000000000000000000e+00
1.759429362504220080e+03 0.000000000000000000e+00 0.000000000000000000e+00 0.000000000000000000e+00 0.000000000000000000e+00 0.000000000000000000e+00 0.000000000000000000e+00 0.000000000000000000e+00 0.000000000000000000e+00 0.000000000000000000e+00 0.000000000000000000e+00 0.000000000000000000e+00 0.000000000000000000e+00 0.000000000000000000e+00 0.000000000000000000e+00 0.000000000000000000e+00
1.809429362504220080e+03 0.000000000000000000e+00 0.000000000000000000e+00 0.000000000000000000e+00 0.000000000000000000e+00 0.000000000000000000e+00 0.000000000000000000e+00 0.000000000000000000e+00 0.000000000000000000e+00 0.000000000000000000e+00 0.000000000000000000e+00 0.000000000000000000e+00 0.000000000000000000e+00 0.000000000000000000e+00 0.000000000000000000e+00 0.000000000000000000e+00
1.859429362504220080e+03 0.000000000000000000e+00 0.000000000000000000e+00 0.000000000000000000e+00 0.000000000000000000e+00 0.000000000000000000e+00 0.000000000000000000e+00 0.000000000000000000e+00 0.000000000000000000e+00 0.000000000000000000e+00 0.000000000000000000e+00 0.000000000000000000e+00 0.000000000000000000e+00 0.000000000000000000e+00 0.000000000000000000e+00 0.000000000000000000e+00
1.909429362504220080e+03 0.000000000000000000e+00 0.000000000000000000e+00 0.000000000000000000e+00 0.000000000000000000e+00 0.000000000000000000e+00 0.000000000000000000e+00 0.000000000000000000e+00 0.000000000000000000e+00 0.000000000000000000e+00 0.000000000000000000e+00 0.000000000000000000e+00 0.000000000000000000e+00 0.000000000000000000e+00 0.000000000000000000e+00 0.000000000000000000e+00
1.959429362504220080e+03 0.000000000000000000e+00 0.000000000000000000e+00 0.000000000000000000e+00 0.000000000000000000e+00 0.000000000000000000e+00 0.000000000000000000e+00 0.000000000000000000e+00 0.000000000000000000e+00 0.000000000000000000e+00 0.000000000000000000e+00 0.000000000000000000e+00 0.000000000000000000e+00 0.000000000000000000e+00 0.000000000000000000e+00 0.000000000000000000e+00
2.009429362504220080e+03 0.000000000000000000e+00 0.000000000000000000e+00 0.000000000000000000e+00 0.000000000000000000e+00 0.000000000000000000e+00 0.000000000000000000e+00 0.000000000000000000e+00 0.000000000000000000e+00 0.000000000000000000e+00 0.000000000000000000e+00 0.000000000000000000e+00 0.000000000000000000e+00 0.000000000000000000e+00 0.000000000000000000e+00 0.000000000000000000e+00
2.059429362504220080e+03 0.000000000000000000e+00 0.000000000000000000e+00 0.000000000000000000e+00 0.000000000000000000e+00 0.000000000000000000e+00 0.000000000000000000e+00 0.000000000000000000e+00 0.000000000000000000e+00 0.000000000000000000e+00 0.000000000000000000e+00 0.000000000000000000e+00 0.000000000000000000e+00 0.000000000000000000e+00 0.000000000000000000e+00 0.000000000000000000e+00
2.109429362504220080e+03 0.000000000000000000e+00 0.000000000000000000e+00 0.000000000000000000e+00 0.000000000000000000e+00 0.000000000000000000e+00 0.000000000000000000e+00 0.000000000000000000e+00 0.000000000000000000e+00 0.000000000000000000e+00 0.000000000000000000e+00 0.000000000000000000e+00 0.000000000000000000e+00 0.000000000000000000e+00 0.000000000000000000e+00 0.000000000000000000e+00
2.159429362504220080e+03 0.000000000000000000e+00 0.000000000000000000e+00 0.000000000000000000e+00 0.000000000000000000e+00 0.000000000000000000e+00 0.000000000000000000e+00 0.000000000000000000e+00 0.000000000000000000e+00 0.000000000000000000e+00 0.000000000000000000e+00 0.000000000000000000e+00 0.000000000000000000e+00 0.000000000000000000e+00 0.000000000000000000e+00 0.000000000000000000e+00
2.209429362504220080e+03 0.000000000000000000e+00 0.000000000000000000e+00 0.000000000000000000e+00 0.000000000000000000e+00 0.000000000000000000e+00 0.000000000000000000e+00 0.000000000000000000e+00 0.000000000000000000e+00 0.000000000000000000e+00 0.000000000000000000e+00 0.000000000000000000e+00 0.000000000000000000e+00 0.000000000000000000e+00 0.000000000000000000e+00 0.000000000000000000e+00
2.259429362504220080e+03 0.000000000000000000e+00 0.000000000000000000e+00 0.000000000000000000e+00 0.000000000000000000e+00 0.000000000000000000e+00 0.000000000000000000e+00 0.000000000000000000e+00 0.000000000000000000e+00 0.000000000000000000e+00 0.000000000000000000e+00 0.000000000000000000e+00 0.000000000000000000e+00 0.000000000000000000e+00 0.000000000000000000e+00 0.000000000000000000e+00
2.309429362504220080e+03 0.000000000000000000e+00 0.000000000000000000e+00 0.000000000000000000e+00 0.000000000000000000e+00 0.000000000000000000e+00 0.000000000000000000e+00 0.000000000000000000e+00 0.000000000000000000e+00 0.000000000000000000e+00 0.000000000000000000e+00 0.000000000000000000e+00 0.000000000000000000e+00 0.000000000000000000e+00 0.000000000000000000e+00 0.000000000000000000e+00
2.359429362504220080e+03 0.000000000000000000e+00 0.000000000000000000e+00 0.000000000000000000e+00 0.000000000000000000e+00 0.000000000000000000e+00 0.000000000000000000e+00 0.000000000000000000e+00 0.000000000000000000e+00 0.000000000000000000e+00 0.000000000000000000e+00 0.000000000000000000e+00 0.000000000000000000e+00 0.000000000000000000e+00 0.000000000000000000e+00 0.000000000000000000e+00
2.409429362504220080e+03 0.000000000000000000e+00 0.000000000000000000e+00 0.000000000000000000e+00 0.000000000000000000e+00 0.000000000000000000e+00 0.000000000000000000e+00 0.000000000000000000e+00 0.000000000000000000e+00 0.000000000000000000e+00 0.000000000000000000e+00 0.000000000000000000e+00 0.000000000000000000e+00 0.000000000000000000e+00 0.000000000000000000e+00 0.000000000000000000e+00
2.459429362504220080e+03 0.000000000000000000e+00 0.000000000000000000e+00 0.000000000000000000e+00 0.000000000000000000e+00 0.000000000000000000e+00 0.000000000000000000e+00 0.000000000000000000e+00 0.000000000000000000e+00 0.000000000000000000e+00 0.000000000000000000e+00 0.000000000000000000e+00 0.000000000000000000e+00 0.000000000000000000e+00 0.000000000000000000e+00 0.000000000000000000e+00
2.509429362504220080e+03 0.000000000000000000e+00 0.000000000000000000e+00 0.000000000000000000e+00 0.000000000000000000e+00 0.000000000000000000e+00 0.000000000000000000e+00 0.000000000000000000e+00 0.000000000000000000e+00 0.000000000000000000e+00 0.000000000000000000e+00 0.000000000000000000e+00 0.000000000000000000e+00 0.000000000000000000e+00 0.000000000000000000e+00 0.000000000000000000e+00
2.559429362504220080e+03 0.000000000000000000e+00 0.000000000000000000e+00 0.000000000000000000e+00 0.000000000000000000e+00 0.000000000000000000e+00 0.000000000000000000e+00 0.000000000000000000e+00 0.000000000000000000e+00 0.000000000000000000e+00 0.000000000000000000e+00 0.000000000000000000e+00 0.000000000000000000e+00 0.000000000000000000e+00 0.000000000000000000e+00 0.000000000000000000e+00
2.609429362504220080e+03 0.000000000000000000e+00 0.000000000000000000e+00 0.000000000000000000e+00 0.000000000000000000e+00 0.000000000000000000e+00 0.000000000000000000e+00 0.000000000000000000e+00 0.000000000000000000e+00 0.000000000000000000e+00 0.000000000000000000e+00 0.000000000000000000e+00 0.000000000000000000e+00 0.000000000000000000e+00 0.000000000000000000e+00 0.000000000000000000e+00
2.659429362504220080e+03 0.000000000000000000e+00 0.000000000000000000e+00 0.000000000000000000e+00 0.000000000000000000e+00 0.000000000000000000e+00 0.000000000000000000e+00 0.000000000000000000e+00 0.000000000000000000e+00 0.000000000000000000e+00 0.000000000000000000e+00 0.000000000000000000e+00 0.000000000000000000e+00 0.000000000000000000e+00 0.000000000000000000e+00 0.000000000000000000e+00
2.709429362504220080e+03 0.000000000000000000e+00 0.000000000000000000e+00 0.000000000000000000e+00 0.000000000000000000e+00 0.000000000000000000e+00 0.000000000000000000e+00 0.000000000000000000e+00 0.000000000000000000e+00 0.000000000000000000e+00 0.000000000000000000e+00 0.000000000000000000e+00 0.000000000000000000e+00 0.000000000000000000e+00 0.000000000000000000e+00 0.000000000000000000e+00
2.759429362504220080e+03 0.000000000000000000e+00 0.000000000000000000e+00 0.000000000000000000e+00 0.000000000000000000e+00 0.000000000000000000e+00 0.000000000000000000e+00 0.000000000000000000e+00 0.000000000000000000e+00 0.000000000000000000e+00 0.000000000000000000e+00 0.000000000000000000e+00 0.000000000000000000e+00 0.000000000000000000e+00 0.000000000000000000e+00 0.000000000000000000e+00
2.809429362504220080e+03 0.000000000000000000e+00 0.000000000000000000e+00 0.000000000000000000e+00 0.000000000000000000e+00 0.000000000000000000e+00 0.000000000000000000e+00 0.000000000000000000e+00 0.000000000000000000e+00 0.000000000000000000e+00 0.000000000000000000e+00 0.000000000000000000e+00 0.000000000000000000e+00 0.000000000000000000e+00 0.000000000000000000e+00 0.000000000000000000e+00
2.859429362504220080e+03 0.000000000000000000e+00 0.000000000000000000e+00 0.000000000000000000e+00 0.000000000000000000e+00 0.000000000000000000e+00 0.000000000000000000e+00 0.000000000000000000e+00 0.000000000000000000e+00 0.000000000000000000e+00 0.000000000000000000e+00 0.000000000000000000e+00 0.000000000000000000e+00 0.000000000000000000e+00 0.000000000000000000e+00 0.000000000000000000e+00
2.909429362504220080e+03 0.000000000000000000e+00 0.000000000000000000e+00 0.000000000000000000e+00 0.000000000000000000e+00 0.000000000000000000e+00 0.000000000000000000e+00 0.000000000000000000e+00 0.000000000000000000e+00 0.000000000000000000e+00 0.000000000000000000e+00 0.000000000000000000e+00 0.000000000000000000e+00 0.000000000000000000e+00 0.000000000000000000e+00 0.000000000000000000e+00
2.959429362504220080e+03 0.000000000000000000e+00 0.000000000000000000e+00 0.000000000000000000e+00 0.000000000000000000e+00 0.000000000000000000e+00 0.000000000000000000e+00 0.000000000000000000e+00 0.000000000000000000e+00 0.000000000000000000e+00 0.000000000000000000e+00 0.000000000000000000e+00 0.000000000000000000e+00 0.000000000000000000e+00 0.000000000000000000e+00 0.000000000000000000e+00
3.009429362504220080e+03 0.000000000000000000e+00 0.000000000000000000e+00 0.000000000000000000e+00 0.000000000000000000e+00 0.000000000000000000e+00 0.000000000000000000e+00 0.000000000000000000e+00 0.000000000000000000e+00 0.000000000000000000e+00 0.000000000000000000e+00 0.000000000000000000e+00 0.000000000000000000e+00 0.000000000000000000e+00 0.000000000000000000e+00 0.000000000000000000e+00
3.059429362504220080e+03 0.000000000000000000e+00 0.000000000000000000e+00 0.000000000000000000e+00 0.000000000000000000e+00 0.000000000000000000e+00 0.000000000000000000e+00 0.000000000000000000e+00 0.000000000000000000e+00 0.000000000000000000e+00 0.000000000000000000e+00 0.000000000000000000e+00 0.000000000000000000e+00 0.000000000000000000e+00 0.000000000000000000e+00 0.000000000000000000e+00
3.109429362504220080e+03 0.000000000000000000e+00 0.000000000000000000e+00 0.000000000000000000e+00 0.000000000000000000e+00 0.000000000000000000e+00 0.000000000000000000e+00 0.000000000000000000e+00 0.000000000000000000e+00 0.000000000000000000e+00 0.000000000000000000e+00 0.000000000000000000e+00 0.000000000000000000e+00 0.000000000000000000e+00 0.000000000000000000e+00 0.000000000000000000e+00
3.159429362504220080e+03 0.000000000000000000e+00 0.000000000000000000e+00 0.000000000000000000e+00 0.000000000000000000e+00 0.000000000000000000e+00 0.000000000000000000e+00 0.000000000000000000e+00 0.000000000000000000e+00 0.000000000000000000e+00 0.000000000000000000e+00 0.000000000000000000e+00 0.000000000000000000e+00 0.000000000000000000e+00 0.000000000000000000e+00 0.000000000000000000e+00
3.209429362504220080e+03 0.000000000000000000e+00 0.000000000000000000e+00 0.000000000000000000e+00 0.000000000000000000e+00 0.000000000000000000e+00 0.000000000000000000e+00 0.000000000000000000e+00 0.000000000000000000e+00 0.000000000000000000e+00 0.000000000000000000e+00 0.000000000000000000e+00 0.000000000000000000e+00 0.000000000000000000e+00 0.000000000000000000e+00 0.000000000000000000e+00
3.259429362504220080e+03 0.000000000000000000e+00 0.000000000000000000e+00 0.000000000000000000e+00 0.000000000000000000e+00 0.000000000000000000e+00 0.000000000000000000e+00 0.000000000000000000e+00 0.000000000000000000e+00 0.000000000000000000e+00 0.000000000000000000e+00 0.000000000000000000e+00 0.000000000000000000e+00 0.000000000000000000e+00 0.000000000000000000e+00 0.000000000000000000e+00
3.309429362504220080e+03 0.000000000000000000e+00 0.000000000000000000e+00 0.000000000000000000e+00 0.000000000000000000e+00 0.000000000000000000e+00 0.000000000000000000e+00 0.000000000000000000e+00 0.000000000000000000e+00 0.000000000000000000e+00 0.000000000000000000e+00 0.000000000000000000e+00 0.000000000000000000e+00 0.000000000000000000e+00 0.000000000000000000e+00 0.000000000000000000e+00
3.359429362504220080e+03 0.000000000000000000e+00 0.000000000000000000e+00 0.000000000000000000e+00 0.000000000000000000e+00 0.000000000000000000e+00 0.000000000000000000e+00 0.000000000000000000e+00 0.000000000000000000e+00 0.000000000000000000e+00 0.000000000000000000e+00 0.000000000000000000e+00 0.000000000000000000e+00 0.000000000000000000e+00 0.000000000000000000e+00 0.000000000000000000e+00
3.409429362504220080e+03 0.000000000000000000e+00 0.000000000000000000e+00 0.000000000000000000e+00 0.000000000000000000e+00 0.000000000000000000e+00 0.000000000000000000e+00 0.000000000000000000e+00 0.000000000000000000e+00 0.000000000000000000e+00 0.000000000000000000e+00 0.000000000000000000e+00 0.000000000000000000e+00 0.000000000000000000e+00 0.000000000000000000e+00 0.000000000000000000e+00
3.459429362504220080e+03 0.000000000000000000e+00 0.000000000000000000e+00 0.000000000000000000e+00 0.000000000000000000e+00 0.000000000000000000e+00 0.000000000000000000e+00 0.000000000000000000e+00 0.000000000000000000e+00 0.000000000000000000e+00 0.000000000000000000e+00 0.000000000000000000e+00 0.000000000000000000e+00 0.000000000000000000e+00 0.000000000000000000e+00 0.000000000000000000e+00
3.509429362504220080e+03 0.000000000000000000e+00 0.000000000000000000e+00 0.000000000000000000e+00 0.000000000000000000e+00 0.000000000000000000e+00 0.000000000000000000e+00 0.000000000000000000e+00 0.000000000000000000e+00 0.000000000000000000e+00 0.000000000000000000e+00 0.000000000000000000e+00 0.000000000000000000e+00 0.000000000000000000e+00 0.000000000000000000e+00 0.000000000000000000e+00
3.559429362504220080e+03 0.000000000000000000e+00 0.000000000000000000e+00 0.000000000000000000e+00 0.000000000000000000e+00 0.000000000000000000e+00 0.000000000000000000e+00 0.000000000000000000e+00 0.000000000000000000e+00 0.000000000000000000e+00 0.000000000000000000e+00 0.000000000000000000e+00 0.000000000000000000e+00 0.000000000000000000e+00 0.000000000000000000e+00 0.000000000000000000e+00
3.609429362504220080e+03 0.000000000000000000e+00 0.000000000000000000e+00 0.000000000000000000e+00 0.000000000000000000e+00 0.000000000000000000e+00 0.000000000000000000e+00 0.000000000000000000e+00 0.000000000000000000e+00 0.000000000000000000e+00 0.000000000000000000e+00 0.000000000000000000e+00 0.000000000000000000e+00 0.000000000000000000e+00 0.000000000000000000e+00 0.000000000000000000e+00
3.659429362504220080e+03 0.000000000000000000e+00 0.000000000000000000e+00 0.000000000000000000e+00 0.000000000000000000e+00 0.000000000000000000e+00 0.000000000000000000e+00 0.000000000000000000e+00 0.000000000000000000e+00 0.000000000000000000e+00 0.000000000000000000e+00 0.000000000000000000e+00 0.000000000000000000e+00 0.000000000000000000e+00 0.000000000000000000e+00 0.000000000000000000e+00
3.709429362504220080e+03 0.000000000000000000e+00 0.000000000000000000e+00 0.000000000000000000e+00 0.000000000000000000e+00 0.000000000000000000e+00 0.000000000000000000e+00 0.000000000000000000e+00 0.000000000000000000e+00 0.000000000000000000e+00 0.000000000000000000e+00 0.000000000000000000e+00 0.000000000000000000e+00 0.000000000000000000e+00 0.000000000000000000e+00 0.000000000000000000e+00
3.759429362504220080e+03 0.000000000000000000e+00 0.000000000000000000e+00 0.000000000000000000e+00 0.000000000000000000e+00 0.000000000000000000e+00 0.000000000000000000e+00 0.000000000000000000e+00 0.000000000000000000e+00 0.000000000000000000e+00 0.000000000000000000e+00 0.000000000000000000e+00 0.000000000000000000e+00 0.000000000000000000e+00 0.000000000000000000e+00 0.000000000000000000e+00
3.809429362504220080e+03 0.000000000000000000e+00 0.000000000000000000e+00 0.000000000000000000e+00 0.000000000000000000e+00 0.000000000000000000e+00 0.000000000000000000e+00 0.000000000000000000e+00 0.000000000000000000e+00 0.000000000000000000e+00 0.000000000000000000e+00 0.000000000000000000e+00 0.000000000000000000e+00 0.000000000000000000e+00 0.000000000000000000e+00 0.000000000000000000e+00
3.859429362504220080e+03 0.000000000000000000e+00 0.000000000000000000e+00 0.000000000000000000e+00 0.000000000000000000e+00 0.000000000000000000e+00 0.000000000000000000e+00 0.000000000000000000e+00 0.000000000000000000e+00 0.000000000000000000e+00 0.000000000000000000e+00 0.000000000000000000e+00 0.000000000000000000e+00 0.000000000000000000e+00 0.000000000000000000e+00 0.000000000000000000e+00
3.909429362504220080e+03 0.000000000000000000e+00 0.000000000000000000e+00 0.000000000000000000e+00 0.000000000000000000e+00 0.000000000000000000e+00 0.000000000000000000e+00 0.000000000000000000e+00 0.000000000000000000e+00 0.000000000000000000e+00 0.000000000000000000e+00 0.000000000000000000e+00 0.000000000000000000e+00 0.000000000000000000e+00 0.000000000000000000e+00 0.000000000000000000e+00
3.959429362504220080e+03 0.000000000000000000e+00 0.000000000000000000e+00 0.000000000000000000e+00 0.000000000000000000e+00 0.000000000000000000e+00 0.000000000000000000e+00 0.000000000000000000e+00 0.000000000000000000e+00 0.000000000000000000e+00 0.000000000000000000e+00 0.000000000000000000e+00 0.000000000000000000e+00 0.000000000000000000e+00 0.000000000000000000e+00 0.000000000000000000e+00
4.009429362504220080e+03 0.000000000000000000e+00 0.000000000000000000e+00 0.000000000000000000e+00 0.000000000000000000e+00 0.000000000000000000e+00 0.000000000000000000e+00 0.000000000000000000e+00 0.000000000000000000e+00 0.000000000000000000e+00 0.000000000000000000e+00 0.000000000000000000e+00 0.000000000000000000e+00 0.000000000000000000e+00 0.000000000000000000e+00 0.000000000000000000e+00
4.059429362504220080e+03 0.000000000000000000e+00 0.000000000000000000e+00 0.000000000000000000e+00 0.000000000000000000e+00 0.000000000000000000e+00 0.000000000000000000e+00 0.000000000000000000e+00 0.000000000000000000e+00 0.000000000000000000e+00 0.000000000000000000e+00 0.000000000000000000e+00 0.000000000000000000e+00 0.000000000000000000e+00 0.000000000000000000e+00 0.000000000000000000e+00
4.109429362504220080e+03 0.000000000000000000e+00 0.000000000000000000e+00 0.000000000000000000e+00 0.000000000000000000e+00 0.000000000000000000e+00 0.000000000000000000e+00 0.000000000000000000e+00 0.000000000000000000e+00 0.000000000000000000e+00 0.000000000000000000e+00 0.000000000000000000e+00 0.000000000000000000e+00 0.000000000000000000e+00 0.000000000000000000e+00 0.000000000000000000e+00
4.159429362504220080e+03 0.000000000000000000e+00 0.000000000000000000e+00 0.000000000000000000e+00 0.000000000000000000e+00 0.000000000000000000e+00 0.000000000000000000e+00 0.000000000000000000e+00 0.000000000000000000e+00 0.000000000000000000e+00 0.000000000000000000e+00 0.000000000000000000e+00 0.000000000000000000e+00 0.000000000000000000e+00 0.000000000000000000e+00 0.000000000000000000e+00
4.209429362504220080e+03 0.000000000000000000e+00 0.000000000000000000e+00 0.000000000000000000e+00 0.000000000000000000e+00 0.000000000000000000e+00 0.000000000000000000e+00 0.000000000000000000e+00 0.000000000000000000e+00 0.000000000000000000e+00 0.000000000000000000e+00 0.000000000000000000e+00 0.000000000000000000e+00 0.000000000000000000e+00 0.000000000000000000e+00 0.000000000000000000e+00
4.259429362504220080e+03 0.000000000000000000e+00 0.000000000000000000e+00 0.000000000000000000e+00 0.000000000000000000e+00 0.000000000000000000e+00 0.000000000000000000e+00 0.000000000000000000e+00 0.000000000000000000e+00 0.000000000000000000e+00 0.000000000000000000e+00 0.000000000000000000e+00 0.000000000000000000e+00 0.000000000000000000e+00 0.000000000000000000e+00 0.000000000000000000e+00
4.309429362504220080e+03 0.000000000000000000e+00 0.000000000000000000e+00 0.000000000000000000e+00 0.000000000000000000e+00 0.000000000000000000e+00 0.000000000000000000e+00 0.000000000000000000e+00 0.000000000000000000e+00 0.000000000000000000e+00 0.000000000000000000e+00 0.000000000000000000e+00 0.000000000000000000e+00 0.000000000000000000e+00 0.000000000000000000e+00 0.000000000000000000e+00
4.359429362504220080e+03 0.000000000000000000e+00 0.000000000000000000e+00 0.000000000000000000e+00 0.000000000000000000e+00 0.000000000000000000e+00 0.000000000000000000e+00 0.000000000000000000e+00 0.000000000000000000e+00 0.000000000000000000e+00 0.000000000000000000e+00 0.000000000000000000e+00 0.000000000000000000e+00 0.000000000000000000e+00 0.000000000000000000e+00 0.000000000000000000e+00
4.409429362504220080e+03 0.000000000000000000e+00 0.000000000000000000e+00 0.000000000000000000e+00 0.000000000000000000e+00 0.000000000000000000e+00 0.000000000000000000e+00 0.000000000000000000e+00 0.000000000000000000e+00 0.000000000000000000e+00 0.000000000000000000e+00 0.000000000000000000e+00 0.000000000000000000e+00 0.000000000000000000e+00 0.000000000000000000e+00 0.000000000000000000e+00
4.459429362504220080e+03 0.000000000000000000e+00 0.000000000000000000e+00 0.000000000000000000e+00 0.000000000000000000e+00 0.000000000000000000e+00 0.000000000000000000e+00 0.000000000000000000e+00 0.000000000000000000e+00 0.000000000000000000e+00 0.000000000000000000e+00 0.000000000000000000e+00 0.000000000000000000e+00 0.000000000000000000e+00 0.000000000000000000e+00 0.000000000000000000e+00
4.509429362504220080e+03 0.000000000000000000e+00 0.000000000000000000e+00 0.000000000000000000e+00 0.000000000000000000e+00 0.000000000000000000e+00 0.000000000000000000e+00 0.000000000000000000e+00 0.000000000000000000e+00 0.000000000000000000e+00 0.000000000000000000e+00 0.000000000000000000e+00 0.000000000000000000e+00 0.000000000000000000e+00 0.000000000000000000e+00 0.000000000000000000e+00
4.559429362504220080e+03 0.000000000000000000e+00 0.000000000000000000e+00 0.000000000000000000e+00 0.000000000000000000e+00 0.000000000000000000e+00 0.000000000000000000e+00 0.000000000000000000e+00 0.000000000000000000e+00 0.000000000000000000e+00 0.000000000000000000e+00 0.000000000000000000e+00 0.000000000000000000e+00 0.000000000000000000e+00 0.000000000000000000e+00 0.000000000000000000e+00
4.609429362504220080e+03 0.000000000000000000e+00 0.000000000000000000e+00 0.000000000000000000e+00 0.000000000000000000e+00 0.000000000000000000e+00 0.000000000000000000e+00 0.000000000000000000e+00 0.000000000000000000e+00 0.000000000000000000e+00 0.000000000000000000e+00 0.000000000000000000e+00 0.000000000000000000e+00 0.000000000000000000e+00 0.000000000000000000e+00 0.000000000000000000e+00
4.659429362504220080e+03 0.000000000000000000e+00 0.000000000000000000e+00 0.000000000000000000e+00 0.000000000000000000e+00 0.000000000000000000e+00 0.000000000000000000e+00 0.000000000000000000e+00 0.000000000000000000e+00 0.000000000000000000e+00 0.000000000000000000e+00 0.000000000000000000e+00 0.000000000000000000e+00 0.000000000000000000e+00 0.000000000000000000e+00 0.000000000000000000e+00
4.709429362504220080e+03 0.000000000000000000e+00 0.000000000000000000e+00 0.000000000000000000e+00 0.000000000000000000e+00 0.000000000000000000e+00 0.000000000000000000e+00 0.000000000000000000e+00 0.000000000000000000e+00 0.000000000000000000e+00 0.000000000000000000e+00 0.000000000000000000e+00 0.000000000000000000e+00 0.000000000000000000e+00 0.000000000000000000e+00 0.000000000000000000e+00
4.759429362504220080e+03 0.000000000000000000e+00 0.000000000000000000e+00 0.000000000000000000e+00 0.000000000000000000e+00 0.000000000000000000e+00 0.000000000000000000e+00 0.000000000000000000e+00 0.000000000000000000e+00 0.000000000000000000e+00 0.000000000000000000e+00 0.000000000000000000e+00 0.000000000000000000e+00 0.000000000000000000e+00 0.000000000000000000e+00 0.000000000000000000e+00
4.809429362504220080e+03 0.000000000000000000e+00 0.000000000000000000e+00 0.000000000000000000e+00 0.000000000000000000e+00 0.000000000000000000e+00 0.000000000000000000e+00 0.000000000000000000e+00 0.000000000000000000e+00 0.000000000000000000e+00 0.000000000000000000e+00 0.000000000000000000e+00 0.000000000000000000e+00 0.000000000000000000e+00 0.000000000000000000e+00 0.000000000000000000e+00
4.854429362504220080e+03 0.000000000000000000e+00 0.000000000000000000e+00 0.000000000000000000e+00 0.000000000000000000e+00 0.000000000000000000e+00 0.000000000000000000e+00 0.000000000000000000e+00 0.000000000000000000e+00 0.000000000000000000e+00 0.000000000000000000e+00 0.000000000000000000e+00 0.000000000000000000e+00 0.000000000000000000e+00 0.000000000000000000e+00 0.000000000000000000e+00
4.859429362504220080e+03 0.000000000000000000e+00 0.000000000000000000e+00 0.000000000000000000e+00 0.000000000000000000e+00 0.000000000000000000e+00 0.000000000000000000e+00 0.000000000000000000e+00 0.000000000000000000e+00 0.000000000000000000e+00 0.000000000000000000e+00 0.000000000000000000e+00 0.000000000000000000e+00 0.000000000000000000e+00 0.000000000000000000e+00 0.000000000000000000e+00
4.909429362504220080e+03 0.000000000000000000e+00 0.000000000000000000e+00 0.000000000000000000e+00 0.000000000000000000e+00 0.000000000000000000e+00 0.000000000000000000e+00 0.000000000000000000e+00 0.000000000000000000e+00 0.000000000000000000e+00 0.000000000000000000e+00 0.000000000000000000e+00 0.000000000000000000e+00 0.000000000000000000e+00 0.000000000000000000e+00 0.000000000000000000e+00
4.959429362504220080e+03 0.000000000000000000e+00 0.000000000000000000e+00 0.000000000000000000e+00 0.000000000000000000e+00 0.000000000000000000e+00 0.000000000000000000e+00 0.000000000000000000e+00 0.000000000000000000e+00 0.000000000000000000e+00 0.000000000000000000e+00 0.000000000000000000e+00 0.000000000000000000e+00 0.000000000000000000e+00 0.000000000000000000e+00 0.000000000000000000e+00
5.009429362504220080e+03 0.000000000000000000e+00 0.000000000000000000e+00 0.000000000000000000e+00 0.000000000000000000e+00 0.000000000000000000e+00 0.000000000000000000e+00 0.000000000000000000e+00 0.000000000000000000e+00 0.000000000000000000e+00 0.000000000000000000e+00 0.000000000000000000e+00 0.000000000000000000e+00 0.000000000000000000e+00 0.000000000000000000e+00 0.000000000000000000e+00
5.059429362504220080e+03 0.000000000000000000e+00 0.000000000000000000e+00 0.000000000000000000e+00 0.000000000000000000e+00 0.000000000000000000e+00 0.000000000000000000e+00 0.000000000000000000e+00 0.000000000000000000e+00 0.000000000000000000e+00 0.000000000000000000e+00 0.000000000000000000e+00 0.000000000000000000e+00 0.000000000000000000e+00 0.000000000000000000e+00 0.000000000000000000e+00
5.109429362504220080e+03 0.000000000000000000e+00 0.000000000000000000e+00 0.000000000000000000e+00 0.000000000000000000e+00 0.000000000000000000e+00 0.000000000000000000e+00 0.000000000000000000e+00 0.000000000000000000e+00 0.000000000000000000e+00 0.000000000000000000e+00 0.000000000000000000e+00 0.000000000000000000e+00 0.000000000000000000e+00 0.000000000000000000e+00 0.000000000000000000e+00
5.159429362504220080e+03 0.000000000000000000e+00 0.000000000000000000e+00 0.000000000000000000e+00 0.000000000000000000e+00 0.000000000000000000e+00 0.000000000000000000e+00 0.000000000000000000e+00 0.000000000000000000e+00 0.000000000000000000e+00 0.000000000000000000e+00 0.000000000000000000e+00 0.000000000000000000e+00 0.000000000000000000e+00 0.000000000000000000e+00 0.000000000000000000e+00
5.209429362504220080e+03 0.000000000000000000e+00 0.000000000000000000e+00 0.000000000000000000e+00 0.000000000000000000e+00 0.000000000000000000e+00 0.000000000000000000e+00 0.000000000000000000e+00 0.000000000000000000e+00 0.000000000000000000e+00 0.000000000000000000e+00 0.000000000000000000e+00 0.000000000000000000e+00 0.000000000000000000e+00 0.000000000000000000e+00 0.000000000000000000e+00
5.259429362504220080e+03 0.000000000000000000e+00 0.000000000000000000e+00 0.000000000000000000e+00 0.000000000000000000e+00 0.000000000000000000e+00 0.000000000000000000e+00 0.000000000000000000e+00 0.000000000000000000e+00 0.000000000000000000e+00 0.000000000000000000e+00 0.000000000000000000e+00 0.000000000000000000e+00 0.000000000000000000e+00 0.000000000000000000e+00 0.000000000000000000e+00
5.309429362504220080e+03 0.000000000000000000e+00 0.000000000000000000e+00 0.000000000000000000e+00 0.000000000000000000e+00 0.000000000000000000e+00 0.000000000000000000e+00 0.000000000000000000e+00 0.000000000000000000e+00 0.000000000000000000e+00 0.000000000000000000e+00 0.000000000000000000e+00 0.000000000000000000e+00 0.000000000000000000e+00 0.000000000000000000e+00 0.000000000000000000e+00
5.359429362504220080e+03 0.000000000000000000e+00 0.000000000000000000e+00 0.000000000000000000e+00 0.000000000000000000e+00 0.000000000000000000e+00 0.000000000000000000e+00 0.000000000000000000e+00 0.000000000000000000e+00 0.000000000000000000e+00 0.000000000000000000e+00 0.000000000000000000e+00 0.000000000000000000e+00 0.000000000000000000e+00 0.000000000000000000e+00 0.000000000000000000e+00
5.409429362504220080e+03 0.000000000000000000e+00 0.000000000000000000e+00 0.000000000000000000e+00 0.000000000000000000e+00 0.000000000000000000e+00 0.000000000000000000e+00 0.000000000000000000e+00 0.000000000000000000e+00 0.000000000000000000e+00 0.000000000000000000e+00 0.000000000000000000e+00 0.000000000000000000e+00 0.000000000000000000e+00 0.000000000000000000e+00 0.000000000000000000e+00
5.459429362504220080e+03 0.000000000000000000e+00 0.000000000000000000e+00 0.000000000000000000e+00 0.000000000000000000e+00 0.000000000000000000e+00 0.000000000000000000e+00 0.000000000000000000e+00 0.000000000000000000e+00 0.000000000000000000e+00 0.000000000000000000e+00 0.000000000000000000e+00 0.000000000000000000e+00 0.000000000000000000e+00 0.000000000000000000e+00 0.000000000000000000e+00
5.509429362504220080e+03 0.000000000000000000e+00 0.000000000000000000e+00 0.000000000000000000e+00 0.000000000000000000e+00 0.000000000000000000e+00 0.000000000000000000e+00 0.000000000000000000e+00 0.000000000000000000e+00 0.000000000000000000e+00 0.000000000000000000e+00 0.000000000000000000e+00 0.000000000000000000e+00 0.000000000000000000e+00 0.000000000000000000e+00 0.000000000000000000e+00
5.559429362504220080e+03 0.000000000000000000e+00 0.000000000000000000e+00 0.000000000000000000e+00 0.000000000000000000e+00 0.000000000000000000e+00 0.000000000000000000e+00 0.000000000000000000e+00 0.000000000000000000e+00 0.000000000000000000e+00 0.000000000000000000e+00 0.000000000000000000e+00 0.000000000000000000e+00 0.000000000000000000e+00 0.000000000000000000e+00 0.000000000000000000e+00
5.609429362504220080e+03 0.000000000000000000e+00 0.000000000000000000e+00 0.000000000000000000e+00 0.000000000000000000e+00 0.000000000000000000e+00 0.000000000000000000e+00 0.000000000000000000e+00 0.000000000000000000e+00 0.000000000000000000e+00 0.000000000000000000e+00 0.000000000000000000e+00 0.000000000000000000e+00 0.000000000000000000e+00 0.000000000000000000e+00 0.000000000000000000e+00
5.659429362504220080e+03 0.000000000000000000e+00 0.000000000000000000e+00 0.000000000000000000e+00 0.000000000000000000e+00 0.000000000000000000e+00 0.000000000000000000e+00 0.000000000000000000e+00 0.000000000000000000e+00 0.000000000000000000e+00 0.000000000000000000e+00 0.000000000000000000e+00 0.000000000000000000e+00 0.000000000000000000e+00 0.000000000000000000e+00 0.000000000000000000e+00
5.709429362504220080e+03 0.000000000000000000e+00 0.000000000000000000e+00 0.000000000000000000e+00 0.000000000000000000e+00 0.000000000000000000e+00 0.000000000000000000e+00 0.000000000000000000e+00 0.000000000000000000e+00 0.000000000000000000e+00 0.000000000000000000e+00 0.000000000000000000e+00 0.000000000000000000e+00 0.000000000000000000e+00 0.000000000000000000e+00 0.000000000000000000e+00
5.759429362504220080e+03 0.000000000000000000e+00 0.000000000000000000e+00 0.000000000000000000e+00 0.000000000000000000e+00 0.000000000000000000e+00 0.000000000000000000e+00 0.000000000000000000e+00 0.000000000000000000e+00 0.000000000000000000e+00 0.000000000000000000e+00 0.000000000000000000e+00 0.000000000000000000e+00 0.000000000000000000e+00 0.000000000000000000e+00 0.000000000000000000e+00
5.809429362504220080e+03 0.000000000000000000e+00 0.000000000000000000e+00 0.000000000000000000e+00 0.000000000000000000e+00 0.000000000000000000e+00 0.000000000000000000e+00 0.000000000000000000e+00 0.000000000000000000e+00 0.000000000000000000e+00 0.000000000000000000e+00 0.000000000000000000e+00 0.000000000000000000e+00 0.000000000000000000e+00 0.000000000000000000e+00 0.000000000000000000e+00
5.859429362504220080e+03 0.000000000000000000e+00 0.000000000000000000e+00 0.000000000000000000e+00 0.000000000000000000e+00 0.000000000000000000e+00 0.000000000000000000e+00 0.000000000000000000e+00 0.000000000000000000e+00 0.000000000000000000e+00 0.000000000000000000e+00 0.000000000000000000e+00 0.000000000000000000e+00 0.000000000000000000e+00 0.000000000000000000e+00 0.000000000000000000e+00
5.909429362504220080e+03 0.000000000000000000e+00 0.000000000000000000e+00 0.000000000000000000e+00 0.000000000000000000e+00 0.000000000000000000e+00 0.000000000000000000e+00 0.000000000000000000e+00 0.000000000000000000e+00 0.000000000000000000e+00 0.000000000000000000e+00 0.000000000000000000e+00 0.000000000000000000e+00 0.000000000000000000e+00 0.000000000000000000e+00 0.000000000000000000e+00
5.959429362504220080e+03 0.000000000000000000e+00 0.000000000000000000e+00 0.000000000000000000e+00 0.000000000000000000e+00 0.000000000000000000e+00 0.000000000000000000e+00 0.000000000000000000e+00 0.000000000000000000e+00 0.000000000000000000e+00 0.000000000000000000e+00 0.000000000000000000e+00 0.000000000000000000e+00 0.000000000000000000e+00 0.000000000000000000e+00 0.000000000000000000e+00
6.009429362504220080e+03 0.000000000000000000e+00 0.000000000000000000e+00 0.000000000000000000e+00 0.000000000000000000e+00 0.000000000000000000e+00 0.000000000000000000e+00 0.000000000000000000e+00 0.000000000000000000e+00 0.000000000000000000e+00 0.000000000000000000e+00 0.000000000000000000e+00 0.000000000000000000e+00 0.000000000000000000e+00 0.000000000000000000e+00 0.000000000000000000e+00
6.059429362504220080e+03 0.000000000000000000e+00 0.000000000000000000e+00 0.000000000000000000e+00 0.000000000000000000e+00 0.000000000000000000e+00 0.000000000000000000e+00 0.000000000000000000e+00 0.000000000000000000e+00 0.000000000000000000e+00 0.000000000000000000e+00 0.000000000000000000e+00 0.000000000000000000e+00 0.000000000000000000e+00 0.000000000000000000e+00 0.000000000000000000e+00
6.109429362504220080e+03 0.000000000000000000e+00 0.000000000000000000e+00 0.000000000000000000e+00 0.000000000000000000e+00 0.000000000000000000e+00 0.000000000000000000e+00 0.000000000000000000e+00 0.000000000000000000e+00 0.000000000000000000e+00 0.000000000000000000e+00 0.000000000000000000e+00 0.000000000000000000e+00 0.000000000000000000e+00 0.000000000000000000e+00 0.000000000000000000e+00
6.159429362504220080e+03 0.000000000000000000e+00 0.000000000000000000e+00 0.000000000000000000e+00 0.000000000000000000e+00 0.000000000000000000e+00 0.000000000000000000e+00 0.000000000000000000e+00 0.000000000000000000e+00 0.000000000000000000e+00 0.000000000000000000e+00 0.000000000000000000e+00 0.000000000000000000e+00 0.000000000000000000e+00 0.000000000000000000e+00 0.000000000000000000e+00
6.209429362504220080e+03 0.000000000000000000e+00 0.000000000000000000e+00 0.000000000000000000e+00 0.000000000000000000e+00 0.000000000000000000e+00 0.000000000000000000e+00 0.000000000000000000e+00 0.000000000000000000e+00 0.000000000000000000e+00 0.000000000000000000e+00 0.000000000000000000e+00 0.000000000000000000e+00 0.000000000000000000e+00 0.000000000000000000e+00 0.000000000000000000e+00
6.259429362504220080e+03 0.000000000000000000e+00 0.000000000000000000e+00 0.000000000000000000e+00 0.000000000000000000e+00 0.000000000000000000e+00 0.000000000000000000e+00 0.000000000000000000e+00 0.000000000000000000e+00 0.000000000000000000e+00 0.000000000000000000e+00 0.000000000000000000e+00 0.000000000000000000e+00 0.000000000000000000e+00 0.000000000000000000e+00 0.000000000000000000e+00
6.309429362504220080e+03 0.000000000000000000e+00 0.000000000000000000e+00 0.000000000000000000e+00 0.000000000000000000e+00 0.000000000000000000e+00 0.000000000000000000e+00 0.000000000000000000e+00 0.000000000000000000e+00 0.000000000000000000e+00 0.000000000000000000e+00 0.000000000000000000e+00 0.000000000000000000e+00 0.000000000000000000e+00 0.000000000000000000e+00 0.000000000000000000e+00
6.359429362504220080e+03 0.000000000000000000e+00 0.000000000000000000e+00 0.000000000000000000e+00 0.000000000000000000e+00 0.000000000000000000e+00 0.000000000000000000e+00 0.000000000000000000e+00 0.000000000000000000e+00 0.000000000000000000e+00 0.000000000000000000e+00 0.000000000000000000e+00 0.000000000000000000e+00 0.000000000000000000e+00 0.000000000000000000e+00 0.000000000000000000e+00
6.409429362504220080e+03 0.000000000000000000e+00 0.000000000000000000e+00 0.000000000000000000e+00 0.000000000000000000e+00 0.000000000000000000e+00 0.000000000000000000e+00 0.000000000000000000e+00 0.000000000000000000e+00 0.000000000000000000e+00 0.000000000000000000e+00 0.000000000000000000e+00 0.000000000000000000e+00 0.000000000000000000e+00 0.000000000000000000e+00 0.000000000000000000e+00
6.459429362504220080e+03 0.000000000000000000e+00 0.000000000000000000e+00 0.000000000000000000e+00 0.000000000000000000e+00 0.000000000000000000e+00 0.000000000000000000e+00 0.000000000000000000e+00 0.000000000000000000e+00 0.000000000000000000e+00 0.000000000000000000e+00 0.000000000000000000e+00 0.000000000000000000e+00 0.000000000000000000e+00 0.000000000000000000e+00 0.000000000000000000e+00
6.509429362504220080e+03 0.000000000000000000e+00 0.000000000000000000e+00 0.000000000000000000e+00 0.000000000000000000e+00 0.000000000000000000e+00 0.000000000000000000e+00 0.000000000000000000e+00 0.000000000000000000e+00 0.000000000000000000e+00 0.000000000000000000e+00 0.000000000000000000e+00 0.000000000000000000e+00 0.000000000000000000e+00 0.000000000000000000e+00 0.000000000000000000e+00
6.559429362504220080e+03 0.000000000000000000e+00 0.000000000000000000e+00 0.000000000000000000e+00 0.000000000000000000e+00 0.000000000000000000e+00 0.000000000000000000e+00 0.000000000000000000e+00 0.000000000000000000e+00 0.000000000000000000e+00 0.000000000000000000e+00 0.000000000000000000e+00 0.000000000000000000e+00 0.000000000000000000e+00 0.000000000000000000e+00 0.000000000000000000e+00
6.609429362504220080e+03 0.000000000000000000e+00 0.000000000000000000e+00 0.000000000000000000e+00 0.000000000000000000e+00 0.000000000000000000e+00 0.000000000000000000e+00 0.000000000000000000e+00 0.000000000000000000e+00 0.000000000000000000e+00 0.000000000000000000e+00 0.000000000000000000e+00 0.000000000000000000e+00 0.000000000000000000e+00 0.000000000000000000e+00 0.000000000000000000e+00
6.659429362504220080e+03 0.000000000000000000e+00 0.000000000000000000e+00 0.000000000000000000e+00 0.000000000000000000e+00 0.000000000000000000e+00 0.000000000000000000e+00 0.000000000000000000e+00 0.000000000000000000e+00 0.000000000000000000e+00 0.000000000000000000e+00 0.000000000000000000e+00 0.000000000000000000e+00 0.000000000000000000e+00 0.000000000000000000e+00 0.000000000000000000e+00
6.709429362504220080e+03 0.000000000000000000e+00 0.000000000000000000e+00 0.000000000000000000e+00 0.000000000000000000e+00 0.000000000000000000e+00 0.000000000000000000e+00 0.000000000000000000e+00 0.000000000000000000e+00 0.000000000000000000e+00 0.000000000000000000e+00 0.000000000000000000e+00 0.000000000000000000e+00 0.000000000000000000e+00 0.000000000000000000e+00 0.000000000000000000e+00
6.759429362504220080e+03 0.000000000000000000e+00 0.000000000000000000e+00 0.000000000000000000e+00 0.000000000000000000e+00 0.000000000000000000e+00 0.000000000000000000e+00 0.000000000000000000e+00 0.000000000000000000e+00 0.000000000000000000e+00 0.000000000000000000e+00 0.000000000000000000e+00 0.000000000000000000e+00 0.000000000000000000e+00 0.000000000000000000e+00 0.000000000000000000e+00
6.809429362504220080e+03 0.000000000000000000e+00 0.000000000000000000e+00 0.000000000000000000e+00 0.000000000000000000e+00 0.000000000000000000e+00 0.000000000000000000e+00 1.299109571227494986e-01 1.235112829028635756e-01 0.000000000000000000e+00 0.000000000000000000e+00 0.000000000000000000e+00 0.000000000000000000e+00 0.000000000000000000e+00 0.000000000000000000e+00 0.000000000000000000e+00
6.859429362504220080e+03 0.000000000000000000e+00 0.000000000000000000e+00 0.000000000000000000e+00 0.000000000000000000e+00 0.000000000000000000e+00 0.000000000000000000e+00 1.302498926692038095e-01 1.236955132673694391e-01 0.000000000000000000e+00 0.000000000000000000e+00 0.000000000000000000e+00 0.000000000000000000e+00 0.000000000000000000e+00 0.000000000000000000e+00 0.000000000000000000e+00
6.909429362504220080e+03 0.000000000000000000e+00 0.000000000000000000e+00 0.000000000000000000e+00 0.000000000000000000e+00 0.000000000000000000e+00 0.000000000000000000e+00 1.304370537185751411e-01 1.238779034068026863e-01 0.000000000000000000e+00 0.000000000000000000e+00 0.000000000000000000e+00 0.000000000000000000e+00 0.000000000000000000e+00 0.000000000000000000e+00 0.000000000000000000e+00
6.959429362504220080e+03 0.000000000000000000e+00 0.000000000000000000e+00 0.000000000000000000e+00 0.000000000000000000e+00 8.177332379529975159e-02 7.947382577800964076e-02 3.802274231499838675e-02 5.140699999702447870e-02 1.956459304020918000e-01 4.834998224453264382e-02 0.000000000000000000e+00 0.000000000000000000e+00 0.000000000000000000e+00 0.000000000000000000e+00 0.000000000000000000e+00
7.009429362504220080e+03 0.000000000000000000e+00 0.000000000000000000e+00 0.000000000000000000e+00 0.000000000000000000e+00 7.995629071791975073e-02 7.889343216804101111e-02 1.222171157901830001e-02 3.989244475745123281e-02 1.959259345201312397e-01 4.840839483929030435e-02 0.000000000000000000e+00 0.000000000000000000e+00 0.000000000000000000e+00 0.000000000000000000e+00 0.000000000000000000e+00
7.059429362504220080e+03 0.000000000000000000e+00 0.000000000000000000e+00 0.000000000000000000e+00 0.000000000000000000e+00 8.010886957300684952e-02 7.902606825694664938e-02 4.101639636003222116e-03 4.979623984976742912e-02 8.728522990291061323e-02 1.159036136844041965e-03 0.000000000000000000e+00 0.000000000000000000e+00 0.000000000000000000e+00 0.000000000000000000e+00 0.000000000000000000e+00
7.109429362504220080e+03 0.000000000000000000e+00 0.000000000000000000e+00 0.000000000000000000e+00 0.000000000000000000e+00 8.026281617776989674e-02 7.915649958653793450e-02 9.018918027676648315e-11 9.905620644784996256e-07 8.052324052458327552e-02 9.486749023970106765e-04 0.000000000000000000e+00 0.000000000000000000e+00 0.000000000000000000e+00 0.000000000000000000e+00 0.000000000000000000e+00
7.159429362504220080e+03 0.000000000000000000e+00 0.000000000000000000e+00 0.000000000000000000e+00 0.000000000000000000e+00 8.041542094982101485e-02 7.915861774952966112e-02 0.000000000000000000e+00 4.107175003502445965e-03 2.832054978563442165e-03 9.497763222850180579e-04 0.000000000000000000e+00 0.000000000000000000e+00 0.000000000000000000e+00 0.000000000000000000e+00 0.000000000000000000e+00
7.209429362504220080e+03 0.000000000000000000e+00 0.000000000000000000e+00 0.000000000000000000e+00 0.000000000000000000e+00 8.056460260498260473e-02 7.916003935277014791e-02 0.000000000000000000e+00 4.873456473273992273e-10 1.751136251088160832e-06 9.502809982461341530e-04 0.000000000000000000e+00 0.000000000000000000e+00 7.614887400996644962e-02 1.094330792069911178e-02 0.000000000000000000e+00
7.259429362504220080e+03 0.000000000000000000e+00 0.000000000000000000e+00 0.000000000000000000e+00 0.000000000000000000e+00 1.109119381789680087e-01 4.888968260280925765e-02 0.000000000000000000e+00 0.000000000000000000e+00 1.752304910751901153e-06 9.478097706556573229e-04 1.231864744223403196e-01 0.000000000000000000e+00 8.700622933323319541e-02 6.468570544527297910e-04 0.000000000000000000e+00
7.309429362504220080e+03 0.000000000000000000e+00 0.000000000000000000e+00 0.000000000000000000e+00 0.000000000000000000e+00 1.111531640525738329e-01 4.898892034759795566e-02 0.000000000000000000e+00 0.000000000000000000e+00 1.746373653241706308e-06 9.480845597270504870e-04 1.234336759093077468e-01 1.210941948284971481e-01 8.747826183335254135e-02 3.548829395205154716e-04 0.000000000000000000e+00
7.359429362504220080e+03 0.000000000000000000e+00 0.000000000000000000e+00 0.000000000000000000e+00 0.000000000000000000e+00 1.113728078861535575e-01 4.909435363269734620e-02 0.000000000000000000e+00 0.000000000000000000e+00 1.750619767165692817e-06 9.485541502398457366e-04 1.236430063981613509e-01 1.211894827475243491e-01 8.771524708705130680e-02 2.475959132766686766e-04 0.000000000000000000e+00
7.409429362504220080e+03 0.000000000000000000e+00 0.000000000000000000e+00 0.000000000000000000e+00 0.000000000000000000e+00 1.115806596148837815e-01 4.918961047094502076e-02 0.000000000000000000e+00 0.000000000000000000e+00 1.751601544640615231e-06 9.492255843633232940e-04 1.238089768155287707e-01 1.213874739930018987e-01 8.784222664802084080e-02 2.475994947861665050e-04 0.000000000000000000e+00
7.459429362504220080e+03 0.000000000000000000e+00 0.000000000000000000e+00 0.000000000000000000e+00 0.000000000000000000e+00 1.117866460322021888e-01 4.926954201719600801e-02 0.000000000000000000e+00 0.000000000000000000e+00 1.751516218142863378e-06 9.500935902039756974e-04 1.240547412923819481e-01 1.215638976651219200e-01 6.110313713027210741e-02 2.475047604778543076e-04 0.000000000000000000e+00
7.509429362504220080e+03 0.000000000000000000e+00 0.000000000000000000e+00 0.000000000000000000e+00 0.000000000000000000e+00 1.119727170277982492e-01 4.932289732522361636e-02 0.000000000000000000e+00 0.000000000000000000e+00 1.748728683190118507e-06 9.510329852519426239e-04 1.242582392675328912e-01 1.217259883619335320e-01 1.561964778674519065e-03 1.137027843745199693e-04 0.000000000000000000e+00
7.559429362504220080e+03 0.000000000000000000e+00 0.000000000000000000e+00 0.000000000000000000e+00 0.000000000000000000e+00 1.119769455523024343e-01 4.939102666169153943e-02 0.000000000000000000e+00 0.000000000000000000e+00 1.748385862082456142e-06 9.512645313119579222e-04 1.244550759863962408e-01 1.218895842505114402e-01 1.152507191630448125e-04 4.253495513580457093e-05 0.000000000000000000e+00
7.609429362504220080e+03 0.000000000000000000e+00 0.000000000000000000e+00 0.000000000000000000e+00 0.000000000000000000e+00 1.122232247256256810e-01 4.946023475261215191e-02 0.000000000000000000e+00 0.000000000000000000e+00 1.739564459151354805e-06 9.519209890072215848e-04 1.246521777927459135e-01 1.220662066340700153e-01 4.133061270068352956e-05 1.565055998147997981e-05 0.000000000000000000e+00
7.659429362504220080e+03 0.000000000000000000e+00 0.000000000000000000e+00 0.000000000000000000e+00 0.000000000000000000e+00 1.124391592701670106e-01 4.953997755561620475e-02 0.000000000000000000e+00 7.312661597082402432e-02 2.787227263258361919e-03 1.233765497482383448e-02 1.036674152283696519e-02 6.194049589910139569e-02 5.095368643431465480e-07 1.252216673485792830e-05 0.000000000000000000e+00
7.709429362504220080e+03 0.000000000000000000e+00 0.000000000000000000e+00 0.000000000000000000e+00 0.000000000000000000e+00 1.126540677734798046e-01 4.961435565691765109e-02 0.000000000000000000e+00 4.927135760201573777e-05 1.604017185848485101e-04 1.236248869877218728e-02 3.061747662180115355e-06 5.307058252822261792e-05 9.593279595557696133e-07 1.158754495877660072e-05 0.000000000000000000e+00
7.759429362504220080e+03 0.000000000000000000e+00 0.000000000000000000e+00 0.000000000000000000e+00 0.000000000000000000e+00 1.127143557081657921e-01 4.968713557999600294e-02 0.000000000000000000e+00 1.146949038471539376e-05 5.854422021989994700e-05 1.237077910509167857e-02 0.000000000000000000e+00 5.303976249523586052e-05 6.442795573677162497e-06 6.157555063950909965e-06 0.000000000000000000e+00
7.809429362504220080e+03 0.000000000000000000e+00 0.000000000000000000e+00 0.000000000000000000e+00 0.000000000000000000e+00 1.297263676159484402e-01 2.285151859465164165e-02 0.000000000000000000e+00 3.329107595052479011e-05 2.521904154510162840e-05 4.284017058264944292e-03 0.000000000000000000e+00 5.302072341928886612e-05 6.439409230908854859e-06 6.158056284044934026e-06 0.000000000000000000e+00
7.859429362504220080e+03 0.000000000000000000e+00 0.000000000000000000e+00 0.000000000000000000e+00 0.000000000000000000e+00 1.300043872807840895e-01 0.000000000000000000e+00 0.000000000000000000e+00 3.284599371445203722e-04 7.923447196219356647e-04 4.127879098564950677e-04 0.000000000000000000e+00 5.270669422089517949e-05 6.419565384180605339e-06 6.148887425214281682e-06 0.000000000000000000e+00
7.909429362504220080e+03 0.000000000000000000e+00 0.000000000000000000e+00 0.000000000000000000e+00 0.000000000000000000e+00 1.302775379885826867e-01 0.000000000000000000e+00 0.000000000000000000e+00 8.006409821352928301e-04 2.076388715594319995e-04 1.650297547585476479e-04 0.000000000000000000e+00 5.224890575115845429e-05 7.274532940007926570e-06 5.212167209601861589e-06 0.000000000000000000e+00
7.959429362504220080e+03 0.000000000000000000e+00 0.000000000000000000e+00 0.000000000000000000e+00 0.000000000000000000e+00 1.304977469412901825e-01 0.000000000000000000e+00 0.000000000000000000e+00 3.823605842510105187e-05 1.722958976706424525e-04 1.115712192011668948e-04 0.000000000000000000e+00 5.215341699878727340e-05 7.721139125433876548e-06 4.728223215224118074e-06 0.000000000000000000e+00
8.009429362504220080e+03 0.000000000000000000e+00 0.000000000000000000e+00 0.000000000000000000e+00 0.000000000000000000e+00 1.306390534868475672e-01 0.000000000000000000e+00 0.000000000000000000e+00 1.391215836558624898e-04 1.080324358349054497e-04 6.662323037338493514e-05 0.000000000000000000e+00 5.134582637467580515e-05 7.874637497334402602e-06 4.406123413113795657e-06 0.000000000000000000e+00
8.059429362504220080e+03 0.000000000000000000e+00 0.000000000000000000e+00 0.000000000000000000e+00 0.000000000000000000e+00 1.308765981435325576e-01 0.000000000000000000e+00 0.000000000000000000e+00 1.395917891308992966e-04 1.086267950326646342e-04 6.704330765652888953e-05 0.000000000000000000e+00 5.131776820911958448e-05 7.844634259312429061e-06 4.377316665914774615e-06 0.000000000000000000e+00
8.109429362504220080e+03 0.000000000000000000e+00 0.000000000000000000e+00 0.000000000000000000e+00 0.000000000000000000e+00 1.311074062908142990e-01 0.000000000000000000e+00 0.000000000000000000e+00 1.389105929741105247e-04 1.094735242989903725e-04 6.733318754329523884e-05 0.000000000000000000e+00 5.158859386441426345e-05 7.891139196277035698e-06 4.397969835882620213e-06 0.000000000000000000e+00
8.159429362504220080e+03 0.000000000000000000e+00 0.000000000000000000e+00 0.000000000000000000e+00 0.000000000000000000e+00 1.313367260848230522e-01 0.000000000000000000e+00 0.000000000000000000e+00 1.541462558040261523e-04 9.465723908214855424e-05 6.762414820683011090e-05 1.615474556224507415e-05 3.557744793934565172e-05 7.905547037848162259e-06 4.407302639430689224e-06 0.000000000000000000e+00
8.209429362504219171e+03 0.000000000000000000e+00 0.000000000000000000e+00 0.000000000000000000e+00 0.000000000000000000e+00 1.315644445425567521e-01 0.000000000000000000e+00 0.000000000000000000e+00 1.640490448243666992e-04 8.400679818733814612e-05 6.763038356655764029e-05 1.615922196836136403e-05 3.556157439206942411e-05 7.911725681442518258e-06 4.414690338831078819e-06 0.000000000000000000e+00
8.259429362504219171e+03 0.000000000000000000e+00 0.000000000000000000e+00 0.000000000000000000e+00 7.933346526053700054e-02 5.022294710280061913e-02 0.000000000000000000e+00 6.569579032155398277e-05 9.844434195168228310e-05 8.352386346289895252e-05 6.741158252182612707e-05 1.611654675923645060e-05 3.550536213116359735e-05 7.903211652137477164e-06 4.412597093452177788e-06 0.000000000000000000e+00
8.309429362504219171e+03 0.000000000000000000e+00 0.000000000000000000e+00 0.000000000000000000e+00 7.954302901478089993e-02 0.000000000000000000e+00 0.000000000000000000e+00 8.710448073823085978e-11 9.612480667732222015e-05 7.271627502969103774e-05 4.879843312966361432e-05 1.607354543513013655e-05 3.542513653921323160e-05 7.889164676093320133e-06 4.406172492449829560e-06 0.000000000000000000e+00
8.359429362504219171e+03 0.000000000000000000e+00 0.000000000000000000e+00 0.000000000000000000e+00 7.968281419080286421e-02 0.000000000000000000e+00 0.000000000000000000e+00 3.675040872961116340e-05 7.475425830555974479e-05 5.798019675594179084e-05 4.867373869508430162e-05 1.603215721893811612e-05 3.534036731385199992e-05 7.873175205256262207e-06 4.397628000717982366e-06 0.000000000000000000e+00
8.409429362504219171e+03 0.000000000000000000e+00 0.000000000000000000e+00 0.000000000000000000e+00 7.968473186313203283e-02 0.000000000000000000e+00 0.000000000000000000e+00 0.000000000000000000e+00 7.438145330966951013e-05 5.771895989115070100e-05 4.853224676490355707e-05 1.599124188173390755e-05 3.525750445967739782e-05 7.854688407221584168e-06 4.387354710913567334e-06 0.000000000000000000e+00
8.459429362504219171e+03 0.000000000000000000e+00 0.000000000000000000e+00 0.000000000000000000e+00 7.968626929544131432e-02 0.000000000000000000e+00 0.000000000000000000e+00 0.000000000000000000e+00 7.414321172531901068e-05 5.753729881932728225e-05 4.842264447804616427e-05 2.895602159182950562e-05 2.218715209202510373e-05 7.844260825318242236e-06 4.381099799993901771e-06 0.000000000000000000e+00
8.509429362504219171e+03 0.000000000000000000e+00 0.000000000000000000e+00 1.400603569411447424e-02 6.522144052804021430e-02 0.000000000000000000e+00 0.000000000000000000e+00 0.000000000000000000e+00 7.397598618936897360e-05 5.739173882750102346e-05 4.828873558043476140e-05 2.887946974265714165e-05 2.213828042991498735e-05 7.824276691742068659e-06 4.371942463827852732e-06 0.000000000000000000e+00
8.559429362504219171e+03 0.000000000000000000e+00 0.000000000000000000e+00 1.403633368470443184e-02 6.537129933502629220e-02 0.000000000000000000e+00 0.000000000000000000e+00 1.685737335596014633e-05 5.571654779174203424e-05 5.721114389049179825e-05 4.816898850972736463e-05 2.880270791534616837e-05 2.208467015375795061e-05 7.806562933527137445e-06 4.362676233873755394e-06 0.000000000000000000e+00
8.609429362504219171e+03 0.000000000000000000e+00 0.000000000000000000e+00 1.405266285548447888e-02 6.554174726052792999e-02 0.000000000000000000e+00 0.000000000000000000e+00 1.671665377687596633e-05 4.374012784366202588e-05 5.276517024265068597e-05 3.979327919936372554e-05 2.876762834133187415e-05 2.206875192865178893e-05 7.790613694695911593e-06 4.353540869286924610e-06 0.000000000000000000e+00
8.659429362504219171e+03 0.000000000000000000e+00 0.000000000000000000e+00 1.406677890184386374e-02 6.578896529614101929e-02 0.000000000000000000e+00 0.000000000000000000e+00 1.478720742171860770e-05 5.235753014963751483e-05 2.971895217183867508e-05 3.990601947312300468e-05 2.883558032355726253e-05 2.210012797500773585e-05 7.806080701889379385e-06 4.358701711548657379e-06 0.000000000000000000e+00
8.709429362504219171e+03 0.000000000000000000e+00 0.000000000000000000e+00 1.408077640624983903e-02 6.606531635175147410e-02 0.000000000000000000e+00 0.000000000000000000e+00 0.000000000000000000e+00 5.245803413113990201e-05 2.977222498162297075e-05 3.976258284988337086e-05 2.874289529664209036e-05 2.201524204261277453e-05 7.777909112706295582e-06 4.347773635943694102e-06 0.000000000000000000e+00
8.759429362504219171e+03 0.000000000000000000e+00 0.000000000000000000e+00 1.409471628825643627e-02 6.540235447636504051e-02 0.000000000000000000e+00 0.000000000000000000e+00 0.000000000000000000e+00 5.244706885607384539e-05 2.976627037396765291e-05 3.973147933473363772e-05 2.871496795418404326e-05 2.197777743546341456e-05 7.760748963100841738e-06 4.337717606938557939e-06 0.000000000000000000e+00
8.809429362504219171e+03 0.000000000000000000e+00 0.000000000000000000e+00 1.411611486104340923e-02 4.362028164270098825e-03 0.000000000000000000e+00 0.000000000000000000e+00 0.000000000000000000e+00 5.252665455481970666e-05 3.367590277986426390e-05 3.588169068440388686e-05 2.872155883224949288e-05 2.196919583049351018e-05 7.753261651680019932e-06 4.331884687377206659e-06 0.000000000000000000e+00
8.859429362504219171e+03 0.000000000000000000e+00 0.000000000000000000e+00 1.413883461945448367e-02 2.435479297221491556e-11 0.000000000000000000e+00 0.000000000000000000e+00 0.000000000000000000e+00 3.782081655430069095e-05 3.371397203307288881e-05 3.590602580170443293e-05 2.873613558570662353e-05 2.197770890357581160e-05 7.754720244409615614e-06 4.330855549371944784e-06 0.000000000000000000e+00
8.909429362504219171e+03 0.000000000000000000e+00 0.000000000000000000e+00 1.415645764923403535e-02 0.000000000000000000e+00 0.000000000000000000e+00 0.000000000000000000e+00 0.000000000000000000e+00 4.315397233423138516e-05 3.704252968971696961e-05 2.705849525834705963e-05 2.870987673892925134e-05 2.197627181643707940e-05 7.753755150639450084e-06 4.329779463736391142e-06 0.000000000000000000e+00
8.959429362504219171e+03 0.000000000000000000e+00 0.000000000000000000e+00 1.417145822405350454e-02 0.000000000000000000e+00 0.000000000000000000e+00 0.000000000000000000e+00 0.000000000000000000e+00 4.306615686096873047e-05 3.698628597228566841e-05 3.325581668791168720e-05 2.245107524676349036e-05 2.194951669297502266e-05 7.746165698569220040e-06 4.326342962338282273e-06 0.000000000000000000e+00
9.009429362504219171e+03 0.000000000000000000e+00 0.000000000000000000e+00 1.418608635075874723e-02 0.000000000000000000e+00 0.000000000000000000e+00 0.000000000000000000e+00 3.760211417054633190e-05 2.985329747489532320e-05 2.901369814900224431e-05 2.828099945869512721e-05 2.308982385138468065e-05 7.050712701905683534e-06 7.735546881705697038e-06 4.321101546821937383e-06 0.000000000000000000e+00
9.059429362504219171e+03 0.000000000000000000e+00 0.000000000000000000e+00 1.420043509779414168e-02 0.000000000000000000e+00 0.000000000000000000e+00 0.000000000000000000e+00 0.000000000000000000e+00 2.983090210477266105e-05 2.903164298243306789e-05 2.845953291651545129e-05 2.319913355946874784e-05 7.080071236197950368e-06 7.752847139089403183e-06 4.327123910921047699e-06 0.000000000000000000e+00
9.109429362504219171e+03 0.000000000000000000e+00 0.000000000000000000e+00 1.421164539905019585e-02 0.000000000000000000e+00 0.000000000000000000e+00 0.000000000000000000e+00 0.000000000000000000e+00 2.986319886822612850e-05 2.906459943826581103e-05 2.847767949828261769e-05 2.321757980964402391e-05 7.083441961414879152e-06 7.762209820442602274e-06 4.333039300992873918e-06 0.000000000000000000e+00
9.159429362504219171e+03 0.000000000000000000e+00 0.000000000000000000e+00 1.422377261310916151e-02 0.000000000000000000e+00 0.000000000000000000e+00 0.000000000000000000e+00 0.000000000000000000e+00 2.984003586231764459e-05 2.903443450492179209e-05 2.841441492179658327e-05 2.318150042355855920e-05 7.074184069149798290e-06 7.751586981908024961e-06 4.329429695190767320e-06 0.000000000000000000e+00
9.209429362504219171e+03 0.000000000000000000e+00 0.000000000000000000e+00 1.423789083555600243e-02 0.000000000000000000e+00 0.000000000000000000e+00 0.000000000000000000e+00 0.000000000000000000e+00 2.984794332895933996e-05 2.904177770483223013e-05 2.839892649012087442e-05 2.316110371580717674e-05 7.066860775625887637e-06 7.742025942113305088e-06 4.324713430644847963e-06 0.000000000000000000e+00
9.259429362504219171e+03 0.000000000000000000e+00 0.000000000000000000e+00 1.425451974765160057e-02 0.000000000000000000e+00 0.000000000000000000e+00 0.000000000000000000e+00 0.000000000000000000e+00 2.634493189574033405e-05 2.504066650758806742e-05 1.812013853757807953e-05 2.315032063136083441e-05 7.062692814778954929e-06 7.736444784871509644e-06 4.321387910420880733e-06 0.000000000000000000e+00
9.309429362504219171e+03 0.000000000000000000e+00 0.000000000000000000e+00 1.427422542163387688e-02 0.000000000000000000e+00 0.000000000000000000e+00 0.000000000000000000e+00 0.000000000000000000e+00 2.634352336604228189e-05 2.503433667519308319e-05 2.579823550647454387e-05 1.547008841508043544e-05 7.061002286355311540e-06 7.733280964268598505e-06 4.319147685295315436e-06 0.000000000000000000e+00
9.359429362504219171e+03 0.000000000000000000e+00 0.000000000000000000e+00 1.430283188583997799e-02 0.000000000000000000e+00 0.000000000000000000e+00 0.000000000000000000e+00 0.000000000000000000e+00 2.634806131448380685e-05 2.503825037943756043e-05 2.579782265282151539e-05 1.546882988130058944e-05 7.059512258562330901e-06 7.731442549433525306e-06 4.317800958764707127e-06 0.000000000000000000e+00
9.409429362504219171e+03 0.000000000000000000e+00 0.000000000000000000e+00 1.435538068335852173e-02 0.000000000000000000e+00 0.000000000000000000e+00 0.000000000000000000e+00 0.000000000000000000e+00 2.637020467890220421e-05 2.505778197265771544e-05 2.581124330005035467e-05 1.547522612482033530e-05 7.061352941935199897e-06 7.732177933886893209e-06 4.317619323431765587e-06 0.000000000000000000e+00
9.459429362504219171e+03 0.000000000000000000e+00 0.000000000000000000e+00 1.446850549207439468e-02 0.000000000000000000e+00 0.000000000000000000e+00 0.000000000000000000e+00 0.000000000000000000e+00 1.635046034420334352e-05 1.900783054130383842e-05 1.096585837965522849e-05 1.548069762065602714e-05 7.062691718403534940e-06 7.733104192195846386e-06 4.317854503263131220e-06 0.000000000000000000e+00
9.509429362504219171e+03 0.000000000000000000e+00 0.000000000000000000e+00 1.064313732541020130e-01 0.000000000000000000e+00 0.000000000000000000e+00 0.000000000000000000e+00 0.000000000000000000e+00 1.633639949769857450e-05 1.897851271896616415e-05 1.097567604668416835e-05 1.549439340239914547e-05 7.067737960363224413e-06 7.738045015729167245e-06 4.319902810893315416e-06 0.000000000000000000e+00
9.559429362504219171e+03 0.000000000000000000e+00 0.000000000000000000e+00 1.068025772990856409e-01 0.000000000000000000e+00 0.000000000000000000e+00 0.000000000000000000e+00 0.000000000000000000e+00 1.634003909942693923e-05 1.898380011757215015e-05 1.097679839984700277e-05 1.549859647937557248e-05 7.069344927373708651e-06 7.740748532641107097e-06 4.321556990027139246e-06 0.000000000000000000e+00
9.609429362504219171e+03 0.000000000000000000e+00 0.000000000000000000e+00 1.069351827897657842e-01 0.000000000000000000e+00 0.000000000000000000e+00 0.000000000000000000e+00 0.000000000000000000e+00 1.638867278029698440e-05 1.901792969080774118e-05 1.102947238269516418e-05 1.555200006567369618e-05 7.085697034942022420e-06 7.754318763481953284e-06 4.327159551415137799e-06 0.000000000000000000e+00
9.659429362504219171e+03 0.000000000000000000e+00 0.000000000000000000e+00 1.070695708174517341e-01 0.000000000000000000e+00 0.000000000000000000e+00 0.000000000000000000e+00 0.000000000000000000e+00 1.643202004282739453e-05 1.903106546686651098e-05 1.106111048961953525e-05 1.558497510239290594e-05 7.093207749839504691e-06 7.763314978582285788e-06 4.332262633889715240e-06 0.000000000000000000e+00
9.709429362504219171e+03 0.000000000000000000e+00 0.000000000000000000e+00 1.072040653055775644e-01 0.000000000000000000e+00 0.000000000000000000e+00 0.000000000000000000e+00 0.000000000000000000e+00 1.643737047903492371e-05 1.900982335257882811e-05 1.103231022244983404e-05 1.556837403243683577e-05 7.095315935865657886e-06 7.767705490696195420e-06 4.335807511792826957e-06 0.000000000000000000e+00
9.759429362504219171e+03 0.000000000000000000e+00 0.000000000000000000e+00 1.073386834734829931e-01 0.000000000000000000e+00 0.000000000000000000e+00 0.000000000000000000e+00 0.000000000000000000e+00 1.651309739097399766e-05 1.904185390530360259e-05 1.108488557909589413e-05 1.562228523147245784e-05 7.104409382582005287e-06 7.768782846224755832e-06 4.336671916030900294e-06 0.000000000000000000e+00
9.809429362504219171e+03 0.000000000000000000e+00 0.000000000000000000e+00 1.074749123788635852e-01 0.000000000000000000e+00 0.000000000000000000e+00 0.000000000000000000e+00 0.000000000000000000e+00 1.650937098711618048e-05 1.908262594202488109e-05 1.106238727776918349e-05 1.561065424975530505e-05 7.106025043329822476e-06 7.781005629774619787e-06 4.342577928846137759e-06 0.000000000000000000e+00
9.859429362504219171e+03 0.000000000000000000e+00 0.000000000000000000e+00 1.076112369943192093e-01 0.000000000000000000e+00 0.000000000000000000e+00 0.000000000000000000e+00 0.000000000000000000e+00 1.637025914477492145e-05 1.899717530187326224e-05 1.102046328419958721e-05 1.556110551732628003e-05 7.086260568383606322e-06 7.765662196204064333e-06 4.337904871943471030e-06 0.000000000000000000e+00
9.909429362504219171e+03 0.000000000000000000e+00 0.000000000000000000e+00 3.679078597490968716e-02 0.000000000000000000e+00 0.000000000000000000e+00 0.000000000000000000e+00 0.000000000000000000e+00 1.629761944705575632e-05 1.897071887285594306e-05 1.098218320604543647e-05 1.551753409444032276e-05 7.073504371823844564e-06 7.749414142811275163e-06 4.329683313843538251e-06 0.000000000000000000e+00
9.959429362504219171e+03 0.000000000000000000e+00 0.000000000000000000e+00 2.398012473964576968e-06 0.000000000000000000e+00 0.000000000000000000e+00 0.000000000000000000e+00 0.000000000000000000e+00 1.627704523861032637e-05 1.895144528846867381e-05 1.223733713079237681e-05 1.424481102530704187e-05 7.069348131343051328e-06 7.742757029637210695e-06 4.325097231764552384e-06 0.000000000000000000e+00
1.000942936250421917e+04 0.000000000000000000e+00 2.525676226921216678e-12 0.000000000000000000e+00 0.000000000000000000e+00 0.000000000000000000e+00 0.000000000000000000e+00 0.000000000000000000e+00 1.622314442297800895e-05 1.891109322653413715e-05 1.223065936269655270e-05 1.423439565466535131e-05 7.064955081122786867e-06 7.737989319745660228e-06 4.322065324970255576e-06 0.000000000000000000e+00
1.005942936250421917e+04 0.000000000000000000e+00 2.525740136669397350e-12 0.000000000000000000e+00 0.000000000000000000e+00 0.000000000000000000e+00 0.000000000000000000e+00 0.000000000000000000e+00 1.612541051351134970e-05 1.874194176442341267e-05 1.326772310767856159e-05 1.305196259471853146e-05 7.034641973061540394e-06 7.716168812717933128e-06 4.312600252564656381e-06 0.000000000000000000e+00
1.010942936250421917e+04 0.000000000000000000e+00 2.525825877734372332e-12 0.000000000000000000e+00 0.000000000000000000e+00 0.000000000000000000e+00 0.000000000000000000e+00 0.000000000000000000e+00 1.605100769993544224e-05 1.865099257199348502e-05 1.320146096173241233e-05 1.298075220217755878e-05 7.968087116470325476e-06 6.732600156478841978e-06 4.299709274715439675e-06 0.000000000000000000e+00
1.015942936250421917e+04 0.000000000000000000e+00 2.525908599308143074e-12 0.000000000000000000e+00 0.000000000000000000e+00 0.000000000000000000e+00 0.000000000000000000e+00 4.327045235029524297e-06 1.806945156747070524e-05 1.252485015771978029e-05 1.314564512937313039e-05 1.290573687729574473e-05 7.935790478608867484e-06 6.711494898580644420e-06 4.287406980780769704e-06 0.000000000000000000e+00
1.020942936250421917e+04 0.000000000000000000e+00 2.525845865001515160e-12 0.000000000000000000e+00 0.000000000000000000e+00 0.000000000000000000e+00 0.000000000000000000e+00 4.324606355659051279e-06 1.800526638043156564e-05 1.247818076467181435e-05 1.301792448378962560e-05 1.276557224797161119e-05 7.842911905772047024e-06 6.666382646557524046e-06 4.261371396659880571e-06 0.000000000000000000e+00
1.025942936250421917e+04 0.000000000000000000e+00 0.000000000000000000e+00 0.000000000000000000e+00 0.000000000000000000e+00 0.000000000000000000e+00 0.000000000000000000e+00 1.904930824040856104e-04 1.637715767815948580e-05 1.301851255883741741e-05 1.134386911690583241e-05 9.002368140052274248e-06 7.761133152381230140e-06 6.538691129624725842e-06 4.167305423616887086e-06 0.000000000000000000e+00
1.030942936250421917e+04 0.000000000000000000e+00 0.000000000000000000e+00 0.000000000000000000e+00 0.000000000000000000e+00 0.000000000000000000e+00 4.747834648724561726e-11 1.222487282086237310e-04 1.637777584100511444e-05 1.302240370149092739e-05 1.134279977385941061e-05 8.996894415014436788e-06 7.738848169393037745e-06 6.560946334304592928e-06 4.167332028430654876e-06 0.000000000000000000e+00
1.035942936250421917e+04 0.000000000000000000e+00 0.000000000000000000e+00 0.000000000000000000e+00 0.000000000000000000e+00 0.000000000000000000e+00 8.159954475519714449e-05 4.122910028493315023e-05 1.637698992410958695e-05 1.304384672174762592e-05 1.134228532918656521e-05 8.996780305480811489e-06 7.738811578107555175e-06 6.573805200511767856e-06 4.158586915888549794e-06 0.000000000000000000e+00
1.041135807344171917e+04 0.000000000000000000e+00 0.000000000000000000e+00 0.000000000000000000e+00 0.000000000000000000e+00 0.000000000000000000e+00 8.098450561470136157e-05 4.122567621642227978e-05 1.637578657915210478e-05 1.304764142699195557e-05 1.134142503905785260e-05 8.995560523735634511e-06 7.737296719317624731e-06 6.577234398497650438e-06 4.157817175673872698e-06 0.000000000000000000e+00
1.046135807344171917e+04 0.000000000000000000e+00 0.000000000000000000e+00 0.000000000000000000e+00 0.000000000000000000e+00 0.000000000000000000e+00 8.100333562418397262e-05 4.123546740556955807e-05 1.637830363096420407e-05 1.310605524129343712e-05 1.134405372801009178e-05 8.998256094576025677e-06 7.739127697647610197e-06 6.595737045167708110e-06 4.159030615959623214e-06 0.000000000000000000e+00
1.051135807344171917e+04 0.000000000000000000e+00 0.000000000000000000e+00 0.000000000000000000e+00 0.000000000000000000e+00 0.000000000000000000e+00 8.137247122279200775e-05 4.138316022491496008e-05 1.644449291024636860e-05 1.311033324356064016e-05 1.138413701984458048e-05 9.062097182940076305e-06 7.792770954514105421e-06 6.600675038030555492e-06 4.174928480287449539e-06 0.000000000000000000e+00
1.056135807344171917e+04 0.000000000000000000e+00 0.000000000000000000e+00 0.000000000000000000e+00 0.000000000000000000e+00 0.000000000000000000e+00 8.169201627262265687e-05 4.155766801143414115e-05 1.651340288791585875e-05 1.313824704119253961e-05 1.143695913159934698e-05 9.112824384801818922e-06 7.841264658084283286e-06 6.609423281446337074e-06 4.190304111568034394e-06 0.000000000000000000e+00
1.061135807344171917e+04 0.000000000000000000e+00 0.000000000000000000e+00 0.000000000000000000e+00 0.000000000000000000e+00 0.000000000000000000e+00 8.186925173658293915e-05 4.163361940134882106e-05 1.653465486108493613e-05 1.315483760384554213e-05 1.146576120868587675e-05 9.132681089461157920e-06 7.857923326673884898e-06 6.620415556540383580e-06 4.203271769308821895e-06 0.000000000000000000e+00
1.066135807344171917e+04 0.000000000000000000e+00 0.000000000000000000e+00 0.000000000000000000e+00 0.000000000000000000e+00 0.000000000000000000e+00 8.173364413062200783e-05 4.158597119983013449e-05 1.651749684860213480e-05 1.314162602518979505e-05 1.146853531543501141e-05 9.140396818125788497e-06 7.874796791761903044e-06 6.632651612104752837e-06 4.214582555240180204e-06 0.000000000000000000e+00
1.071135807344171917e+04 0.000000000000000000e+00 0.000000000000000000e+00 0.000000000000000000e+00 0.000000000000000000e+00 0.000000000000000000e+00 8.160072390803918996e-05 4.153160969581265515e-05 1.649472783675311858e-05 1.312189174377288443e-05 1.146427109691794893e-05 9.133349481817239939e-06 7.878644706035785035e-06 6.640095901222117047e-06 4.223314818507192361e-06 0.000000000000000000e+00
1.076135807344171917e+04 0.000000000000000000e+00 0.000000000000000000e+00 0.000000000000000000e+00 0.000000000000000000e+00 0.000000000000000000e+00 8.154134220843480441e-05 4.150292301305241342e-05 1.648557318303612510e-05 1.311275679659712311e-05 1.146506374653535799e-05 9.133972512168855539e-06 7.882444838758476851e-06 6.645071032559743164e-06 4.229586486236117656e-06 0.000000000000000000e+00
1.081135807344171917e+04 0.000000000000000000e+00 0.000000000000000000e+00 0.000000000000000000e+00 0.000000000000000000e+00 0.000000000000000000e+00 8.150590248003348039e-05 4.148796315073718233e-05 1.648085539747443239e-05 1.310860075261018848e-05 1.146564186327947078e-05 9.132976984042144122e-06 7.886255482101029292e-06 6.649794712098275870e-06 4.234282824283434809e-06 0.000000000000000000e+00
1.082635807344171917e+04 0.000000000000000000e+00 0.000000000000000000e+00 0.000000000000000000e+00 0.000000000000000000e+00 0.000000000000000000e+00 8.149594214373751520e-05 4.148478839550384737e-05 1.647965549990409458e-05 1.310789279093453801e-05 1.146588957190004213e-05 9.134020053206121155e-06 7.887564365496897367e-06 6.651092022057729330e-06 4.235537153365415867e-06 0.000000000000000000e+00
1.082637067109796953e+04 0.000000000000000000e+00 0.000000000000000000e+00 0.000000000000000000e+00 0.000000000000000000e+00 0.000000000000000000e+00 8.149569099602661088e-05 4.148471159548561168e-05 1.647962454128813406e-05 1.310787989910035173e-05 1.146589760317634260e-05 9.134067329100601995e-06 7.887601368736997829e-06 6.651124534740827720e-06 4.235568028078451565e-06 0.000000000000000000e+00
1.082637067109796953e+04 0.000000000000000000e+00 0.000000000000000000e+00 0.000000000000000000e+00 0.000000000000000000e+00 0.000000000000000000e+00 8.149569099602661088e-05 4.148471159548561168e-05 1.647962454128813406e-05 1.310787989910035173e-05 1.146589760317634260e-05 9.134067329100601995e-06 7.887601368736997829e-06 6.651124534740827720e-06 4.235568028078451565e-06 0.000000000000000000e+00
1.087639078809913008e+04 0.000000000000000000e+00 0.000000000000000000e+00 0.000000000000000000e+00 0.000000000000000000e+00 6.493597220128792676e-05 3.469696291823082279e-05 2.446648181456894077e-05 1.655005604455514153e-05 1.316464778581248855e-05 1.149351280102214007e-05 9.905770725128165921e-06 8.278837130529263509e-06 5.989449491117350328e-06 3.766312595256882115e-06 0.000000000000000000e+00
1.092639088556911520e+04 0.000000000000000000e+00 0.000000000000000000e+00 0.000000000000000000e+00 0.000000000000000000e+00 8.236130724205007250e-05 2.331309957191416186e-05 1.875625470463763148e-05 1.467554428962893591e-05 1.271008089381116927e-05 1.102093904316996063e-05 9.172733391468509138e-06 7.455279184340919210e-06 5.392801297195492030e-06 3.349074214782070706e-06 0.000000000000000000e+00
1.097312682755692185e+04 0.000000000000000000e+00 0.000000000000000000e+00 0.000000000000000000e+00 0.000000000000000000e+00 9.425975222131653306e-05 1.892216808149548167e-05 1.603000504621445745e-05 1.330287968829998789e-05 1.181960578160107659e-05 9.992866087989524197e-06 8.538188271081105271e-06 6.758600160881468775e-06 4.912139233616969761e-06 3.066853393512364766e-06 0.000000000000000000e+00
1.097322682755692222e+04 0.000000000000000000e+00 0.000000000000000000e+00 0.000000000000000000e+00 0.000000000000000000e+00 9.425975656731466312e-05 1.892220505079710138e-05 1.603002558911895923e-05 1.330289585089554180e-05 1.181961920691196129e-05 9.992872829347784189e-06 8.538191109671973775e-06 6.758600226846926799e-06 4.912143228685668566e-06 3.066856630060698201e-06 0.000000000000000000e+00
1.197887609513521602e+04 0.000000000000000000e+00 0.000000000000000000e+00 0.000000000000000000e+00 0.000000000000000000e+00 1.526081354771106088e-04 1.116791035708486638e-05 8.685897719302439904e-06 9.199976060100288475e-07 2.150195833989728137e-06 2.393140018909474217e-06 7.637459062572870489e-06 5.739739252667016374e-06 1.465496435253126345e-06 1.141797685940741248e-06 0.000000000000000000e+00
1.287887609513521602e+04 0.000000000000000000e+00 0.000000000000000000e+00 0.000000000000000000e+00 0.000000000000000000e+00 1.491022559522178043e-04 1.128551124040414303e-05 8.777092796240485272e-06 9.286877876546652591e-07 2.171488746440322377e-06 2.420082468599057125e-06 7.720253370895725117e-06 5.790609451770052650e-06 1.477364105233243813e-06 1.150187926064190538e-06 0.000000000000000000e+00
1.377887609513521602e+04 0.000000000000000000e+00 0.000000000000000000e+00 0.000000000000000000e+00 0.000000000000000000e+00 0.000000000000000000e+00 1.119574058381936775e-05 8.705965676149561198e-06 9.217597345084881235e-07 2.154232445493920492e-06 2.401253202927065762e-06 7.674466041821927648e-06 5.763609416331050576e-06 1.470299410645026079e-06 1.145426496389504556e-06 0.000000000000000000e+00
1.467887609513521602e+04 0.000000000000000000e+00 0.000000000000000000e+00 0.000000000000000000e+00 0.000000000000000000e+00 0.000000000000000000e+00 1.117058562422034777e-05 8.696020657725646473e-06 9.217735603793512473e-07 2.155603241516665067e-06 2.402022352610859641e-06 7.667415066241106949e-06 5.759766440009577106e-06 1.469640863436655626e-06 1.145387361293933427e-06 0.000000000000000000e+00
1.557887609513521602e+04 0.000000000000000000e+00 0.000000000000000000e+00 0.000000000000000000e+00 0.000000000000000000e+00 0.000000000000000000e+00 1.122558076725091736e-05 8.729853334751698932e-06 9.244822344522156783e-07 2.160602094673698967e-06 2.405103757175736500e-06 7.671551028017400782e-06 5.761461826227791759e-06 1.470991221575238075e-06 1.146242853860923704e-06 0.000000000000000000e+00
1.561165533963521375e+04 0.000000000000000000e+00 0.000000000000000000e+00 0.000000000000000000e+00 0.000000000000000000e+00 0.000000000000000000e+00 1.122199017464557592e-05 8.725967518113730359e-06 9.241201339792660651e-07 2.159905718139486899e-06 2.404618665540981808e-06 7.670255865045154007e-06 5.761332523526877927e-06 1.470980409600497187e-06 1.146242707376430705e-06 0.000000000000000000e+00
1.561166783963521448e+04 0.000000000000000000e+00 0.000000000000000000e+00 0.000000000000000000e+00 0.000000000000000000e+00 0.000000000000000000e+00 1.122168830291690362e-05 8.725852707196983692e-06 9.241295602565984101e-07 2.159981345775684031e-06 2.404627108208229389e-06 7.670208186884636660e-06 5.761349751042717520e-06 1.470985470796768315e-06 1.146245203328741216e-06 0.000000000000000000e+00
1.561176783963521484e+04 0.000000000000000000e+00 0.000000000000000000e+00 0.000000000000000000e+00 0.000000000000000000e+00 0.000000000000000000e+00 1.122161769808216377e-05 8.725854419759096212e-06 9.241385144701054280e-07 2.160026386942861456e-06 2.404646176130019585e-06 7.670256372050563410e-06 5.761350165725254147e-06 1.470983398030276238e-06 1.146242927910547186e-06 0.000000000000000000e+00
1.647741710721322670e+04 0.000000000000000000e+00 0.000000000000000000e+00 0.000000000000000000e+00 0.000000000000000000e+00 0.000000000000000000e+00 1.121937916618882198e-05 8.728804835034435316e-06 9.243851661740680982e-07 2.160852073759521770e-06 2.403930002431415652e-06 7.667135077436282862e-06 5.766461796182686886e-06 1.472828612216379154e-06 1.147966440452518755e-06 0.000000000000000000e+00
1.737741710721322670e+04 0.000000000000000000e+00 0.000000000000000000e+00 0.000000000000000000e+00 0.000000000000000000e+00 0.000000000000000000e+00 1.119030430534534982e-05 8.704437844334937682e-06 9.217888769367109690e-07 2.154418499734127637e-06 2.396833905357774150e-06 7.645116889744706749e-06 5.755669068625231264e-06 1.470506162090201231e-06 1.146192642496643075e-06 0.000000000000000000e+00
1.827741710721322670e+04 0.000000000000000000e+00 0.000000000000000000e+00 0.000000000000000000e+00 0.000000000000000000e+00 0.000000000000000000e+00 1.117073196083835884e-05 8.688511998483481767e-06 9.202911789099072258e-07 2.150662247666095236e-06 2.392436190741388402e-06 7.642586986080556551e-06 5.750539502707090162e-06 1.467433921030573483e-06 1.144211987066113206e-06 0.000000000000000000e+00
1.917839366971322670e+04 0.000000000000000000e+00 0.000000000000000000e+00 0.000000000000000000e+00 0.000000000000000000e+00 0.000000000000000000e+00 1.110254903185373095e-05 8.632832528069799753e-06 9.145145886354132744e-07 2.137458866633397202e-06 2.380708685123207277e-06 7.603376984377505074e-06 5.718523388766725857e-06 1.460025225941190528e-06 1.137781932412324662e-06 0.000000000000000000e+00
2.008086380063363686e+04 0.000000000000000000e+00 0.000000000000000000e+00 0.000000000000000000e+00 0.000000000000000000e+00 0.000000000000000000e+00 1.111179744095611225e-05 8.639918978741728206e-06 9.149730749366700771e-07 2.138054088148092081e-06 2.380103603284505587e-06 7.596941955680292707e-06 5.713543732150245268e-06 1.458609621949924750e-06 1.136592944155317759e-06 0.000000000000000000e+00
2.097380606137562063e+04 0.000000000000000000e+00 0.000000000000000000e+00 0.000000000000000000e+00 0.000000000000000000e+00 0.000000000000000000e+00 1.110152252632096800e-05 8.631299406668909138e-06 9.139946640146179606e-07 2.135555166615264544e-06 2.376784367891140485e-06 7.585034824599067779e-06 5.704426154412786868e-06 1.456437157662801529e-06 1.134867862678239845e-06 0.000000000000000000e+00
2.187509512387562063e+04 0.000000000000000000e+00 0.000000000000000000e+00 0.000000000000000000e+00 0.000000000000000000e+00 0.000000000000000000e+00 1.109782680389597176e-05 8.628889950110407199e-06 9.140493731805267666e-07 2.136001309666955383e-06 2.376777798585054112e-06 7.580191131456153484e-06 5.697928475768281080e-06 1.454671826195326534e-06 1.133487763018251024e-06 0.000000000000000000e+00
2.277509512387562063e+04 0.000000000000000000e+00 0.000000000000000000e+00 0.000000000000000000e+00 0.000000000000000000e+00 0.000000000000000000e+00 1.112033414381476855e-05 8.647179242197558432e-06 9.158854108388368483e-07 2.140303676318345331e-06 2.381726595327060189e-06 7.602326205584527398e-06 5.711318983348280249e-06 1.457178386879882312e-06 1.135831122887996963e-06 0.000000000000000000e+00
2.367509512387562063e+04 0.000000000000000000e+00 0.000000000000000000e+00 0.000000000000000000e+00 0.000000000000000000e+00 0.000000000000000000e+00 1.116284876699803283e-05 8.681662277080683793e-06 9.192713489019688225e-07 2.148327537632388108e-06 2.388983764392716970e-06 7.616702532087872611e-06 5.720368642140133839e-06 1.459468143780957302e-06 1.137764347545038052e-06 0.000000000000000000e+00
2.457509512387562063e+04 0.000000000000000000e+00 0.000000000000000000e+00 0.000000000000000000e+00 0.000000000000000000e+00 0.000000000000000000e+00 1.113557500786889934e-05 8.658889059913355232e-06 9.167526623012311426e-07 2.141909571604212609e-06 2.380820420568129663e-06 7.587026782407141114e-06 5.699601782142608514e-06 1.454953302801924475e-06 1.133904504096259036e-06 0.000000000000000000e+00
2.525509512387562063e+04 0.000000000000000000e+00 0.000000000000000000e+00 0.000000000000000000e+00 0.000000000000000000e+00 0.000000000000000000e+00 1.113684739949339450e-05 8.660147232840513035e-06 9.167306484727198221e-07 2.141164237035451407e-06 5.136620093261818751e-06 4.828440524471291089e-06 5.698146172623992983e-06 1.454452753852395127e-06 1.133489799311921980e-06 0.000000000000000000e+00
