TIME P_Ch2_mesh1 P_Ch2_mesh2 P_Ch2_mesh3 P_Ch2_mesh4 P_Ch2_mesh5 P_Ch2_mesh6 P_Ch2_mesh7 P_Ch2_mesh8 P_Ch2_mesh9 P_Ch2_mesh10 P_Ch2_mesh11 P_Ch2_mesh12 P_Ch2_mesh13 P_Ch2_mesh14 P_Ch2_mesh15 
0.000000000000000000e+00 1.594255679526262358e+07 1.593437625844664499e+07 1.591668798961580172e+07 1.589745164463286474e+07 1.588957632519221678e+07 1.587061460808708332e+07 1.585153103422766738e+07 1.583184555731043406e+07 1.582393095674367622e+07 1.580450005736433901e+07 1.578493708401774243e+07 1.576474286853465810e+07 1.575676768026951700e+07 1.573633489892114885e+07 1.572391613201002777e+07
5.000040000000043960e+01 7.707660835176052526e+06 7.705733243737862445e+06 7.703134436776736751e+06 7.700583544793434441e+06 7.698317684607730247e+06 7.695891361856127158e+06 7.693514088563310914e+06 7.691166039117402397e+06 7.689118096162395552e+06 7.686854208339508623e+06 7.684625913632408716e+06 7.682413891556118615e+06 7.680532302305418998e+06 7.678326195637390949e+06 7.676729553451357409e+06
1.000003999999985922e+02 7.276278595303665847e+06 7.274392983063080348e+06 7.272430553463703953e+06 7.271356316827558912e+06 7.270614396848009899e+06 7.270095418304402381e+06 7.269659389194403775e+06 7.269243599149502814e+06 7.268810667292064056e+06 7.268401151591097936e+06 7.267987325593576767e+06 7.267554867692707106e+06 7.267088229189159349e+06 7.266498737974357791e+06 7.266092104102273472e+06
1.502405034099261059e+02 6.339258525834751315e+06 6.337474689166711643e+06 6.335203888621173799e+06 6.333256091652278788e+06 6.331521248121961951e+06 6.329944827882915735e+06 6.328513296972900629e+06 6.327207831301371567e+06 6.325995868877830915e+06 6.324852589094284922e+06 6.323784961425770074e+06 6.322785103981339373e+06 6.321862110083324835e+06 6.320921033692217432e+06 6.319883196833290160e+06
2.004200391960640388e+02 4.436698331519152038e+06 4.435082288149368018e+06 4.432977126332908869e+06 4.431225160562361591e+06 4.429690265169308521e+06 4.428310982173507102e+06 4.427062484666166827e+06 4.425962118091897108e+06 4.424881497950867750e+06 4.424094952274794690e+06 4.423887915328999050e+06 4.423798280961681157e+06 4.423716971535945311e+06 4.423629339980941266e+06 4.423561811589686200e+06
2.553043625042201370e+02 1.277278077742264839e+06 1.275980760548449587e+06 1.274036925929231569e+06 1.272534158011313295e+06 1.271269560100519331e+06 1.270152837405001745e+06 1.269235645662757102e+06 1.268363771025242517e+06 1.267855358576474478e+06 1.267768729941210244e+06 1.267669749328068225e+06 1.267558147789077600e+06 1.267486149273462826e+06 1.267362328186803730e+06 1.267297899903691839e+06
3.053043625042201370e+02 8.715422176262201974e+05 8.688074636827255599e+05 8.653844319927192992e+05 8.620657969073549611e+05 8.587924874163538916e+05 8.558389019905946916e+05 8.534458165545952506e+05 8.514915149990677601e+05 8.498340669882909860e+05 8.483586587441858137e+05 8.470761186751633650e+05 8.458859194258381613e+05 8.449458672365704551e+05 8.438091535923505435e+05 8.429599573722498026e+05
3.553043625042201370e+02 9.609066375058178091e+05 9.582835771500178380e+05 9.549026893479069695e+05 9.516140724868804682e+05 9.483538040562254610e+05 9.451554003666545032e+05 9.422031856853091158e+05 9.396387348785308423e+05 9.374433559328812407e+05 9.355358820557480212e+05 9.338910268197949044e+05 9.324306161686594132e+05 9.312312856113679009e+05 9.299192458261122229e+05 9.289049507425150368e+05
4.053043625042201370e+02 9.696818978251150111e+05 9.669494735827055993e+05 9.635517365948929219e+05 9.602621101323011098e+05 9.571500485533026513e+05 9.544160977659135824e+05 9.520620091533249943e+05 9.499991820199224167e+05 9.481558475028289249e+05 9.464673336610085098e+05 9.449407411261680536e+05 9.435176566112162545e+05 9.422888808936611749e+05 9.409401234245438827e+05 9.398595296557754045e+05
4.553043625042201370e+02 1.053713809493815294e+06 1.050988687639623415e+06 1.047600666780324420e+06 1.044327931333777844e+06 1.041317586723437184e+06 1.038756621259220759e+06 1.036558875401316793e+06 1.034634575558809913e+06 1.032913673295674962e+06 1.031332162068203441e+06 1.029904675014195382e+06 1.028566186700536287e+06 1.027421704861085629e+06 1.026147212057133554e+06 1.025125053841813467e+06
5.053043625042201370e+02 1.064835204954180866e+06 1.062113306793300668e+06 1.058729928245060612e+06 1.055459654610874597e+06 1.052451402968576178e+06 1.049892782811417244e+06 1.047697909169993247e+06 1.045776581945634913e+06 1.044058075957495719e+06 1.042478618088026182e+06 1.041052084348935983e+06 1.039715055772473454e+06 1.038569645569205401e+06 1.037294953976979945e+06 1.036272047906135675e+06
5.553043625042200802e+02 1.062955330096617574e+06 1.060235639936810825e+06 1.056855008051877376e+06 1.053591181988199009e+06 1.050597650222861674e+06 1.048051838954523206e+06 1.045862456026126747e+06 1.043942295799522894e+06 1.042221812579767080e+06 1.040638807423105463e+06 1.039207350261536427e+06 1.037865277150157839e+06 1.036713215641475283e+06 1.035432468146690284e+06 1.034402557859122520e+06
6.053043625042200802e+02 1.058463856403992279e+06 1.055744755845704116e+06 1.052364930638612481e+06 1.049107153519434854e+06 1.046122929714477621e+06 1.043580997861227952e+06 1.041390687390344217e+06 1.039466785608982318e+06 1.037740747022905620e+06 1.036151336326393066e+06 1.034712705563088879e+06 1.033363531697187573e+06 1.032203471635888447e+06 1.030915011837022728e+06 1.029878405481890542e+06
6.591793625042200802e+02 1.050422887780493591e+06 1.047703294389533345e+06 1.044322852693801280e+06 1.041064208667855244e+06 1.038076006274707266e+06 1.035526273096676217e+06 1.033326829570482834e+06 1.031393257377126836e+06 1.029657345138705452e+06 1.028058319629399572e+06 1.026610000327269663e+06 1.025251752781957272e+06 1.024082215793231502e+06 1.022784605166434543e+06 1.021741351845720201e+06
7.091793625042200802e+02 1.041883481591899530e+06 1.039162969451797311e+06 1.035781348496874794e+06 1.032519616923812078e+06 1.029523443623434287e+06 1.026962422870969516e+06 1.024751040251924191e+06 1.022805485627670190e+06 1.021057741575676599e+06 1.019447421982362284e+06 1.017987931700880872e+06 1.016619285407484975e+06 1.015439129377338570e+06 1.014131258363957866e+06 1.013080732456733822e+06
7.591793625042200802e+02 1.032836932074770331e+06 1.030115431256890879e+06 1.026732537878359552e+06 1.023469262919051456e+06 1.020469501403806964e+06 1.017902562458145432e+06 1.015684274556469521e+06 1.013731417920699809e+06 1.011976187750137644e+06 1.010358578911125660e+06 1.008891810337289819e+06 1.007516236990830163e+06 1.006329022442401270e+06 1.005014200182311935e+06 1.003958732331945328e+06
8.091793625042200802e+02 1.003756748820993002e+06 1.001036393729960662e+06 9.976548447756886017e+05 9.944475055953538977e+05 9.915667976665050955e+05 9.891130610563092632e+05 9.869883139718336752e+05 9.851146148807302816e+05 9.834273060608138330e+05 9.818681135044667171e+05 9.804542068120057229e+05 9.791240747742406093e+05 9.779802056173703168e+05 9.767044917302310932e+05 9.756771737971766852e+05
8.591793625042200802e+02 9.590529914961010218e+05 9.563341562038786942e+05 9.529520152240165044e+05 9.497737029427853413e+05 9.469520293006912107e+05 9.445517782436066773e+05 9.424739283056848217e+05 9.406417832029339625e+05 9.389919873453405453e+05 9.374662580609837314e+05 9.360830941408824874e+05 9.347809151984205237e+05 9.336630932255417574e+05 9.324117693034384865e+05 9.314021742161272559e+05
9.091793625042200802e+02 9.094801686865160009e+05 9.067672299266322516e+05 9.033886275006170617e+05 9.003201250230597798e+05 8.976939199584964663e+05 8.954451927311049076e+05 8.934842852468672208e+05 8.917463233853331767e+05 8.901746151504437439e+05 8.887137001249759924e+05 8.873889693103809841e+05 8.861344300755668664e+05 8.850639075743402354e+05 8.838541059789384017e+05 8.828728692091021221e+05
9.591793625042200802e+02 8.669104326987642562e+05 8.641960756725200918e+05 8.608139397463097703e+05 8.577658021578809712e+05 8.551788466366813518e+05 8.529605542337000370e+05 8.510240597387705930e+05 8.493061877919479739e+05 8.477517424684739672e+05 8.463055884114163928e+05 8.449941611883491278e+05 8.437510880614310736e+05 8.426914700416759588e+05 8.414911550757775549e+05 8.405172153659376781e+05
1.009179362504220080e+03 8.297083789799907245e+05 8.269909542405431857e+05 8.236041559614323778e+05 8.205684723748947727e+05 8.180083446631858824e+05 8.158122792185033904e+05 8.138943184594773920e+05 8.121921560974230524e+05 8.106513408461356303e+05 8.092170036469800398e+05 8.079164126088564517e+05 8.066824616370900767e+05 8.056317347299666144e+05 8.044390244895593496e+05 8.034709001899261493e+05
1.059179362504220080e+03 7.894935711271445034e+05 7.867674030535139609e+05 7.834487710318285972e+05 7.805973601997485384e+05 7.782258021363788284e+05 7.761765884709784295e+05 7.743800029736902798e+05 7.727800161607514601e+05 7.713292077062480384e+05 7.699714057108027628e+05 7.687454601679898333e+05 7.675714379124366678e+05 7.665868727248921059e+05 7.654518280709917890e+05 7.645217984567828244e+05
1.109179362504220080e+03 7.444598019856855972e+05 7.417389136508732336e+05 7.384029309465355473e+05 7.355208341276093852e+05 7.331315110877213301e+05 7.310782063653939404e+05 7.292837827306974214e+05 7.276894857358295703e+05 7.262453427671226673e+05 7.248969566062361700e+05 7.236777796372249722e+05 7.225140725658059819e+05 7.215334239849611185e+05 7.204030103562556906e+05 7.194656273573752260e+05
1.159179362504220080e+03 7.022110398214556044e+05 6.994863977540348424e+05 6.961873064899095334e+05 6.933861835820744745e+05 6.910681716254309285e+05 6.890726659056517528e+05 6.873275139426671667e+05 6.857757139746224275e+05 6.843704134540937375e+05 6.830553104756976245e+05 6.818701746156064328e+05 6.807334378260482335e+05 6.797840267030869145e+05 6.786830027628034586e+05 6.777654954160489142e+05
1.209179362504220080e+03 6.554914992342900950e+05 6.527686831237074221e+05 6.494920466420950834e+05 6.467321228676080937e+05 6.444462763629569672e+05 6.424764405826618895e+05 6.407525334391373908e+05 6.392188540162678109e+05 6.378305809246619465e+05 6.365303361232429743e+05 6.353598086410374381e+05 6.342352229751241393e+05 6.333001894374421099e+05 6.322085366953094490e+05 6.313028879453351256e+05
1.259179362504220080e+03 6.270616926255127182e+05 6.243176824860380730e+05 6.210409553993594600e+05 6.183037675940140616e+05 6.160519762106124545e+05 6.141188896935477387e+05 6.124326179342194228e+05 6.109351928090675501e+05 6.095822430877905572e+05 6.083144846187538933e+05 6.071761219275537878e+05 6.060800801856846083e+05 6.051728532232374419e+05 6.041097152782818303e+05 6.032221152683733962e+05
1.309179362504220080e+03 6.023492998381347861e+05 5.996050693922926439e+05 5.962589087562563363e+05 5.933987472078067949e+05 5.910459225406158948e+05 5.890300762121191947e+05 5.872717084297995316e+05 5.857107389280025382e+05 5.842991711171629140e+05 5.829803626292194240e+05 5.817892677423314890e+05 5.806510978781242156e+05 5.796954945443945471e+05 5.785881501846223837e+05 5.776871551905684173e+05
1.359179362504220080e+03 5.866906891876888694e+05 5.839258053307537921e+05 5.804839055332134012e+05 5.773535378612241475e+05 5.746831422645213315e+05 5.724104316241287161e+05 5.704419310836690711e+05 5.687063354792551836e+05 5.671472358348181006e+05 5.657029493633663515e+05 5.643982225709161721e+05 5.631653370172824943e+05 5.621212080554877175e+05 5.609331862022697460e+05 5.599862068997804308e+05
1.409179362504220080e+03 5.904849285749085248e+05 5.877467750352707226e+05 5.843183593668014510e+05 5.813371729711502558e+05 5.789245358910133364e+05 5.768833187444715295e+05 5.751126162830017274e+05 5.735455161292839330e+05 5.721284797275793971e+05 5.708059449906246737e+05 5.696112175999770407e+05 5.684682077324271668e+05 5.675059941968338098e+05 5.663930673175283009e+05 5.654843538938399870e+05
1.459179362504220080e+03 5.515850918556394754e+05 5.488042751944808988e+05 5.453878441910011461e+05 5.424216997759771766e+05 5.399989110841490328e+05 5.379499980041286908e+05 5.361794942074384307e+05 5.346185749947321601e+05 5.332165312204828952e+05 5.319109919788074913e+05 5.307395552381901070e+05 5.296192851432445459e+05 5.286889048879608745e+05 5.276048590627596714e+05 5.267236725425256882e+05
1.509179362504220080e+03 5.238310414674629574e+05 5.210639930526583921e+05 5.177101883960580453e+05 5.148696321338493726e+05 5.125469075486486545e+05 5.105645943342864630e+05 5.088411740290645976e+05 5.073150559708846849e+05 5.059400127683904138e+05 5.046545630986967590e+05 5.035063172809483367e+05 5.023975965127534000e+05 5.014890301376798889e+05 5.004231619665594772e+05 4.995426548416527221e+05
1.559179362504220080e+03 4.939159241794336122e+05 4.910513891779774567e+05 4.877870266140578315e+05 4.851319975614720024e+05 4.829740706763622002e+05 4.811460394929655595e+05 4.795677032471624552e+05 4.781802600715148146e+05 4.769300231498974608e+05 4.757649999177544378e+05 4.747306071188459755e+05 4.737270396750578657e+05 4.729351125225997530e+05 4.719465284458671813e+05 4.711435941475210129e+05
1.609179362504220080e+03 4.654850158572065993e+05 4.627404471226243186e+05 4.594741294621776324e+05 4.567821329276484321e+05 4.545736489851847873e+05 4.526796471640741802e+05 4.510280903539321152e+05 4.495607555651420844e+05 4.482376443770805490e+05 4.469962248744392418e+05 4.458845566647995147e+05 4.448101686932086595e+05 4.439281028398137423e+05 4.428835277856717003e+05 4.420280358074974502e+05
1.659179362504220080e+03 4.439556248473090818e+05 4.412305883485405357e+05 4.378556135016095359e+05 4.349606304685400100e+05 4.325907289787912159e+05 4.305759010422863648e+05 4.288287083485610783e+05 4.272835246199203539e+05 4.258962946043873089e+05 4.246020285570078995e+05 4.234400857083651354e+05 4.223284900455644820e+05 4.214083756553935818e+05 4.203285065713147051e+05 4.194629425724952016e+05
1.709179362504220080e+03 4.205067922782257665e+05 4.176990428335457691e+05 4.144210463383335737e+05 4.117427419740526821e+05 4.095683242119610659e+05 4.077191632590818917e+05 4.061138652276439243e+05 4.046948390838584746e+05 4.034186584972425480e+05 4.022237235179138370e+05 4.011590123466248042e+05 4.001272364070093608e+05 3.992881326221007039e+05 3.982881217295730603e+05 3.974565761746502249e+05
1.759179362504220080e+03 4.017632873043783475e+05 3.990310815662292298e+05 3.956560053893796867e+05 3.927942402227622224e+05 3.904746578140586498e+05 3.885121787304643658e+05 3.868183792290607234e+05 3.853252121263812296e+05 3.839887470776664559e+05 3.827422507471246645e+05 3.816356838620200870e+05 3.805653058216805221e+05 3.796992555185494130e+05 3.786690169418736477e+05 3.778235121390740387e+05
1.809179362504220080e+03 3.855227668959863950e+05 3.827596473215701990e+05 3.793433587168794475e+05 3.764157306315909955e+05 3.740446864554533386e+05 3.720518962413513800e+05 3.703337709258985706e+05 3.688192212484263000e+05 3.674604349170400528e+05 3.661937808895798516e+05 3.650522476875060238e+05 3.639605732460369472e+05 3.630505160695689265e+05 3.619713286015039776e+05 3.611241597955715260e+05
1.859179362504220080e+03 3.725496011303596315e+05 3.698041566217115615e+05 3.664184969519122387e+05 3.635637627154706279e+05 3.612492975731458864e+05 3.592858975831377320e+05 3.575946011859014397e+05 3.561040254811734194e+05 3.547731670833922690e+05 3.535312019161286298e+05 3.524373499410381191e+05 3.513725117884030915e+05 3.505266024714224623e+05 3.495150464469399885e+05 3.486863431837955141e+05
1.909179362504220080e+03 3.584846751906499267e+05 3.556392927320813178e+05 3.521236081994174747e+05 3.489383798772731097e+05 3.462757944222019287e+05 3.440739389095085207e+05 3.422046146530535771e+05 3.405768066638757591e+05 3.391295943246503011e+05 3.377923466983796679e+05 3.365899197334882338e+05 3.354495752185268793e+05 3.344995389952872065e+05 3.333849704144900898e+05 3.325080360643544700e+05
1.959179362504220080e+03 3.494030102939804201e+05 3.467694447103636339e+05 3.433410686221051728e+05 3.402461215001130477e+05 3.376311558301280602e+05 3.354626570355005097e+05 3.336202228846924845e+05 3.320107999065696495e+05 3.305731489610162680e+05 3.292469914301664103e+05 3.280571399359768257e+05 3.269251650331544806e+05 3.259800245251519955e+05 3.248830807346153306e+05 3.240115782066316460e+05
2.009179362504220080e+03 3.403011006550840684e+05 3.374401469728532247e+05 3.339201897282004356e+05 3.308231944911609171e+05 3.283053813792373985e+05 3.262241347199046286e+05 3.244482341513822321e+05 3.228915270517105237e+05 3.214970062392830732e+05 3.202029812163042952e+05 3.190324225040303427e+05 3.179169816514912527e+05 3.169774724041541340e+05 3.158695131773046451e+05 3.150037510250309715e+05
2.059179362504220080e+03 3.328172914294503280e+05 3.299548281040604925e+05 3.264476937063675141e+05 3.234040231246632175e+05 3.209617820589921903e+05 3.189134924276588135e+05 3.171570731929109315e+05 3.156216878159336047e+05 3.142480068648051238e+05 3.129717936743476894e+05 3.118307446487339912e+05 3.107351525755487964e+05 3.098335163671222981e+05 3.087704089623210020e+05 3.079264887516929302e+05
2.109179362504220080e+03 3.236170941198876244e+05 3.207441867486361298e+05 3.171285229041798157e+05 3.135846915579190827e+05 3.101002659917992423e+05 3.066240345349509735e+05 3.034680090195063385e+05 3.008240606651840499e+05 2.986591549880830571e+05 2.967459965611046646e+05 2.950566043864326784e+05 2.935261745860347291e+05 2.922465019555938779e+05 2.908021641889137099e+05 2.897702844106006669e+05
2.159179362504220080e+03 3.140821164198672632e+05 3.113407663286786992e+05 3.078436776190645760e+05 3.044659222374445526e+05 3.013564221515313257e+05 2.987335503056936432e+05 2.965350819452537689e+05 2.946541450839980389e+05 2.930071820678174845e+05 2.915030751715283259e+05 2.901417056903110351e+05 2.888694934062021784e+05 2.877916925512716407e+05 2.865457339980560355e+05 2.856100532013367629e+05
2.209179362504220080e+03 3.087271995755070238e+05 3.058672938489455846e+05 3.023300870447480120e+05 2.989722748816362000e+05 2.960031910319164745e+05 2.936047775323071983e+05 2.916179264841721742e+05 2.899092518424411537e+05 2.884007359649438877e+05 2.870227198216669494e+05 2.857955278702481883e+05 2.846323843001544592e+05 2.836637236023441656e+05 2.825560295421635965e+05 2.816681029881772702e+05
2.259179362504220080e+03 3.085572116710226401e+05 3.057910038444728125e+05 3.022944912050872226e+05 2.989561330176537158e+05 2.960029384278980433e+05 2.936361473924467573e+05 2.916700040763857542e+05 2.899746137498708558e+05 2.884644168567622546e+05 2.870812200951365521e+05 2.858434720948145841e+05 2.846699263100436074e+05 2.836869722939863568e+05 2.825650371364656021e+05 2.816662924641648424e+05
2.309179362504220080e+03 3.131645726263977704e+05 3.103242650582751376e+05 3.068063181024679798e+05 3.037605684041065397e+05 3.013224195662327111e+05 2.992907015521664871e+05 2.975708551263588015e+05 2.960547886531723780e+05 2.947005284128738567e+05 2.934537685456737527e+05 2.923450654655368417e+05 2.912708675952482154e+05 2.903966171758468263e+05 2.893705224870103411e+05 2.885371392869711271e+05
2.359179362504220080e+03 3.167723852234188817e+05 3.138938958428311744e+05 3.103580590646612691e+05 3.072320294996697921e+05 3.047152465678664157e+05 3.026463260703586857e+05 3.008918681520466343e+05 2.993727576301989611e+05 2.980245852517611929e+05 2.967828864191345638e+05 2.956847271605968126e+05 2.946318732119746273e+05 2.937739199515368091e+05 2.927725550339157344e+05 2.919438432956626639e+05
2.409179362504220080e+03 3.176222072184432764e+05 3.147456945904904278e+05 3.112063708231438068e+05 3.081512469573125127e+05 3.057441080278870068e+05 3.037591669432553463e+05 3.020674617851582589e+05 3.005900166410141392e+05 2.992699152614276391e+05 2.980443787007143255e+05 2.969519806943824515e+05 2.959004466594454716e+05 2.950373400718233315e+05 2.940209026047001826e+05 2.931918197042344254e+05
2.459179362504220080e+03 3.186248223438746645e+05 3.157442210889656562e+05 3.122022921552290791e+05 3.089936481093877810e+05 3.063374977586353780e+05 3.041650130595255760e+05 3.023238373507242650e+05 3.007273956152801402e+05 2.993045610029142699e+05 2.979937610962069593e+05 2.968173405539025553e+05 2.956981508547683479e+05 2.947640128213131102e+05 2.936763924708515406e+05 2.928170416257937904e+05
2.509179362504220080e+03 3.193627244053141912e+05 3.165013596319294884e+05 3.129568840180703555e+05 3.095760062172754551e+05 3.066245592464153306e+05 3.042695708764474839e+05 3.023331539406828815e+05 3.006907994076880859e+05 2.992547115487160045e+05 2.979502378744878224e+05 2.968006976888549980e+05 2.957087461585252895e+05 2.948207584182348801e+05 2.937910551826476003e+05 2.929460378227584297e+05
2.559179362504220080e+03 3.196467926568882540e+05 3.167851183748260955e+05 3.132390159596620360e+05 3.098233894450705266e+05 3.067765258515905007e+05 3.043063220346762100e+05 3.022716748811393627e+05 3.005450671121991472e+05 2.990375577700330759e+05 2.976699690426727757e+05 2.964718949812544743e+05 2.953300574775873683e+05 2.944107150649238029e+05 2.933463572834508377e+05 2.924840767267591436e+05
2.609179362504220080e+03 3.224586217393691768e+05 3.196221455552426050e+05 3.160932422463573748e+05 3.129332930642828578e+05 3.102998727192442166e+05 3.080967505660185125e+05 3.062067490968434140e+05 3.045485736851755064e+05 3.030617900949852192e+05 3.016872775167330983e+05 3.004488233749747742e+05 2.992703717926820391e+05 2.982804882262536557e+05 2.971344721933395485e+05 2.962398869673644076e+05
2.659179362504220080e+03 3.273218928065607906e+05 3.244737501360311289e+05 3.209439387142137857e+05 3.177907784395066556e+05 3.151887227182547795e+05 3.130282925164218177e+05 3.111842926233552862e+05 3.095752094404605450e+05 3.081391350488938624e+05 3.068125311331831035e+05 3.056345466621139203e+05 3.044995486041379045e+05 3.035753812792754616e+05 3.024889324214725057e+05 3.016158136878348305e+05
2.709179362504220080e+03 3.337562663953804877e+05 3.309235049104524660e+05 3.274006371948472224e+05 3.242027179911833955e+05 3.215072399322466808e+05 3.192624281833424466e+05 3.173433225791816949e+05 3.156662203739241231e+05 3.141672659610467381e+05 3.127853787404155009e+05 3.115503319139358355e+05 3.103703832133761607e+05 3.093934801300965482e+05 3.082610316190662561e+05 3.073641540038884268e+05
2.759179362504220080e+03 3.404413799596046447e+05 3.376128575775393983e+05 3.340967746425376972e+05 3.309808479945179424e+05 3.284148487221663818e+05 3.262580793008811306e+05 3.244011148445094004e+05 3.227699009315002477e+05 3.213066934572138125e+05 3.199514714768470149e+05 3.187407119398016366e+05 3.175768939562006271e+05 3.166188145727409865e+05 3.154984525045211194e+05 3.146071971193109057e+05
2.809179362504220080e+03 3.463609374178636353e+05 3.435361705954372883e+05 3.400422955482780817e+05 3.370056976945796050e+05 3.345315804185127490e+05 3.324377001245428110e+05 3.306267660800647573e+05 3.290286498362718849e+05 3.275917468567222822e+05 3.262555958601463935e+05 3.250619460196882719e+05 3.239093641200213460e+05 3.229640970480279066e+05 3.218499198819716694e+05 3.209632023547759745e+05
2.859179362504220080e+03 3.496462870551217929e+05 3.468251669984542532e+05 3.433745247522080317e+05 3.404141893609843100e+05 3.379990085421570111e+05 3.359460582768206950e+05 3.341642072743469616e+05 3.325896483652301831e+05 3.311661738715711399e+05 3.298535582546457299e+05 3.286486583456463995e+05 3.275535867406493053e+05 3.265274866377760191e+05 3.256059480539131910e+05 3.244015526479438995e+05
2.909179362504220080e+03 3.545091840971026686e+05 3.516904624618693488e+05 3.483859014921385096e+05 3.456688825194481760e+05 3.434214026248003938e+05 3.414880272072092048e+05 3.397956168136367924e+05 3.382886689506624243e+05 3.369246607930735918e+05 3.356451746270891163e+05 3.345025795910292072e+05 3.333878999703143490e+05 3.324840982934206259e+05 3.314029877573744161e+05 3.306758152354074409e+05
2.959179362504220080e+03 3.488120435591050773e+05 3.460094501228776644e+05 3.426799697560011991e+05 3.399215050174752832e+05 3.376523092499449849e+05 3.357089747467500856e+05 3.340117996759091038e+05 3.325185384642606950e+05 3.311361910355058499e+05 3.299250551791940816e+05 3.296435344195625512e+05 3.296269133332608617e+05 3.296141438054859173e+05 3.295969405848595197e+05 3.295866996670151129e+05
3.009179362504220080e+03 3.371768262116864789e+05 3.343650944990969729e+05 3.311358334049607511e+05 3.285717736027120263e+05 3.264921111945874291e+05 3.247666815252250526e+05 3.231629148998874589e+05 3.225251106136366725e+05 3.225148860527667566e+05 3.225033801320744096e+05 3.224919122932758182e+05 3.224800779700130224e+05 3.224704180558761000e+05 3.224581827628907049e+05 3.224506086727022775e+05
3.059179362504220080e+03 3.249022665386941517e+05 3.220240500080127385e+05 3.187656864185737795e+05 3.161787887720869039e+05 3.140488585312037030e+05 3.124674469139894354e+05 3.122475846718748217e+05 3.122353231113645597e+05 3.122262244350798428e+05 3.122154438718554447e+05 3.122044761032751412e+05 3.121930188212410430e+05 3.121836048596638138e+05 3.121714877747795545e+05 3.121643076935494901e+05
3.109179362504220080e+03 3.301697437116922811e+05 3.274239617749308236e+05 3.240116762749488698e+05 3.210365645139748813e+05 3.185184644745921250e+05 3.163393368195142248e+05 3.142412409685002058e+05 3.127822544921358931e+05 3.126803695281562977e+05 3.126672918271736708e+05 3.126529905219814973e+05 3.126374084997118916e+05 3.126253458631816902e+05 3.126077037792449119e+05 3.125978606972565176e+05
3.159179362504220080e+03 3.352788912088336656e+05 3.324857860392063740e+05 3.291231265041399747e+05 3.262775511900786078e+05 3.239270000598231563e+05 3.218854262985258247e+05 3.201501901791970595e+05 3.183596482607158250e+05 3.173145722347477567e+05 3.172904733567110379e+05 3.172639987236824236e+05 3.172323981203438016e+05 3.172090783200913575e+05 3.171715708602300147e+05 3.171537732052491046e+05
3.209179362504220080e+03 3.480504915342892054e+05 3.452848589302269975e+05 3.417317666820184677e+05 3.382850642817962798e+05 3.348416944300112082e+05 3.314147216170373140e+05 3.279988709744662046e+05 3.245955332818905590e+05 3.211970137223225320e+05 3.178146289540913422e+05 3.144398312102554482e+05 3.113842896630462492e+05 3.093557467927022954e+05 3.077665050533483154e+05 3.065943371639212710e+05
3.259179362504220080e+03 3.265198969551177579e+05 3.236653783550091903e+05 3.200589816400185227e+05 3.165483177531234687e+05 3.130811657502717571e+05 3.096117911413308466e+05 3.061843922117830953e+05 3.030677801283344161e+05 3.005044376350273960e+05 2.983653452209162060e+05 2.965776309057227918e+05 2.950048843240074348e+05 2.937357238215261605e+05 2.923831324112208677e+05 2.913699838396995328e+05
3.309179362504220080e+03 3.154984937511263415e+05 3.126624272586673032e+05 3.091053057908054907e+05 3.056555049538835883e+05 3.022218876464538043e+05 2.988023183415698004e+05 2.956533163090861053e+05 2.930053546138608945e+05 2.907612412772948737e+05 2.888021929057993693e+05 2.870784970907937968e+05 2.855138629183697631e+05 2.841742028584748041e+05 2.827363372947867028e+05 2.816583543835292221e+05
3.359179362504220080e+03 3.062914107925431454e+05 3.034977583278022357e+05 2.999554224058840773e+05 2.965181696792616276e+05 2.930991701316863764e+05 2.897772354983519181e+05 2.868083208398616989e+05 2.843182931728349649e+05 2.822007057690346264e+05 2.803470558547340916e+05 2.787245260402216809e+05 2.772456337334866403e+05 2.760046625439093332e+05 2.746532929216747289e+05 2.736303143160304171e+05
3.409179362504220080e+03 3.086918616414777352e+05 3.058556243195304414e+05 3.022973278626259998e+05 2.988410015287151909e+05 2.954075701801404357e+05 2.921282935554945143e+05 2.892899491083784960e+05 2.869505185400297050e+05 2.849682602673892397e+05 2.832277792368957307e+05 2.816955865921633667e+05 2.802910819144648849e+05 2.790990255306672188e+05 2.777909231877396232e+05 2.767908581274176831e+05
3.459179362504220080e+03 3.083008487787542981e+05 3.054403711265044985e+05 3.018963699019396445e+05 2.985436620503841550e+05 2.955585254983850173e+05 2.930698036986190709e+05 2.909496160023336997e+05 2.890945627904644352e+05 2.874384060758571723e+05 2.859208436802257784e+05 2.845580508903793525e+05 2.832703551323172869e+05 2.821828507965122699e+05 2.809544004084457993e+05 2.799934539789000992e+05
3.509179362504220080e+03 3.086079632958339062e+05 3.057004228018709691e+05 3.021242716614489327e+05 2.986494168203666341e+05 2.951944941051764763e+05 2.919066708360007033e+05 2.890681378353497712e+05 2.866887395299070049e+05 2.846460716368331923e+05 2.828332202328830608e+05 2.812287469990581740e+05 2.797599255666342797e+05 2.785117245840818505e+05 2.771533019406141248e+05 2.761247198148092139e+05
3.559179362504220080e+03 3.104656229239951936e+05 3.075856964139033225e+05 3.040303485171229695e+05 3.005852881292310194e+05 2.974383282041006023e+05 2.948250369923353428e+05 2.926302038335296093e+05 2.907364587808834040e+05 2.890614427057337016e+05 2.875355576199549832e+05 2.861708921825232683e+05 2.848851876165284775e+05 2.838025557666277746e+05 2.825813595171275083e+05 2.816307288279581117e+05
3.609179362504220080e+03 3.140100754033169942e+05 3.111841658438903978e+05 3.076432832976618083e+05 3.042058515787817887e+05 3.008234988936613663e+05 2.977384590443639318e+05 2.951339808122201939e+05 2.929213136130383937e+05 2.909985969198208768e+05 2.892791489975146833e+05 2.877552568892689305e+05 2.863444917551466497e+05 2.851569568481210154e+05 2.838442494643982500e+05 2.828424555880383705e+05
3.659179362504220080e+03 3.111812489316890715e+05 3.083345196689154254e+05 3.047920882491295342e+05 3.013558256139399600e+05 2.981725184443113394e+05 2.954850440680836327e+05 2.932339901405604905e+05 2.912991977733097738e+05 2.895935321910901694e+05 2.880449993711036514e+05 2.866610570847571362e+05 2.853632864645551890e+05 2.842680636428853613e+05 2.830391014567682869e+05 2.820848050290241372e+05
3.709179362504220080e+03 3.154207126226427499e+05 3.125752568878797465e+05 3.090350556510179304e+05 3.056020296209703665e+05 3.024538726473778370e+05 2.998200558926904923e+05 2.976024803273391444e+05 2.956875446903905249e+05 2.939924128335057758e+05 2.924491665700551239e+05 2.910671669168592780e+05 2.897685379402466933e+05 2.886711815877376357e+05 2.874382741721071070e+05 2.864792762872808380e+05
3.759179362504220080e+03 3.192716610611428623e+05 3.164296197771144798e+05 3.128935136845883681e+05 3.095051725874079275e+05 3.064662016597112524e+05 3.039403530518847401e+05 3.017988939295671298e+05 2.999395301573960460e+05 2.982853500978560187e+05 2.967731418706465047e+05 2.954163801777511835e+05 2.941368058377507841e+05 2.930564023397155106e+05 2.918375491506752442e+05 2.908855473044147948e+05
3.809179362504220080e+03 3.224441121053786483e+05 3.196062176735507092e+05 3.160753490554824821e+05 3.127541879560558591e+05 3.098386530097292271e+05 3.074094823494652519e+05 3.053362728224896127e+05 3.035271897347533959e+05 3.019108876278847456e+05 3.004276176218947512e+05 2.990947373142290744e+05 2.978333413435408147e+05 2.967692859621687094e+05 2.955639008396625286e+05 2.946190049664842081e+05
3.859179362504220080e+03 3.252830745418438455e+05 3.224498316183012212e+05 3.189248980619459762e+05 3.156790511905287858e+05 3.128890404990598327e+05 3.105493762534577399e+05 3.085398038581521832e+05 3.067777625988172367e+05 3.051974555644890643e+05 3.037417523256920977e+05 3.024319095950019546e+05 3.011880703193792724e+05 3.001399437739721034e+05 2.989478245311218197e+05 2.980097908413010300e+05
3.909179362504220080e+03 3.280692691239211126e+05 3.252397767699458636e+05 3.217201085517469910e+05 3.185389593290450284e+05 3.158528194372727885e+05 3.135848199094150332e+05 3.116260913703555125e+05 3.099015299480090616e+05 3.083499735541874543e+05 3.069160847405507811e+05 3.056246531614950509e+05 3.043944642162740929e+05 3.033590935249520699e+05 3.021773122651192243e+05 3.012442682674835669e+05
3.959179362504220080e+03 3.311063898091374431e+05 3.282799358254738618e+05 3.247646068040676182e+05 3.216277912873674650e+05 3.190111463364040828e+05 3.167900033627013327e+05 3.148639204081008211e+05 3.131629731066820095e+05 3.116291395480866195e+05 3.102082668502057204e+05 3.089275595286342432e+05 3.077049273110310314e+05 3.066764949314857367e+05 3.055000921591629740e+05 3.045690572448496823e+05
4.009179362504220080e+03 3.339951450323155732e+05 3.311714711502747959e+05 3.276902493257292663e+05 3.246564533392121084e+05 3.221494618861005292e+05 3.200058088356755325e+05 3.181379977218886488e+05 3.164801028434133623e+05 3.149809474016870954e+05 3.135862036997193936e+05 3.123290358860488632e+05 3.111231376364490716e+05 3.101120796104592737e+05 3.089495515785978059e+05 3.080251148657829035e+05
4.059179362504220080e+03 3.362813138332514791e+05 3.334586694990565302e+05 3.299968971574202878e+05 3.270002988932516309e+05 3.245250925605428056e+05 3.224061335031709168e+05 3.205582835390952532e+05 3.189168305932180956e+05 3.174320789630215731e+05 3.160490457165944972e+05 3.148036249561968143e+05 3.136056012948646094e+05 3.126059951685569831e+05 3.114455013996352209e+05 3.105276476592766703e+05
4.109179362504220080e+03 3.415647489284879994e+05 3.387437004021907924e+05 3.353714797318142373e+05 3.325294744203586015e+05 3.301572493914959487e+05 3.281033014470615308e+05 3.262986365150955389e+05 3.246870544046440045e+05 3.232189270281166537e+05 3.218564042809791863e+05 3.206003759121018811e+05 3.194498981450519059e+05 3.183707128897589282e+05 3.173889206354405032e+05 3.161385457070214325e+05
4.159179362504220080e+03 3.450570901810341747e+05 3.422372804035104928e+05 3.388985061125170905e+05 3.361089249270288274e+05 3.337777930633134092e+05 3.317588946638419293e+05 3.299844281148951850e+05 3.284007328982207691e+05 3.269555648186053149e+05 3.256193816946953884e+05 3.243732330422725645e+05 3.232631680371611728e+05 3.221558979124616017e+05 3.212752599220610573e+05 3.212184549137573922e+05
4.209179362504220080e+03 3.431309128251530929e+05 3.403161006844210788e+05 3.370074286909059738e+05 3.342642197608185234e+05 3.319759729437193600e+05 3.299957430439207237e+05 3.282529656996500562e+05 3.267039755567126558e+05 3.252738936014868086e+05 3.239931753959062044e+05 3.226918210120604490e+05 3.217709897657124675e+05 3.216971274968974176e+05 3.216777620947719552e+05 3.216663438057302847e+05
4.259179362504220080e+03 3.329525178396176198e+05 3.301395223849993781e+05 3.268421205223876168e+05 3.241134678308108705e+05 3.218435334413706441e+05 3.198737687294185162e+05 3.181789822134851711e+05 3.165427136469570687e+05 3.153967805525439326e+05 3.153246827521760133e+05 3.153122493205027422e+05 3.152993622762238374e+05 3.152890215326935286e+05 3.152757276915543480e+05 3.152675514467352186e+05
4.309179362504220080e+03 3.250533774605860235e+05 3.222306960071384674e+05 3.189201136406151927e+05 3.161803120720080915e+05 3.139012706695818924e+05 3.119626334705345216e+05 3.101497248847215087e+05 3.093422203601739602e+05 3.093338598118361551e+05 3.093244635116727441e+05 3.093150842368109734e+05 3.093052662657526671e+05 3.092968582885306096e+05 3.092866835238538333e+05 3.092803713114079437e+05
4.359179362504220080e+03 3.184643115689308033e+05 3.156472183528152527e+05 3.123509840178072918e+05 3.096316171134237084e+05 3.073739306825408130e+05 3.054190959757536184e+05 3.037324786911285482e+05 3.032734400572369923e+05 3.032653637660842505e+05 3.032561573054390028e+05 3.032467686086290050e+05 3.032367165158993448e+05 3.032280385370717850e+05 3.032174701816052548e+05 3.032115207537150127e+05
4.409179362504220080e+03 3.156047091101626866e+05 3.127900944633510080e+05 3.094781306671121274e+05 3.067292303985577892e+05 3.044428696410803823e+05 3.024571718573286780e+05 3.007511604581899010e+05 3.002997933136833017e+05 3.002917787983644521e+05 3.002825088921667193e+05 3.002729335757854860e+05 3.002625175140631036e+05 3.002534346327673993e+05 3.002423588967930409e+05 3.002370063318189932e+05
4.459179362504220080e+03 3.130610845496193506e+05 3.102094583639830234e+05 3.069014900494734757e+05 3.041767588313773158e+05 3.019176729915967444e+05 2.999838006984948879e+05 2.982425226038735127e+05 2.976395582883500610e+05 2.976313703673155978e+05 2.976216289105989272e+05 2.976114121165727265e+05 2.976001041705832467e+05 2.975902209491388639e+05 2.975780318129776279e+05 2.975726096965174074e+05
4.509179362504220080e+03 3.135709178562795278e+05 3.107567656342746923e+05 3.074227561155334115e+05 3.046349951023429167e+05 3.022819438825768884e+05 3.002844915286448086e+05 2.982861794283748022e+05 2.971637428022094537e+05 2.971551714232205413e+05 2.971446331704115146e+05 2.971333860484430916e+05 2.971207063082045643e+05 2.971095956835604738e+05 2.970956970518065500e+05 2.970898880292714457e+05
4.559179362504220080e+03 3.146979502102396800e+05 3.119215826132653747e+05 3.085569099947467912e+05 3.057181835373363574e+05 3.032941507586044609e+05 3.013997595093708951e+05 2.994961787438714528e+05 2.983493947987442371e+05 2.983416009422276984e+05 2.983314275550905149e+05 2.983201893445056630e+05 2.983072548082354479e+05 2.982957123933911207e+05 2.982812717297437484e+05 2.982754569806759246e+05
4.609179362504220080e+03 3.178865220039899577e+05 3.150728519458218943e+05 3.117512448816085816e+05 3.089842302407345851e+05 3.066635653970679268e+05 3.047113904353588587e+05 3.027578777248612605e+05 3.016584025602322654e+05 3.016491321196742938e+05 3.016376908544856706e+05 3.016245773901606444e+05 3.016088801744796219e+05 3.015949605232217582e+05 3.015765355556282448e+05 3.015693731914506061e+05
4.659179362504220080e+03 3.175810992209643009e+05 3.147677382476010825e+05 3.114477695755379973e+05 3.086812892252444290e+05 3.063649456872047740e+05 3.043901381074401434e+05 3.025242336735680583e+05 3.016804364952408359e+05 3.016726417940362589e+05 3.016628081969051855e+05 3.016516844637225149e+05 3.016385265743430355e+05 3.016262378861383186e+05 3.016111428839842556e+05 3.016055799968662905e+05
4.709179362504220080e+03 3.185419359046147438e+05 3.157285952941126889e+05 3.124092409931538277e+05 3.096413687999848626e+05 3.073277014001808129e+05 3.053245241275997250e+05 3.035555481802023714e+05 3.030101975463003037e+05 3.030023152249957784e+05 3.029921990201816661e+05 3.029806458867171314e+05 3.029668309048371157e+05 3.029536918891863315e+05 3.029375752216544352e+05 3.029318975069826702e+05
4.759179362504220080e+03 3.224351874406027491e+05 3.196234163520683651e+05 3.163076302604634548e+05 3.135388322167489096e+05 3.112519456282308092e+05 3.091170601021329639e+05 3.077975680541949114e+05 3.077625724834723515e+05 3.077546018431924749e+05 3.077442846924517653e+05 3.077323968457451556e+05 3.077180086147385300e+05 3.077039826086091343e+05 3.076867824349937146e+05 3.076809710006942623e+05
4.809179362504220080e+03 3.215266748332700809e+05 3.187145453182710917e+05 3.153972531097070896e+05 3.126284810428585042e+05 3.102998740758786444e+05 3.083252720030315104e+05 3.077611864683485474e+05 3.077532849747671280e+05 3.077458851804881124e+05 3.077368174378178082e+05 3.077265497211022885e+05 3.077141626231665723e+05 3.077015187910111272e+05 3.076866527970130555e+05 3.076818105335306609e+05
4.859179362504220080e+03 3.264808014763740357e+05 3.236644227262041532e+05 3.203445409109717584e+05 3.175770588702864479e+05 3.151229141326618264e+05 3.139574792101752246e+05 3.139482000985080376e+05 3.139402244162985007e+05 3.139325370899728732e+05 3.139231639864304452e+05 3.139125229542003945e+05 3.138995635913934675e+05 3.138853805368086905e+05 3.138688816608297639e+05 3.138639995503092650e+05
4.894179362504220080e+03 3.280178208432330866e+05 3.252172267143469653e+05 3.219127838845091756e+05 3.191201748760878108e+05 3.170927583090728731e+05 3.168200266026521567e+05 3.168128785814757575e+05 3.168057752705265884e+05 3.167988697735837195e+05 3.167909317618752830e+05 3.167822989593571983e+05 3.167725107826773892e+05 3.167570735132514965e+05 3.167406740608569235e+05 3.167360577809365932e+05
4.899179362504220080e+03 3.281911245993501507e+05 3.253840288448407664e+05 3.220630106638193247e+05 3.192074501413253020e+05 3.173068217769107432e+05 3.171796943576392368e+05 3.171727865466178628e+05 3.171660075413207524e+05 3.171594406865646015e+05 3.171520695618041791e+05 3.171441315165702836e+05 3.171352090230390313e+05 3.171211877800889197e+05 3.171063426958991331e+05 3.171020906282839715e+05
4.949179362504220080e+03 3.340114197325709392e+05 3.312045783332913998e+05 3.278648096545361332e+05 3.257632799631413072e+05 3.256126831087408355e+05 3.256062380056526745e+05 3.256002732379538938e+05 3.255945480731250136e+05 3.255890729570966214e+05 3.255834143607493024e+05 3.255775328448023065e+05 3.255710467286639032e+05 3.255606690120584681e+05 3.255502263793310267e+05 3.255455221694363281e+05
4.999179362504220080e+03 3.364483767355831224e+05 3.347800381362901535e+05 3.347247123453504173e+05 3.347179841045399080e+05 3.347117164738859865e+05 3.347058542655037018e+05 3.346980377178080380e+05 3.346886423252297100e+05 3.346792696484372718e+05 3.346650907188597484e+05 3.346481319598326809e+05 3.346269385967416456e+05 3.345877092121748719e+05 3.345365194713977398e+05 3.345270106199303991e+05
5.049179362504220080e+03 3.208945621370764566e+05 3.179995494018564350e+05 3.160416410998321371e+05 3.160277509489004151e+05 3.160215177011857159e+05 3.160156256418822450e+05 3.160100335902035586e+05 3.160047629841411836e+05 3.159997965935257380e+05 3.159948098413103726e+05 3.159895664223815547e+05 3.159839171220158460e+05 3.159749340503753047e+05 3.159659829499726184e+05 3.159634516905621858e+05
5.099179362504220080e+03 3.385052192146840971e+05 3.358619654440780287e+05 3.324190269615691504e+05 3.304049220562149421e+05 3.303597422822334338e+05 3.303524718495669076e+05 3.303449024904732360e+05 3.303368981539472006e+05 3.303286646382106701e+05 3.303179883489271160e+05 3.303048485741399927e+05 3.302885950576533214e+05 3.302574194680367946e+05 3.302202106251862133e+05 3.302141274981706520e+05
5.149179362504220080e+03 3.305361975496603409e+05 3.276573188044773997e+05 3.245057987729376182e+05 3.236998529738516663e+05 3.236937779864323093e+05 3.236878499761216226e+05 3.236821627079487662e+05 3.236765459538889118e+05 3.236706823498763843e+05 3.236643914505970315e+05 3.236571581391727668e+05 3.236486175756413722e+05 3.236322745485959458e+05 3.236116805441896431e+05 3.236076497042183182e+05
5.199179362504220080e+03 3.227913700631189276e+05 3.199705737609732314e+05 3.171380974809996551e+05 3.167246633780295379e+05 3.167183542245680001e+05 3.167125626857758616e+05 3.167070441678281641e+05 3.167015876563834609e+05 3.166960888218239415e+05 3.166903698446644703e+05 3.166841909864731133e+05 3.166773372596207773e+05 3.166656173740931554e+05 3.166529810513676493e+05 3.166497326107158442e+05
5.249179362504220080e+03 3.342030435425848700e+05 3.314280280495763291e+05 3.279656192483308259e+05 3.260478852015642333e+05 3.260093933172022807e+05 3.260018262369272998e+05 3.259942014032244333e+05 3.259853462352174683e+05 3.259761278901048936e+05 3.259640710214092396e+05 3.259497523200102150e+05 3.259325673812092864e+05 3.258994900302642491e+05 3.258577562705043820e+05 3.258510155648707296e+05
5.299179362504220080e+03 3.283431954310987494e+05 3.254650775986626977e+05 3.227908385878742556e+05 3.225500739758985001e+05 3.225440313600027002e+05 3.225385068709813640e+05 3.225329928345507942e+05 3.225270450255880132e+05 3.225208327207650873e+05 3.225137050999131170e+05 3.225057574573184247e+05 3.224964855960500427e+05 3.224786454269617097e+05 3.224562506988335517e+05 3.224523587298927014e+05
5.349179362504220080e+03 3.354569693107352359e+05 3.326180970054107020e+05 3.291825469677981455e+05 3.268586851720311679e+05 3.265830019837544532e+05 3.265762906718021841e+05 3.265696397393518128e+05 3.265620237171279732e+05 3.265539198987453128e+05 3.265439957372123608e+05 3.265322715729856282e+05 3.265182100037941127e+05 3.264903770800540224e+05 3.264564175713639124e+05 3.264511868368844735e+05
5.399179362504220080e+03 3.304532090145884431e+05 3.276682591799313086e+05 3.242292643529059133e+05 3.214336918743344140e+05 3.204186933427812764e+05 3.204122515880113351e+05 3.204060000025875052e+05 3.203982826586019364e+05 3.203894998931569280e+05 3.203779215142095345e+05 3.203633544255626621e+05 3.203440945234897663e+05 3.203019489846397773e+05 3.202465515643488616e+05 3.202378426859003375e+05
5.449179362504220080e+03 3.157277075575970230e+05 3.123638757547471905e+05 3.089678754509037244e+05 3.075474147121308488e+05 3.075305092992595746e+05 3.075239078674529446e+05 3.075180599957726663e+05 3.075114008450642577e+05 3.075042447414755006e+05 3.074962203807240003e+05 3.074870275555520202e+05 3.074760918640792370e+05 3.074547305235014064e+05 3.074326530402334174e+05 3.074292567137570586e+05
5.499179362504220080e+03 3.069806915658783983e+05 3.043065393957326305e+05 3.032771638777822373e+05 3.032711842059859191e+05 3.032650998067837791e+05 3.032594836283588666e+05 3.032549331509518088e+05 3.032495952937172842e+05 3.032438137955620186e+05 3.032371690325409872e+05 3.032294204601656529e+05 3.032193314476832747e+05 3.031944868552181870e+05 3.031616696230936795e+05 3.031568831993712811e+05
5.549179362504220080e+03 2.906316391414360260e+05 2.878119908214731258e+05 2.859945468278118060e+05 2.859865723640535143e+05 2.859797853529660497e+05 2.859728965560773504e+05 2.859653143406668096e+05 2.859560764957460342e+05 2.859461558095451328e+05 2.859334377596990089e+05 2.859175237478134804e+05 2.858978858291170327e+05 2.858568430153370136e+05 2.858144030686786864e+05 2.858093887350176810e+05
5.599179362504220080e+03 2.706155212690607877e+05 2.685080536179576302e+05 2.677869695174890803e+05 2.677818528779302724e+05 2.677767417699628859e+05 2.677722802934178035e+05 2.677680163090800052e+05 2.677634160475454992e+05 2.677585443158856360e+05 2.677531626906890888e+05 2.677470629229841870e+05 2.677397729031452327e+05 2.677243300149895367e+05 2.677076948328028084e+05 2.677053100070612854e+05
5.649179362504220080e+03 2.644595732424668968e+05 2.644552847135520424e+05 2.644501007051538909e+05 2.644459035802484141e+05 2.644418372518880642e+05 2.644382913416552474e+05 2.644353348794656340e+05 2.644319204943991499e+05 2.644282367777456529e+05 2.644242423190281843e+05 2.644196061141187092e+05 2.644131572349971975e+05 2.643945758124392596e+05 2.643673315976469312e+05 2.643636641478149686e+05
5.699179362504220080e+03 2.845179444674417609e+05 2.845137797094200505e+05 2.845093553583474713e+05 2.845067288988014334e+05 2.845033885571773862e+05 2.844979983416001778e+05 2.844928540885117254e+05 2.844851224615543615e+05 2.844754568323786953e+05 2.844614877321784734e+05 2.844419425484245876e+05 2.844131084150122479e+05 2.843430142064553802e+05 2.842458037573767360e+05 2.842307839515456581e+05
5.749179362504220080e+03 2.812425147841259022e+05 2.784361501597690512e+05 2.766318181832678965e+05 2.765989238486372633e+05 2.765732320815281128e+05 2.765363049272895441e+05 2.764847690251151216e+05 2.764293162629015860e+05 2.763875661485228338e+05 2.763173431964860065e+05 2.762267141767790308e+05 2.761158141019948525e+05 2.759236745023005642e+05 2.755435160400934983e+05 2.754777098428790923e+05
5.799179362504220080e+03 2.712057011709181825e+05 2.682694114455328672e+05 2.647733778953543515e+05 2.618712892957737786e+05 2.594442680468435283e+05 2.580303316898729827e+05 2.580196777531995613e+05 2.580049892239178589e+05 2.579895578536558896e+05 2.579691856240910129e+05 2.579423554647033743e+05 2.579078145104535506e+05 2.578328806413873390e+05 2.577557422565940069e+05 2.577478863752708421e+05
5.849179362504220080e+03 2.716897191351266229e+05 2.689656933994560386e+05 2.655760021222615032e+05 2.627237544688205235e+05 2.602141912658757938e+05 2.588171818318379810e+05 2.587854718616110040e+05 2.587661764127520437e+05 2.587452939549858565e+05 2.587135837787157216e+05 2.586724654338760301e+05 2.586172973356173607e+05 2.584986976640430803e+05 2.583643499430323718e+05 2.583476216045556357e+05
5.899179362504220080e+03 2.540815895768284972e+05 2.512329542190654320e+05 2.478609859014963440e+05 2.449985579464321781e+05 2.426244417225281068e+05 2.408021651339884847e+05 2.405825460813798709e+05 2.405715882557040604e+05 2.405583615177505708e+05 2.405414285194502736e+05 2.405198510848677543e+05 2.404914201668502646e+05 2.404259012284376367e+05 2.403593697652618866e+05 2.403531285700479930e+05
5.949179362504220080e+03 2.442554342795221019e+05 2.415074799591333431e+05 2.382282511573091033e+05 2.355139041434051178e+05 2.332366291309255757e+05 2.313796686115617631e+05 2.311526391277107177e+05 2.311404131956358906e+05 2.311266929881419346e+05 2.311099400558348570e+05 2.310890201404717518e+05 2.310610661234286090e+05 2.309963788617085665e+05 2.309305708255791105e+05 2.309248201325322734e+05
5.999179362504220080e+03 2.343419785577011062e+05 2.317317783694292302e+05 2.284880643968455261e+05 2.257602996978008596e+05 2.236683561588168668e+05 2.217991582487023552e+05 2.213580588173827273e+05 2.213486627467284852e+05 2.213354938573976106e+05 2.213174053520808520e+05 2.212933583444994001e+05 2.212598412852558831e+05 2.211848780274489545e+05 2.211123109839946264e+05 2.211077471450071898e+05
6.049179362504220080e+03 2.272695772576919408e+05 2.244425842952478561e+05 2.212282195407030522e+05 2.187457681130099518e+05 2.166255100256777368e+05 2.147778493412243261e+05 2.144810229951741931e+05 2.144723545952512941e+05 2.144593810217656137e+05 2.144412806680626527e+05 2.144169527129159251e+05 2.143817695353623712e+05 2.143037239047704497e+05 2.142251486072088883e+05 2.142201507559536549e+05
6.099179362504220080e+03 2.238661259213500598e+05 2.211016594977492350e+05 2.179724127264273411e+05 2.154321888820357563e+05 2.132747260469836474e+05 2.113894576693468553e+05 2.111913724424976390e+05 2.111816119062380749e+05 2.111675585333232593e+05 2.111476576875489263e+05 2.111196285132952617e+05 2.110846424066145264e+05 2.110055044975408236e+05 2.109212389271722059e+05 2.109155579715424101e+05
6.149179362504220080e+03 2.217269640855614271e+05 2.189432561151300615e+05 2.156678699728998472e+05 2.130124619539422856e+05 2.108243691920444544e+05 2.093936286607320653e+05 2.093616996467577992e+05 2.093517880981914641e+05 2.093377900067407172e+05 2.093184018361073686e+05 2.092946818410649721e+05 2.092644282576064288e+05 2.091852581229653733e+05 2.091062426796305808e+05 2.091002611577297503e+05
6.199179362504220080e+03 2.203614671472278715e+05 2.175360950955107692e+05 2.142864134724132891e+05 2.116573420050044660e+05 2.093258670537568396e+05 2.082877564693568856e+05 2.082813428422228317e+05 2.082709288433870533e+05 2.082567504022876674e+05 2.082374271268060547e+05 2.082124824571468052e+05 2.081711650428985013e+05 2.080805153504587361e+05 2.079965882328289154e+05 2.079899414209844836e+05
6.249179362504220080e+03 2.173998592510228918e+05 2.145759869656692317e+05 2.112967248962792801e+05 2.086013777603951748e+05 2.062195671339946857e+05 2.051627702495806152e+05 2.051570724619576940e+05 2.051488785445571702e+05 2.051392244433263259e+05 2.051307065568509570e+05 2.050855950819053396e+05 2.050091821152787597e+05 2.049545196303357079e+05 2.048870083098679606e+05 2.048455949607815710e+05
6.299179362504220080e+03 2.155836655618023942e+05 2.127559183946865669e+05 2.095170847702185274e+05 2.069532837247075513e+05 2.047873383268891484e+05 2.041470449357631442e+05 2.041421641324986704e+05 2.041344741411975701e+05 2.041249359528991918e+05 2.041172781390766904e+05 2.040946535007567436e+05 2.040159091873478610e+05 2.039948154785461957e+05 2.039176994495837716e+05 2.038616071670476813e+05
6.349179362504220080e+03 2.141758440473069204e+05 2.112924240945114288e+05 2.080423717168834410e+05 2.054441256936655263e+05 2.033965015327431029e+05 2.030911675512834045e+05 2.030873889996865182e+05 2.030748849685894384e+05 2.030529837525073381e+05 2.030473062046564883e+05 2.030165660792365961e+05 2.029147706291281502e+05 2.029104206787094008e+05 2.028525853881541698e+05 2.027961334621133574e+05
6.399179362504220080e+03 2.113821048908662342e+05 2.084346084504018945e+05 2.051898180771445332e+05 2.026655056187931914e+05 2.006678459843039745e+05 2.003803875639119651e+05 2.003766785388448334e+05 2.003621398572874605e+05 2.003369018739332969e+05 2.003214606912087474e+05 2.003032152488448191e+05 2.002905051852173929e+05 2.002900235827291326e+05 2.002349923513202812e+05 2.001864597285156487e+05
6.449179362504220080e+03 2.124717458723280870e+05 2.097634048170799215e+05 2.064412892743327538e+05 2.035411451677549339e+05 2.017340774636333226e+05 2.016952769631033007e+05 2.016913623109133332e+05 2.016704394560437067e+05 2.016603310121165996e+05 2.016540873586074158e+05 2.015867854166799225e+05 2.015690478224744438e+05 2.015682404122678563e+05 2.014688643996232422e+05 2.014310609082437586e+05
6.499179362504220080e+03 2.164112296585931326e+05 2.135246723409105325e+05 2.101548313639415719e+05 2.072488409822070389e+05 2.056361813452909410e+05 2.056195282352043141e+05 2.056155747637645400e+05 2.055939542901539535e+05 2.055819372307164012e+05 2.055753932988944580e+05 2.055031838473615935e+05 2.054860874387352960e+05 2.054851998110440327e+05 2.054222422467002471e+05 2.054083194085412833e+05
6.549179362504220080e+03 2.119390982674454863e+05 2.091352679200411367e+05 2.058629449883182242e+05 2.031124480086124095e+05 2.015733141796062991e+05 2.015549425591315085e+05 2.015507693926417851e+05 2.015263145463002438e+05 2.015124990769432334e+05 2.015049062931908411e+05 2.014214893238727527e+05 2.014016242428491241e+05 2.014007656511225214e+05 2.013073263695477217e+05 2.012906045004385523e+05
6.599179362504220080e+03 2.196136007301590871e+05 2.174264734324542515e+05 2.141353798578335263e+05 2.111139066422584874e+05 2.091215140439592651e+05 2.090754792460886820e+05 2.090720855510394031e+05 2.090539241621681722e+05 2.090433774722372764e+05 2.090375836509125656e+05 2.089804986876400071e+05 2.089674505471549346e+05 2.089666003730444063e+05 2.089473517954320123e+05 2.089383777354590129e+05
6.649179362504220080e+03 2.141448242748151242e+05 2.114101416153621976e+05 2.082247779809959757e+05 2.055152024803998065e+05 2.041712606794809108e+05 2.041636659520185785e+05 2.041592420979125309e+05 2.041338848379094852e+05 2.041174151800846448e+05 2.041083438384069887e+05 2.040278871714442503e+05 2.040108695854236139e+05 2.040099757115701796e+05 2.039851835249555879e+05 2.039726724239350297e+05
6.699179362504220080e+03 2.108847284908164875e+05 2.081463627889127238e+05 2.049318586345308868e+05 2.021570447505243937e+05 2.008261258060537803e+05 2.008222312925509177e+05 2.008188856984808226e+05 2.008086167526057980e+05 2.007976077034721384e+05 2.007915398149744433e+05 2.007294152131737210e+05 2.007215461358801404e+05 2.007207189407761325e+05 2.007106922726079938e+05 2.007055984361548908e+05
6.749179362504220080e+03 2.093727047663260018e+05 2.065795927111103083e+05 2.034146622505611740e+05 2.007877652905299328e+05 1.997734194037096167e+05 1.997694122099098749e+05 1.997657704940244439e+05 1.997559163110225345e+05 1.997460536344886059e+05 1.997387463027042395e+05 1.996632291282789956e+05 1.996544494378732343e+05 1.996536187177103420e+05 1.996426578600664507e+05 1.996366504299871449e+05
6.799179362504220080e+03 2.094812400604718423e+05 2.066608346280143887e+05 2.034484345392388059e+05 2.009329513704776764e+05 2.002100340352657659e+05 2.002062004081970663e+05 2.002025914511466399e+05 2.001893325144771952e+05 2.001772745271862659e+05 2.001735706365891092e+05 2.001051831585170585e+05 2.000972191225634888e+05 2.000964931322346383e+05 2.000870149319964112e+05 2.000819181130843062e+05
6.849179362504220080e+03 2.091002031852699874e+05 2.063019870000318333e+05 2.030744924508718832e+05 2.006166872737248777e+05 2.000752657442620839e+05 2.000714213513667637e+05 2.000676959683616878e+05 2.000546730377682543e+05 2.000409132058302639e+05 2.000368032119692944e+05 1.999697893469075207e+05 1.999628050445563858e+05 1.999621469273047987e+05 1.999537185797576094e+05 1.999490024914056703e+05
6.899179362504220080e+03 2.085414184885410650e+05 2.056812024487124581e+05 2.024376352501569781e+05 2.000665438188496919e+05 1.996589777292770741e+05 1.996550716817619686e+05 1.996512020505092805e+05 1.996345069783581421e+05 1.996203012078591273e+05 1.996131133974559780e+05 1.995481022777923208e+05 1.995448833845866611e+05 1.995447161788097001e+05 1.995411901081977412e+05 1.995390189026019361e+05
6.949179362504220080e+03 2.094081360248741403e+05 2.068232721123814699e+05 2.035870057362060470e+05 2.010994823311419750e+05 2.005017761567230918e+05 2.004978079110363906e+05 2.004940756085806643e+05 2.004904466038451937e+05 2.004567563930901815e+05 2.004380641355477273e+05 2.003902568156096386e+05 2.003888195008200419e+05 2.003873020880824479e+05 2.003836910980584798e+05 2.003759409040946339e+05
6.999179362504220080e+03 2.084856257163210539e+05 2.062784435820394428e+05 2.031860124281122698e+05 2.008426994466968463e+05 2.003459224950457283e+05 2.003417353589602280e+05 2.003379739316485066e+05 2.003340003232098534e+05 2.003015363519390812e+05 2.002712257203540648e+05 2.002265566663893405e+05 2.002258277499018004e+05 2.002234666349360195e+05 2.002169343250794918e+05 2.002166383883785747e+05
7.049179362504220080e+03 2.087960838456499914e+05 2.060476900111674913e+05 2.027854935550148657e+05 2.005929505461210792e+05 2.003920900087557966e+05 2.003883134446150216e+05 2.003848090930464678e+05 2.003817806208845286e+05 2.003460599243346660e+05 2.003054788801670948e+05 2.002516398158778611e+05 2.002508928125863313e+05 2.002470908672822989e+05 2.002400679139871208e+05 2.002399514256762923e+05
7.099179362504220080e+03 2.083401371558981482e+05 2.051562393140679924e+05 2.018449556837793207e+05 1.999925972517257906e+05 1.999434195847682713e+05 1.999389948392148071e+05 1.999351980151793978e+05 1.999327122223126935e+05 1.998910779192328628e+05 1.998556522985229967e+05 1.998055926368432119e+05 1.998050081644052407e+05 1.998032193693023000e+05 1.997993344216881087e+05 1.997991337073742761e+05
7.149179362504220080e+03 2.081179244588275324e+05 2.050930385959469131e+05 2.017158291811734089e+05 2.001704863210313779e+05 2.001668884055012313e+05 2.001637248115948169e+05 2.001615066867327841e+05 2.001602049939948774e+05 2.001327711327998259e+05 2.000581491221266333e+05 1.991563231367279659e+05 1.991517188940068590e+05 1.991435244306475797e+05 1.991203054283294186e+05 1.991198207175615244e+05
7.199179362504220080e+03 2.069374019713831949e+05 2.041154713970180892e+05 2.008567637383119436e+05 1.995606431762808352e+05 1.995573090609500941e+05 1.995542966759226110e+05 1.995522716146851308e+05 1.995500972508211562e+05 1.995250301846636576e+05 1.994710897092722298e+05 1.991374669468468346e+05 1.989474702758525964e+05 1.988297672926921514e+05 1.988257795902234502e+05 1.988254230948961631e+05
7.249179362504220080e+03 2.062094391349285142e+05 2.033584126565590850e+05 2.001474938508374325e+05 1.989668741997390462e+05 1.989635400476091017e+05 1.989603970062009757e+05 1.989581707483204664e+05 1.989567707660059095e+05 1.989262460739319213e+05 1.989056291261147999e+05 1.987189375324650027e+05 1.985574875216312648e+05 1.985571544571498234e+05 1.985565546420166211e+05 1.985561600301797735e+05
7.299179362504220080e+03 2.058927228450049006e+05 2.030605848034670344e+05 1.998668919138807105e+05 1.988224366872148239e+05 1.988192449935986660e+05 1.988162552628495905e+05 1.988141615545371023e+05 1.988129008613058249e+05 1.987833641414973536e+05 1.987735259603170853e+05 1.986498273962580133e+05 1.985238564481249196e+05 1.985235162012310175e+05 1.985229694639367517e+05 1.985226100381892466e+05
7.349179362504220080e+03 2.057068101413636177e+05 2.028661650658503931e+05 1.996352867258655606e+05 1.984689555986602500e+05 1.984657710675144044e+05 1.984627175961613830e+05 1.984605266943817260e+05 1.984584615340766031e+05 1.984007382120424008e+05 1.983735702812603267e+05 1.982903944733567478e+05 1.981934926027921028e+05 1.981932188856165740e+05 1.981927771328291274e+05 1.981924741871658480e+05
7.399179362504220080e+03 2.057751292758023192e+05 2.029245072002160014e+05 1.997322470027727250e+05 1.986995678152945766e+05 1.986963814151799888e+05 1.986934006786975369e+05 1.986912969076327281e+05 1.986890450515894045e+05 1.986476120340829657e+05 1.986224004796774825e+05 1.986155760628843855e+05 1.986096395133154583e+05 1.986091070534455066e+05 1.986083950735321851e+05 1.986080198979580891e+05
7.449179362504220080e+03 2.054673497853953158e+05 2.026270231775115535e+05 1.994133587022592837e+05 1.982158786818975932e+05 1.982124172516270482e+05 1.982090757819862338e+05 1.982067050368562341e+05 1.982040273598443018e+05 1.981322160365330928e+05 1.980827002626018366e+05 1.980733643156383478e+05 1.980633866024618910e+05 1.980630339439836098e+05 1.980626242097311188e+05 1.980623544955482939e+05
7.499179362504220080e+03 2.053847171516055823e+05 2.025957406902810617e+05 1.994297873474595544e+05 1.983952958447300189e+05 1.983919272639476694e+05 1.983890319000047166e+05 1.983872314971709275e+05 1.983839189379857271e+05 1.983120076584931230e+05 1.982655142451612919e+05 1.982574871685653634e+05 1.982470206786523922e+05 1.982468313738373399e+05 1.982465913825133175e+05 1.982463522146285686e+05
7.549179362504220080e+03 2.051812477156883979e+05 2.023236377815544547e+05 1.991290655991468520e+05 1.980141252713090507e+05 1.980104103829000960e+05 1.980070690511993889e+05 1.980047259032485017e+05 1.980022431320499745e+05 1.979762860734919377e+05 1.979726509104084398e+05 1.979717973491638259e+05 1.979709242874882475e+05 1.979706570208651538e+05 1.979703433624127065e+05 1.979700373734532041e+05
7.599179362504220080e+03 2.050814140285867616e+05 2.022500381945942063e+05 1.991069754312497971e+05 1.981972463859496056e+05 1.981939550243057020e+05 1.981909341749461892e+05 1.981887766127061914e+05 1.981855827548972738e+05 1.981677739194329188e+05 1.981650633953342040e+05 1.981649619345876854e+05 1.981648305276488827e+05 1.981646248473263695e+05 1.981643845580492343e+05 1.981641574461510172e+05
7.649179362504220080e+03 2.051475784293264442e+05 2.022870429351013154e+05 1.991853875873522775e+05 1.983693525957015518e+05 1.983659923064780305e+05 1.983632955787824176e+05 1.983572427521320060e+05 1.983492528205570125e+05 1.983365825951496954e+05 1.983316975164292962e+05 1.983316190551937907e+05 1.983315010228863684e+05 1.983313135487421823e+05 1.983310929522941879e+05 1.983308840042517113e+05
7.699179362504220080e+03 2.049896284376788244e+05 2.021446870518286305e+05 1.990833097164177452e+05 1.983451153792893456e+05 1.983414092279418546e+05 1.983378405369092361e+05 1.983335867528324889e+05 1.983021397800428385e+05 1.982713244688388077e+05 1.982712139878093149e+05 1.982710871169163729e+05 1.982708772654040076e+05 1.982706751706964569e+05 1.982704690693505690e+05 1.982702790024497663e+05
7.749179362504220080e+03 2.050061288080684899e+05 2.021559699680968770e+05 1.990738043578109064e+05 1.983081928232217033e+05 1.983045085557441926e+05 1.983008817392540514e+05 1.982961451878382359e+05 1.982657046679380001e+05 1.982363847333005688e+05 1.982362754412862123e+05 1.982361299077699368e+05 1.982359420339552162e+05 1.982358118703256769e+05 1.982356689899931662e+05 1.982355403796459723e+05
7.799179362504220080e+03 2.050308005195099395e+05 2.021773084782639635e+05 1.990633669650840457e+05 1.982213395805591135e+05 1.982175895524746447e+05 1.982136976408753253e+05 1.982068207582128234e+05 1.981744067344208597e+05 1.981369228614031745e+05 1.981367448590800923e+05 1.981364054385691416e+05 1.981360000651051523e+05 1.981358299674679583e+05 1.981356136685104284e+05 1.981354258073976671e+05
7.849179362504220080e+03 2.051268664269875444e+05 2.022749607110146608e+05 1.992037990840163839e+05 1.984979252634866862e+05 1.984944803853103658e+05 1.984908407929865934e+05 1.984840145540091326e+05 1.984456809146239539e+05 1.983720393614989589e+05 1.983718609515599965e+05 1.983713241244757373e+05 1.983706764950615470e+05 1.983704887562974181e+05 1.983702211065590091e+05 1.983700106119548145e+05
7.899179362504220080e+03 2.052500999828952481e+05 2.024479439186502714e+05 1.993394860955124022e+05 1.985297687385072641e+05 1.985249193474647764e+05 1.985206439591129019e+05 1.985175457175515767e+05 1.985065316297418904e+05 1.985038171817705734e+05 1.985037319556521543e+05 1.985036635146783956e+05 1.985035703186017927e+05 1.985033690446023829e+05 1.985031443884472537e+05 1.985029325399239897e+05
7.949179362504220080e+03 2.052477737483760866e+05 2.024800486391310988e+05 1.993319740999507485e+05 1.983673360252334387e+05 1.983644787709859665e+05 1.983522363333209942e+05 1.983481513666983519e+05 1.983346847658155893e+05 1.983302737561834219e+05 1.983296932209935912e+05 1.983295809360287967e+05 1.983294084153827862e+05 1.983292087691716733e+05 1.983289836605037563e+05 1.983287698659294110e+05
7.999179362504220080e+03 2.056602966469705862e+05 2.028057505065459118e+05 1.996506699089352624e+05 1.987076514282103162e+05 1.987066023366082227e+05 1.986952659138414019e+05 1.986748320671589754e+05 1.986709324226839235e+05 1.986707436816998816e+05 1.986704893117853208e+05 1.986702388712178799e+05 1.986699818903890846e+05 1.986697224169603724e+05 1.986693913555924373e+05 1.986691058946329576e+05
8.049179362504220080e+03 2.054044186528305290e+05 2.025631210123849742e+05 1.994059690484660096e+05 1.985069197273189493e+05 1.985059746301073174e+05 1.984957164382719493e+05 1.984751336656222411e+05 1.984728548603174859e+05 1.984727350374688976e+05 1.984725657486786658e+05 1.984723804035733046e+05 1.984721813595812418e+05 1.984719937485803675e+05 1.984717864504607569e+05 1.984716189142041258e+05
8.099179362504220080e+03 2.053336046077236824e+05 2.024970558313515212e+05 1.994047470355475380e+05 1.986118336083454196e+05 1.986107196800458187e+05 1.985982871331111819e+05 1.985724327027541294e+05 1.985699031633413979e+05 1.985697856426979415e+05 1.985696644044076384e+05 1.985695403522426204e+05 1.985694284597926599e+05 1.985692905982844823e+05 1.985691096573450195e+05 1.985689581512567238e+05
8.149179362504220080e+03 2.054069349924499693e+05 2.025288573260291887e+05 1.994575914464224770e+05 1.987264894342187035e+05 1.987246725153750449e+05 1.987112637878917158e+05 1.986910840613138280e+05 1.986902565484687802e+05 1.986901757900200610e+05 1.986900493793657224e+05 1.986899212626438530e+05 1.986898069878667593e+05 1.986896542714951793e+05 1.986894554730409291e+05 1.986892949612199154e+05
8.199179362504219171e+03 2.055062464125341212e+05 2.025674636086274404e+05 1.996421381195150607e+05 1.992490328656506026e+05 1.992405046650493459e+05 1.992156294191293127e+05 1.992093530194183113e+05 1.992089800732831063e+05 1.992084764528051019e+05 1.992079327836057928e+05 1.992073709542304859e+05 1.992067201603358844e+05 1.992060144101038459e+05 1.992052873725364916e+05 1.992047138675001333e+05
8.249179362504219171e+03 2.053604471342709439e+05 2.025279425883546646e+05 1.996551025439482764e+05 1.992331010470481706e+05 1.992345290814093314e+05 1.992004865665907855e+05 1.991934172156246495e+05 1.991931793230715848e+05 1.991928480915268301e+05 1.991924927405045892e+05 1.991921308629999694e+05 1.991918120294588443e+05 1.991914823986162955e+05 1.991910945958654047e+05 1.991907962031477946e+05
8.299179362504219171e+03 2.055902519514028972e+05 2.027307290974177013e+05 1.999183332266741490e+05 1.995540443639863224e+05 1.995500136349582754e+05 1.995187572258492582e+05 1.995129710133876943e+05 1.995127982554622286e+05 1.995126199565448042e+05 1.995124252369619498e+05 1.995122276145789365e+05 1.995119751291726134e+05 1.995117052576489514e+05 1.995114159531815676e+05 1.995111889758892648e+05
8.349179362504219171e+03 2.070638812306843756e+05 2.042064583147779922e+05 2.017938535189533723e+05 2.017323486233490403e+05 2.017230350993108004e+05 2.015238842136962630e+05 1.999706093001569679e+05 1.999404223037528573e+05 1.999402551378754142e+05 1.999400475979013136e+05 1.999398117902542872e+05 1.999395476098635118e+05 1.999392599166943401e+05 1.999389433148039097e+05 1.999386837500823895e+05
8.399179362504219171e+03 2.075585419047255418e+05 2.047118918813493510e+05 2.024498520372696803e+05 2.024242094806225505e+05 2.024131185721638612e+05 2.022154201196274953e+05 2.003159118578911584e+05 2.002629898340157524e+05 2.002628256343175599e+05 2.002626043899801443e+05 2.002623538414716895e+05 2.002620677202074730e+05 2.002617813111982541e+05 2.002614803897744277e+05 2.002612245504090097e+05
8.449179362504219171e+03 2.077936434043101617e+05 2.049582660959847271e+05 2.028336035264582315e+05 2.028230199168768013e+05 2.028095409414450987e+05 2.025748008897211694e+05 2.004667323525144602e+05 2.004051316898107762e+05 2.004049504514336004e+05 2.004047120082048350e+05 2.004044635835087392e+05 2.004041950873333844e+05 2.004039193127803155e+05 2.004036155283497937e+05 2.004033624335281493e+05
8.499179362504219171e+03 2.082960211998438463e+05 2.054502965099359571e+05 2.036839488659323542e+05 2.036818383428848465e+05 2.036580410679759807e+05 2.023823834620285488e+05 1.998980666278292192e+05 1.997704173265500576e+05 1.997697653413285152e+05 1.997689937496592174e+05 1.997682212444776669e+05 1.997672758308886550e+05 1.997663818128465500e+05 1.997656004924803274e+05 1.997649342714629311e+05
8.549179362504219171e+03 2.080701944713591947e+05 2.052240640355412907e+05 2.034569039683352748e+05 2.034549579619794968e+05 2.034331307926679729e+05 2.023045460670084576e+05 2.001706384440358961e+05 2.000625637616018066e+05 2.000618798971217475e+05 2.000610280061417143e+05 2.000601620373344922e+05 2.000590717305848084e+05 2.000579727505276969e+05 2.000570345776838658e+05 2.000562875742679462e+05
8.599179362504219171e+03 2.081408567400320608e+05 2.052944402667955437e+05 2.035250972950165451e+05 2.035231857028213271e+05 2.035138916335041285e+05 2.031557137943603739e+05 2.005492830530301144e+05 2.004708382294294133e+05 2.004702068200121576e+05 2.004695159540751483e+05 2.004687961237207055e+05 2.004680480349262943e+05 2.004672710492807673e+05 2.004664269157499366e+05 2.004656861514119664e+05
8.649179362504219171e+03 2.079360132098956674e+05 2.050906640117285133e+05 2.033212002908252180e+05 2.033191441424120276e+05 2.033111560940799536e+05 2.013345484550865367e+05 2.007036860527372628e+05 2.006249443330069189e+05 2.006240767694808310e+05 2.006232068863661843e+05 2.006223657921258418e+05 2.006214413642204890e+05 2.006205123839627777e+05 2.006195675719268911e+05 2.006187999299243966e+05
8.699179362504219171e+03 2.076277365477181738e+05 2.047812237850677338e+05 2.030152477957812662e+05 2.030133184431532281e+05 2.030056591775544512e+05 2.012431100154517044e+05 2.007032828957283637e+05 2.006345363681552990e+05 2.006337765087563312e+05 2.006329020775805111e+05 2.006320486747586692e+05 2.006311231119804725e+05 2.006302012512780493e+05 2.006292624048910802e+05 2.006285012875431566e+05
8.749179362504219171e+03 2.078055273373090313e+05 2.049424798466571956e+05 2.031067975971265987e+05 2.031049368251804844e+05 2.030959849089178024e+05 2.011546711249065702e+05 2.006514703248642327e+05 2.005893334374072438e+05 2.005885627914164215e+05 2.005876786052417883e+05 2.005868145387102268e+05 2.005858155566235655e+05 2.005848893877770170e+05 2.005839549374058552e+05 2.005832000611869444e+05
8.799179362504219171e+03 2.074304728653853817e+05 2.045817951725624152e+05 2.027198255824536609e+05 2.027180134929740743e+05 2.027078362704679894e+05 2.013378025513694447e+05 2.007211450710184290e+05 2.006537595844568568e+05 2.006530190435762051e+05 2.006521731492177933e+05 2.006513425473507086e+05 2.006504187733926228e+05 2.006494857264352031e+05 2.006485923990995216e+05 2.006478722545192868e+05
8.849179362504219171e+03 2.072157846043899481e+05 2.043698183317303192e+05 2.025940570380755526e+05 2.025922780042038357e+05 2.007505767873465666e+05 2.006697064543470333e+05 2.006302038826358039e+05 2.006245170283871412e+05 2.006238156874025590e+05 2.006230261050023255e+05 2.006222472799764946e+05 2.006213390106333245e+05 2.006204845261053997e+05 2.006196155242690293e+05 2.006189263579644030e+05
8.899179362504219171e+03 2.069759436468631611e+05 2.041294934857256885e+05 2.023525588342533447e+05 2.023507782172500738e+05 2.008140601883944473e+05 2.007755607795391115e+05 2.007583432614319026e+05 2.007557105754426448e+05 2.007551253026137128e+05 2.007544653693654982e+05 2.007538061043283087e+05 2.007530580530779262e+05 2.007523049464699579e+05 2.007515383239905350e+05 2.007509316294598975e+05
8.949179362504219171e+03 2.067040037421897578e+05 2.038557244824483059e+05 2.020213835155983397e+05 2.020197199495228997e+05 2.007311999146759626e+05 2.007132443496220803e+05 2.007067761912700662e+05 2.007053973946600745e+05 2.007050004660871055e+05 2.007045663635285455e+05 2.007041345705254062e+05 2.007036786404649029e+05 2.007031645696522319e+05 2.007026593889603391e+05 2.007022546575875895e+05
8.999179362504219171e+03 2.065213831390569394e+05 2.036798663440582459e+05 2.019010148544113908e+05 2.018993538058260456e+05 2.006965541104729054e+05 2.006833580055249040e+05 2.006788690427864785e+05 2.006775934276716143e+05 2.006772420681497606e+05 2.006768591106320964e+05 2.006764784215990803e+05 2.006760715892078588e+05 2.006756334688801726e+05 2.006751641013823391e+05 2.006748082871845982e+05
9.049179362504219171e+03 2.062883098775844264e+05 2.034422292167632841e+05 2.016627227269419818e+05 2.016610107929788355e+05 2.008286447706290346e+05 2.008206004733121663e+05 2.008175639077173255e+05 2.008163807756625174e+05 2.008159888874939061e+05 2.008155497917726170e+05 2.008151050884952419e+05 2.008146250569932454e+05 2.008140798485998239e+05 2.008136293749540928e+05 2.008132620412258548e+05
9.099179362504219171e+03 2.060810640068690700e+05 2.032352274331786321e+05 2.014558516715755977e+05 2.014541198145617673e+05 2.006823245824573096e+05 2.006764434134556795e+05 2.006742382983227726e+05 2.006733397632982233e+05 2.006729874659131165e+05 2.006725836010845087e+05 2.006721650144356536e+05 2.006717189034690382e+05 2.006712029801024182e+05 2.006707773752850771e+05 2.006704323411191290e+05
9.149179362504219171e+03 2.059104647734492901e+05 2.030658020125963085e+05 2.012858910136232735e+05 2.012840905525394483e+05 2.008238760560358351e+05 2.008210133383935608e+05 2.008194269441403449e+05 2.008185383769964101e+05 2.008181423267139471e+05 2.008176934587600117e+05 2.008172317602637049e+05 2.008167459079306864e+05 2.008161825360692455e+05 2.008157184795605426e+05 2.008153403338182543e+05
9.199179362504219171e+03 2.055380858442630270e+05 2.026881522885261511e+05 2.007833035860050877e+05 2.007818040335294208e+05 2.006906082507572137e+05 2.006893372916102526e+05 2.006883542584411625e+05 2.006876648681618972e+05 2.006872908077133470e+05 2.006869082714137621e+05 2.006865412145318114e+05 2.006861590882558667e+05 2.006857554832634632e+05 2.006853981385868683e+05 2.006851056059857656e+05
9.249179362504219171e+03 2.053870630328428233e+05 2.024575412737692241e+05 2.005190423030141101e+05 2.003928051898761187e+05 2.003787805105875887e+05 2.003728120177446399e+05 2.003708385087420174e+05 2.003699326906393399e+05 2.003693090259561432e+05 2.003686512715779245e+05 2.003680228855865716e+05 2.003673810789600248e+05 2.003666779437339574e+05 2.003660782389572705e+05 2.003656038321689703e+05
9.299179362504219171e+03 2.051363278180597990e+05 2.022898943698187650e+05 2.005173150025099458e+05 2.005089856979325996e+05 2.005058637093622820e+05 2.005035054069299658e+05 2.005016462309816561e+05 2.005006788627130736e+05 2.005000983715849579e+05 2.004994821773417934e+05 2.004988568358672201e+05 2.004982180228010111e+05 2.004974937084971752e+05 2.004968694608306396e+05 2.004963613174707571e+05
9.349179362504219171e+03 2.048118051496617845e+05 2.019699132948970655e+05 2.003014361457574414e+05 2.002833114439912024e+05 2.002786953349839605e+05 2.002747150146081403e+05 2.002713344278889999e+05 2.002699257735233114e+05 2.002691295206944342e+05 2.002682888972063665e+05 2.002674666170903947e+05 2.002666507089424995e+05 2.002657683164261980e+05 2.002649933473136334e+05 2.002643626619019196e+05
9.399179362504219171e+03 2.044598910914403095e+05 2.016186034400868521e+05 2.000891548295813554e+05 2.000349661985733837e+05 2.000269795939285250e+05 2.000193191554808291e+05 2.000143184069150011e+05 2.000127907670522400e+05 2.000119632549996022e+05 2.000110733207263402e+05 2.000101909898742160e+05 2.000092954129205900e+05 2.000083124854651105e+05 2.000074595235809102e+05 2.000067778027055319e+05
9.449179362504219171e+03 2.043036705745916115e+05 2.014793529227300896e+05 2.002848643695983046e+05 2.002441758523955068e+05 2.002372055597972940e+05 2.002304125979542441e+05 2.002254216400013538e+05 2.002245279874423577e+05 2.002237169167885149e+05 2.002228467565582250e+05 2.002219824592609075e+05 2.002210954802351189e+05 2.002201280061044672e+05 2.002192815578092705e+05 2.002186033717437531e+05
9.499179362504219171e+03 2.039923633935169200e+05 2.012134966155193688e+05 1.999190863068559556e+05 1.998684866839339375e+05 1.998666679436041741e+05 1.998630746495067142e+05 1.998601914143303584e+05 1.998594243078251020e+05 1.998585390430746193e+05 1.998576137469114037e+05 1.998567189914166229e+05 1.998557952607854677e+05 1.998548822782091738e+05 1.998540290782285156e+05 1.998533586487010471e+05
9.549179362504219171e+03 2.038931066002888547e+05 2.011189157900885912e+05 2.000239678024779714e+05 1.999860006061040622e+05 1.999845449898476072e+05 1.999813828041631787e+05 1.999779607396984065e+05 1.999770748913022107e+05 1.999760250088995090e+05 1.999749320982723730e+05 1.999738630552256654e+05 1.999727527307743148e+05 1.999716636627138068e+05 1.999706323457150429e+05 1.999698158434348879e+05
9.599179362504219171e+03 2.037173295259418082e+05 2.009463987091053568e+05 1.998644429182750464e+05 1.998163086624085263e+05 1.998147474649377691e+05 1.998116605042166193e+05 1.998079563311359379e+05 1.998070528920772194e+05 1.998059796283552423e+05 1.998048606362951687e+05 1.998037663324445602e+05 1.998026247973285499e+05 1.998015017208561767e+05 1.998004336458353791e+05 1.997995877203251584e+05
9.649179362504219171e+03 2.034086046765151259e+05 2.006560324317693303e+05 1.995788231893483608e+05 1.995084182958867750e+05 1.995067543549838592e+05 1.995036937401923933e+05 1.995001314133354172e+05 1.994992334145693458e+05 1.994981655929604312e+05 1.994970538501285482e+05 1.994959644475561217e+05 1.994948272109543323e+05 1.994937101964264293e+05 1.994926416487633833e+05 1.994917966523679206e+05
9.699179362504219171e+03 2.035153924165442295e+05 2.007809902079395251e+05 1.998716817723099375e+05 1.998558242615831841e+05 1.998546536500089569e+05 1.998523546788975655e+05 1.998498273848338285e+05 1.998489547431097017e+05 1.998479096629738342e+05 1.998468232891020598e+05 1.998457575366991223e+05 1.998446485897805542e+05 1.998435570570850105e+05 1.998425048241376062e+05 1.998416727534806123e+05
9.749179362504219171e+03 2.036483711367015785e+05 2.009520846285884036e+05 1.996526462727071485e+05 1.996338348273797892e+05 1.996293106972575770e+05 1.996222118263762677e+05 1.996189374925516022e+05 1.996181010937924148e+05 1.996171180549092824e+05 1.996160757362134173e+05 1.996150536096469732e+05 1.996139643260823796e+05 1.996128881503635785e+05 1.996118637105922098e+05 1.996110518536960590e+05
9.799179362504219171e+03 2.032229965575110691e+05 2.005354626663377276e+05 1.994330992965576879e+05 1.994250779353935504e+05 1.994228820481496223e+05 1.994197588520959252e+05 1.994177751098471635e+05 1.994169817110722652e+05 1.994160527355624654e+05 1.994150750670352718e+05 1.994141042314522783e+05 1.994130767243058071e+05 1.994120554348432925e+05 1.994110730383422342e+05 1.994102959523606405e+05
9.849179362504219171e+03 2.031987138819305110e+05 2.005233876214579795e+05 1.993932470602319227e+05 1.993792302950635203e+05 1.993760293857796933e+05 1.993722836422370747e+05 1.993699665882661648e+05 1.993692279854147928e+05 1.993683868671135860e+05 1.993675020840058860e+05 1.993666252628515940e+05 1.993656962496691849e+05 1.993647737939209619e+05 1.993638938980914827e+05 1.993631963399868691e+05
9.899179362504219171e+03 2.032507866696612909e+05 2.005869450449504657e+05 1.995055053229702753e+05 1.994952037313344190e+05 1.994929234905728663e+05 1.994901097040492750e+05 1.994882236651373969e+05 1.994874357711800258e+05 1.994865756274831365e+05 1.994856812832811847e+05 1.994848028321741149e+05 1.994838803874619480e+05 1.994829627224647265e+05 1.994820877713743830e+05 1.994813899708599492e+05
9.949179362504219171e+03 2.030820144377424440e+05 2.004109208530613105e+05 1.992028040506229445e+05 1.992018038735462760e+05 1.992004731078559125e+05 1.991986012559855590e+05 1.991972717144647904e+05 1.991964578355787380e+05 1.991955817912904022e+05 1.991946690171184600e+05 1.991937698156914848e+05 1.991928186598565371e+05 1.991918709171008086e+05 1.991909684876915417e+05 1.991902469253399177e+05
9.999179362504219171e+03 2.030574527476154326e+05 2.004376526578123448e+05 1.991857081036858144e+05 1.991825133037199848e+05 1.991806056966538308e+05 1.991769936747980537e+05 1.991749268232426257e+05 1.991739069144860841e+05 1.991728643617937923e+05 1.991718023346336267e+05 1.991707547592949704e+05 1.991696528931807261e+05 1.991685578671518888e+05 1.991675091618627193e+05 1.991666693284087232e+05
1.004917936250421917e+04 2.030015623685006576e+05 2.003981843592934310e+05 1.991696903350045031e+05 1.991664597185273306e+05 1.991646510368053277e+05 1.991609653595503187e+05 1.991586632527736656e+05 1.991575620095005725e+05 1.991564368089127529e+05 1.991552936755242990e+05 1.991541667430750676e+05 1.991529808094749460e+05 1.991518044281846087e+05 1.991506730171969975e+05 1.991497732900163683e+05
1.009917936250421917e+04 2.029007523849245918e+05 2.002884147079950199e+05 1.989123078176597483e+05 1.989089441643873288e+05 1.989071175022246025e+05 1.989033646780884301e+05 1.989009109593323956e+05 1.988997724530993728e+05 1.988986163928101887e+05 1.988974467274162162e+05 1.988962927419657935e+05 1.988950684261166316e+05 1.988938496550678101e+05 1.988926915914713754e+05 1.988917722385624365e+05
1.014917936250421917e+04 2.028359193219167064e+05 2.002628808173831785e+05 1.991477837946962391e+05 1.991446919865088130e+05 1.991429190919690300e+05 1.991392786910258874e+05 1.991368932161692937e+05 1.991357319614102307e+05 1.991345605810923444e+05 1.991333824277730018e+05 1.991322183000415098e+05 1.991310030495724059e+05 1.991298008417105011e+05 1.991286359523422434e+05 1.991277132767083531e+05
1.019917936250421917e+04 2.027039436245962570e+05 2.001346981825178373e+05 1.989224696812104958e+05 1.989193086752820236e+05 1.989172136921693454e+05 1.989134403330936620e+05 1.989112951157560456e+05 1.989101188344655966e+05 1.989089377811082231e+05 1.989077555216971086e+05 1.989065854367715947e+05 1.989053684825059609e+05 1.989041619428603153e+05 1.989029938246024831e+05 1.989020687696445384e+05
1.024917936250421917e+04 2.026200251494787226e+05 2.000698853550815256e+05 1.990095346693950414e+05 1.990072964317026199e+05 1.990050273570733843e+05 1.990013956689111947e+05 1.989992767351497605e+05 1.989980825830960239e+05 1.989968895480307110e+05 1.989957016434632824e+05 1.989945241434721684e+05 1.989933012021075119e+05 1.989920879325682181e+05 1.989909153603720479e+05 1.989899884237192746e+05
1.029917936250421917e+04 2.023105400873928738e+05 1.997647559152568283e+05 1.985980689649926499e+05 1.985954510623652604e+05 1.985930676362821250e+05 1.985893169040991343e+05 1.985872446505349071e+05 1.985860764350314275e+05 1.985849008024636423e+05 1.985837236740958760e+05 1.985825554698027554e+05 1.985813522047834122e+05 1.985801596758957603e+05 1.985789927780590951e+05 1.985780694854513858e+05
1.034917936250421917e+04 2.022804196230991220e+05 1.997527312833745964e+05 1.986697646935265220e+05 1.986673888856517442e+05 1.986651130750230805e+05 1.986615797460000904e+05 1.986595594573396666e+05 1.986583962052954594e+05 1.986572225948581181e+05 1.986560490412816289e+05 1.986548831662675948e+05 1.986536816184740164e+05 1.986524868422480649e+05 1.986513220409137430e+05 1.986504021026844857e+05
1.039917936250421917e+04 2.022105501599069976e+05 1.996890786580264103e+05 1.986416092871424335e+05 1.986393496888085210e+05 1.986371178006371192e+05 1.986336028166378965e+05 1.986315717668131692e+05 1.986304004968673398e+05 1.986292232201382576e+05 1.986280506802758318e+05 1.986268847382506647e+05 1.986256825992565136e+05 1.986244849343190435e+05 1.986233206703095348e+05 1.986224020388204954e+05
1.044917936250421917e+04 2.021520223734369501e+05 1.996482002146503655e+05 1.984979565067669901e+05 1.984952068133191788e+05 1.984927151644277328e+05 1.984887880067186197e+05 1.984865966271602083e+05 1.984853593301600486e+05 1.984841439609185909e+05 1.984829573491150513e+05 1.984817786723116296e+05 1.984805575233838172e+05 1.984793509926355910e+05 1.984781824310735974e+05 1.984772631757249474e+05
1.049917936250421917e+04 2.021549618063382222e+05 1.996949829664879362e+05 1.985377076874065970e+05 1.985349841305143200e+05 1.985324402947309718e+05 1.985279686794968438e+05 1.985255093373230193e+05 1.985240998642026971e+05 1.985227504421808990e+05 1.985214693165042263e+05 1.985202226718924358e+05 1.985189635541722237e+05 1.985177443813901045e+05 1.985165373077045078e+05 1.985155994353702117e+05
1.054917936250421917e+04 2.023506519157760195e+05 1.999429503917437105e+05 1.986312026088637940e+05 1.986281874950225174e+05 1.986255413842281268e+05 1.986202352181932365e+05 1.986173496959192853e+05 1.986157168096780952e+05 1.986141595349539421e+05 1.986127047490301775e+05 1.986113140050707443e+05 1.986099343152966467e+05 1.986085961104429152e+05 1.986073054243383231e+05 1.986063206758142915e+05
1.059917936250421917e+04 3.689692975041600293e+05 3.687363957889048033e+05 3.677031668057683855e+05 3.667528269126741798e+05 3.658908379778696108e+05 3.650510375246245530e+05 3.598122156400281237e+05 3.582861503523924039e+05 3.567627948732594377e+05 3.557300306776125799e+05 3.557174348482310306e+05 3.557077650582724018e+05 3.557012167565526906e+05 3.556929740606182604e+05 3.556869556020817254e+05
1.064917936250421917e+04 3.500856890394309303e+05 3.500807880639433861e+05 3.499616950198729755e+05 3.497927801225670846e+05 3.497441367852896801e+05 3.474060880104259704e+05 3.457947812307107379e+05 3.453736324139063945e+05 3.453653687534392811e+05 3.453580101994079887e+05 3.453515276719981921e+05 3.453453768029498751e+05 3.453394597893084283e+05 3.453334543140111491e+05 3.453290358680533827e+05
1.069917936250421917e+04 3.589322972800438292e+05 3.589215507029209984e+05 3.587995263470923528e+05 3.543948502869192744e+05 3.529067346781636588e+05 3.528905637459183927e+05 3.528807531232647016e+05 3.528725037298349780e+05 3.528652042189193889e+05 3.528576184050775482e+05 3.528501361972414888e+05 3.528427339402271318e+05 3.528355557332297321e+05 3.528282815841909032e+05 3.528228748096190393e+05
1.074917936250421917e+04 3.398097233829448815e+05 3.398003921602249611e+05 3.397932861994809355e+05 3.397864031876724912e+05 3.397788872494397801e+05 3.397723389661015244e+05 3.397657404226916260e+05 3.397590469558488112e+05 3.397518864677178790e+05 3.397452151265320717e+05 3.397384359842911945e+05 3.397315832371587167e+05 3.397251759225249989e+05 3.397181435572685441e+05 3.397126154167865752e+05
1.079917936250421917e+04 2.987802894305906375e+05 2.970935229872936616e+05 2.970873463151281467e+05 2.970814625632336829e+05 2.970753997286775848e+05 2.970695297788660391e+05 2.970636613690991071e+05 2.970577883902661852e+05 2.970519711128346971e+05 2.970464627902267966e+05 2.970408524320310680e+05 2.970351200863917475e+05 2.970295990710486658e+05 2.970240942008785205e+05 2.970198500486215926e+05
1.084917936250421917e+04 2.648038813022345421e+05 2.632937118058022461e+05 2.632121950320353499e+05 2.632068311321637011e+05 2.632016108984845341e+05 2.631963910639690002e+05 2.631912125043079141e+05 2.631861338230379624e+05 2.631810733935948228e+05 2.631761114550597267e+05 2.631711310237974394e+05 2.631662056274960050e+05 2.631613341425479739e+05 2.631567325980748865e+05 2.631532452254238888e+05
1.089917936250421917e+04 2.554000013085461978e+05 2.532183445202712319e+05 2.513859573442730471e+05 2.513800004279706918e+05 2.513747029199928802e+05 2.513696900403975160e+05 2.513647553712467779e+05 2.513597697849956166e+05 2.513546668413771549e+05 2.513499005664990982e+05 2.513450855037517613e+05 2.513401498483589385e+05 2.513353942981390865e+05 2.513306854955821473e+05 2.513270428448433231e+05
1.094917936250421917e+04 2.430357073457820516e+05 2.408433018721866247e+05 2.385648271295655868e+05 2.384835051067529712e+05 2.384786328864285315e+05 2.384738109626572696e+05 2.384690109584957536e+05 2.384642222148714645e+05 2.384594489154373005e+05 2.384548013982111588e+05 2.384501871353929746e+05 2.384456232375035761e+05 2.384411119661984558e+05 2.384368374635613873e+05 2.384335896462637756e+05
1.096582485910421929e+04 2.418111241711057082e+05 2.388522836285597296e+05 2.365149219502415799e+05 2.363126408800292120e+05 2.363084184925326263e+05 2.363034704486662813e+05 2.362984099499964505e+05 2.362933193966242543e+05 2.362883290409774927e+05 2.362833627707984997e+05 2.362783859268308734e+05 2.362734227927289321e+05 2.362686627065742505e+05 2.362640603509095672e+05 2.362604702660773473e+05
1.096583735910422001e+04 2.092646542709017813e+05 2.376171432917450729e+05 2.365341203009840101e+05 2.363314517396953597e+05 2.363287517807445838e+05 2.363250546967140981e+05 2.363210912782246014e+05 2.363169891077454959e+05 2.363128778149840946e+05 2.363087020891255233e+05 2.363044467660808878e+05 2.363001293342270656e+05 2.362959259281811537e+05 2.362917884402417694e+05 2.362885567398319254e+05
1.096593735910422038e+04 2.309960726566494268e+05 2.352570211094826518e+05 2.359177764779641584e+05 2.358810937258785998e+05 2.358814279267435777e+05 2.358804110870168661e+05 2.358789644035612000e+05 2.358773484670237231e+05 2.358756239470684377e+05 2.358739163505026081e+05 2.358721941086555016e+05 2.358704887808485946e+05 2.358686702941807453e+05 2.358669614599206252e+05 2.358659849481791898e+05
1.101619570992354784e+04 2.113071839084862731e+05 2.113053146664610249e+05 2.113024175012912601e+05 2.112997165020871325e+05 2.112969810482743487e+05 2.112943090230839443e+05 2.112916612235000648e+05 2.112890361399273970e+05 2.112864180096555501e+05 2.112838680192707980e+05 2.112813571565072343e+05 2.112789086807819549e+05 2.112765949744934333e+05 2.112745079257831676e+05 2.112729806283894868e+05
1.106747401159219407e+04 2.104084133279186790e+05 2.104062733436053386e+05 2.104035399858345918e+05 2.104009951894271071e+05 2.103984056379363756e+05 2.103959007550228271e+05 2.103934036000920460e+05 2.103909190868556907e+05 2.103883993319782312e+05 2.103859492356982955e+05 2.103835049907875946e+05 2.103811019327918184e+05 2.103787752097701305e+05 2.103765776002063940e+05 2.103749997069883102e+05
1.107555798641183173e+04 2.102033932660093706e+05 2.101992608668765461e+05 2.101957187696208421e+05 2.101927255524120410e+05 2.101899661683633458e+05 2.101872566072175687e+05 2.101845628353547363e+05 2.101818982746084221e+05 2.101792593006852258e+05 2.101766447633069474e+05 2.101740493195981835e+05 2.101715191877699981e+05 2.101690897449851327e+05 2.101667522881210025e+05 2.101650036745976831e+05
1.107611392737563438e+04 2.103829493952095218e+05 2.103838212397010648e+05 2.103814925853395252e+05 2.103792462921365805e+05 2.103770304207086447e+05 2.103748363587042550e+05 2.103726329009455512e+05 2.103704330969770381e+05 2.103682315074852959e+05 2.103660551950032823e+05 2.103638878606607905e+05 2.103617765583493165e+05 2.103597146366447269e+05 2.103577358438409574e+05 2.103562966560460045e+05
1.161249293016792581e+04 2.075405422513472440e+05 2.075390939428354613e+05 2.075377140720126044e+05 2.075362128436568601e+05 2.075346045965451631e+05 2.075329729556310340e+05 2.075313464697593299e+05 2.075297318749314873e+05 2.075280799471089558e+05 2.075264737082205538e+05 2.075248614370572031e+05 2.075233340368333738e+05 2.075217457267069549e+05 2.075201234865223523e+05 2.075188422242903325e+05
1.161250543016792653e+04 1.947442768743947381e+05 2.003627895417915715e+05 2.017778291888698877e+05 2.019384892773404135e+05 2.020568240353874571e+05 2.021969004911445954e+05 2.023319223437485634e+05 2.024597900996663957e+05 2.025625123468000675e+05 2.026712140932708280e+05 2.027687889253787580e+05 2.028989885766389489e+05 2.029787593062446977e+05 2.030534649222141597e+05 2.031164094790188246e+05
1.161260543016792690e+04 2.067111937248402101e+05 2.067253498466424062e+05 2.067145854766530101e+05 2.067152703404020576e+05 2.067146442019385577e+05 2.067134662689197867e+05 2.067120029857215995e+05 2.067103408395418664e+05 2.067082171483740094e+05 2.067060942045727570e+05 2.067036962303872861e+05 2.067012011829935363e+05 2.066982611752462690e+05 2.066950479208191973e+05 2.066920999948633835e+05
1.207825469774593876e+04 2.080491125238250825e+05 2.080476958868051879e+05 2.080449594929425512e+05 2.080434132909321052e+05 2.080419111200559419e+05 2.080402852402665885e+05 2.080386472274417756e+05 2.080369932398928213e+05 2.080354384780671389e+05 2.080337661161035358e+05 2.080320986159812019e+05 2.080304010080449807e+05 2.080288382590412803e+05 2.080271005842769518e+05 2.080257060726567579e+05
1.297825469774593876e+04 2.082337028194789891e+05 2.082308129564043193e+05 2.082269113193906669e+05 2.082241982737530780e+05 2.082207945702996512e+05 2.082177889229322609e+05 2.082148069103624730e+05 2.082117449797517329e+05 2.082088061969084374e+05 2.082057196604628698e+05 2.082026384445630247e+05 2.081995541123781004e+05 2.081968882143706142e+05 2.081939809185139602e+05 2.081917331844840373e+05
1.387825469774593876e+04 2.047287639768258377e+05 2.046371632012901537e+05 2.046258296586700017e+05 2.046230340040738229e+05 2.046201230784042273e+05 2.046170798925911949e+05 2.046140513177582179e+05 2.046109890196654596e+05 2.046080732964533963e+05 2.046049977946012805e+05 2.046019271254292689e+05 2.045988033235300099e+05 2.045959142964743951e+05 2.045927868303034047e+05 2.045903254757729010e+05
1.477825469774593876e+04 1.941914723366098478e+05 1.941966631327340438e+05 1.941959604623237683e+05 1.941935809796488902e+05 1.941911129913815239e+05 1.941885833140924224e+05 1.941860633595496474e+05 1.941835217405501753e+05 1.941810560019827390e+05 1.941785165551115060e+05 1.941759877932882519e+05 1.941734593557229673e+05 1.941710608503617404e+05 1.941684871813078353e+05 1.941664966472084925e+05
1.567825469774593876e+04 1.867977501276987605e+05 1.867859183357773290e+05 1.867799475716327433e+05 1.867775279021692404e+05 1.867750267472099222e+05 1.867724010124775814e+05 1.867697760727457062e+05 1.867671093827656005e+05 1.867645628839879937e+05 1.867618797549908049e+05 1.867592090877791634e+05 1.867565097369883733e+05 1.867540254465102043e+05 1.867513204149877420e+05 1.867492139865182689e+05
1.657825469774593876e+04 1.824061471408078505e+05 1.823123394895415986e+05 1.822800235955352546e+05 1.822776520220248203e+05 1.822754184842520626e+05 1.822728188112923526e+05 1.822702340334316832e+05 1.822675845319198270e+05 1.822653544194194546e+05 1.822626800135969534e+05 1.822600248773700732e+05 1.822572751077582361e+05 1.822550733050606796e+05 1.822524669691953459e+05 1.822504275625586160e+05
1.748106719774593876e+04 1.773732077961827745e+05 1.773688014541297161e+05 1.773647549541967746e+05 1.773618399404707015e+05 1.773588212861844804e+05 1.773558339794211206e+05 1.773528989905547642e+05 1.773499859763090790e+05 1.773470940811847104e+05 1.773442096240154642e+05 1.773413120936537453e+05 1.773384145583146310e+05 1.773356021460806951e+05 1.773326497275063884e+05 1.773303975614093360e+05
1.837925764526856074e+04 1.734648757208932075e+05 1.734582020235953969e+05 1.734533129146737629e+05 1.734504715010478685e+05 1.734476047053028888e+05 1.734447386715278262e+05 1.734418835175799904e+05 1.734390281850657775e+05 1.734362002571316843e+05 1.734333538647884270e+05 1.734304936065907241e+05 1.734276133084005851e+05 1.734248720049163676e+05 1.734219728584903060e+05 1.734197315137449477e+05
1.927925764526856074e+04 1.727091584536548180e+05 1.727010626072595478e+05 1.726956850421715935e+05 1.726930095022004098e+05 1.726902695924457803e+05 1.726874940640843124e+05 1.726847260695536970e+05 1.726819333060209174e+05 1.726791981594167883e+05 1.726763879205058620e+05 1.726735585213191807e+05 1.726706834617384593e+05 1.726680077473917627e+05 1.726651509337217722e+05 1.726629345376207493e+05
2.017925764526856074e+04 1.721008315007113852e+05 1.720981119255867670e+05 1.720949181734880549e+05 1.720922516149295261e+05 1.720895886708397884e+05 1.720869530832867022e+05 1.720843334022918134e+05 1.720816987506024889e+05 1.720790966051654832e+05 1.720764590521058417e+05 1.720738131869764766e+05 1.720711589679292811e+05 1.720686313647402567e+05 1.720659517728583596e+05 1.720638880427836557e+05
2.107925764526856074e+04 1.724275901726240409e+05 1.724205773139460071e+05 1.724154635083092435e+05 1.724127028299370140e+05 1.724098989611015713e+05 1.724071009301598533e+05 1.724043155180194008e+05 1.724015077459410531e+05 1.723987694402667112e+05 1.723959518323673401e+05 1.723931234172755794e+05 1.723902639151589246e+05 1.723875898948759132e+05 1.723847315850401937e+05 1.723825065413196862e+05
2.197925764526856074e+04 1.725164692847939441e+05 1.725146186121738574e+05 1.725119475653416885e+05 1.725093640892559779e+05 1.725067443580795662e+05 1.725041441755022679e+05 1.725015587667395594e+05 1.724989626871222281e+05 1.724964030877450423e+05 1.724938059776448645e+05 1.724912027670507960e+05 1.724885959462092724e+05 1.724861052920328802e+05 1.724834653803155525e+05 1.724814321389857505e+05
2.287925764526856074e+04 1.731942228363647882e+05 1.731910012527899526e+05 1.731877215408198244e+05 1.731851495540509350e+05 1.731825163773334352e+05 1.731798453155324096e+05 1.731771907961496618e+05 1.731745136282206222e+05 1.731719212962562160e+05 1.731692392882441345e+05 1.731665655705875834e+05 1.731638826625230140e+05 1.731613737357145001e+05 1.731586705691267271e+05 1.731565665499894239e+05
2.377925764526856074e+04 1.735910056533623138e+05 1.735790895331470529e+05 1.735724220527838334e+05 1.735697107852474146e+05 1.735669512925473100e+05 1.735640899302772013e+05 1.735611955980831408e+05 1.735582564705792465e+05 1.735554852946753963e+05 1.735525334328163299e+05 1.735495931531356764e+05 1.735466075758357183e+05 1.735439033442525833e+05 1.735409364369382383e+05 1.735385923777632415e+05
2.467925764526856074e+04 1.735834754613603291e+05 1.735768445659877907e+05 1.735722008347307565e+05 1.735696306317380222e+05 1.735669432571541984e+05 1.735641915072942502e+05 1.735614060844726628e+05 1.735585847976736841e+05 1.735558753848650085e+05 1.735530487946013454e+05 1.735502250745315105e+05 1.735473651277679019e+05 1.735447217522553401e+05 1.735418705456488824e+05 1.735396389035264729e+05
2.538925764526856074e+04 1.735767784666471707e+05 1.735714761441852606e+05 1.735672217208663642e+05 1.735644173260067182e+05 1.735615294698000944e+05 1.735586878719152883e+05 1.735558859617222042e+05 1.735530686518031289e+05 1.735503155850443291e+05 1.735474907628321089e+05 1.735446665248938662e+05 1.735418280717894959e+05 1.735391374416651379e+05 1.735362658887427533e+05 1.735340172675944341e+05
