TIME P_Ch2_mesh1 P_Ch2_mesh2 P_Ch2_mesh3 P_Ch2_mesh4 P_Ch2_mesh5 P_Ch2_mesh6 P_Ch2_mesh7 P_Ch2_mesh8 P_Ch2_mesh9 P_Ch2_mesh10 P_Ch2_mesh11 P_Ch2_mesh12 P_Ch2_mesh13 P_Ch2_mesh14 P_Ch2_mesh15 
0.000000000000000000e+00 1.594255679526262358e+07 1.593437625844664499e+07 1.591668798961580172e+07 1.589745164463286474e+07 1.588957632519221678e+07 1.587061460808708332e+07 1.585153103422766738e+07 1.583184555731043406e+07 1.582393095674367622e+07 1.580450005736433901e+07 1.578493708401774243e+07 1.576474286853465810e+07 1.575676768026951700e+07 1.573633489892114885e+07 1.572391613201002777e+07
5.000040000000043960e+01 7.496627169671091251e+06 7.494824874143704772e+06 7.492588500718914904e+06 7.490679067423240282e+06 7.488981201476884075e+06 7.487426413406756707e+06 7.485992627529320307e+06 7.484655315184653737e+06 7.483391445996446535e+06 7.482170226668382064e+06 7.481009562118674628e+06 7.479892928829781711e+06 7.478863052838318981e+06 7.477731649523979053e+06 7.476797252283561043e+06
1.000003999999985922e+02 6.269047233433400281e+06 6.267409169638487510e+06 6.265236218777305447e+06 6.263428608257070184e+06 6.261853016220957972e+06 6.260484333266529255e+06 6.259307834478885867e+06 6.258260840053202584e+06 6.257314900361114182e+06 6.256381972482384183e+06 6.255550830046994612e+06 6.254845196624086238e+06 6.254285553047404625e+06 6.253508175176783465e+06 6.252891023262836039e+06
1.502405034099261059e+02 2.860690282026690431e+06 2.860645375775321852e+06 2.860591339668067638e+06 2.860540896179437172e+06 2.860491121821396518e+06 2.860441440629424993e+06 2.860391860418683384e+06 2.860342520753541961e+06 2.860293416899388656e+06 2.860244565565851983e+06 2.860195988309327047e+06 2.860147720969113987e+06 2.860100055715640541e+06 2.860052419844096992e+06 2.860014479938559234e+06
2.004200391960640388e+02 8.500392357452283613e+05 8.482107072686420288e+05 8.458104512879289687e+05 8.438896192576944595e+05 8.423100658707136754e+05 8.410301658615007764e+05 8.399335475839694263e+05 8.393333045097624417e+05 8.392758931818729034e+05 8.391824410710793454e+05 8.390827437595127849e+05 8.389721048264472047e+05 8.389023748981144745e+05 8.387825307103290688e+05 8.387232835579089588e+05
2.553043625042201370e+02 7.836021468791060615e+05 7.808947094498857623e+05 7.777660108716689283e+05 7.752445646774666384e+05 7.731790457728927722e+05 7.713882911779903807e+05 7.698050506396525307e+05 7.683766957227137173e+05 7.670847216946304543e+05 7.658407443993854104e+05 7.646747841839722823e+05 7.635617752915699966e+05 7.626460316900409525e+05 7.615836162561833626e+05 7.607002326143414248e+05
3.053043625042201370e+02 7.591477722922812682e+05 7.564160981589138974e+05 7.530237480015365873e+05 7.499977913800681708e+05 7.474686412694299361e+05 7.453187894452629844e+05 7.434593638570264447e+05 7.418212658738369355e+05 7.403555102702486329e+05 7.389927710533564677e+05 7.377605625466220081e+05 7.365988691095127724e+05 7.356198722173182759e+05 7.344884175956276013e+05 7.335838682663365034e+05
3.553043625042201370e+02 7.542632320570177399e+05 7.515211076710459311e+05 7.481007904656709870e+05 7.447899481744174846e+05 7.417388848974969005e+05 7.391416958444842603e+05 7.369380990121517098e+05 7.350270790664949454e+05 7.333372254685399821e+05 7.317919257980486145e+05 7.304024399771767203e+05 7.291086304921376286e+05 7.280084625443400582e+05 7.267745204536180245e+05 7.257952508835821645e+05
4.053043625042201370e+02 8.325051220724481391e+05 8.297882392970497021e+05 8.263939400728825713e+05 8.233287770480224863e+05 8.207025983732542954e+05 8.184595979572379729e+05 8.165105654743602499e+05 8.147773784927584929e+05 8.132045791077212198e+05 8.117362360615818761e+05 8.103916433980420697e+05 8.091199666254139738e+05 8.080193230938914930e+05 8.067716843008969445e+05 8.057803632600590354e+05
4.553043625042201370e+02 8.424411393923521973e+05 8.397754522016727133e+05 8.363924219804774038e+05 8.331501903512935387e+05 8.302126612933144206e+05 8.277368701530001126e+05 8.256208814877488185e+05 8.237748439357345924e+05 8.221300313314312370e+05 8.206202258481486933e+05 8.192648783491026843e+05 8.179942647709185258e+05 8.169216753980700159e+05 8.157172500409483910e+05 8.147493917685349006e+05
5.053043625042201370e+02 8.444044661306591006e+05 8.416644515406786231e+05 8.382579138232055120e+05 8.350524195882620988e+05 8.322266079699669499e+05 8.298603838102930458e+05 8.278371106739389943e+05 8.260705996659977827e+05 8.244932934542051516e+05 8.230412521542697214e+05 8.217357874463184271e+05 8.205069388713815715e+05 8.194690950592164882e+05 8.182944673192285700e+05 8.173424331294528674e+05
5.553043625042200802e+02 8.398260762418252416e+05 8.370883472145068226e+05 8.336821541782295099e+05 8.304766153149983147e+05 8.276471657548388466e+05 8.252738108034767210e+05 8.232419510685297428e+05 8.214663547625851352e+05 8.198798398503342178e+05 8.184189696831104811e+05 8.171049040381665109e+05 8.158679754062154097e+05 8.148221875529141398e+05 8.136399999483616557e+05 8.126826271835280349e+05
6.053043625042200802e+02 8.303295239719551755e+05 8.275873627604214707e+05 8.241784150315088918e+05 8.209698505766043672e+05 8.181373911935499636e+05 8.157610033595233690e+05 8.137261086981390836e+05 8.119473193038557656e+05 8.103572752559583168e+05 8.088928495716169709e+05 8.075748580391186988e+05 8.063340468923215521e+05 8.052837669050785480e+05 8.040970214054245735e+05 8.031363796463522594e+05
6.584293625042200802e+02 8.164927213692669757e+05 8.137489886829868192e+05 8.103380561056575971e+05 8.071292303661314072e+05 8.042968781776786782e+05 8.019183774830511538e+05 7.998801864162745187e+05 7.980974768197486410e+05 7.965031022520159604e+05 7.950343205946778180e+05 7.937117789701911388e+05 7.924665449366959510e+05 7.914115890067861183e+05 7.902201207919215085e+05 7.892564337490922771e+05
7.096793625042200802e+02 8.014003194746120134e+05 7.986550694593307562e+05 7.952421604727614904e+05 7.920358620335684391e+05 7.892089902701423271e+05 7.868329411933742231e+05 7.847951389996885555e+05 7.830116150850270642e+05 7.814156094993765000e+05 7.799448101710497867e+05 7.786198993874362204e+05 7.773721146453623660e+05 7.763143767801105278e+05 7.751199033009073464e+05 7.741543941790250828e+05
7.596793625042200802e+02 7.820684245664301561e+05 7.793188844106869074e+05 7.759050683876703260e+05 7.727807040720678633e+05 7.701029643412091536e+05 7.678441718794062035e+05 7.658956705961556872e+05 7.641826304206105415e+05 7.626434213753559161e+05 7.612188249770993134e+05 7.599336083622991573e+05 7.587184159004281973e+05 7.576900949154900154e+05 7.565212253556423821e+05 7.555731376974879531e+05
8.096793625042200802e+02 7.502300874680848792e+05 7.474832275573429652e+05 7.440676325737073785e+05 7.409234105395829538e+05 7.382135068836763967e+05 7.359317519763185410e+05 7.339691427962476155e+05 7.322475210661732126e+05 7.307041822418626398e+05 7.292779836010669824e+05 7.279932812295926269e+05 7.267795530833707890e+05 7.257543548763769213e+05 7.245886376892596018e+05 7.236443292873688042e+05
8.596793625042200802e+02 7.169570600494967075e+05 7.142085560370135354e+05 7.107895498148630140e+05 7.076665828557162313e+05 7.049999411297468469e+05 7.027556630365618039e+05 7.008253748708777130e+05 6.991317921345370123e+05 6.976136105427276343e+05 6.962095380088976817e+05 6.949449929089427460e+05 6.937492687186939875e+05 6.927409694824343314e+05 6.915901182065323228e+05 6.906575809743197169e+05
9.096793625042200802e+02 6.921792580478674499e+05 6.894290971488149371e+05 6.860080087204847950e+05 6.829213492272846634e+05 6.803175584421824897e+05 6.781168415584327886e+05 6.762170626944323303e+05 6.745459212075766409e+05 6.730447873261587229e+05 6.716537858597041341e+05 6.704010749255673727e+05 6.692133142669238150e+05 6.682139523720552679e+05 6.670704547780614812e+05 6.661422590986149153e+05
9.596793625042200802e+02 6.732657979978302028e+05 6.705113182916794904e+05 6.670860345006131101e+05 6.639954862393715885e+05 6.613879439882668667e+05 6.591836095224940218e+05 6.572804557504702825e+05 6.556061731551648118e+05 6.541020853349434910e+05 6.527084386809581192e+05 6.514532203024758492e+05 6.502630200410836842e+05 6.492613840070497245e+05 6.481155335662681609e+05 6.471863640988307307e+05
1.009679362504220080e+03 6.578598837360163452e+05 6.551024590676240623e+05 6.516739012426753761e+05 6.485825479784081690e+05 6.459757060387772508e+05 6.437708622051405255e+05 6.418664609032957815e+05 6.401905447154933354e+05 6.386845419417743105e+05 6.372889746547129471e+05 6.360318738675677450e+05 6.348395617515698541e+05 6.338360208653678419e+05 6.326881104760860326e+05 6.317578317413149634e+05
1.059679362504220080e+03 6.432886983349537477e+05 6.405283412767328555e+05 6.370962300765002146e+05 6.339986665645872708e+05 6.313842626262861304e+05 6.291741215784767410e+05 6.272658750547927339e+05 6.255870077804767061e+05 6.240786253027220955e+05 6.226811914583707694e+05 6.214225062275757082e+05 6.202287628594778944e+05 6.192239654126317473e+05 6.180748778257733211e+05 6.171443122757743113e+05
1.109679362504220080e+03 6.289366598612220259e+05 6.261741134701559786e+05 6.227389162434970494e+05 6.196375485196433729e+05 6.170192375250383047e+05 6.148060583104443504e+05 6.128952982352856779e+05 6.112142650316151557e+05 6.097039069163742242e+05 6.083047886758096283e+05 6.070446304598726565e+05 6.058493385410985211e+05 6.048432736882204190e+05 6.036927857030007290e+05 6.027617267398423282e+05
1.159679362504220080e+03 6.137517444638444576e+05 6.109875825382216135e+05 6.075503792612496763e+05 6.044639643190570641e+05 6.018740797142413212e+05 5.996837586320160190e+05 5.977915696075389860e+05 5.961259866784178885e+05 5.946289871592851123e+05 5.932412861197510501e+05 5.919917317679204280e+05 5.908052279552147957e+05 5.898079200192723656e+05 5.886652542216437869e+05 5.877398259260904742e+05
1.209679362504220080e+03 5.980630358725787373e+05 5.952971939197904430e+05 5.918577672392250970e+05 5.887826900283654686e+05 5.862147257543748710e+05 5.840414239016728243e+05 5.821626821538455551e+05 5.805080254777256632e+05 5.790203372935892548e+05 5.776404833867683774e+05 5.763980731121308636e+05 5.752174252151675755e+05 5.742258588070545811e+05 5.730881442279336043e+05 5.721666614486174658e+05
1.259679362504220080e+03 5.832045441683094250e+05 5.804367144674262963e+05 5.769946947922243271e+05 5.739255043777258834e+05 5.713700847733449191e+05 5.692064754478224786e+05 5.673353479011429008e+05 5.656868037918235641e+05 5.642043005662485957e+05 5.628288038417443167e+05 5.615903505390236387e+05 5.604128563652811572e+05 5.594244174149981700e+05 5.582893002077176934e+05 5.573701952668135054e+05
1.309679362504220080e+03 5.695210629011915298e+05 5.667509898581338348e+05 5.633061624105930096e+05 5.602385621688526589e+05 5.576881664202235406e+05 5.555285669936841587e+05 5.536607221537764417e+05 5.520148276515480829e+05 5.505346196500451770e+05 5.491610935460363980e+05 5.479244970730434870e+05 5.467483846047194675e+05 5.457614296505828388e+05 5.446274785277312621e+05 5.437097469556896249e+05
1.359679362504220080e+03 5.568496898306478979e+05 5.540772150309776189e+05 5.506294016402942361e+05 5.475599397259904072e+05 5.450089611814020900e+05 5.428493039223974338e+05 5.409816631053624442e+05 5.393360419891240308e+05 5.378561763446757104e+05 5.364830527732472401e+05 5.352469472584234318e+05 5.340710994250361109e+05 5.330845966498666676e+05 5.319509319420612883e+05 5.310339805483457167e+05
1.409679362504220080e+03 5.438318634187665302e+05 5.410573021073011914e+05 5.376070957594367210e+05 5.345422209724526620e+05 5.320013173956249375e+05 5.298510652546824422e+05 5.279920952995432308e+05 5.263541257243226282e+05 5.248813793446273776e+05 5.235145724546281854e+05 5.222843496568262344e+05 5.211136415579171153e+05 5.201320653331862995e+05 5.190026393122363370e+05 5.180897700965746189e+05
1.459679362504220080e+03 5.306586915489000967e+05 5.278818873767321929e+05 5.244307923610276775e+05 5.213723833380774013e+05 5.188414812881391845e+05 5.166992303844228736e+05 5.148469292824098375e+05 5.132145323756441940e+05 5.117467147832591436e+05 5.103842252507759840e+05 5.091583558787795482e+05 5.079910079168365919e+05 5.070132594603382749e+05 5.058874128823583014e+05 5.049768510103512090e+05
1.509679362504220080e+03 5.174919073713517864e+05 5.147139386130013154e+05 5.112748030497092404e+05 5.082639421914456761e+05 5.057893237689411617e+05 5.036896317242617370e+05 5.018718334515595343e+05 5.002681446351724444e+05 4.988257455705858883e+05 4.974850134689774131e+05 4.962830636990583735e+05 4.951329983702381141e+05 4.941783227879680926e+05 4.930739435537796817e+05 4.921717460089698434e+05
1.559679362504220080e+03 5.019939678804424475e+05 4.992126820637237397e+05 4.957675376955763786e+05 4.927410945721478201e+05 4.902516355561076198e+05 4.881453272911790409e+05 4.863246780740147224e+05 4.847199560192324570e+05 4.832776246008244925e+05 4.819377029348306241e+05 4.807334358268127544e+05 4.795847154214906623e+05 4.786257068568402319e+05 4.775168521927295951e+05 4.766191819935063249e+05
1.609679362504220080e+03 4.869321920991212828e+05 4.841487998365997337e+05 4.807083224791054963e+05 4.776996712018392864e+05 4.752300177097369451e+05 4.731393853568234481e+05 4.713316524908576976e+05 4.697375821785934968e+05 4.683046074228717480e+05 4.669726965915843612e+05 4.657759329608763219e+05 4.646333489784028498e+05 4.636804904007934383e+05 4.625770879565921496e+05 4.616837274218636448e+05
1.659679362504220080e+03 4.732152782441292075e+05 4.704294692276312271e+05 4.669906269341156585e+05 4.639915193427861668e+05 4.615331728959346074e+05 4.594523292054449557e+05 4.576532082855114131e+05 4.560666260841329931e+05 4.546405728622966562e+05 4.533148147409399389e+05 4.521240076924843015e+05 4.509864175099253771e+05 4.500387162177068531e+05 4.489399364761428442e+05 4.480504910938137327e+05
1.709679362504220080e+03 4.605201120395371690e+05 4.577318244145983481e+05 4.542930317039359361e+05 4.512998874358276371e+05 4.488495885084408219e+05 4.467762763269371353e+05 4.449840820516162203e+05 4.434037177376740729e+05 4.419835435196014005e+05 4.406631145918827388e+05 4.394775887655831175e+05 4.383444186454886221e+05 4.374013899938037503e+05 4.363068659185419674e+05 4.354209834316618508e+05
1.759679362504220080e+03 4.486079015465123230e+05 4.458166457868303987e+05 4.423716582699036808e+05 4.393696169691342511e+05 4.369125995769064757e+05 4.348357654952492449e+05 4.330417976819322794e+05 4.314606486700099776e+05 4.300403825845935498e+05 4.287203278933329275e+05 4.275353589224895113e+05 4.264028486781099928e+05 4.254605622353182407e+05 4.243666779943170259e+05 4.234824460844645509e+05
1.809679362504220080e+03 4.377788874292393448e+05 4.349853453485064092e+05 4.315386656526849256e+05 4.285390245562013006e+05 4.260871908012830536e+05 4.240158952567640226e+05 4.222273436480587698e+05 4.206512760475893738e+05 4.192359249953369726e+05 4.179204362008310854e+05 4.167402394620405976e+05 4.156116112686997512e+05 4.146737010262513068e+05 4.135839911607741378e+05 4.127028363017019583e+05
1.859679362504220080e+03 4.277489718384268926e+05 4.249516251722127199e+05 4.214978326688034576e+05 4.184862807353526005e+05 4.160245296875502099e+05 4.139475582266833517e+05 4.121558221065182588e+05 4.105781215405247640e+05 4.091622737323269830e+05 4.078469643482568208e+05 4.066673804475803045e+05 4.055395571879107156e+05 4.046028058737429092e+05 4.035140642303955974e+05 4.026348889416428283e+05
1.909679362504220080e+03 4.199791335934853414e+05 4.171809629601786146e+05 4.137209938218412572e+05 4.106981369282464730e+05 4.082248521818532608e+05 4.061381650570613565e+05 4.043379767760471441e+05 4.027528378362104995e+05 4.013300380854188697e+05 4.000087092879948905e+05 3.988236141816863092e+05 3.976905974610431003e+05 3.967489972423644504e+05 3.956562137157829129e+05 3.947740907392770168e+05
1.959679362504220080e+03 4.129649908678512438e+05 4.101644059405695298e+05 4.066962340311165317e+05 4.036588133385955589e+05 4.011736507754559279e+05 3.990801176287244307e+05 3.972757789063595701e+05 3.956881454640054144e+05 3.942637865155612817e+05 3.929416697247276898e+05 3.917561369342109538e+05 3.906229556331982021e+05 3.896812729170711245e+05 3.885886525078986306e+05 3.877073097372059710e+05
2.009679362504220080e+03 4.052800599542581476e+05 4.024770532481187838e+05 3.990029290799777373e+05 3.959560572074796655e+05 3.934638694421959226e+05 3.913672052148883813e+05 3.895617840827244218e+05 3.879742338385265903e+05 3.865506777562155621e+05 3.852298115427404409e+05 3.840458754223922733e+05 3.829142175678536878e+05 3.819743242239310639e+05 3.808834992686968180e+05 3.800040451720770216e+05
2.059679362504220080e+03 3.997785257004401647e+05 3.969753506740455050e+05 3.935038112135370029e+05 3.904724275872124708e+05 3.880004892800305388e+05 3.859191967895894195e+05 3.841255582536955480e+05 3.825471684379313374e+05 3.811308939623485203e+05 3.798158646343341097e+05 3.786375709871674771e+05 3.775097020268951310e+05 3.765739698238931596e+05 3.754873263141398202e+05 3.746092929836012772e+05
2.109679362504220080e+03 3.909437428940622485e+05 3.881322652677844162e+05 3.846537041539316997e+05 3.816006722382708103e+05 3.791019942355963285e+05 3.770031369997409638e+05 3.751990917064209352e+05 3.736151896597604500e+05 3.721976212063632556e+05 3.708833710813887883e+05 3.697086834537186660e+05 3.685845558129384881e+05 3.676559543350492022e+05 3.665758058193729958e+05 3.657033303824351169e+05
2.159679362504220080e+03 3.818925103758069454e+05 3.790809420385894482e+05 3.756600763126941747e+05 3.727474534305689740e+05 3.703860169587731361e+05 3.683878464254402788e+05 3.666602704501578119e+05 3.651354670869428664e+05 3.637655731338158366e+05 3.624890196879804716e+05 3.613481578296504449e+05 3.602491840069717146e+05 3.593448964753568289e+05 3.582858078555063112e+05 3.574234957893362152e+05
2.209679362504220080e+03 3.782322906186370528e+05 3.754328894517754670e+05 3.719394341491893865e+05 3.688645753206837690e+05 3.663404252735258779e+05 3.642028367616921314e+05 3.623511388094529393e+05 3.607151563180909725e+05 3.592392034491744707e+05 3.578688745220355922e+05 3.566320838345552911e+05 3.554515283628897159e+05 3.544572403079136275e+05 3.533144341757353395e+05 3.524005312414024957e+05
2.259679362504220080e+03 3.502052431334250723e+05 3.473771923208012013e+05 3.438439815809972351e+05 3.404067821679605404e+05 3.370348931800425635e+05 3.339721641830451554e+05 3.314380801999287214e+05 3.293199704858625773e+05 3.275275996677393559e+05 3.259337956369181629e+05 3.245179987220851472e+05 3.232107424983481760e+05 3.221159409744859440e+05 3.208789592537057470e+05 3.199478237806532998e+05
2.309679362504220080e+03 3.309507678130553104e+05 3.280813528022869141e+05 3.247927390487312805e+05 3.221521353441342944e+05 3.200472245312938467e+05 3.182933033478740836e+05 3.167943524567791610e+05 3.154864284108139691e+05 3.143051489206476836e+05 3.132252692118597915e+05 3.122647934535038075e+05 3.113660670879192767e+05 3.106011106592294527e+05 3.097797335763812298e+05 3.094644254680014565e+05
2.359679362504220080e+03 3.336775397993181832e+05 3.308524140783356852e+05 3.274007796627545031e+05 3.244821033063672367e+05 3.221647019042958273e+05 3.202299268084265059e+05 3.185716862914251979e+05 3.171163444796142285e+05 3.158178814263609820e+05 3.146076692527403357e+05 3.135375147731553297e+05 3.124985409666079795e+05 3.116624216190047446e+05 3.106641091044584173e+05 3.098444970710253110e+05
2.409679362504220080e+03 3.209707075573514448e+05 3.181472371481278096e+05 3.146225580789245432e+05 3.113414855415071943e+05 3.085159322590442607e+05 3.061813984430514975e+05 3.042133345564634656e+05 3.025072291746148840e+05 3.010013585299503757e+05 2.996115039276804309e+05 2.983605763635443873e+05 2.971808315581047209e+05 2.961951652881323826e+05 2.950409122484228574e+05 2.941680514308347483e+05
2.459679362504220080e+03 3.172987086930387304e+05 3.144928441965759266e+05 3.109772419999706326e+05 3.076974570176370908e+05 3.048558447331936331e+05 3.025032176403217018e+05 3.005137970066517009e+05 2.987881752170539112e+05 2.972602439707649173e+05 2.958559856767271413e+05 2.945960225680505973e+05 2.934075116466925247e+05 2.924137052304237732e+05 2.912677886100374744e+05 2.903819360579549102e+05
2.509679362504220080e+03 3.227946378533130628e+05 3.199455433402890922e+05 3.164168495234513539e+05 3.132020599111670745e+05 3.105020958398952498e+05 3.082704781452807365e+05 3.063812346429552417e+05 3.047412960500998888e+05 3.032860334017504938e+05 3.019458470766668906e+05 3.007486482426442089e+05 2.996102017085464904e+05 2.986663719297164353e+05 2.975713547347582644e+05 2.967055614355691941e+05
2.559679362504220080e+03 3.201898328771401430e+05 3.173611189765833551e+05 3.138428369989045314e+05 3.107179459445084212e+05 3.081577181812794879e+05 3.060361350398563663e+05 3.042291960978875286e+05 3.026526161103071645e+05 3.012481729916889453e+05 2.999504144442434772e+05 2.987937618751990376e+05 2.976870039417673834e+05 2.967757939426167286e+05 2.957135867050978704e+05 2.948616761507074698e+05
2.609679362504220080e+03 3.134733230760672013e+05 3.106472562206492876e+05 3.071457283983945381e+05 3.040966415757175419e+05 3.016355238193293917e+05 2.995859097135820193e+05 2.978325330315660103e+05 2.962967357286785264e+05 2.949257413175289403e+05 2.936548172303064493e+05 2.925220517258241889e+05 2.914344836209942005e+05 2.905412578410147689e+05 2.894948665797927533e+05 2.886524473161369096e+05
2.659679362504220080e+03 3.072749569257636322e+05 3.044516836700307322e+05 3.009511817281781696e+05 2.979157957752190996e+05 2.954755125210243277e+05 2.934423601265343605e+05 2.917019759463286027e+05 2.901766616666167974e+05 2.888143422183003277e+05 2.875508756093697157e+05 2.864255180206159130e+05 2.853435306150945835e+05 2.844561991105062189e+05 2.834163048270990839e+05 2.825759368322911905e+05
2.709679362504220080e+03 3.026095289158331580e+05 2.997810842483370216e+05 2.962662358839361696e+05 2.931933428842003923e+05 2.907126740646934486e+05 2.886516933953012922e+05 2.868911515637502307e+05 2.853508310811218689e+05 2.839766163492801716e+05 2.827039416701891460e+05 2.815702287830134155e+05 2.804819605346804601e+05 2.795882995397440391e+05 2.785430575659931055e+05 2.777011463111103512e+05
2.759679362504220080e+03 2.993355297047601198e+05 2.965071961017240537e+05 2.929853913464734796e+05 2.898941061976649798e+05 2.873924271619844367e+05 2.853148380986000411e+05 2.835404218365742709e+05 2.819885463660263922e+05 2.806036940316622495e+05 2.793221733343955711e+05 2.781804102899729041e+05 2.770848823312713648e+05 2.761842852431258070e+05 2.751339802525588311e+05 2.742872583966322127e+05
2.809679362504220080e+03 2.985313087142116856e+05 2.956959332728688605e+05 2.921694073434650199e+05 2.890347881588739110e+05 2.864640087605186854e+05 2.843342865903237252e+05 2.825200567613749299e+05 2.809370105029708357e+05 2.795261605991522083e+05 2.782234184871671605e+05 2.770625570129735279e+05 2.759513009413296240e+05 2.750357445452483953e+05 2.739727706370162196e+05 2.731186215791353607e+05
2.859679362504220080e+03 2.980600789657614660e+05 2.952249518834442715e+05 2.916978348185521900e+05 2.885476116715868702e+05 2.859506603592892061e+05 2.838014049318388570e+05 2.819722656718394719e+05 2.803773850685689831e+05 2.789565346512941760e+05 2.776455603044427116e+05 2.764769577478114516e+05 2.753595007396722795e+05 2.744375762669921969e+05 2.733690644954405143e+05 2.725119962316813180e+05
2.909679362504220080e+03 2.970067032061673817e+05 2.941707489352605189e+05 2.906425963816352887e+05 2.874807564642983489e+05 2.848648885260579991e+05 2.827018003828418441e+05 2.808622359290657332e+05 2.792591765056286240e+05 2.778314456279046135e+05 2.765148770770521369e+05 2.753411660182726919e+05 2.742194981256067986e+05 2.732934220516755013e+05 2.722213723120271461e+05 2.713621752099987352e+05
2.959679362504220080e+03 2.959514978789009620e+05 2.931147681341294083e+05 2.895856335531609948e+05 2.864133246119985706e+05 2.837801212483307463e+05 2.816038545836688136e+05 2.797539781333734281e+05 2.781425703216120019e+05 2.767076207882395829e+05 2.753850473384258803e+05 2.742058053140787524e+05 2.730794378641347284e+05 2.721487634459580295e+05 2.710727598819020204e+05 2.702110332381591434e+05
3.009679362504220080e+03 2.949810356955894968e+05 2.921438233217303059e+05 2.886141146504399949e+05 2.854395917160973186e+05 2.828025957574207569e+05 2.806226947004635585e+05 2.787693493559136405e+05 2.771547256338438601e+05 2.757166608077072306e+05 2.743912947536759311e+05 2.732094172903653234e+05 2.720805589050009730e+05 2.711474829144384130e+05 2.700694528811100172e+05 2.692061735304648755e+05
3.059679362504220080e+03 2.941364152068082476e+05 2.912993639906556928e+05 2.877698826551116654e+05 2.846073589305150672e+05 2.819896031620347640e+05 2.798219221087747719e+05 2.779762566095605725e+05 2.763666243822235265e+05 2.749318794338830048e+05 2.736086730824575643e+05 2.724285315875632805e+05 2.713004763932130882e+05 2.703682083634449518e+05 2.692909858143248712e+05 2.684275328777046525e+05
3.109679362504220080e+03 2.924902683385050041e+05 2.894826883053162019e+05 2.858691821693727397e+05 2.824454572316130507e+05 2.795081966723798541e+05 2.771039678278248757e+05 2.751065417674668715e+05 2.734095639416726190e+05 2.719332326977702323e+05 2.706086879613185301e+05 2.694525154621708207e+05 2.683982690832912340e+05 2.675127045577416429e+05 2.666279445041244035e+05 2.663030045791422017e+05
3.159679362504220080e+03 2.913118040387668298e+05 2.885562136499304906e+05 2.850781891030150000e+05 2.817276415374088683e+05 2.786542696769061149e+05 2.761288490882593323e+05 2.740957428701972822e+05 2.723797466154629365e+05 2.708640193445059704e+05 2.694844998511954909e+05 2.682565172917518066e+05 2.670895560768101132e+05 2.661165832053666236e+05 2.650055089738453389e+05 2.641128318069081288e+05
3.209679362504220080e+03 2.942009773475358961e+05 2.917003766020706971e+05 2.882572727435922716e+05 2.849085073470579227e+05 2.815701454536042293e+05 2.782803712297144812e+05 2.752439593500093324e+05 2.726129804592214059e+05 2.703621251888207626e+05 2.683664453092257027e+05 2.665991572755746311e+05 2.649952207969923038e+05 2.636215854402757832e+05 2.621476098672685330e+05 2.610642956703073287e+05
3.259679362504220080e+03 2.846383864551059669e+05 2.818266645099677844e+05 2.782980985595220700e+05 2.749371377740355092e+05 2.719533170956905815e+05 2.694941717993015773e+05 2.674340696819124860e+05 2.656611749428426265e+05 2.640984971984454896e+05 2.626730571715309634e+05 2.614029794662874192e+05 2.602053619854091085e+05 2.592083015522821806e+05 2.580729477002352069e+05 2.571845467989773315e+05
3.309679362504220080e+03 2.821729888207316981e+05 2.792892831874782569e+05 2.757342548122154549e+05 2.722925089517906890e+05 2.691882204348322703e+05 2.666664921011438710e+05 2.645935820903612184e+05 2.628297906577769318e+05 2.612850706213968224e+05 2.598834096564750362e+05 2.586341875684338738e+05 2.574600758478610369e+05 2.564767388398440962e+05 2.553508041786568065e+05 2.544723884446038574e+05
3.359679362504220080e+03 2.859271395453660516e+05 2.830676254728073836e+05 2.795231411922477419e+05 2.762004522019705619e+05 2.733277134394067107e+05 2.709709979340612772e+05 2.689906458044698811e+05 2.672820349825169542e+05 2.657698279831985128e+05 2.643859246377330273e+05 2.631526762236293289e+05 2.619822570547917567e+05 2.610100726043258037e+05 2.598973911204991164e+05 2.590141102747075201e+05
3.409679362504220080e+03 2.819272789352469263e+05 2.791323970897903782e+05 2.755939353312225430e+05 2.721996502719211276e+05 2.690365371546504321e+05 2.661598469526173430e+05 2.636388356970362365e+05 2.615933910726968024e+05 2.598820342763485096e+05 2.581038672166465549e+05 2.566451736135834071e+05 2.553392348227448529e+05 2.542371467373710475e+05 2.530878419536625734e+05 2.524559465183645952e+05
3.459679362504220080e+03 2.824297699753527413e+05 2.795343790029475931e+05 2.759788424271000549e+05 2.728275387253167573e+05 2.702523230336764827e+05 2.681056600119954091e+05 2.662739623063149629e+05 2.646770940413992503e+05 2.632513964618450264e+05 2.619339431606361759e+05 2.607568223796137027e+05 2.596298483750334708e+05 2.586968781899522291e+05 2.576195203972908203e+05 2.567486725131224666e+05
3.509679362504220080e+03 2.853248318933165865e+05 2.824992202896980452e+05 2.789656280176329892e+05 2.755966255178624415e+05 2.726038012597217457e+05 2.701367517613829114e+05 2.680666570119076059e+05 2.662832570677862386e+05 2.647092323466512607e+05 2.632738587210769183e+05 2.619971693336251192e+05 2.607898625816387648e+05 2.597881224044616392e+05 2.586469772164842580e+05 2.577500269563244365e+05
3.559679362504220080e+03 2.855813604530260782e+05 2.826873731821659021e+05 2.791349138631595415e+05 2.759485460085284431e+05 2.733326203511041822e+05 2.711805038817888126e+05 2.693540812129018013e+05 2.677670243739710422e+05 2.663524732076554792e+05 2.650495101597583853e+05 2.638875287798620993e+05 2.627757755697776447e+05 2.618554301106594212e+05 2.607924638772138860e+05 2.599323670312356553e+05
3.609679362504220080e+03 2.880789982922638301e+05 2.853001970866404008e+05 2.817797373043812113e+05 2.783600072248249198e+05 2.750690422526354669e+05 2.721548161656747689e+05 2.696948195739945513e+05 2.675844537052278174e+05 2.657349144532531500e+05 2.640650450944494223e+05 2.625705670351458248e+05 2.611843068243973539e+05 2.600032708252832526e+05 2.586974489465647785e+05 2.577084922319197212e+05
3.659679362504220080e+03 2.841235805391105241e+05 2.812509091847627424e+05 2.777030463787583867e+05 2.744502428482740652e+05 2.717255275383563712e+05 2.695183813371132710e+05 2.676662095820459654e+05 2.660677767376044649e+05 2.646489015603337903e+05 2.633455271341189509e+05 2.621774248393079615e+05 2.610671215560169949e+05 2.601396806617945258e+05 2.590610763668954023e+05 2.582109100700406998e+05
3.709679362504220080e+03 2.868279196535130031e+05 2.840067009425800061e+05 2.804706458692476153e+05 2.770394622126153554e+05 2.738547884588523302e+05 2.711462876951885410e+05 2.688560537963079987e+05 2.668761966735249734e+05 2.651239264904709416e+05 2.635296805186780985e+05 2.620968749274864094e+05 2.607573288090476999e+05 2.596161535732088378e+05 2.583434703305748408e+05 2.573709673128652212e+05
3.759679362504220080e+03 2.855831782839824446e+05 2.827448673019693233e+05 2.792018058656802750e+05 2.758027330088990275e+05 2.727706678083920269e+05 2.702831916323627811e+05 2.681892054091146565e+05 2.663790968647163245e+05 2.647723128214235185e+05 2.633052729781715898e+05 2.619900801662052399e+05 2.607492336793418508e+05 2.597030910207520064e+05 2.585187911259332614e+05 2.575937747620387818e+05
3.809679362504220080e+03 2.863372836850257590e+05 2.834794373866186361e+05 2.799297241751759429e+05 2.765060393105530529e+05 2.734263494389019907e+05 2.709021188644967042e+05 2.687843764531845227e+05 2.669543364710658789e+05 2.653287230908650090e+05 2.638428894482864998e+05 2.625070281873753993e+05 2.612462305447300314e+05 2.601775739175016934e+05 2.589680127570160839e+05 2.580312115889093839e+05
3.859679362504220080e+03 2.842493761385882390e+05 2.813685920522065135e+05 2.778128235842661234e+05 2.743927575746182702e+05 2.713540918827101705e+05 2.688962208761863294e+05 2.668552832942489185e+05 2.651044962717958260e+05 2.635599084287814912e+05 2.621518335632756935e+05 2.608893200844578678e+05 2.597000123273273930e+05 2.586946582376986626e+05 2.575407536974390387e+05 2.566479848622085992e+05
3.909679362504220080e+03 2.862243280881147366e+05 2.833682669852786348e+05 2.798143556950812927e+05 2.763671116476707393e+05 2.731508283234466217e+05 2.704216007218686282e+05 2.681486365743711358e+05 2.662045149238519371e+05 2.644971096518221311e+05 2.629519423118564882e+05 2.615751004787320853e+05 2.602846008223656681e+05 2.591998337301371212e+05 2.579823982986172778e+05 2.570376901518757513e+05
3.959679362504220080e+03 2.902013108391559799e+05 2.873498763309612987e+05 2.838017938423493179e+05 2.803907065263652476e+05 2.773311982383450959e+05 2.748087150361000677e+05 2.726850552928419202e+05 2.708500116141258623e+05 2.692236751735545113e+05 2.677402202742157970e+05 2.664137456654716516e+05 2.651617216999225784e+05 2.641105571314648259e+05 2.629215875068932655e+05 2.619913124303369841e+05
4.009679362504220080e+03 2.907797245961508597e+05 2.879339856781456620e+05 2.843928948414272163e+05 2.810774280947947991e+05 2.781935485284936731e+05 2.758086214785949560e+05 2.737832091669028741e+05 2.720215504748031963e+05 2.704519396723880200e+05 2.690128563891994418e+05 2.677242029845698853e+05 2.665018863408521865e+05 2.654781971076136106e+05 2.643133269765096484e+05 2.633965012327295844e+05
4.059679362504220080e+03 2.910604381698178477e+05 2.882191024897838361e+05 2.846837903078941163e+05 2.814495018731248565e+05 2.787003351186085492e+05 2.764118723474846338e+05 2.744566850864863954e+05 2.727480952140494483e+05 2.712204544965773821e+05 2.698143386233907659e+05 2.685538796826089965e+05 2.673540072327379603e+05 2.663505103077568347e+05 2.652035931717402418e+05 2.642970398627856630e+05
4.109679362504220080e+03 2.912874045202399720e+05 2.884496019188799546e+05 2.849189345715835225e+05 2.817481778587444569e+05 2.791015148302491871e+05 2.768840705200424418e+05 2.749796243240690092e+05 2.733088233510943828e+05 2.718108421715638251e+05 2.704276796315350803e+05 2.691868961064614123e+05 2.680022509156425367e+05 2.670127596664730227e+05 2.658780074429347878e+05 2.649780001851132838e+05
4.159679362504220080e+03 2.918102676285414491e+05 2.889752431389693520e+05 2.854489216606552363e+05 2.823307239686119137e+05 2.797646878229770809e+05 2.776026949181544478e+05 2.757381589765159879e+05 2.740965175238864031e+05 2.726214604916818207e+05 2.712556211444464861e+05 2.700297310839914717e+05 2.688562219062538352e+05 2.678770828365606139e+05 2.667510782832913683e+05 2.658555727729475475e+05
4.209679362504220080e+03 2.926126980299646966e+05 2.897795976748961839e+05 2.862752896907732356e+05 2.832168553214133135e+05 2.807133118539357674e+05 2.785944853554877336e+05 2.767611047660433687e+05 2.751422177627758938e+05 2.736850834772662492e+05 2.723326880032863701e+05 2.711185489591995138e+05 2.699535465322663076e+05 2.689826708926457213e+05 2.678635487161803176e+05 2.669711215548856999e+05
4.259679362504220080e+03 2.935007061946867034e+05 2.906691268847563188e+05 2.871893771491466905e+05 2.841814089878492523e+05 2.817207783547167201e+05 2.796311479154414847e+05 2.778187019336590311e+05 2.762150137535582180e+05 2.747697489985011634e+05 2.734260995054518571e+05 2.722196927864482277e+05 2.710599723719455069e+05 2.700945414538923651e+05 2.689796953395614401e+05 2.680889166858120589e+05
4.309679362504220080e+03 2.942935337523664930e+05 2.914629316702911165e+05 2.880032290564273717e+05 2.850315659090324771e+05 2.825975874443459907e+05 2.805257639015285531e+05 2.787259243950559758e+05 2.771312376568100881e+05 2.756929542489810847e+05 2.743541810652458807e+05 2.731523688087636838e+05 2.719949576184945181e+05 2.710333585508565884e+05 2.699183434417336830e+05 2.690287635204931139e+05
4.359679362504220080e+03 2.940647878616112866e+05 2.912353817097045830e+05 2.877426811158052878e+05 2.846944406963233487e+05 2.821917728367134696e+05 2.800728861857641023e+05 2.782382844766874914e+05 2.766170189838308725e+05 2.751576894684240688e+05 2.738010842495407560e+05 2.725855396041574422e+05 2.714096023789323517e+05 2.704470548470852082e+05 2.692755584884736454e+05 2.683905093815556611e+05
4.409679362504220080e+03 2.927296807757602073e+05 2.899036533492275630e+05 2.864718724067213479e+05 2.835513151890169247e+05 2.811519968227572972e+05 2.791001761815673090e+05 2.773135502645506058e+05 2.757279208342701313e+05 2.742922694140843232e+05 2.729649554678653949e+05 2.717460372786028893e+05 2.706314420613652910e+05 2.695928530915422016e+05 2.686446417542218114e+05 2.674176221231202362e+05
4.459679362504220080e+03 2.932720535417073406e+05 2.904407534945303923e+05 2.870927598838736885e+05 2.843156218599565327e+05 2.820204614411062794e+05 2.800461525672798743e+05 2.783182747373818420e+05 2.767803821496022283e+05 2.753828108611838543e+05 2.740883699610597105e+05 2.728965068166001001e+05 2.718078174730876926e+05 2.707878812629735912e+05 2.698633971333071240e+05 2.686499402156132273e+05
4.509679362504220080e+03 2.924041841107726796e+05 2.895793145238377620e+05 2.862565243146384018e+05 2.835131733841903042e+05 2.812444400274820509e+05 2.792933647121438407e+05 2.775849117529176874e+05 2.760644721870601061e+05 2.746832001696284860e+05 2.734020412088307203e+05 2.722257642875519814e+05 2.711461761864386499e+05 2.701441088042525225e+05 2.692232422464490519e+05 2.690787648635132355e+05
4.559679362504220080e+03 2.888824564348739223e+05 2.860566065550618223e+05 2.827382403399494360e+05 2.800010294276804780e+05 2.777391398988486035e+05 2.757956748625528417e+05 2.740912672483545030e+05 2.725843129245532909e+05 2.711886884158762987e+05 2.699603200879035867e+05 2.686722237616196508e+05 2.678683956218070234e+05 2.678421398688098416e+05 2.678225372772032279e+05 2.678118225008273730e+05
4.609679362504220080e+03 2.861792653538992163e+05 2.833574193598593702e+05 2.800388466876232415e+05 2.773033050667383941e+05 2.750439935498235864e+05 2.730963083211589255e+05 2.713933259507004987e+05 2.698532222456547897e+05 2.685130311441950034e+05 2.670827351157304947e+05 2.662382039413391030e+05 2.662221495962292538e+05 2.662103969951188774e+05 2.661938397889795597e+05 2.661846830903008231e+05
4.659679362504220080e+03 2.842178945884712157e+05 2.813943006447883090e+05 2.780667622463119915e+05 2.753136374127585441e+05 2.730367438331132871e+05 2.710779580006616306e+05 2.693636219274378382e+05 2.678348976911391364e+05 2.664561222048331983e+05 2.651510363522982807e+05 2.647127131906044087e+05 2.646983033763862913e+05 2.646870921311723068e+05 2.646710991480898228e+05 2.646621070265668095e+05
4.709679362504220080e+03 2.837844235825622454e+05 2.809552143283488113e+05 2.776360479727065540e+05 2.748989869185236748e+05 2.726380489924012800e+05 2.706948096401644871e+05 2.689924754597813589e+05 2.674819168899118667e+05 2.660982546573505388e+05 2.648470798106955481e+05 2.645272168804376852e+05 2.645124996109472704e+05 2.645009565399331041e+05 2.644839450185959577e+05 2.644746014585578232e+05
4.759679362504220080e+03 2.883521031497447402e+05 2.856400495796765317e+05 2.822096208281419822e+05 2.792125382552947267e+05 2.766711671427409165e+05 2.743921851331787184e+05 2.724060385463004350e+05 2.706225407206345117e+05 2.690434987128772191e+05 2.673766047882313142e+05 2.663926786938179866e+05 2.663594916169040953e+05 2.663399382339979638e+05 2.663087970220400603e+05 2.662924270092577790e+05
4.809679362504220080e+03 2.919677979674806702e+05 2.891054058939272654e+05 2.857840277887735283e+05 2.830417651967504644e+05 2.807706514412125107e+05 2.788162282829807373e+05 2.770791585719066788e+05 2.755876481177408132e+05 2.740298190288602491e+05 2.731164874225112726e+05 2.731050638167356374e+05 2.730831463490038877e+05 2.730599357963448274e+05 2.730176006682001171e+05 2.729955111040147021e+05
4.859679362504220080e+03 2.855246907805876690e+05 2.827023522336255992e+05 2.793785359541137586e+05 2.766299011763408198e+05 2.743556631142972037e+05 2.723964137599650421e+05 2.706877413463009871e+05 2.691405984351636725e+05 2.678070345276793232e+05 2.663702983291683486e+05 2.655110988827335532e+05 2.654958995332391351e+05 2.654826815333865234e+05 2.654619661126128049e+05 2.654511161085833446e+05
4.909679362504220080e+03 2.849076667280212860e+05 2.820848421188655775e+05 2.787572808952120831e+05 2.759973087704870850e+05 2.737081900316062965e+05 2.717334276954480447e+05 2.700093951824915712e+05 2.684452152153633069e+05 2.671015345700777834e+05 2.656307786586954026e+05 2.647228401208217838e+05 2.647066295239317697e+05 2.646940216677416465e+05 2.646732309205938946e+05 2.646627894959099358e+05
4.959679362504220080e+03 2.835506088540052879e+05 2.807285809090737021e+05 2.774194805811569677e+05 2.746952901901922887e+05 2.724425080391024821e+05 2.705037978316579829e+05 2.688049405183308409e+05 2.672897160651977174e+05 2.659170304023528006e+05 2.646342886682875105e+05 2.642494290222237469e+05 2.642350527729241876e+05 2.642232915212932276e+05 2.642036824326302740e+05 2.641938770280713798e+05
5.009679362504220080e+03 2.842100089878275176e+05 2.813859581907537067e+05 2.780648702892256551e+05 2.753166504337486112e+05 2.730383625855809078e+05 2.710744808716170373e+05 2.693547604034524411e+05 2.678117880869949586e+05 2.664373414948659483e+05 2.650877405672015157e+05 2.645590064053635579e+05 2.645446492367794854e+05 2.645322772088299389e+05 2.645119348662200500e+05 2.645017103462406085e+05
5.059679362504220080e+03 2.840067973641279386e+05 2.811781770137849962e+05 2.778454677550112247e+05 2.750785859346034704e+05 2.727821910706989001e+05 2.708021279259799630e+05 2.690602761408302467e+05 2.675191758568738587e+05 2.660836711289077648e+05 2.648298295277935686e+05 2.645779512258754112e+05 2.645619279916296364e+05 2.645492931202144828e+05 2.645287501945989206e+05 2.645188093622658635e+05
5.109679362504220080e+03 2.850309546074384125e+05 2.822073629508020822e+05 2.788775714047170477e+05 2.761127178997074370e+05 2.738163529631475685e+05 2.718369640109632164e+05 2.700941828624461778e+05 2.685585279956744635e+05 2.671085130790423718e+05 2.658914650970236398e+05 2.656997947754067718e+05 2.656840115134395310e+05 2.656715556116123335e+05 2.656511738612034242e+05 2.656414561115207034e+05
5.159679362504220080e+03 2.852379799852657015e+05 2.824141861667320482e+05 2.790871778479191707e+05 2.763260883069261326e+05 2.740324446601659292e+05 2.720545152151114307e+05 2.703153347030052682e+05 2.687741391847508494e+05 2.673439498281978304e+05 2.660872897605424514e+05 2.658249332259069779e+05 2.658091599870977225e+05 2.657965526736866450e+05 2.657761153627141612e+05 2.657668867643600097e+05
5.209679362504220080e+03 2.836026072824097937e+05 2.807821211877454771e+05 2.774459148944029585e+05 2.746607454751724727e+05 2.723366801442073192e+05 2.703306254530532169e+05 2.685548672808971023e+05 2.670106712159476592e+05 2.654863932337065926e+05 2.648063998121517361e+05 2.647954754780707299e+05 2.647802663449720712e+05 2.647678389920110349e+05 2.647477540651552845e+05 2.647360691634243703e+05
5.259679362504220080e+03 2.856863195224546944e+05 2.828625688049657037e+05 2.795366544147410896e+05 2.767775478980456828e+05 2.744845483359919162e+05 2.725098630881915451e+05 2.707597640787484124e+05 2.692527615109334583e+05 2.677144640936800861e+05 2.669091601642599562e+05 2.668970298081299406e+05 2.668815419597934815e+05 2.668690562473853352e+05 2.668480904862299794e+05 2.668379018822269281e+05
5.309679362504220080e+03 2.848877286221299437e+05 2.820641320018913248e+05 2.787377607352402410e+05 2.759764216160108335e+05 2.736803366307468968e+05 2.717017967081658426e+05 2.699504113635222893e+05 2.684334942650030134e+05 2.669146812950836611e+05 2.661921405743204523e+05 2.661798917936555226e+05 2.661659644620582112e+05 2.661540927154755918e+05 2.661347448909206432e+05 2.661260048393147299e+05
5.359679362504220080e+03 2.719719396866548341e+05 2.719674754716591560e+05 2.719623260578897898e+05 2.719580920366315986e+05 2.719537015981608420e+05 2.719494274168974371e+05 2.719450296460152604e+05 2.719406331741458271e+05 2.719360689438133268e+05 2.719317982262998703e+05 2.719271362564310548e+05 2.719219704646107857e+05 2.719165090918929200e+05 2.719094727416149108e+05 2.719059408280719072e+05
5.409679362504220080e+03 2.692341618778143311e+05 2.692324548620365676e+05 2.692318438363038003e+05 2.692335266480026767e+05 2.692329167301082052e+05 2.692326071238993900e+05 2.692307939684605226e+05 2.692199853507429361e+05 2.692061667761935387e+05 2.691906327283850405e+05 2.691729758512695553e+05 2.691536428441397729e+05 2.691331841242437949e+05 2.690987586407393683e+05 2.690821446674237377e+05
5.459679362504220080e+03 2.657089220170936896e+05 2.657059134873212897e+05 2.657044139269620064e+05 2.657042995431469171e+05 2.657017834270049352e+05 2.656971629080672283e+05 2.656921880161972949e+05 2.656865765326624387e+05 2.656802936643713037e+05 2.656723739202076686e+05 2.656627992833153694e+05 2.656514591592008946e+05 2.656399216094839503e+05 2.656203340342709562e+05 2.656102314487191034e+05
5.509679362504220080e+03 2.523835731211701641e+05 2.523802008363727655e+05 2.523766184999780089e+05 2.523738598747845681e+05 2.523701075680655194e+05 2.523653290825888980e+05 2.523583834817474417e+05 2.523393130091792264e+05 2.523268430324840592e+05 2.523112834898385918e+05 2.522937697519909707e+05 2.522729255770026066e+05 2.522529607226258377e+05 2.522174235157261719e+05 2.521999328376127523e+05
5.559679362504220080e+03 2.455715538060454419e+05 2.455682178940018639e+05 2.455644671369167045e+05 2.455622128300922050e+05 2.455586914981564332e+05 2.455534248165149475e+05 2.455427971315711329e+05 2.455236689358368749e+05 2.455091451705071959e+05 2.454924877531155944e+05 2.454735954596048687e+05 2.454506349501126970e+05 2.454300854768223071e+05 2.453937009105068282e+05 2.453754569488449197e+05
5.609679362504220080e+03 2.394054262605600525e+05 2.366385181024072517e+05 2.333653425451545336e+05 2.312001376459304302e+05 2.308395897544135223e+05 2.308320434649356466e+05 2.308245504653766984e+05 2.308164956872963230e+05 2.308088956258751568e+05 2.307992075036853494e+05 2.307884145325014251e+05 2.307763125317493977e+05 2.307654213893534325e+05 2.307463214115012961e+05 2.307369255091610830e+05
5.659679362504220080e+03 2.338468603199526551e+05 2.310580681581820827e+05 2.278110311678290600e+05 2.251313696266759653e+05 2.232218542412351817e+05 2.230100833334679191e+05 2.230038218097874196e+05 2.229973112444249273e+05 2.229913449303986563e+05 2.229850540726321342e+05 2.229785196280839154e+05 2.229709312467490963e+05 2.229635033712899312e+05 2.229525947143611556e+05 2.229483207323463866e+05
5.709679362504220080e+03 2.277348337220607500e+05 2.249705860069142363e+05 2.217283079318534001e+05 2.190469179918701411e+05 2.170385746114821814e+05 2.168833117470771540e+05 2.168767172004558961e+05 2.168697862643382396e+05 2.168635055814874941e+05 2.168568127029074240e+05 2.168500839714107569e+05 2.168430992069175409e+05 2.168355574668163608e+05 2.168250512349167257e+05 2.168212339272417885e+05
5.759679362504220080e+03 2.189596516952102247e+05 2.163205487985091750e+05 2.130871993134780787e+05 2.105095258991283772e+05 2.082214109390449012e+05 2.071880229938624543e+05 2.071817699847018230e+05 2.071748958622750361e+05 2.071686053807280550e+05 2.071619440632346377e+05 2.071552539187596121e+05 2.071481713670020981e+05 2.071404017658406519e+05 2.071298443939714052e+05 2.071261798714825127e+05
5.809679362504220080e+03 2.236042367868391157e+05 2.206365227893490810e+05 2.173241659903653199e+05 2.147631223968356499e+05 2.128016446874769754e+05 2.124041863503098721e+05 2.123975017620007275e+05 2.123899634535528603e+05 2.123829488063165045e+05 2.123753837916251214e+05 2.123678852430342813e+05 2.123599643729127420e+05 2.123513925821227604e+05 2.123395399483584333e+05 2.123355313046569354e+05
5.859679362504220080e+03 2.203828794791969995e+05 2.174741276338730822e+05 2.140919839740851603e+05 2.112315851173919509e+05 2.096862497119096515e+05 2.096634350707634003e+05 2.096575462545530172e+05 2.096507970922663517e+05 2.096443017683512880e+05 2.096376936435025418e+05 2.096311533291689702e+05 2.096241478328334342e+05 2.096163771891234210e+05 2.096064580392440548e+05 2.096030887173801020e+05
5.909679362504220080e+03 2.178384386209469230e+05 2.152891867654347734e+05 2.120566729570012831e+05 2.094693522168679629e+05 2.073262897849270666e+05 2.067798700599758304e+05 2.067736649223237764e+05 2.067664222020207962e+05 2.067595910534663708e+05 2.067524911092246184e+05 2.067454726095749647e+05 2.067378712347619876e+05 2.067295390917156183e+05 2.067185878710363468e+05 2.067150852738246031e+05
5.959679362504220080e+03 2.177554259329674824e+05 2.144844696761894156e+05 2.110487151588197448e+05 2.081469233900428808e+05 2.064319536846602277e+05 2.064139195215085929e+05 2.064069268007495557e+05 2.063982126104321505e+05 2.063896224226182385e+05 2.063808411182801065e+05 2.063721047395136848e+05 2.063624490830795257e+05 2.063515737059452804e+05 2.063375684448202373e+05 2.063334236767898838e+05
6.009679362504220080e+03 2.160581946858609444e+05 2.135833246791238198e+05 2.103785987155197072e+05 2.076763445005491667e+05 2.056257242746792908e+05 2.054182514743207721e+05 2.054105235955073440e+05 2.054013679573576082e+05 2.053927083022734732e+05 2.053837232581175631e+05 2.053748265528475167e+05 2.053650290128782508e+05 2.053541063495838607e+05 2.053396534380028897e+05 2.053355900435784133e+05
6.059679362504220080e+03 2.153020391845018312e+05 2.123178822772879212e+05 2.090210464568455063e+05 2.063533255336980219e+05 2.046144627745036560e+05 2.045718207507999905e+05 2.045648124515337113e+05 2.045552706961286895e+05 2.045456234073100204e+05 2.045356759972810105e+05 2.045258034899761551e+05 2.045149235562849499e+05 2.045020012807199382e+05 2.044851970098712773e+05 2.044808552229284833e+05
6.109679362504220080e+03 2.149359310959627037e+05 2.119335034983747464e+05 2.086018063309242425e+05 2.057853375943431165e+05 2.040778509062232333e+05 2.040554739339806838e+05 2.040473054313271423e+05 2.040360991629721830e+05 2.040246390464717406e+05 2.040127582395462669e+05 2.040010927195043187e+05 2.039885894511683437e+05 2.039698604390303371e+05 2.039454521896760853e+05 2.039407407858491060e+05
6.124679362504220080e+03 2.147305889005626086e+05 2.117581147703926254e+05 2.084346973929149099e+05 2.055389401466238196e+05 2.039408781409726362e+05 2.039305504539052490e+05 2.039219853849749197e+05 2.039102845523538417e+05 2.038984290065654204e+05 2.038860907331499620e+05 2.038741304549713386e+05 2.038617455357608269e+05 2.038399052841243101e+05 2.038119007284289692e+05 2.038074534851003555e+05
6.129679362504220080e+03 2.144933296415881778e+05 2.116840801259097352e+05 2.084035491418073943e+05 2.056169298196068557e+05 2.040889732085376163e+05 2.040754038743326964e+05 2.040675859380683978e+05 2.040569399243079242e+05 2.040461129278719891e+05 2.040348734015932132e+05 2.040239667799841263e+05 2.040126385398390121e+05 2.039925157528929994e+05 2.039666683584782586e+05 2.039626069286822749e+05
6.179679362504220080e+03 2.144304451012431527e+05 2.114811829478332074e+05 2.081476799262833374e+05 2.053919727872457879e+05 2.041649527288100799e+05 2.041596384966540791e+05 2.041520077652731852e+05 2.041414768735989346e+05 2.041305404766126885e+05 2.041192383555526030e+05 2.041081645375913358e+05 2.040964207121612853e+05 2.040743825274645933e+05 2.040460009324674029e+05 2.040418644601740234e+05
6.229679362504220080e+03 2.142019677529173496e+05 2.112504532478463079e+05 2.079104649611196364e+05 2.051517012017536035e+05 2.038898674339388963e+05 2.038842098299205827e+05 2.038760499207481917e+05 2.038644187974562519e+05 2.038521673045135976e+05 2.038392663277842803e+05 2.038262924587946618e+05 2.038116376303395955e+05 2.037778838629803504e+05 2.037330494923869264e+05 2.037277653234757308e+05
6.279679362504220080e+03 2.177527837549335964e+05 2.147435408281002892e+05 2.113340248880115105e+05 2.090462175394909573e+05 2.089412852037110424e+05 2.089365689965871861e+05 2.089308556437402440e+05 2.089234744312697148e+05 2.089155874193922791e+05 2.089066952203168476e+05 2.088977579156967404e+05 2.088874269106035354e+05 2.088623992880601145e+05 2.088267838919439237e+05 2.088220179810952977e+05
6.329679362504220080e+03 2.137956890839340631e+05 2.109557695998083218e+05 2.076232765413244779e+05 2.048562569008022256e+05 2.036273082791679772e+05 2.036224140101636876e+05 2.036157159978710115e+05 2.036065271216506953e+05 2.035966521458513162e+05 2.035864014401685272e+05 2.035760884134788648e+05 2.035642837716020294e+05 2.035361522760855732e+05 2.034954258467989857e+05 2.034916297080715885e+05
6.379679362504220080e+03 2.122870341492758016e+05 2.095220798022961244e+05 2.062502783952278260e+05 2.035173171442779130e+05 2.024391830555825727e+05 2.024346738212511700e+05 2.024285782313382952e+05 2.024203265686400700e+05 2.024114836744449858e+05 2.024026790032794524e+05 2.023937455208240135e+05 2.023833378250487731e+05 2.023593884208251839e+05 2.023288767985609593e+05 2.023266771215752815e+05
6.429679362504220080e+03 2.115883498827371805e+05 2.088309120440428960e+05 2.055206131766557519e+05 2.028941229878440208e+05 2.021713284424117883e+05 2.021666756362834712e+05 2.021603423786715430e+05 2.021517103265059704e+05 2.021424707745944033e+05 2.021333202136235195e+05 2.021241159353372641e+05 2.021133001639244612e+05 2.020881552020380041e+05 2.020550091812742758e+05 2.020528164141183661e+05
6.479679362504220080e+03 2.110177925819151860e+05 2.082303658852742228e+05 2.049350052731699252e+05 2.023622008956976933e+05 2.017404028917877004e+05 2.017358650950232695e+05 2.017298232014813693e+05 2.017217123350707407e+05 2.017130535018896917e+05 2.017045112760582415e+05 2.016960118792497087e+05 2.016864462609008187e+05 2.016663429622623080e+05 2.016314587290931377e+05 2.016285430316446873e+05
6.529679362504220080e+03 2.108106940228535386e+05 2.079442472330018645e+05 2.046086400187977706e+05 2.021148425296822679e+05 2.017033715580433491e+05 2.016984709263391269e+05 2.016917716485893761e+05 2.016826493690937932e+05 2.016728465451052762e+05 2.016631342614374007e+05 2.016535254325029673e+05 2.016429077726316755e+05 2.016189932157307048e+05 2.015819926203408395e+05 2.015793862025101844e+05
6.579679362504220080e+03 2.100312765332511626e+05 2.072143399159378605e+05 2.038976042478068266e+05 2.013951892116216768e+05 2.009259775845339755e+05 2.009210213812217698e+05 2.009142241413709417e+05 2.009049538572120655e+05 2.008948357599006849e+05 2.008849088681861758e+05 2.008752344478418527e+05 2.008649163650862465e+05 2.008443620620226720e+05 2.008142544798080053e+05 2.008119119458611240e+05
6.629679362504220080e+03 2.099973661865408649e+05 2.071509823628728918e+05 2.037960028218270745e+05 2.014013696231828071e+05 2.011894888456246699e+05 2.011846915951906703e+05 2.011777151662334509e+05 2.011680070048347116e+05 2.011572481639180332e+05 2.011467730163359665e+05 2.011365737397324410e+05 2.011257293387300742e+05 2.011016913946149289e+05 2.010645015972242109e+05 2.010612297400716052e+05
6.679679362504220080e+03 2.100988063969796349e+05 2.072187213100453664e+05 2.038861791653245746e+05 2.015616155943268386e+05 2.013589507504846260e+05 2.013526619299568993e+05 2.013438574031922617e+05 2.013316756078909675e+05 2.013181700248339912e+05 2.013052963337572291e+05 2.012935385327810945e+05 2.012813957099889813e+05 2.012547416682050971e+05 2.012161798758951190e+05 2.012124801828751224e+05
6.729679362504220080e+03 2.107788803383570048e+05 2.079647400913627644e+05 2.046616669578935835e+05 2.022260285900116141e+05 2.018947924236122344e+05 2.018901729741706804e+05 2.018828976925103343e+05 2.018723709150078357e+05 2.018613573492874275e+05 2.018520324550395017e+05 2.018433525438854704e+05 2.018344056422057911e+05 2.018167740477256593e+05 2.017954072804158204e+05 2.017934334880915703e+05
6.779679362504220080e+03 2.099695557032979559e+05 2.070344412950069236e+05 2.036214680307318340e+05 2.015728773828755075e+05 2.015405546141710365e+05 2.015338798889626341e+05 2.015242865920468466e+05 2.015108928537064639e+05 2.014968478728290356e+05 2.014843857914223627e+05 2.014735073798582016e+05 2.014622413262978371e+05 2.014406839814373816e+05 2.014158319280243595e+05 2.014135245932337129e+05
6.829679362504220080e+03 2.093299411804463889e+05 2.064679511026466789e+05 2.030991295588597131e+05 2.010262887988426664e+05 2.009885864732796617e+05 2.009821767712431320e+05 2.009726896229158447e+05 2.009604978026900790e+05 2.009479694049954123e+05 2.009356698807278590e+05 2.009250502197401074e+05 2.009140575130898214e+05 2.008931286973178794e+05 2.008719552540693257e+05 2.008702775788588915e+05
6.879679362504220080e+03 2.088987707575506647e+05 2.060456352556646452e+05 2.027190645222269814e+05 2.006375979662839673e+05 2.005857147570263478e+05 2.005790050275961403e+05 2.005684011069451517e+05 2.005539239013482584e+05 2.005380704035654489e+05 2.005235337550684926e+05 2.005108963538158860e+05 2.004969828604579379e+05 2.004721195350174385e+05 2.004493425833092188e+05 2.004474300531735353e+05
6.929679362504220080e+03 2.093443688764047401e+05 2.065829950824702973e+05 2.032219004227879341e+05 2.012641789626310638e+05 2.012400312005452579e+05 2.012337522886181250e+05 2.012241349689252093e+05 2.012114301622525672e+05 2.011973139914333005e+05 2.011844421837955888e+05 2.011735416105042095e+05 2.011616404965267575e+05 2.011438640013629047e+05 2.011295246161117975e+05 2.011281596776538063e+05
6.979679362504220080e+03 2.094647280130756262e+05 2.065764725259043335e+05 2.031674276480945991e+05 2.014301480690527533e+05 2.014218163307573122e+05 2.014152236889601045e+05 2.014066750959880301e+05 2.013957815861787822e+05 2.013819324977146171e+05 2.013707054662226001e+05 2.013606879075925099e+05 2.013497254896425293e+05 2.013335363284785417e+05 2.013214252593197743e+05 2.013202333925421990e+05
7.029679362504220080e+03 2.098791833789325610e+05 2.070391003649761260e+05 2.036485998880298575e+05 2.020888815285281453e+05 2.020848359833866416e+05 2.020788276719565038e+05 2.020711307805253891e+05 2.020606309918347979e+05 2.020490516790992115e+05 2.020398043792348180e+05 2.020315100655348797e+05 2.020223033997115563e+05 2.020087070929892943e+05 2.019987791005171312e+05 2.019977705453636008e+05
7.079679362504220080e+03 2.090444171320679889e+05 2.062228583124543366e+05 2.028520066642950696e+05 2.011055570729867613e+05 2.010961065564424789e+05 2.010890720330631302e+05 2.010797991964176763e+05 2.010643448382595670e+05 2.010483969272235117e+05 2.010357589762946591e+05 2.010259609239075508e+05 2.010148980926471122e+05 2.009984801986757957e+05 2.009866622704007896e+05 2.009854708982642042e+05
7.129679362504220080e+03 2.089193959028963873e+05 2.060881269141164958e+05 2.027264027602565475e+05 2.011281413531944854e+05 2.011236504537097353e+05 2.011163179779769853e+05 2.011060795657206618e+05 2.010880100871525065e+05 2.010720943571621610e+05 2.010595742632100882e+05 2.010491610084647837e+05 2.010368982432901976e+05 2.010192972128384281e+05 2.010068635894407053e+05 2.010056090632085397e+05
7.179679362504220080e+03 2.086991348504216294e+05 2.058628672823234810e+05 2.024968067266705330e+05 2.010213980157559854e+05 2.010182152912388556e+05 2.010159604319435894e+05 2.010119808159185341e+05 2.009971796991422307e+05 2.009904872128496645e+05 2.009880188074788894e+05 2.009851640690628556e+05 2.009821556539463636e+05 2.009799258816109214e+05 2.009783354363987455e+05 2.009780648352264252e+05
7.229679362504220080e+03 2.084759100370114320e+05 2.056145517778592766e+05 2.022756163220900926e+05 2.010470333887290908e+05 2.010440342710830155e+05 2.010392440978481318e+05 2.010373825454311736e+05 2.010279649296866264e+05 2.010179022032202338e+05 2.010137123824976443e+05 2.010118944527282147e+05 2.010094245896461944e+05 2.010075265547703602e+05 2.010062452200061525e+05 2.010060129403506871e+05
7.279679362504220080e+03 2.095539077915054804e+05 2.066970294530251413e+05 2.033386690525976301e+05 2.018432047081170895e+05 2.018399466228143719e+05 2.018333927172520198e+05 2.018319787619728886e+05 2.018257450860800163e+05 2.018150883558654168e+05 2.018099870170836803e+05 2.018091346374372079e+05 2.018078891858630523e+05 2.018060514888349862e+05 2.018039833406536491e+05 2.018035850956025242e+05
7.329679362504220080e+03 2.088038180868613999e+05 2.060597612193665409e+05 2.028525667379808147e+05 2.018892717798620870e+05 2.018859499947387085e+05 2.018795549527594412e+05 2.018775283486816625e+05 2.018750376241480117e+05 2.018628789523177547e+05 2.018545602854563040e+05 2.018541689439993061e+05 2.018537321435815538e+05 2.018532172879843856e+05 2.018526428382121667e+05 2.018524187761831854e+05
7.379679362504220080e+03 2.092702184702435043e+05 2.063847889741772378e+05 2.031485454933507135e+05 2.022089275823287026e+05 2.022054158219439851e+05 2.021979331093258515e+05 2.021916686201128468e+05 2.021909991661459790e+05 2.021852711539464362e+05 2.021777967808999529e+05 2.021774755680721719e+05 2.021771630507063237e+05 2.021768591806969198e+05 2.021765668411272345e+05 2.021763788191888889e+05
7.429679362504220080e+03 2.086261660513498064e+05 2.057743976153964468e+05 2.026017597965414170e+05 2.018017891253678536e+05 2.017977777262199670e+05 2.017886887435754470e+05 2.017827957489188702e+05 2.017823983653021278e+05 2.017799244057507312e+05 2.017766615118852060e+05 2.017763461805827101e+05 2.017759386447252764e+05 2.017753920845714456e+05 2.017747425208056229e+05 2.017745112228362123e+05
7.479679362504220080e+03 2.094112929827607004e+05 2.066034807283403061e+05 2.033710538968955516e+05 2.023700869146314217e+05 2.023660415929037554e+05 2.023549421263814729e+05 2.023499475400372175e+05 2.023496769698190037e+05 2.023466865207952505e+05 2.023425635872956773e+05 2.023418607229814806e+05 2.023411855900885712e+05 2.023390011549613846e+05 2.023372559252650244e+05 2.023371767460203264e+05
7.529679362504220080e+03 2.090494239646512433e+05 2.061858764600023278e+05 2.030018858135023329e+05 2.022287311707789777e+05 2.022243846084926918e+05 2.022130449524642900e+05 2.022089892487078614e+05 2.022088401116254390e+05 2.022070249384458875e+05 2.022044827384305245e+05 2.022042365647302358e+05 2.022040167561699345e+05 2.022033093287524243e+05 2.022028486865107261e+05 2.022027392417307710e+05
7.579679362504220080e+03 2.087293604488272977e+05 2.058777023069069546e+05 2.027957688185794395e+05 2.022652575340958720e+05 2.022610155140773277e+05 2.022493001720000175e+05 2.022439613409227459e+05 2.022434799309820228e+05 2.022406611274752067e+05 2.022387501452402503e+05 2.022291401058035553e+05 2.022375361612292472e+05 2.022370221853831026e+05 2.022362220411369053e+05 2.022360184971296694e+05
7.629679362504220080e+03 2.086212080665686808e+05 2.058380184501658950e+05 2.027417563080710825e+05 2.021608160065922129e+05 2.021559936450875248e+05 2.021436323255779280e+05 2.021373437348324223e+05 2.021371245816798182e+05 2.021348642243077338e+05 2.021334679522736405e+05 2.021330563422826817e+05 2.021327544221122225e+05 2.021350611391477578e+05 2.021320866213924019e+05 2.021318219535495155e+05
7.679679362504220080e+03 2.087238639143556065e+05 2.058991883515862282e+05 2.027707453030787874e+05 2.024497509206301474e+05 2.020936770252005663e+05 2.019675114893671998e+05 2.019295289830520342e+05 2.019294164961117785e+05 2.019283943946160434e+05 2.019271555015041085e+05 2.019270001291734516e+05 2.019268714744032768e+05 2.019268834291055100e+05 2.019270584582102019e+05 2.019267096029112581e+05
7.729679362504220080e+03 2.092036778735261469e+05 2.063546261674698617e+05 2.032380126445167116e+05 2.026666511175137712e+05 2.023112182774344983e+05 2.022802760654278682e+05 2.022793527445610089e+05 2.022792432875534287e+05 2.022774358514290943e+05 2.022755515212750470e+05 2.022754696082001319e+05 2.022752859248074528e+05 2.022754151182358037e+05 2.022753083393385168e+05 2.022750146303132351e+05
7.779679362504220080e+03 2.091680037580649077e+05 2.062780591267299897e+05 2.031406769011326833e+05 2.025427112761117169e+05 2.021947268570983142e+05 2.021492852276834601e+05 2.021479816190450219e+05 2.021478795092093642e+05 2.021466025917077204e+05 2.021447849669871212e+05 2.021450804921655799e+05 2.021446911009982869e+05 2.021442775526122714e+05 2.021441513653789880e+05 2.021440437320759811e+05
7.829679362504220080e+03 2.091694062769037555e+05 2.063243319694518286e+05 2.031714539401525690e+05 2.023514916661019088e+05 2.020973277852977335e+05 2.020791855135821679e+05 2.020788997685053619e+05 2.020788055629913288e+05 2.020775484483559849e+05 2.020758228552624932e+05 2.020754701068494469e+05 2.020749320062501938e+05 2.020747331413510547e+05 2.020744485538557929e+05 2.020740720289124874e+05
7.879679362504220080e+03 2.093027987417730037e+05 2.064568927014891815e+05 2.033671223629603337e+05 2.028736230622703442e+05 2.025542967276181444e+05 2.025358321269022999e+05 2.024903571610883519e+05 2.024867328623833018e+05 2.024860833568393136e+05 2.024848795536761754e+05 2.024843360644850181e+05 2.024833676629756228e+05 2.024832401631859539e+05 2.024830422005781438e+05 2.024827455335337727e+05
7.929679362504220080e+03 2.123433002819811518e+05 2.095537519983145758e+05 2.069929700350647036e+05 2.066617096706809534e+05 2.046395019432634290e+05 2.042395632890829584e+05 2.035168265152865788e+05 2.035108817221451609e+05 2.035046689458751353e+05 2.034872878698204877e+05 2.034854362382119871e+05 2.034834427225210238e+05 2.034833180714844202e+05 2.034831253366447054e+05 2.034828801554556703e+05
7.979679362504220080e+03 2.141101028199323046e+05 2.113173670690295112e+05 2.099200385732340219e+05 2.098345167505723657e+05 2.076726394463014149e+05 2.061384959625046176e+05 2.051557605268142361e+05 2.051539262742653955e+05 2.051392753956573142e+05 2.051226202321662568e+05 2.051195003805301676e+05 2.051124080007690063e+05 2.051122117180974456e+05 2.051119968051636533e+05 2.051118113926952647e+05
8.029679362504220080e+03 2.125398872876700771e+05 2.096966242478489294e+05 2.078660471862637787e+05 2.077869339266259922e+05 2.059862631804556295e+05 2.050690836863361474e+05 2.045653053623964079e+05 2.045647133730239584e+05 2.045606217922886135e+05 2.045586264911845501e+05 2.045009436662288208e+05 2.045188215532126196e+05 2.045185056519754871e+05 2.045180707957894774e+05 2.045175806467509829e+05
8.079679362504220080e+03 2.130428495212224079e+05 2.102056389846575039e+05 2.084717918762874324e+05 2.084078997844411642e+05 2.071181076436855947e+05 2.060732072920867940e+05 2.057930107556323055e+05 2.057919431941439398e+05 2.057890606141432945e+05 2.057823649451044039e+05 2.057816539091558079e+05 2.057805405370827357e+05 2.057802290265988559e+05 2.057792297953842208e+05 2.057786937311843212e+05
8.129679362504220080e+03 2.120876351274846529e+05 2.092668099216677074e+05 2.077075748084493098e+05 2.076713723384188779e+05 2.072356911382663529e+05 2.061892795479838096e+05 2.048447004775210225e+05 2.048432978206163680e+05 2.048426134419888549e+05 2.048408965059021139e+05 2.048392827693579311e+05 2.048376342491638206e+05 2.048370124711785465e+05 2.048358003745677706e+05 2.048351020399594854e+05
8.179679362504220080e+03 2.115406384702167416e+05 2.086994450499899103e+05 2.070080367858012905e+05 2.069577061206060753e+05 2.065143818170606974e+05 2.054593228577800037e+05 2.047469781019823859e+05 2.047462660039067268e+05 2.047453617504540307e+05 2.047442034071797680e+05 2.047431216408248001e+05 2.047420636949503678e+05 2.047413279682453431e+05 2.047404826916017628e+05 2.047397451049652882e+05
8.229679362504219171e+03 2.114954124485226930e+05 2.086530457000572351e+05 2.069555321569623775e+05 2.069015903726485849e+05 2.065388857220929931e+05 2.057834979469876853e+05 2.052875923611134931e+05 2.052867326074434095e+05 2.052858847688234237e+05 2.052847692333482555e+05 2.052837039654688560e+05 2.052826526832158561e+05 2.052818763660661352e+05 2.052809935312930320e+05 2.052802319000379939e+05
8.279679362504219171e+03 2.118398369467524753e+05 2.089973420735818800e+05 2.072940397531928902e+05 2.072403182199578441e+05 2.069301422901330807e+05 2.063759182263046969e+05 2.060616630829617206e+05 2.060608059795621084e+05 2.060598406923107686e+05 2.060585484209923598e+05 2.060572511655526760e+05 2.060559913503161515e+05 2.060551159847396484e+05 2.060540920303424646e+05 2.060531716998609190e+05
8.329679362504219171e+03 2.113504915259515692e+05 2.084352690337789536e+05 2.069549305754601664e+05 2.068809479251705634e+05 2.064873986371928768e+05 2.056063135299233254e+05 2.052440254083837790e+05 2.052433699245922326e+05 2.052425553959052486e+05 2.052415595100112841e+05 2.052406024318951240e+05 2.052397004157444753e+05 2.052390728970240743e+05 2.052382956075421243e+05 2.052375820508763136e+05
8.379679362504219171e+03 2.118132943358301127e+05 2.089601920292317809e+05 2.073114445856115781e+05 2.071663957539855910e+05 2.061802390451939136e+05 2.057060681037711911e+05 2.054976385526259546e+05 2.054969207392216485e+05 2.054961162895565212e+05 2.054951911373620387e+05 2.054942700237827667e+05 2.054933528966171434e+05 2.054925438096219150e+05 2.054916970635693579e+05 2.054909750945210690e+05
8.429679362504219171e+03 2.117200531792645925e+05 2.088771572592526209e+05 2.071570638119958166e+05 2.071395694884919212e+05 2.053885478342684219e+05 2.053814347253002925e+05 2.053769695356262091e+05 2.053762375452273991e+05 2.053754221977723646e+05 2.053742949738605821e+05 2.053730825133041653e+05 2.053718989094784483e+05 2.053711008127020905e+05 2.053700288554891886e+05 2.053693004486043938e+05
8.479679362504219171e+03 2.110685473997202062e+05 2.082221811203813995e+05 2.064946022773012519e+05 2.064851778315204429e+05 2.053251376954474836e+05 2.053139493567424070e+05 2.053085967039190582e+05 2.053079157760500093e+05 2.053072252563786460e+05 2.053061962066187989e+05 2.053050938059031323e+05 2.053040100214829145e+05 2.053032596302318270e+05 2.053022633038102649e+05 2.053015686259923677e+05
8.529679362504219171e+03 2.111733145379437483e+05 2.083556854604142718e+05 2.065381078505936603e+05 2.065294626163089997e+05 2.054406672637284501e+05 2.054311881114862917e+05 2.054260035206618486e+05 2.054250638995696499e+05 2.054237032109904685e+05 2.054211045682871772e+05 2.054201952447368240e+05 2.054192681542588107e+05 2.054185180926636094e+05 2.054175922909759975e+05 2.054169066005697241e+05
8.579679362504219171e+03 2.150255847070845775e+05 2.150034882507318689e+05 2.167286573913560132e+05 2.158819739925398317e+05 2.056380068743742304e+05 2.055196166124525480e+05 2.054364571535314899e+05 2.054351104405604128e+05 2.054313690588184400e+05 2.054266326126334607e+05 2.054228864584293915e+05 2.054193364467080391e+05 2.054167539246690576e+05 2.054143592375338194e+05 2.054126017447343329e+05
8.629679362504219171e+03 2.115614889228355605e+05 2.096005961684807844e+05 2.097849604117779527e+05 2.096077755896515155e+05 2.053236830947191629e+05 2.052458749971004727e+05 2.051623457316611020e+05 2.051608053729795211e+05 2.051558334249674226e+05 2.051492619869663031e+05 2.051453756899241707e+05 2.051417248739844654e+05 2.051389744841747452e+05 2.051363909878245322e+05 2.051344400805704645e+05
8.679679362504219171e+03 2.108814508522998949e+05 2.080020479536167695e+05 2.061668433906112332e+05 2.061600110907942872e+05 2.053031192159959464e+05 2.052980930904946581e+05 2.052941866077254526e+05 2.052931464485941688e+05 2.052917963360743597e+05 2.052899632104141347e+05 2.052890532367899723e+05 2.052881004796402704e+05 2.052872835086817504e+05 2.052863253938513226e+05 2.052856003849541594e+05
8.729679362504219171e+03 2.104702829287812347e+05 2.076314907934038783e+05 2.059563337274977239e+05 2.059513765622867795e+05 2.056106410131265875e+05 2.056085922124301142e+05 2.056057323168329312e+05 2.056047204982972471e+05 2.056034608084151405e+05 2.056018362691122747e+05 2.056009784136399976e+05 2.056000829698171001e+05 2.055992298898320878e+05 2.055982299873688607e+05 2.055974926814152277e+05
8.779679362504219171e+03 2.104091849505597202e+05 2.075158761555730016e+05 2.059559079678998969e+05 2.059510032482026727e+05 2.054515934930053481e+05 2.054500970376750338e+05 2.054481649323584279e+05 2.054472408329526370e+05 2.054461561466358835e+05 2.054447398495700909e+05 2.054439966506910569e+05 2.054432098894393130e+05 2.054424505588597385e+05 2.054415479540065862e+05 2.054408885307063756e+05
8.829679362504219171e+03 2.101055369448122219e+05 2.072729242128245241e+05 2.055213426192283223e+05 2.055007075029559201e+05 2.050942473881201004e+05 2.050906768264529819e+05 2.050884034001506225e+05 2.050877898632649740e+05 2.050870064359577373e+05 2.050858340785559558e+05 2.050853365505667753e+05 2.050847818058935518e+05 2.050842182500760537e+05 2.050835550641925074e+05 2.050830738240765932e+05
8.879679362504219171e+03 2.100815001695893588e+05 2.073035673105690221e+05 2.061106334293653490e+05 2.053894586565376085e+05 2.053790359249441535e+05 2.053268583338406752e+05 2.053263526199951593e+05 2.053258251479172031e+05 2.053250756559405418e+05 2.053238870259487885e+05 2.053234442628243414e+05 2.053229772393252351e+05 2.053225277405514207e+05 2.053220061320860987e+05 2.053216014647310658e+05
8.929679362504219171e+03 2.098726475308377703e+05 2.070844837527375785e+05 2.058820344147627475e+05 2.052492651805234491e+05 2.052403055887718219e+05 2.051603684364934161e+05 2.051597192629567289e+05 2.051591761062132136e+05 2.051584120740720537e+05 2.051572180713156704e+05 2.051567603835175687e+05 2.051562656236572075e+05 2.051557552986799856e+05 2.051552030470519094e+05 2.051547661979444965e+05
8.979679362504219171e+03 2.096594663281831017e+05 2.068741062861595128e+05 2.057635208897716657e+05 2.054493484752547229e+05 2.054447950317397190e+05 2.052956747651773912e+05 2.052870756589500525e+05 2.052865262463631225e+05 2.052856252741929493e+05 2.052846970585688250e+05 2.052842415742636367e+05 2.052837419977481186e+05 2.052832061275848537e+05 2.052826458963338810e+05 2.052822034607361420e+05
9.029679362504219171e+03 2.095939533161879808e+05 2.068313053257970605e+05 2.059783390239894798e+05 2.054629645817193086e+05 2.054575837224095885e+05 2.052395990538963524e+05 2.052108865276799188e+05 2.052102736333264911e+05 2.052092876280347409e+05 2.052084120231222478e+05 2.052079363419692672e+05 2.052074013120390300e+05 2.052068250717848423e+05 2.052062207829394029e+05 2.052057431175215461e+05
9.079679362504219171e+03 2.093631707914137514e+05 2.066020682488480525e+05 2.057556915040670719e+05 2.052404087717749935e+05 2.052351215581072902e+05 2.050164664678638219e+05 2.049925431235928263e+05 2.049919297733188141e+05 2.049909584061557543e+05 2.049900963134700141e+05 2.049896167812989443e+05 2.049890796282298397e+05 2.049884978835541406e+05 2.049878850498996035e+05 2.049873984231891518e+05
9.129679362504219171e+03 2.090235375932551979e+05 2.062731372777645884e+05 2.054944506756337651e+05 2.049768590658487519e+05 2.049717026095395267e+05 2.047610987005069619e+05 2.047315090488048154e+05 2.047308445630442293e+05 2.047300986485910835e+05 2.047292305899782223e+05 2.047286750016470323e+05 2.047281116592392791e+05 2.047275707019667025e+05 2.047269829955947935e+05 2.047265120333835657e+05
9.179679362504219171e+03 2.097566673065963259e+05 2.071897963820524747e+05 2.059278429132149031e+05 2.054265292743002356e+05 2.054207734809306567e+05 2.052160533891767263e+05 2.051973280300855986e+05 2.051969013746072305e+05 2.051964170725780132e+05 2.051959022165988281e+05 2.051955303047631169e+05 2.051951557520631759e+05 2.051947819593137829e+05 2.051943831718179281e+05 2.051940439703543962e+05
9.229679362504219171e+03 2.102136758426450542e+05 2.077707588048734178e+05 2.070560589073706360e+05 2.060241261227801151e+05 2.060130849458067387e+05 2.055203342799016100e+05 2.054913182847563003e+05 2.054910055946632638e+05 2.054905669115341152e+05 2.054900685232633841e+05 2.054897498048594862e+05 2.054894261785900453e+05 2.054891180523165967e+05 2.054887817409752170e+05 2.054885121109526954e+05
9.279679362504219171e+03 2.099370493279389630e+05 2.074745344193000346e+05 2.060860341560590023e+05 2.058412032227316522e+05 2.058290250438183430e+05 2.053062020053992455e+05 2.052764758532626438e+05 2.052761678812767786e+05 2.052757590278683347e+05 2.052752614405565546e+05 2.052749461611465376e+05 2.052746286950294452e+05 2.052743243269981176e+05 2.052739965837457858e+05 2.052737321565555467e+05
9.329679362504219171e+03 2.354658013429590792e+05 2.346477258022294554e+05 2.346447258381797001e+05 2.344891658744060260e+05 2.344798668004815117e+05 2.337800409378709446e+05 2.336598266132768476e+05 2.336590619485157658e+05 2.336582873798737710e+05 2.336577631380656385e+05 2.336571679938547895e+05 2.336566657992412511e+05 2.336562283722528082e+05 2.336558024698247318e+05 2.336554813535169815e+05
9.379679362504219171e+03 2.262293553053841460e+05 2.253190984962061630e+05 2.253126252413612965e+05 2.222234867118911352e+05 2.221809635957744322e+05 2.152897530055436946e+05 2.139818272826438188e+05 2.139805584353380837e+05 2.139790753332220484e+05 2.139781381789689185e+05 2.139772053362907609e+05 2.139763596915850358e+05 2.139755839257561020e+05 2.139747813922546920e+05 2.139740878352402360e+05
9.429679362504219171e+03 2.111150946589091909e+05 2.111098974132914154e+05 2.111075257086037891e+05 2.107111727591025992e+05 2.106903542033712729e+05 2.083932273303079710e+05 2.075656548935428727e+05 2.075648674414702691e+05 2.075640256398026249e+05 2.075631675438763923e+05 2.075623672324325307e+05 2.075616474049460376e+05 2.075609260304878699e+05 2.075601918851839437e+05 2.075595751562751830e+05
9.479679362504219171e+03 2.071073916858878511e+05 2.064241571187866793e+05 2.064215065278073016e+05 2.060716464477753907e+05 2.060658190578663489e+05 2.060361364327597257e+05 2.060222048590356426e+05 2.060211069669613498e+05 2.060198567684066365e+05 2.060187827598906297e+05 2.060176332619356399e+05 2.060164990311613656e+05 2.060154528097731818e+05 2.060143502044244087e+05 2.060134837073983217e+05
9.529679362504219171e+03 2.061642028090537933e+05 2.059077331159712921e+05 2.059066540673150739e+05 2.059330508464734885e+05 2.059323120145637949e+05 2.059311015201577393e+05 2.059294758820200223e+05 2.059284065524821344e+05 2.059273458252361743e+05 2.059262595135252341e+05 2.059251473328657739e+05 2.059240349427126639e+05 2.059229897167427116e+05 2.059219167172456509e+05 2.059210730962566740e+05
9.579679362504219171e+03 2.061566253408876073e+05 2.060194896743414865e+05 2.060178023049269395e+05 2.060266070980422373e+05 2.060254600143490825e+05 2.060237715656430228e+05 2.060222157493739505e+05 2.060212351752680843e+05 2.060202462182279560e+05 2.060191860354912060e+05 2.060180714003772882e+05 2.060169553228674340e+05 2.060158989094384015e+05 2.060148185951850610e+05 2.060139675624940428e+05
9.629679362504219171e+03 2.057854012711113028e+05 2.054799689805977978e+05 2.054821912524251384e+05 2.054702484262869111e+05 2.054521695095702307e+05 2.053265134919346892e+05 2.052803433574478549e+05 2.052793128558949393e+05 2.052782241374918958e+05 2.052770926365736523e+05 2.052760187992200372e+05 2.052749461842963065e+05 2.052739302100798232e+05 2.052728827701107075e+05 2.052720569417204533e+05
9.679679362504219171e+03 2.058173015404863690e+05 2.055988947477563052e+05 2.055727618802999204e+05 2.054876636920269229e+05 2.054477400637409592e+05 2.051138200601012795e+05 2.049478156502268685e+05 2.049467278449810110e+05 2.049455726877970737e+05 2.049444035487679066e+05 2.049433052406920178e+05 2.049422028352902853e+05 2.049411667989536072e+05 2.049400920754237741e+05 2.049392476765426109e+05
9.729679362504219171e+03 2.055364482905164477e+05 2.054070241717940662e+05 2.053864778954114299e+05 2.053490690190018213e+05 2.053325606483131996e+05 2.052718218071577430e+05 2.052415292774732807e+05 2.052404194549873646e+05 2.052392398320953071e+05 2.052380052415276878e+05 2.052368728237367177e+05 2.052357331601686310e+05 2.052346464620309416e+05 2.052335279870082159e+05 2.052326433693684521e+05
9.779679362504219171e+03 2.052076553294155165e+05 2.051310859414873412e+05 2.051342625747166458e+05 2.051333681096684304e+05 2.051317447258539032e+05 2.051264765797092114e+05 2.051219683025023842e+05 2.051208121522353322e+05 2.051196931222308776e+05 2.051185790097776917e+05 2.051174741312002297e+05 2.051163760171224712e+05 2.051153119038077421e+05 2.051142288162092736e+05 2.051133694980549335e+05
9.829679362504219171e+03 2.048706039986018441e+05 2.044307868434357515e+05 2.044307719775368751e+05 2.044245914305851911e+05 2.044224719784951303e+05 2.043802340776376950e+05 2.043467267943567131e+05 2.043455596989227342e+05 2.043444691775181855e+05 2.043433945054803044e+05 2.043423349217322539e+05 2.043412850866693188e+05 2.043402672582582454e+05 2.043392322207098478e+05 2.043384149296857649e+05
9.879679362504219171e+03 2.044065405691198830e+05 2.041867560691853578e+05 2.041852997260499687e+05 2.041807437853982556e+05 2.041773876180177031e+05 2.041659473507904040e+05 2.041564770252232556e+05 2.041552933290974470e+05 2.041541810345100239e+05 2.041530886318090488e+05 2.041520068333364325e+05 2.041509329996728629e+05 2.041498832410385367e+05 2.041488203967215959e+05 2.041479734634622291e+05
9.929679362504219171e+03 2.045396290880251036e+05 2.044446365519416286e+05 2.044456621695841313e+05 2.044434088695368846e+05 2.044412499889867904e+05 2.044346788978535624e+05 2.044302709887950332e+05 2.044292155249673524e+05 2.044281321821939491e+05 2.044270579665570403e+05 2.044259926424374571e+05 2.044249345547515550e+05 2.044239008700062986e+05 2.044228533764749591e+05 2.044220189322964288e+05
9.979679362504219171e+03 2.049905401359522657e+05 2.044556664756619139e+05 2.043748319846666127e+05 2.041043087970754132e+05 2.040575095297525695e+05 2.037462660559145152e+05 2.035486491771807778e+05 2.035474758337667736e+05 2.035463774515799596e+05 2.035452863143576251e+05 2.035442090051637497e+05 2.035431408764642547e+05 2.035421165486545942e+05 2.035410627193849941e+05 2.035402247174509685e+05
1.002967936250421917e+04 2.042995781665113172e+05 2.037811999257037533e+05 2.037778692020418239e+05 2.037386608571785910e+05 2.037338725230961572e+05 2.036549632180077315e+05 2.036010720632790180e+05 2.036000369382409262e+05 2.035990505432249338e+05 2.035980778331522597e+05 2.035971182070507784e+05 2.035961673990915879e+05 2.035952448973951396e+05 2.035943068199771515e+05 2.035935677701857639e+05
1.007967936250421917e+04 2.039494109011640539e+05 2.037431516553016263e+05 2.037395059545036347e+05 2.037285715114141931e+05 2.037225979753638967e+05 2.037134638060239668e+05 2.037089610284603550e+05 2.037080434675570577e+05 2.037071371486478602e+05 2.037062262280676514e+05 2.037053224832979613e+05 2.037044227236838778e+05 2.037035451801759773e+05 2.037026537031976623e+05 2.037019437338417338e+05
1.012967936250421917e+04 2.042442511589913920e+05 2.039519357228889130e+05 2.039497065223514219e+05 2.039402212526629737e+05 2.039374769592887897e+05 2.039153894306071743e+05 2.039080472241974785e+05 2.039072611266034655e+05 2.039064508579137619e+05 2.039056238600145443e+05 2.039048045795747894e+05 2.039039887439417653e+05 2.039032008228744671e+05 2.039023950143499533e+05 2.039017587281671586e+05
1.017967936250421917e+04 2.046455027634439175e+05 2.044023905981723510e+05 2.043065167129823240e+05 2.041919154202032369e+05 2.041547164339016890e+05 2.040558244993310946e+05 2.040332375111953588e+05 2.040324383683653432e+05 2.040316246699645999e+05 2.040307744311980787e+05 2.040299291674871347e+05 2.040290850839382620e+05 2.040282735164617770e+05 2.040274344434228260e+05 2.040267616624002112e+05
1.022967936250421917e+04 3.510442621659333236e+05 3.510383668866620865e+05 3.507978200659832219e+05 3.504814873630568618e+05 3.503734726359366905e+05 3.442704027941579116e+05 3.441050452956400113e+05 3.440978650113377953e+05 3.440920246557905339e+05 3.440866005123051582e+05 3.440817018923846190e+05 3.440770356614522170e+05 3.440724806961965514e+05 3.440680420689596212e+05 3.440646935709438985e+05
1.027967936250421917e+04 3.899982322974011768e+05 3.899975505199288018e+05 3.901121775143915438e+05 3.901284824582155561e+05 3.901223999944310053e+05 3.901177981828916818e+05 3.901130959077096195e+05 3.901083445921193343e+05 3.901035071713180514e+05 3.900986725187404081e+05 3.900940939073610352e+05 3.900896134453921695e+05 3.900850537606969592e+05 3.900805794955507154e+05 3.900770965670000296e+05
1.032967936250421917e+04 2.605915451537446061e+05 2.605930600205235532e+05 2.605925854508094199e+05 2.605901286541840236e+05 2.605866810615692521e+05 2.605835970205556951e+05 2.605804000145645987e+05 2.605771785366629483e+05 2.605737207867264515e+05 2.605705073365171265e+05 2.605672977135700930e+05 2.605641499684709706e+05 2.605608995450297953e+05 2.605578272858661949e+05 2.605555714338758553e+05
1.037967936250421917e+04 2.210165472842836753e+05 2.210153723352329980e+05 2.210136169531897176e+05 2.210115026983313728e+05 2.210092700645994046e+05 2.210070978990494914e+05 2.210048841540515132e+05 2.210026821399948094e+05 2.210005107590492698e+05 2.209984363118213369e+05 2.209963928848315263e+05 2.209943689089739928e+05 2.209923460819814645e+05 2.209903493737266690e+05 2.209888644647891633e+05
1.042967936250421917e+04 2.163317013855192636e+05 2.163301877134591341e+05 2.163282454084916390e+05 2.163262279506604536e+05 2.163242088560805132e+05 2.163222577286891465e+05 2.163202954803784087e+05 2.163183416218138882e+05 2.163163871377827891e+05 2.163145769941499457e+05 2.163129007341262186e+05 2.163112856756813708e+05 2.163096962562162953e+05 2.163081278101186035e+05 2.163069252072164963e+05
1.047967936250421917e+04 2.151369121630456939e+05 2.151353554531929549e+05 2.151334398326693627e+05 2.151314861904623685e+05 2.151295373194354470e+05 2.151276442136720289e+05 2.151257488063283381e+05 2.151238641995284124e+05 2.151219685195708589e+05 2.151201402692107949e+05 2.151184189319127181e+05 2.151168107724633592e+05 2.151152548134417448e+05 2.151137292736509116e+05 2.151125587374690804e+05
1.052967936250421917e+04 2.142590836538473668e+05 2.142574097775486298e+05 2.142554604485515447e+05 2.142535557067982154e+05 2.142516536151414039e+05 2.142497981651985319e+05 2.142479450531089096e+05 2.142461044338229403e+05 2.142442452077602793e+05 2.142424241950125142e+05 2.142406764089601638e+05 2.142390129586656403e+05 2.142374178289881675e+05 2.142358898646232847e+05 2.142347201031769509e+05
1.054685981120422002e+04 2.139781283266420360e+05 2.139763446911226492e+05 2.139743284647231048e+05 2.139724397174333571e+05 2.139705533691725868e+05 2.139687124063807714e+05 2.139668744455477572e+05 2.139650490942794422e+05 2.139632015640861355e+05 2.139613879766752943e+05 2.139596331321153266e+05 2.139579521143870079e+05 2.139563445594150980e+05 2.139548078156019328e+05 2.139536312587705906e+05
1.054686981120422024e+04 2.022569312188485055e+05 2.056259808178324311e+05 2.069198023760875803e+05 2.075165101949226228e+05 2.078182549568622489e+05 2.081386942211686401e+05 2.084566897085228702e+05 2.087432996986415819e+05 2.089441199677207915e+05 2.091819573722821951e+05 2.094116267586075119e+05 2.096396954643345671e+05 2.098446213833353831e+05 2.100680259319322358e+05 2.102702239620755427e+05
1.054696981120422060e+04 2.132116286883593420e+05 2.132268468209746934e+05 2.132350963234385417e+05 2.132346871258910105e+05 2.132318153347814805e+05 2.132285553446259582e+05 2.132248515416296723e+05 2.132207155991479522e+05 2.132153150715959200e+05 2.132102847566478595e+05 2.132048405486603442e+05 2.131992414613356814e+05 2.131929296803251491e+05 2.131866824697899574e+05 2.131805434653761913e+05
1.059717360114102667e+04 2.129139432523324504e+05 2.129123125342658022e+05 2.129104312631750363e+05 2.129085587724873913e+05 2.129066862312924059e+05 2.129048610055986210e+05 2.129030346626112296e+05 2.129012200387928751e+05 2.128993896667585068e+05 2.128975964695863076e+05 2.128958689921285259e+05 2.128942256157920638e+05 2.128926453508463746e+05 2.128911208422778000e+05 2.128899496347310487e+05
1.064838257912977315e+04 2.122950783191168448e+05 2.122931767272814759e+05 2.122913006530637795e+05 2.122894724683309614e+05 2.122876418254752934e+05 2.122858525199407886e+05 2.122840641931521823e+05 2.122822861915166432e+05 2.122804879619605490e+05 2.122787162873052293e+05 2.122769995547753060e+05 2.122753535832875059e+05 2.122737695342046791e+05 2.122722416358299670e+05 2.122710639585771714e+05
1.069838257912977315e+04 2.117887593730870285e+05 2.117867591966262844e+05 2.117847786461031355e+05 2.117829783296201203e+05 2.117811796165058622e+05 2.117794199982964201e+05 2.117776627770625637e+05 2.117759158232829941e+05 2.117741426537451043e+05 2.117723926513280603e+05 2.117706646685882006e+05 2.117689765761822637e+05 2.117673587474163505e+05 2.117658117404780351e+05 2.117646243364150287e+05
1.074838257912977315e+04 2.113779215984391049e+05 2.113758278651456640e+05 2.113737787783763197e+05 2.113719821737144957e+05 2.113702048615601962e+05 2.113684655786613002e+05 2.113667294746750849e+05 2.113650035673820530e+05 2.113632499485630251e+05 2.113615183561483864e+05 2.113597818433323700e+05 2.113580679378023488e+05 2.113564212786696444e+05 2.113548412448738236e+05 2.113536374909808219e+05
1.079838257912977315e+04 2.110376126747462840e+05 2.110355443039000384e+05 2.110334675055977714e+05 2.110316685444364557e+05 2.110299158805052866e+05 2.110281997174723074e+05 2.110264870210047811e+05 2.110247842606155609e+05 2.110230522424323717e+05 2.110213418821270461e+05 2.110196187912432360e+05 2.110179075130092388e+05 2.110162463373880601e+05 2.110146480597430491e+05 2.110134379129924637e+05
1.084838257912977315e+04 2.107253009622604004e+05 2.107232163671864546e+05 2.107210825831576949e+05 2.107192633798310126e+05 2.107175286872987053e+05 2.107158276757809799e+05 2.107141301937250246e+05 2.107124417143046448e+05 2.107107257798137143e+05 2.107090304825378116e+05 2.107073156822069432e+05 2.107056119635977957e+05 2.107039530891646282e+05 2.107023518803039624e+05 2.107011404696737882e+05
1.089838257912977315e+04 2.104510592525425309e+05 2.104489491115996498e+05 2.104467551903994172e+05 2.104449063364107569e+05 2.104431863989421981e+05 2.104414956027161679e+05 2.104398083846910158e+05 2.104381288128042070e+05 2.104364250393496186e+05 2.104347404328781122e+05 2.104330373108100612e+05 2.104313517306971189e+05 2.104296949968470435e+05 2.104280904400697909e+05 2.104268844004337443e+05
1.094821981119838165e+04 2.101932455669087940e+05 2.101920824862811132e+05 2.101901095597702952e+05 2.101883390753679851e+05 2.101867038727449835e+05 2.101850836498023709e+05 2.101834630808251968e+05 2.101818475753116654e+05 2.101802038503146614e+05 2.101785761682448501e+05 2.101769254376945901e+05 2.101752871682751575e+05 2.101736692439028993e+05 2.101721002252994222e+05 2.101709258623125497e+05
1.094831981119838201e+04 2.102017821234914882e+05 2.101996273131170892e+05 2.101973640498814930e+05 2.101954658497745404e+05 2.101937527998678270e+05 2.101920667169735534e+05 2.101903849701848230e+05 2.101887095526105259e+05 2.101870115498285741e+05 2.101853302637084853e+05 2.101836287512727431e+05 2.101819419975608471e+05 2.101802777069811709e+05 2.101786646432299167e+05 2.101774532965059916e+05
1.160396907877639387e+04 2.138195566270192212e+05 2.138176993830185093e+05 2.138160775603348739e+05 2.138147390956789895e+05 2.138132581543971901e+05 2.138117265378433513e+05 2.138101395474994206e+05 2.138085426365642925e+05 2.138069925967758754e+05 2.138053707453581155e+05 2.138037861013601359e+05 2.138022062563074578e+05 2.138006376608673600e+05 2.137990623376421281e+05 2.137978362402395578e+05
1.160398157877639460e+04 2.044365906730752904e+05 2.082127822951879934e+05 2.094830850348117820e+05 2.097527777464395622e+05 2.098446867664352758e+05 2.099441499343974865e+05 2.100508985609135416e+05 2.101559328173049144e+05 2.102412867393660708e+05 2.103373294530262356e+05 2.104098834057395870e+05 2.104713211846678169e+05 2.105217251913973305e+05 2.105698850091155327e+05 2.106089427820098354e+05
1.160408157877639496e+04 2.125551144212454965e+05 2.125565360055431956e+05 2.125652179480741324e+05 2.125671699401973747e+05 2.125655420949443942e+05 2.125639088272182853e+05 2.125620296786031104e+05 2.125598623087690212e+05 2.125574654138429905e+05 2.125555097527064499e+05 2.125531586273873108e+05 2.125506791841927625e+05 2.125479389768461115e+05 2.125452068281407992e+05 2.125428262763353996e+05
1.194973084635440682e+04 2.132345021327554423e+05 2.132331809041783563e+05 2.132320572175460984e+05 2.132307859727672767e+05 2.132294400860788010e+05 2.132279865282946557e+05 2.132265125560558226e+05 2.132250138722978299e+05 2.132236053532626538e+05 2.132220709457339835e+05 2.132205989187677915e+05 2.132191314747747383e+05 2.132176913979442907e+05 2.132162235330955009e+05 2.132150719677663583e+05
1.284973084635440682e+04 2.117017086656120664e+05 2.117000594935559784e+05 2.116988849002187490e+05 2.116975810966889258e+05 2.116961682868269272e+05 2.116946922882165527e+05 2.116931978293954744e+05 2.116916927611539140e+05 2.116902690898507135e+05 2.116887449245360622e+05 2.116872730376228574e+05 2.116858154083123081e+05 2.116843954766335082e+05 2.116829491055884282e+05 2.116818122920817696e+05
1.374973084635440682e+04 2.106314710687898332e+05 2.106285134941203578e+05 2.106270638316907571e+05 2.106257145397914574e+05 2.106243163395586016e+05 2.106228432780909934e+05 2.106213408289388753e+05 2.106198245606912242e+05 2.106184012641323498e+05 2.106168668791877571e+05 2.106153868330680416e+05 2.106139108220550115e+05 2.106124794036095263e+05 2.106110165479546413e+05 2.106098677658410161e+05
1.464973084635440682e+04 2.097942023505172692e+05 2.097908048054155370e+05 2.097888438201848185e+05 2.097875395893320092e+05 2.097861595567010809e+05 2.097847058596341230e+05 2.097832248477128160e+05 2.097817310998335015e+05 2.097803276310128858e+05 2.097788157204844465e+05 2.097773548140811035e+05 2.097758966409642308e+05 2.097744843917771941e+05 2.097730393991986930e+05 2.097719041820144921e+05
1.554973084635440682e+04 2.091133449323658133e+05 2.091098664276599302e+05 2.091079391173784388e+05 2.091066504522537289e+05 2.091052839076882810e+05 2.091038439118358656e+05 2.091023739943453984e+05 2.091008926897553320e+05 2.090995025603085232e+05 2.090979974175104871e+05 2.090965476742650499e+05 2.090951099558994465e+05 2.090937162946111057e+05 2.090922900091252232e+05 2.090911675329647260e+05
1.644973084635440682e+04 2.081449295416607056e+05 2.081408043155665218e+05 2.081386767782996176e+05 2.081373155985302001e+05 2.081359429413044418e+05 2.081345001793776173e+05 2.081330291170482524e+05 2.081315466688400484e+05 2.081301558180341381e+05 2.081286466121685517e+05 2.081271921365711896e+05 2.081257497713345219e+05 2.081243550883645657e+05 2.081229253733385412e+05 2.081218010556510126e+05
1.734973084635440682e+04 2.086367294523721212e+05 2.086336729678821575e+05 2.086318026736691827e+05 2.086304692852760199e+05 2.086291166032615292e+05 2.086276932825625991e+05 2.086262388714386616e+05 2.086247726080827706e+05 2.086233961403631547e+05 2.086219100944905367e+05 2.086204747624401061e+05 2.086190411090071429e+05 2.086176558363444638e+05 2.086162359871397202e+05 2.086151204076452414e+05
1.824973084635440682e+04 2.100460258116437471e+05 2.100434625800419890e+05 2.100417660903254291e+05 2.100404351842163596e+05 2.100390373286789691e+05 2.100375658474391676e+05 2.100360640820880071e+05 2.100345490758061933e+05 2.100331243350497098e+05 2.100315949150712695e+05 2.100301163303962094e+05 2.100286415942170424e+05 2.100272116936734528e+05 2.100257500676852942e+05 2.100245989186719526e+05
1.914973084635440682e+04 2.107380190417417034e+05 2.107360683271583985e+05 2.107345506354877143e+05 2.107332193898104888e+05 2.107318199366103217e+05 2.107303499722480774e+05 2.107288550294366723e+05 2.107273475624238490e+05 2.107259285779072670e+05 2.107244035156934988e+05 2.107229290479748161e+05 2.107214584497117321e+05 2.107200325601029617e+05 2.107185755592281639e+05 2.107174286482142343e+05
2.004973084635440682e+04 2.116696357206707762e+05 2.116678390260619635e+05 2.116664251145691960e+05 2.116651410094022576e+05 2.116637790232034749e+05 2.116623390900117229e+05 2.116608639306227560e+05 2.116593752191514941e+05 2.116579856705541606e+05 2.116564801460704184e+05 2.116550306609987165e+05 2.116535845272852748e+05 2.116521874076466192e+05 2.116507552889936196e+05 2.116496271452922374e+05
2.094973084635440682e+04 2.131721708685618360e+05 2.131706924376289244e+05 2.131692161187906750e+05 2.131678732117005275e+05 2.131665052239495271e+05 2.131650888669333362e+05 2.131636543550180504e+05 2.131622071858130512e+05 2.131608192698173807e+05 2.131593414161095861e+05 2.131579062771004101e+05 2.131564713918027410e+05 2.131550727448776597e+05 2.131536491373417084e+05 2.131525302575617388e+05
2.185681865075827227e+04 2.120343352842292516e+05 2.120314688866682700e+05 2.120278314733975276e+05 2.120256764360682282e+05 2.120234056942050229e+05 2.120210369215996470e+05 2.120186087238155887e+05 2.120161745294476568e+05 2.120138223160653724e+05 2.120112836548817286e+05 2.120088858030230622e+05 2.120065167940009851e+05 2.120042008687365742e+05 2.120018720798571885e+05 2.120000666492204182e+05
2.275681865075827227e+04 1.941844261154069391e+05 1.941812761140898801e+05 1.941777161648568581e+05 1.941755896354970173e+05 1.941732680974219111e+05 1.941707982248113840e+05 1.941683181068675767e+05 1.941657508016567444e+05 1.941632462591300718e+05 1.941605520378229558e+05 1.941580075083489064e+05 1.941554759305502521e+05 1.941529395871481975e+05 1.941504130394154636e+05 1.941484736881628050e+05
2.365681865075827227e+04 1.846105781815074151e+05 1.846072638051658869e+05 1.846046674841486092e+05 1.846027496947685722e+05 1.846006835021499137e+05 1.845985111727299518e+05 1.845963314867988229e+05 1.845940681056311878e+05 1.845918526180412737e+05 1.845894788446027960e+05 1.845872455056842882e+05 1.845850308994668303e+05 1.845828003588324063e+05 1.845805752491488820e+05 1.845788626405892428e+05
2.455681865075827227e+04 1.867577710135510424e+05 1.867529452193140751e+05 1.867504094190246251e+05 1.867484984610992251e+05 1.867464959717103338e+05 1.867443598218398693e+05 1.867422151389208157e+05 1.867399958859212056e+05 1.867378518329460640e+05 1.867355349561711191e+05 1.867333464261688641e+05 1.867311803160522541e+05 1.867290239729165332e+05 1.867268589856523322e+05 1.867251750095713360e+05
2.497681865075827227e+04 1.891014954924383201e+05 1.890936674939497025e+05 1.890898007193778758e+05 1.890878348680900526e+05 1.890857843895481492e+05 1.890835665925778449e+05 1.890813345987165812e+05 1.890790368145977845e+05 1.890768395757063408e+05 1.890744134515889455e+05 1.890721393399116932e+05 1.890698899736219901e+05 1.890676650454245682e+05 1.890654175659132306e+05 1.890636539728415664e+05
