TIME q_liq_Ch1_mesh1 q_liq_Ch1_mesh2 q_liq_Ch1_mesh3 q_liq_Ch1_mesh4 q_liq_Ch1_mesh5 q_liq_Ch1_mesh6 q_liq_Ch1_mesh7 q_liq_Ch1_mesh8 q_liq_Ch1_mesh9 q_liq_Ch1_mesh10 q_liq_Ch1_mesh11 q_liq_Ch1_mesh12 q_liq_Ch1_mesh13 q_liq_Ch1_mesh14 q_liq_Ch1_mesh15 
0.000000000000000000e+00 2.364158400880672161e+03 2.364158400886034087e+03 2.398336312431128135e+03 2.411054246862438049e+03 2.398098593016696213e+03 2.410050902249492538e+03 2.409720250522476817e+03 2.407218048270053259e+03 2.393790002230632581e+03 2.405903413596198789e+03 2.405477603839361109e+03 2.402873706546513404e+03 2.389109066575174893e+03 2.401093100582284933e+03 2.410004355028662758e+03
5.000040000000043960e+01 5.433446940785111110e+02 5.436474728060322832e+02 5.526912452386314953e+02 5.572326696365308862e+02 5.562009307077632911e+02 5.586192306046001477e+02 5.591172114948006993e+02 5.597179158777441899e+02 5.606267384856403169e+02 5.610272670445610856e+02 5.613931957908830555e+02 5.620221789931177909e+02 5.635151999899769635e+02 5.625832790957398402e+02 5.647882300019472268e+02
1.000003999999985922e+02 8.724653118032969701e+01 8.728082126934837959e+01 8.961284108122792702e+01 9.429897458570926005e+01 9.552250043140587366e+01 9.416594954810597073e+01 9.271308271207276164e+01 9.321081046013850369e+01 9.396034469019936353e+01 9.280189563211114034e+01 9.154927599179788444e+01 9.232395448759895373e+01 9.354395437726931561e+01 9.220534502938616583e+01 8.945171966905770944e+01
1.502405034099261059e+02 -3.338381371319944435e+01 -3.325548461985825810e+01 -4.060067338738243592e+01 -4.236592240231990303e+01 -4.046041439039283460e+01 -3.639036364196598328e+01 -2.470442988819462471e+01 -1.065318321483493058e+01 3.093027258327170070e+00 1.074019893486249799e+01 1.538859580502277069e+01 1.772363233956369299e+01 2.006462063491248315e+01 1.512018132747959243e+01 -3.409794805370044424e-01
2.004200391960640388e+02 3.843819967467300813e+01 3.870890087492708176e+01 1.172793337901839017e+01 -2.824585666219277158e+01 -1.973101040986329435e+00 -2.048008653935953660e+01 -1.556275733118943272e+01 -2.103074462567656866e+01 -2.346703249233470956e+01 -2.680274764583885272e+01 -2.792511049293935343e+01 -2.703037664803598261e+01 -2.469469052843761858e+01 -3.098373584920093293e+01 -9.085267124068002076e+00
2.534293625042201370e+02 9.178957783498907119e+00 7.242162235597990438e+00 9.621766824375646010e+00 1.259009549331568145e+01 5.022044800190290204e+00 5.303277098112567423e+00 3.580078288413189203e+00 3.623437550742020452e+00 4.793039543169933303e+00 3.459136121810515441e+00 2.029889436523945712e+00 -1.808538360792257271e-01 -4.665442277530346793e+00 -1.116193174759200879e+01 -3.532737737880764506e-02
3.034293625042201370e+02 -1.126490471917187541e+00 -2.212984739304795667e+00 1.912488557332018724e+00 3.624155606134515928e+00 -4.286415783274731162e+00 -1.657909616194213953e+00 -3.166350805179150019e+00 -4.204813342771679174e+00 -4.242735718560449065e+00 -5.901731797249806455e+00 -1.207877884807126634e+01 -1.985438749147523054e-07 2.161610390209342158e-07 4.870022702978330191e-06 1.988607711754891119e-05
3.565543625042201370e+02 1.792345372877692355e+01 1.867694150202775560e+01 2.465563433272373928e+01 1.990913235052867591e+01 1.066630206708187600e+01 1.699018822719998667e+01 1.655775457399839112e+01 1.628018760700923195e+01 1.888775970225698231e+01 1.615185521320590922e+01 1.807972331761717655e+01 -5.315564401045144649e-06 6.493631987524971600e-06 1.048789722629777499e-04 2.988722855578468396e-04
4.065543625042201370e+02 9.133754292824055199e+01 9.089284768548017723e+01 9.116718853528880118e+01 8.917666333970490200e+01 8.365077106730444712e+01 7.333616165850062885e+01 6.391865913977166969e+01 5.791091169436150210e+01 5.279535073652456845e+01 4.933539191400996060e+01 4.200559969110342706e+01 3.355474781489700575e+01 3.336518497725711541e+01 2.763143585468109009e+01 3.301399201257655136e+01
4.565543625042201370e+02 3.074756818951805570e+01 3.073415266927517209e+01 3.136984016592437996e+01 3.111908775211090727e+01 3.143258709239119142e+01 3.196319726958385132e+01 3.261641591568400145e+01 3.311441777538387754e+01 3.585025712021229793e+01 3.772746685939534217e+01 3.464742814589084929e+01 3.183231823475792055e+01 2.813267218708245210e+01 2.529137362958124413e+01 2.260869149592175731e+01
5.065543625042201370e+02 2.353719499683003136e+01 2.354439964345584002e+01 2.388580751376805722e+01 2.465420324719873690e+01 2.501829007903604207e+01 2.521939862170518509e+01 2.591545977632955911e+01 2.792521665212422732e+01 2.755458323715629376e+01 2.018469637210350953e+01 1.251961069263559168e+01 6.349026151065928936e+00 1.825848878709006862e-01 -4.974287364717369542e+00 -3.169139434389416810e+00
5.565543625042200802e+02 2.390811476055663931e+01 2.391844734606791434e+01 2.440170715622564046e+01 2.555966597436351151e+01 2.618799783933097913e+01 2.509544594587427113e+01 2.911912353029577361e+01 3.143554884763662116e+01 2.270616973878099998e+01 1.713029149050927558e+01 9.737871218218931091e+00 3.558564817906577638e+00 -2.453693512874819405e+00 -7.697388696041286948e+00 -6.528092006753943188e+00
6.065543625042200802e+02 2.044218332899228940e+01 2.044834204341884387e+01 2.177125387829675773e+01 2.438788169343596124e+01 2.434753695642497107e+01 2.681229644558040803e+01 3.170478292983644053e+01 2.890279504115011022e+01 2.258592090086348847e+01 1.876911845550578661e+01 1.222175934353092863e+01 7.264556784128676448e+00 2.164107886761048150e+00 -2.247147896585681703e+00 -3.128163066720618168e+00
6.565543625042200802e+02 2.147477440768605206e+01 2.147865435554663094e+01 2.303132048158865786e+01 2.557114628782447241e+01 2.580379218252384632e+01 2.843333611042155340e+01 3.353811662787889247e+01 2.893928472648980588e+01 2.288359400406472233e+01 1.896220081518520217e+01 1.222837207109464330e+01 7.155130415010466649e+00 1.920478991870228969e+00 -2.595059996493849219e+00 -3.398981630764794204e+00
7.065543625042200802e+02 2.185050887608643677e+01 2.185253869987372966e+01 2.327870496079086138e+01 2.526538472916363887e+01 2.563175009163067131e+01 2.859095430561770357e+01 3.379484195937077118e+01 2.868378979662303152e+01 2.309963647712432788e+01 1.922665275023311438e+01 1.257517529326289996e+01 7.510819367206346797e+00 2.252430481848497923e+00 -2.329672268440057259e+00 -3.924560490374402910e+00
7.565543625042200802e+02 2.235033955357096147e+01 2.235153412182931731e+01 2.352491955450101457e+01 2.496480093461195437e+01 2.547343830799660935e+01 2.850373798157781380e+01 3.359763433391696452e+01 2.846578062687427746e+01 2.302745033046865331e+01 1.913511802188110522e+01 1.250070334389076443e+01 7.386331119462171912e+00 2.091858869386577613e+00 -2.563763099266832768e+00 -4.350946018236030000e+00
8.065543625042200802e+02 2.278892662647758627e+01 2.278977789557229627e+01 2.375547407890077878e+01 2.488005502936434610e+01 2.549287498624620696e+01 2.849259827919801680e+01 3.348007802752781004e+01 2.840484844941736498e+01 2.301493628088471155e+01 1.912784484502596882e+01 1.250249796743966435e+01 7.359224498384865143e+00 2.043127876249468677e+00 -2.654186954276641419e+00 -4.484970020034110938e+00
8.575543625042200802e+02 2.314804107148414758e+01 2.314868354231390057e+01 2.396450033128966695e+01 2.491977071387302090e+01 2.560198143247284008e+01 2.857878458036799429e+01 3.344670593771986233e+01 2.837930319278507696e+01 2.301252299607784124e+01 1.913560457987382790e+01 1.251407702809269296e+01 7.359806875518144942e+00 2.034060022503842546e+00 -2.678423870312251598e+00 -4.502937669887974614e+00
9.075543625042200802e+02 2.339046576134343525e+01 2.339092093009839246e+01 2.410165957821876503e+01 2.497326856351083180e+01 2.569910396376192452e+01 2.868211583219270366e+01 3.343556563589319808e+01 2.832765835603925453e+01 2.297737187177379070e+01 1.910935367179439481e+01 1.248912414253929448e+01 7.335780938336417201e+00 2.007009218513205351e+00 -2.702826943995749076e+00 -4.517718589237256666e+00
9.575543625042200802e+02 2.347496107979571534e+01 2.347525997068839487e+01 2.411072567068277195e+01 2.494063274791558271e+01 2.569271446634778400e+01 2.872319396421220361e+01 3.335018909635908102e+01 2.817299291960583574e+01 2.286395272758946717e+01 1.901598351240371088e+01 1.241301256712087309e+01 7.283836662076042856e+00 1.971772783640168170e+00 -2.712444045890310740e+00 -4.509652238342210850e+00
1.007554362504220080e+03 2.019943134628109860e+01 2.020165996774597517e+01 2.075477434670423094e+01 2.141407406230669608e+01 2.400823816598408555e+01 2.924159679025521896e+01 2.870059625373171741e+01 2.345169919329944364e+01 1.961199658899789355e+01 1.585457879752784827e+01 1.016439418780924875e+01 5.644358656447390210e+00 1.187057690570156421e+00 -2.879835219736925911e+00 -3.520172503085720273e+00
1.057554362504220080e+03 2.246298685612767798e+01 2.246315430251220491e+01 2.315738146231209882e+01 2.404678390908273400e+01 2.643944018301207066e+01 3.117456974582623275e+01 2.781665471054729011e+01 2.238375300378130461e+01 1.816172156604948995e+01 1.442110917945894855e+01 8.753427581148587322e+00 4.448910636529503471e+00 2.099991582102893606e-01 -3.682723282238893336e+00 -1.544526376955986491e+00
1.107554362504220080e+03 2.052700305559226024e+01 2.053247785238645307e+01 2.175345845669831135e+01 2.371327438945554889e+01 2.632070565648287541e+01 3.023825293923665569e+01 2.398657572988832243e+01 1.989207105778906381e+01 1.556066379341860539e+01 1.238180799689938816e+01 6.962969300188157185e+00 3.061397363126398652e+00 -8.555720080523461224e-01 -4.417923230672212931e+00 -4.443757522680830796e+00
1.157554362504220080e+03 3.387619486887448517e+01 3.370988864581919131e+01 4.410497365897368383e+01 7.640516100705940516e+01 1.025825658657580703e+02 1.188746703099881046e+02 7.606070155269773636e+01 -1.637947464772061679e+01 -9.076240642772432921e+01 -5.411051512319574641e+01 1.059758207258152396e+01 4.974721028470121809e+01 4.436515335529116300e+01 9.651162029601252357e+00 -1.678442110050847447e+01
1.207554362504220080e+03 2.176605694656169376e+01 2.176951402824204251e+01 2.313335200661213165e+01 2.521031059764683846e+01 2.850509012863695091e+01 2.900309871978031850e+01 2.209524383099237355e+01 1.827140047330454919e+01 1.382870644670775206e+01 1.084267970517683821e+01 5.624428926436616294e+00 2.123095141433129385e+00 -1.511524086149843793e+00 -4.798972581518896163e+00 -1.121498468127391623e+00
1.257554362504220080e+03 2.214920017435334998e+01 2.215223902009307011e+01 2.346766300890924128e+01 2.540215815592021897e+01 2.890973846391874957e+01 2.966185803582769509e+01 2.298697492234409623e+01 1.929710666713029354e+01 1.487544600267291628e+01 1.212476408907446768e+01 6.984373754069847173e+00 3.556273526819718978e+00 1.539956465267098284e-01 -3.088188085210951339e+00 -9.055489494941549866e-01
1.307554362504220080e+03 2.218559556819968037e+01 2.218813807212077904e+01 2.357757424665319945e+01 2.551443321771835215e+01 2.869607193444763737e+01 2.943653578850350527e+01 2.264743803277698930e+01 1.891843004053737687e+01 1.453147590967578573e+01 1.181028876011843209e+01 6.774768569942745344e+00 3.466940496625651846e+00 2.080674971992139966e-01 -2.976385752320924727e+00 -7.380334587033403337e-02
1.357554362504220080e+03 2.230239934025571102e+01 2.230121788523089776e+01 2.367088917586507080e+01 2.525118772155163072e+01 2.822149895075413184e+01 2.937344359619182299e+01 2.250545348757725961e+01 1.883749907387469591e+01 1.452524285428542328e+01 1.185679006762379473e+01 6.954932514209670735e+00 3.767792790216824006e+00 6.277662949591591435e-01 -2.485698576099698798e+00 6.174162518295628344e-01
1.407554362504220080e+03 2.278435511595655072e+01 2.278067748683273663e+01 2.383117645453340572e+01 2.471602522636422350e+01 2.773671213750917275e+01 2.952664016807449698e+01 2.257027765283059040e+01 1.894853028342463119e+01 1.471550457477376739e+01 1.207920962194506664e+01 7.305047319737851375e+00 4.218661800968488862e+00 1.172204218379486740e+00 -1.890486437668341457e+00 1.342547952898893504e+00
1.457554362504220080e+03 2.336524998296735234e+01 2.336324400599084328e+01 2.408017705361016780e+01 2.476282152218665544e+01 2.770833718939273282e+01 2.991659598859302349e+01 2.295143616449527357e+01 1.928782612555357190e+01 1.514120620107888726e+01 1.249780179152900494e+01 7.837517719707536301e+00 4.822621048547445000e+00 1.853933894031771779e+00 -1.190368573690521847e+00 2.186972879962822081e+00
1.507554362504220080e+03 2.335450700559373871e+01 2.335257168452181631e+01 2.393191718859181805e+01 2.462600426137273857e+01 2.747680372676554583e+01 2.997114047234229162e+01 2.302960498552604918e+01 1.935213617480113513e+01 1.530194784545297360e+01 1.266610259490763113e+01 8.130168154075231968e+00 5.195898963027396178e+00 2.310983295497570644e+00 -6.919241550735616419e-01 2.837544369888189255e+00
1.557554362504220080e+03 2.321347255146395838e+01 2.321153867361266165e+01 2.374420699807958712e+01 2.447668956431274978e+01 2.724397656602626938e+01 2.997643433449736605e+01 2.303628178438099638e+01 1.935488323164067026e+01 1.537844353562067212e+01 1.275830128058241364e+01 8.319536076585281492e+00 5.454003230858626594e+00 2.629933978068984768e+00 -3.228957710657598401e-01 3.225063221016470472e+00
1.607554362504220080e+03 2.321628493408557858e+01 2.321446101520436045e+01 2.372437405107055497e+01 2.450874932086577829e+01 2.717168377108665922e+01 3.021066431723211210e+01 2.330150878414788096e+01 1.957075596708470400e+01 1.567742194247390586e+01 1.305061017550613300e+01 8.706800687631078617e+00 5.894628302739391756e+00 3.126261502854223551e+00 2.145742664672365130e-01 3.766602350285836120e+00
1.657554362504220080e+03 2.338543387055782219e+01 2.338430834261889046e+01 2.389089527357354115e+01 2.472857724245992728e+01 2.733021967511105643e+01 3.083386499792864299e+01 2.402215304110677963e+01 2.022232373021097018e+01 1.644665253971190921e+01 1.380200615122572572e+01 9.570172102137281200e+00 6.807355179337728046e+00 4.087023480220924654e+00 1.268196617786498948e+00 4.555643739794042801e+00
1.707554362504220080e+03 2.315040891792423849e+01 2.314905832581274225e+01 2.371040878670767071e+01 2.456056990957625885e+01 2.709891730281852773e+01 3.099547914332660525e+01 2.426205050001749797e+01 2.043615991220558925e+01 1.676373593957533714e+01 1.412746506264926438e+01 9.989455057215298694e+00 7.284220596255814861e+00 4.602913809356486752e+00 1.879375367444653389e+00 4.949047877948129504e+00
1.757554362504220080e+03 2.290766813360826148e+01 2.290637787915679269e+01 2.343213806524416754e+01 2.429321651043577646e+01 2.686084913042004274e+01 3.101344102971899019e+01 2.430070385837689884e+01 2.046921200406407948e+01 1.685899390710331502e+01 1.423969728489984021e+01 1.016964794013265028e+01 7.522605951062244500e+00 4.877454043853950871e+00 2.229785950584459719e+00 5.142640436521968894e+00
1.807554362504220080e+03 2.273971466315058265e+01 2.273848816254374938e+01 2.325494480573596334e+01 2.411886235605564011e+01 2.667859109386588656e+01 3.106578847900259888e+01 2.438812753634062958e+01 2.053827341451744104e+01 1.698684287842377572e+01 1.437724291161525159e+01 1.036738904378004733e+01 7.772167650559171470e+00 5.149434601669681477e+00 2.570001476322161693e+00 5.318807347836198574e+00
1.857554362504220080e+03 2.248574835847227860e+01 2.248469057141591421e+01 2.299235715942584690e+01 2.384542194657438685e+01 2.642844057432846583e+01 3.100061607221251592e+01 2.441521248315779147e+01 2.058580424526562425e+01 1.712907609573388967e+01 1.454794963012478703e+01 1.063785140406846708e+01 8.106398761666460118e+00 5.533571332271164600e+00 3.040946292777981785e+00 5.608846343438669280e+00
1.907554362504220080e+03 2.114727338189596040e+01 2.114743216964446759e+01 2.166274861873334956e+01 2.239341251206091954e+01 2.517083521609154673e+01 2.902065402136510741e+01 2.238547345840897052e+01 1.914172516755555264e+01 1.574718221063172052e+01 1.344116494082471114e+01 9.731500013559863049e+00 7.428925349515571597e+00 5.012205864507040864e+00 2.705110994753090026e+00 5.241740603937440568e+00
1.957554362504220080e+03 2.200162125994985018e+01 2.200106531566255086e+01 2.252325165250717021e+01 2.313637256904875628e+01 2.640926267260876870e+01 2.950837288206619036e+01 2.298690320910327500e+01 2.016045274091005979e+01 1.676654251857684486e+01 1.469479205279912115e+01 1.105733593026056738e+01 8.887250054458293747e+00 6.510785617128506786e+00 4.312045532249972446e+00 6.349800250415731817e+00
2.007554362504220080e+03 2.273420704802100190e+01 2.273297298735819183e+01 2.327459749646318699e+01 2.379504459269111649e+01 2.737205308514162283e+01 3.012115734450075877e+01 2.363838795344418386e+01 2.099724875452440997e+01 1.763959965659291385e+01 1.566697962148040091e+01 1.213119842383510694e+01 1.005866100729907231e+01 7.731148782909983197e+00 5.651581531432262828e+00 7.311382184384877192e+00
2.057554362504220080e+03 2.284634573181007866e+01 2.284498018636735139e+01 2.337979427422327205e+01 2.392226238431738494e+01 2.755391918560157904e+01 3.051517772732765366e+01 2.404061363048735700e+01 2.144345525777426431e+01 1.815536394531709874e+01 1.620560629979281231e+01 1.275687061286514457e+01 1.072976037372869662e+01 8.442066198013941758e+00 6.441116917271361153e+00 7.859881423017895941e+00
2.107554362504220080e+03 2.249011962379512042e+01 2.248872258772986044e+01 2.301088167318133770e+01 2.363943322258738178e+01 2.718665757970778074e+01 3.059596195256437667e+01 2.407627391498747116e+01 2.138048837110560640e+01 1.813562344419596783e+01 1.614104968188968314e+01 1.274120545377255631e+01 1.073482234509553734e+01 8.465818259381636679e+00 6.519883575219608041e+00 7.830899617257769840e+00
2.157554362504220080e+03 2.197798130806379646e+01 2.197689742638731758e+01 2.247772677829525279e+01 2.313863174979081094e+01 2.662904070826274605e+01 3.032957194392811573e+01 2.381183544095631177e+01 2.109920126453596723e+01 1.791150437547305074e+01 1.591796569875740630e+01 1.258187386728483226e+01 1.060911859750263275e+01 8.373184708415227107e+00 6.484042076791546094e+00 7.721042314534408035e+00
2.207554362504220080e+03 2.169263049789056197e+01 2.169167330261960203e+01 2.218065398272302602e+01 2.286561221873441596e+01 2.635078179720245117e+01 3.027662419760346424e+01 2.377696330076000919e+01 2.105987388870236998e+01 1.792131737615732590e+01 1.593115517420145721e+01 1.264819553947821262e+01 1.069922162230986018e+01 8.492219112648783153e+00 6.636675951857593958e+00 7.791271762408456425e+00
2.257554362504220080e+03 2.142331384439025044e+01 2.142256041670249544e+01 2.183936118234282375e+01 2.221715252690856701e+01 2.647290640369675785e+01 3.150124519253341404e+01 2.508276045518895359e+01 2.106953060582036841e+01 1.694582226560737226e+01 1.561181651518255009e+01 1.312703035783910721e+01 1.092046574627451605e+01 8.602370796741814374e+00 6.930811677778740076e+00 7.986711038261072204e+00
2.307554362504220080e+03 -4.980718066780553386e+02 -4.646268810036110040e+02 -3.564999995648686877e+02 -2.457038834939215803e+02 -1.762766231746591643e+02 -1.455950466765679323e+02 -1.295485220396232648e+02 -1.365574487388953457e+02 -1.556919724154821552e+02 -1.430452843835429917e+02 -1.221274955234872976e+02 -8.868972572864359449e+01 -5.168913314288532490e+01 -3.181038493067060813e+01 -5.949770211902506434e-01
2.357554362504220080e+03 1.075304326589906339e+02 1.075136782141258465e+02 1.084420917939304871e+02 1.090113002456006654e+02 1.097948279709643913e+02 1.096743125177473388e+02 1.070324632252493302e+02 1.116094856934229114e+02 1.018224960471937663e+02 7.521135748842250734e+01 6.298942610890325966e+01 6.174291378025225185e+01 4.993626357147621064e+01 4.638078519761922536e+01 4.434073306197491604e+01
2.407554362504220080e+03 -7.895202928466343906e+01 -7.892357299966933226e+01 -8.181282922023602566e+01 -7.123824902495103117e+01 -6.346145371499434873e+01 -6.401980507099702322e+01 -5.768863096648921385e+01 -5.491534345532719641e+01 -5.107504773171950774e+01 -4.861759201228857563e+01 -4.280953916053658048e+01 -4.020797795586429402e+01 -3.324419650711642760e+01 -3.305688754861581202e+01 -7.565739160514161732e+00
2.457554362504220080e+03 2.066649858108078419e+01 2.066912234885582578e+01 2.077592279150616861e+01 2.597354136252760526e+01 3.239921042953157126e+01 2.963657918786182677e+01 2.472529996632364657e+01 2.252180675957696465e+01 1.957687452059610678e+01 1.775003092951918759e+01 1.538086938759579603e+01 1.357203964590066292e+01 1.196686971004367273e+01 9.964849110335149973e+00 9.679149856726173340e+00
2.507554362504220080e+03 3.734579228229161885e+01 3.734886295995588057e+01 3.781477512492225657e+01 4.140668843205713756e+01 4.382697662211640477e+01 3.619373381490292019e+01 3.043395463029439441e+01 2.681489303015789361e+01 2.301237939220803241e+01 2.052218223560186416e+01 1.752114677187521607e+01 1.519390826994550459e+01 1.348721222281012722e+01 1.078683008366533436e+01 1.106612441040417316e+01
2.557554362504220080e+03 4.476253337414346056e+00 4.475478487082809487e+00 4.778191830462490408e+00 7.064432914045646328e+00 1.836960473234651303e+01 2.529960611912827417e+01 2.445511407438528551e+01 2.569145511446203045e+01 2.578468750784037411e+01 2.639646744016233271e+01 2.566303321326513398e+01 2.574502438544057981e+01 2.498072436207781877e+01 2.508807195086324882e+01 2.385872234074780351e+01
2.607554362504220080e+03 5.502798887938519101e+01 5.501940263921424190e+01 5.481405059138346303e+01 5.423408722393126169e+01 5.663990807724707111e+01 5.517713073212814834e+01 4.365204722954326400e+01 3.665936095002140149e+01 3.034105126647255801e+01 2.545401875825821136e+01 2.084739494980127006e+01 1.699420134949621897e+01 1.396944916436799566e+01 1.073726233690693554e+01 9.057703285145922933e+00
2.657554362504220080e+03 -4.776901379098022815e+00 -4.771535803522700903e+00 -4.102029128607236785e+00 -3.206287302485514523e+00 6.704378857860409546e+00 1.983851720855791356e+01 2.189197473944267358e+01 2.226265624732208082e+01 2.286238813107499723e+01 2.302939840054055054e+01 2.224533764563573257e+01 2.178916485612205278e+01 2.082093480611901271e+01 2.003443479261901317e+01 1.909936561020416690e+01
2.707554362504220080e+03 7.158522178023467575e+01 7.156099881136623253e+01 7.068083453183628251e+01 6.839982801059363737e+01 7.326108720470922719e+01 8.101684381588077599e+01 7.517284885945359463e+01 6.378415285250157041e+01 5.328741228775405148e+01 4.556445515655315148e+01 3.820566381249701493e+01 3.131409704940226391e+01 2.656741557626200034e+01 1.885213323129652707e+01 1.597563338684143375e+01
2.757554362504220080e+03 2.886809248555032070e+01 2.886521716279251848e+01 2.959014053213811124e+01 3.050921119526191205e+01 3.245736441844580611e+01 3.499387679349482028e+01 3.805670775015470753e+01 3.319287422305954038e+01 2.871540823703025680e+01 2.575045511357466310e+01 2.188510201859213922e+01 1.951939618436207624e+01 1.655435403669240557e+01 1.514318264153406979e+01 1.234421326241508154e+01
2.807554362504220080e+03 4.483541169717433661e+01 4.482831834106193014e+01 4.528349007722225394e+01 4.540808630016160663e+01 4.825909447553267739e+01 5.003171481895456907e+01 4.880257966811437598e+01 3.960992781304141630e+01 3.169417851551695975e+01 2.585725845399728939e+01 1.992819054927134914e+01 1.488063835152591885e+01 1.096013481876461526e+01 6.486153690651828008e+00 2.931195935691842891e+00
2.857554362504220080e+03 3.346559661534111285e+01 3.346430934854855366e+01 3.339397727802115412e+01 3.421769339673245724e+01 3.709373916813260053e+01 3.733091083993095083e+01 3.813021036357133653e+01 3.297223184471749846e+01 2.938766425503679969e+01 2.749091543923573866e+01 2.486575935519702085e+01 2.359824345602304163e+01 2.187199732648366535e+01 2.079786593194517508e+01 1.950531559120196690e+01
2.907554362504220080e+03 2.379146983676836413e+01 2.379157256978511725e+01 2.415958503924493073e+01 2.480353809836831047e+01 2.565125874583814181e+01 2.902941782917410407e+01 3.415706372556000758e+01 2.831078299890020844e+01 2.377267126143694753e+01 2.082453514556397423e+01 1.695057024946071067e+01 1.451066955050301743e+01 1.178896772697177653e+01 9.560262548363210655e+00 7.997213918483504713e+00
2.957554362504220080e+03 1.990785848597326080e+01 1.990832636114581078e+01 2.029887006929983073e+01 2.084394771898496046e+01 2.125670730206831394e+01 2.466297572722536913e+01 3.069979870601946814e+01 2.578372336535771936e+01 2.219439657843912883e+01 2.057132221990996612e+01 1.753051669053536443e+01 1.622682403520401095e+01 1.412186715376314261e+01 1.311671691506441917e+01 1.167580806486136424e+01
3.007554362504220080e+03 2.012756574913965224e+01 2.012730883078561916e+01 2.053608775949681942e+01 2.104484120649971857e+01 2.148028607054084560e+01 2.475285787344987654e+01 3.080824281409046961e+01 2.600114249462835403e+01 2.230758426771216918e+01 2.068807430735390440e+01 1.760863392808441930e+01 1.627622700241695597e+01 1.414868438038678455e+01 1.310941465310782839e+01 1.167570610748555104e+01
3.057554362504220080e+03 1.998560028442251379e+01 1.998551746507323656e+01 2.038171199115056353e+01 2.089985848783863887e+01 2.133334686080968723e+01 2.464320625458190861e+01 3.042354312049002729e+01 2.525524173862083188e+01 2.172616177436965401e+01 2.004570037198105936e+01 1.698127336747809935e+01 1.565281161094114637e+01 1.353721858980469861e+01 1.249330937699022392e+01 1.112674053554960452e+01
3.107554362504220080e+03 1.945381352812030329e+01 1.945453237166628568e+01 1.983998520798584764e+01 2.036174873024972243e+01 2.081461411426217722e+01 2.450092794584048761e+01 2.931342112976998848e+01 2.353131016899839523e+01 2.046711240237013740e+01 1.857585549808120007e+01 1.560994441636253782e+01 1.423602911418190153e+01 1.216280884110778437e+01 1.109129491176103244e+01 9.856190373558835205e+00
3.157554362504220080e+03 1.735420426786271619e+01 1.735597719174007381e+01 1.782315243283288453e+01 1.846889082181767350e+01 1.888238474141031631e+01 2.352405760873677565e+01 2.753144177911903157e+01 2.202990470777223919e+01 1.988796129387998946e+01 1.805688097866570629e+01 1.554056006623439856e+01 1.429635900701163997e+01 1.249870173414057994e+01 1.155131614319916800e+01 1.061222580295103235e+01
3.207554362504220080e+03 1.722710939391123830e+01 1.722881406664685500e+01 1.781494692694597859e+01 1.864316133462946468e+01 1.893174626291721196e+01 2.435744768193373844e+01 2.634904020157252447e+01 2.092693117182847828e+01 1.930160467151922887e+01 1.722967973921994655e+01 1.494018711390336840e+01 1.358734547492662692e+01 1.192751314173260191e+01 1.092451253981242765e+01 1.029226454696494208e+01
3.257554362504220080e+03 1.566408113608805586e+01 1.566722326930056930e+01 1.639580262414504475e+01 1.715709770205764784e+01 1.984820839508362411e+01 2.677832358732183593e+01 2.322502819885390224e+01 1.882772553860653275e+01 1.720021567753712688e+01 1.508669883359049813e+01 1.295940404933693557e+01 1.152542398068876217e+01 9.970880619972787073e+00 8.927508059249984029e+00 8.796416786511878527e+00
3.307554362504220080e+03 1.729240696790289178e+01 1.729363041086838493e+01 1.823302229253642182e+01 1.913664414284701110e+01 2.192403424922355271e+01 2.856431162937956358e+01 2.363798214335684378e+01 1.973795660965653198e+01 1.786265725752744515e+01 1.583646183967348975e+01 1.362921819867716877e+01 1.216909699397396238e+01 1.061919246355056679e+01 9.465283981179432260e+00 9.656031954131123030e+00
3.357554362504220080e+03 1.725713035590042921e+01 1.725789040182268153e+01 1.818161005762674520e+01 1.902293328910520387e+01 2.221879320364140042e+01 2.868973244705000525e+01 2.322896414236313234e+01 1.980724474622601861e+01 1.778880935224352910e+01 1.585351010927002591e+01 1.362518247428581830e+01 1.217912635142256939e+01 1.060774627603815468e+01 9.467091387290899718e+00 9.586004443945713049e+00
3.407554362504220080e+03 1.754589368437516583e+01 1.754637609410746180e+01 1.840389714872274141e+01 1.920065512120367046e+01 2.264748099565616357e+01 2.862520238018090168e+01 2.262140174545087490e+01 1.955022700465730523e+01 1.727119937920559067e+01 1.537525742573077814e+01 1.304596206678121995e+01 1.158032089554471789e+01 9.935743192691569803e+00 8.777683184446692266e+00 8.826385934326314242e+00
3.457554362504220080e+03 1.774739120465195796e+01 1.774751251323677437e+01 1.852279175896235230e+01 1.922373442321689296e+01 2.294578040642593209e+01 2.869469784831529324e+01 2.257206291535680975e+01 1.980142463341010384e+01 1.744215176661123579e+01 1.565157510011210640e+01 1.330787422729062186e+01 1.188049640226662262e+01 1.022583197310258107e+01 9.089629601345249554e+00 9.035685108336993565e+00
3.507554362504220080e+03 1.726244744959723576e+01 1.726333589664364609e+01 1.792918523420537014e+01 1.853917075299549566e+01 2.247542742187380327e+01 2.796692694039310467e+01 2.176377200789682931e+01 1.922693041976976858e+01 1.683995867684413383e+01 1.514076736445453442e+01 1.282106880006810634e+01 1.144882729332877780e+01 9.813316089764409611e+00 8.719606000461013195e+00 8.706256549806472123e+00
3.557554362504220080e+03 1.606039077654355651e+01 1.606235243234895904e+01 1.663315320335176395e+01 1.718038396576635307e+01 2.166064411481733742e+01 2.740427983771197518e+01 2.140699610021522759e+01 1.908394793703252645e+01 1.683419186633328124e+01 1.522587377026355959e+01 1.305224283455950918e+01 1.176046203766325604e+01 1.019321091006972502e+01 9.203430204898721101e+00 8.823444237583398575e+00
3.607554362504220080e+03 1.902247269126954876e+01 1.902120376324121409e+01 1.951239246704198393e+01 2.013890990552517124e+01 2.392916478499036970e+01 3.052091503021420849e+01 2.498361443327765130e+01 2.186234855403844080e+01 1.970321470221216487e+01 1.781812615072160355e+01 1.559939251449145559e+01 1.414478796999652310e+01 1.252714013142761651e+01 1.144452456531945117e+01 1.071272124469922460e+01
3.657554362504220080e+03 1.962127963146198439e+01 1.961937700743943580e+01 2.004779140645677060e+01 2.067038316941260234e+01 2.402231813668825211e+01 3.089000987485765748e+01 2.577743454927421496e+01 2.213280660330898542e+01 2.006951370264160062e+01 1.805703215555177366e+01 1.579881118753821312e+01 1.429679586591182883e+01 1.265964273744364377e+01 1.152821399464959917e+01 1.083706652922725056e+01
3.707554362504220080e+03 1.177324677603735559e+01 1.177420362491876915e+01 1.210515235989705296e+01 1.252343144367740990e+01 1.844757716890509514e+01 2.763070303094080771e+01 2.451991225664643537e+01 2.229928325176796378e+01 2.137076965965504982e+01 2.019664881060908002e+01 1.862776749039711888e+01 1.761304855948833747e+01 1.642109745339081073e+01 1.557969358938048465e+01 1.501311191472892581e+01
3.757554362504220080e+03 2.039523611764135325e+01 2.039439524088933808e+01 2.074683174923780626e+01 2.133499441153680820e+01 2.423940054386432408e+01 3.088951816412408746e+01 2.592422001723161884e+01 2.198511422661475834e+01 1.998704897353982446e+01 1.794529505875700437e+01 1.569542539318341312e+01 1.421476055887296752e+01 1.261352932700292939e+01 1.144460046337247050e+01 1.089486830258598715e+01
3.807554362504220080e+03 1.872363503433781773e+01 1.872580133019793180e+01 1.907852812701479550e+01 1.955140392685139261e+01 2.268281971787161311e+01 2.838719512846053306e+01 2.250512002681485768e+01 1.951837308165420026e+01 1.747578818025689529e+01 1.571420159279402640e+01 1.372632234431315723e+01 1.241027460828732920e+01 1.104586203842358572e+01 9.927033431006716313e+00 9.969640028451602021e+00
3.857554362504220080e+03 1.773905460219564745e+01 1.774019757191092594e+01 1.806988800153844110e+01 1.845871315687023539e+01 2.213549406193215674e+01 2.952329228105400105e+01 2.608197988837952508e+01 2.364076013293032474e+01 2.288238297063382731e+01 2.195473502553897305e+01 2.072997752228717161e+01 2.003787833198754953e+01 1.926154076980019525e+01 1.852638284964239546e+01 1.864892511708311673e+01
3.907554362504220080e+03 1.451179742996887789e+01 1.451431009930408855e+01 1.483995713235649738e+01 1.537389862137646190e+01 2.002999398692829658e+01 2.783916889084142809e+01 2.313485502913596648e+01 1.977368289463379014e+01 1.810558413632920960e+01 1.632895837138861594e+01 1.444003588534286209e+01 1.300530505503661871e+01 1.189586759023276663e+01 9.955963194210070810e+00 1.070604212433888591e+01
3.957554362504220080e+03 1.986369891415880673e+01 1.986092234651250976e+01 2.026873862253219727e+01 2.081851399762361510e+01 2.261622425503026079e+01 2.907480911705911808e+01 2.879444100439397403e+01 2.361667577237178861e+01 2.177727364356124440e+01 1.972391319292314904e+01 1.736952365454801850e+01 1.594548659263926993e+01 1.422236442392022049e+01 1.316948910352809676e+01 1.224568975440020502e+01
4.007554362504220080e+03 1.846895808800874050e+01 1.846840922522833850e+01 1.880513408495226813e+01 1.938747176596311306e+01 1.991230409421694247e+01 2.495641684033476437e+01 2.808102284508040469e+01 2.266474585526917096e+01 2.066741113194731483e+01 1.876957322517359117e+01 1.637777974378865409e+01 1.510603465190900430e+01 1.337631950657491764e+01 1.247591857967583451e+01 1.154988616527532841e+01
4.057554362504220080e+03 1.937933795050945918e+01 1.937918451746352488e+01 1.962930973121165223e+01 2.010955239091913782e+01 2.056423656608438932e+01 2.513234864609734487e+01 2.861183193028374561e+01 2.280878717408258893e+01 2.070031738271650568e+01 1.872774045311776447e+01 1.620468649868486466e+01 1.488498444721038361e+01 1.310027149170023364e+01 1.205505523669706669e+01 1.118660459410565799e+01
4.107554362504220080e+03 2.779424499645850943e+01 2.778565068888464396e+01 2.808910068772243562e+01 2.849511225332354769e+01 2.903666509446139088e+01 3.185182522300891605e+01 3.607885263327651870e+01 3.057090322062937560e+01 2.683859252116785399e+01 2.471043504317197659e+01 2.155107313430363192e+01 1.989195689559100444e+01 1.777330025845343187e+01 1.631318811404010916e+01 1.508721021355140834e+01
4.157554362504220080e+03 2.153844624605632063e+01 2.153294225213196711e+01 2.193510441561716107e+01 2.237184971902577146e+01 2.293842413333353392e+01 2.382845607560730272e+01 2.877122884549235948e+01 3.108067958424342692e+01 2.588516384959349281e+01 2.410686262295316595e+01 2.126752481877862166e+01 1.955135743900605050e+01 1.761419285873646245e+01 1.620616547742384128e+01 1.509607458639601241e+01
4.207554362504220080e+03 2.054166635128197882e+01 2.053873992639242374e+01 2.090680722400408698e+01 2.112585105951909625e+01 2.128887564439736479e+01 2.156748604410461922e+01 2.405085041080678110e+01 3.006545563245240871e+01 2.855020225663187006e+01 2.421318820068604794e+01 2.189697791731402532e+01 2.003396715752061397e+01 1.826858917349919409e+01 1.723559394400593447e+01 1.612798487652764479e+01
4.257554362504220080e+03 2.455915673589150927e+01 2.455354412822011767e+01 2.491116964856212590e+01 2.515192875660840244e+01 2.533873338766148109e+01 2.544161905300020976e+01 2.582204640757494118e+01 2.772746870554773579e+01 3.226982546782993211e+01 2.812073272246700029e+01 2.253366377650367269e+01 2.064179294589201774e+01 1.748201734535220808e+01 1.613245682327987751e+01 1.388773038486957923e+01
4.307554362504220080e+03 3.597381924050794311e+01 3.596131352868363251e+01 3.631620838269783036e+01 3.657027940742262473e+01 3.674303531177120874e+01 3.660337178694242510e+01 3.658254084754749158e+01 3.717036655525517830e+01 3.572811555729243338e+01 3.612855305137819784e+01 2.748327263668282328e+01 2.254003095666240952e+01 1.868691210103929379e+01 1.599427480406444957e+01 1.394580923491468738e+01
4.357554362504220080e+03 1.763443519940729587e+01 1.763386610424991474e+01 1.796722889616482277e+01 1.825929553124990434e+01 1.854803588025750116e+01 1.867492746834239981e+01 1.880437104007439331e+01 1.940307023631571326e+01 1.986870573094330794e+01 2.352673304577738023e+01 2.245626928813381795e+01 1.736950049691283837e+01 1.534903009182749223e+01 1.381827275022160606e+01 1.262800754638469769e+01
4.407554362504220080e+03 4.379760778508383190e+00 4.382585780156727395e+00 4.640347993611709576e+00 5.393438012493231959e+00 5.825203453593659653e+00 5.765436681926614071e+00 6.412953502193067479e+00 6.954955538681200089e+00 1.317359880623014234e+01 1.889694902134918308e+01 1.524372920382918295e+01 1.530506516088175673e+01 1.405885952870519695e+01 1.404541340461250520e+01 1.344508482181192299e+01
4.457554362504220080e+03 2.318711311661631314e+01 2.319957862288644179e+01 2.361408512370349300e+01 2.425457208300676726e+01 2.445842713500841725e+01 2.393323230827404302e+01 2.336849102789472710e+01 2.428240362946333519e+01 2.492690245919452607e+01 1.981171544901915027e+01 1.363709037937472957e+01 1.110293909670048684e+01 7.800814207338231832e+00 6.367928519254704156e+00 4.095960763420172235e+00
4.507554362504220080e+03 2.359762013009347470e+01 2.359535565105974442e+01 2.411010095494036065e+01 2.472307036661430857e+01 2.486758464238101496e+01 2.469423101916571284e+01 2.487700669482317295e+01 2.536962084598074796e+01 2.704949530708677230e+01 2.919037667857848461e+01 2.171595133111823017e+01 1.882545370179291666e+01 1.551999118234718544e+01 1.352741199083355639e+01 1.161749964384405054e+01
4.557554362504220080e+03 2.037597610559250327e+01 2.037462981686093499e+01 2.084648689127174848e+01 2.145036615342598552e+01 2.162155021434843150e+01 2.154431332409208366e+01 2.189269041939409277e+01 2.215754625833241676e+01 2.518076061963157386e+01 2.737856849721762487e+01 2.045117670395134013e+01 1.847921350861953727e+01 1.541406230759381302e+01 1.390418617656958844e+01 1.200401898005322465e+01
4.607554362504220080e+03 2.187628757660244716e+01 2.187342621408130938e+01 2.231351524683807597e+01 2.272754482158339684e+01 2.294161439839396621e+01 2.294036521364074233e+01 2.292933415989057622e+01 2.340810059578864255e+01 2.473877640231364694e+01 2.885897987363889072e+01 2.283567551258727590e+01 1.798796727586535837e+01 1.515403619045557804e+01 1.293899370580269803e+01 1.130779890281330324e+01
4.657554362504220080e+03 2.018069707151348879e+01 2.018389008354134262e+01 2.070412110288270213e+01 2.125663920671001250e+01 2.136182029775037705e+01 2.127301815399256313e+01 2.291743868834808850e+01 2.708101748536940789e+01 2.856668975164846458e+01 2.278867552097090510e+01 1.900052051842232359e+01 1.687499443664258081e+01 1.412464064025742516e+01 1.284506941909958044e+01 1.075327460805801927e+01
4.707554362504220080e+03 1.786691792662023559e+01 1.786947659376175324e+01 1.830881653330514069e+01 1.920996077599517449e+01 1.937115137143751653e+01 1.935037879743535427e+01 1.990169772198440512e+01 2.306173403443461467e+01 2.614148260850033978e+01 1.996899689486719964e+01 1.618846040818100107e+01 1.404945406489068382e+01 1.140303232820147628e+01 1.016919366488959220e+01 8.537169407469550109e+00
4.757554362504220080e+03 1.933931520113166869e+01 1.933886004047297646e+01 2.010066278322549138e+01 2.114153579931338811e+01 2.123172215946753383e+01 2.117571044576656902e+01 2.164150764335776600e+01 2.420455004729640791e+01 2.842601199519060984e+01 2.256385269928333415e+01 1.805713253169910715e+01 1.615693980327220203e+01 1.326091145686475414e+01 1.208895758402120890e+01 1.015391165365793569e+01
4.807554362504220080e+03 2.597512997368173870e+01 2.596807656297839628e+01 2.655062633756597990e+01 2.690387849968771761e+01 2.702185407895697722e+01 2.705069504946666470e+01 2.723980166838233075e+01 2.786660265369276956e+01 2.973258776458293440e+01 3.234235079831979220e+01 2.523053752123918869e+01 2.209505027927091803e+01 1.898944326788224046e+01 1.703040753686596531e+01 1.504843471519683540e+01
4.857554362504220080e+03 2.694713467540435659e+01 2.693981519962687798e+01 2.738357723931746435e+01 2.761118518231768704e+01 2.777317564990660514e+01 2.781755828035923273e+01 2.771693960443057136e+01 2.807001431074781905e+01 2.867003188698740246e+01 3.028627668011856500e+01 2.938119445070526581e+01 2.257234060113384544e+01 1.881399126163313795e+01 1.644510975483586535e+01 1.382231994284098064e+01
4.907554362504220080e+03 2.708232830469912855e+01 2.707566801521333844e+01 2.748425178828867743e+01 2.766171101318629155e+01 2.781901446778649145e+01 2.790629749812433502e+01 2.779380919481989665e+01 2.784908298067243138e+01 2.809247879272530213e+01 2.881384669825607858e+01 2.997668942039614137e+01 3.007754984741376703e+01 2.321442788971893378e+01 2.015504597219497640e+01 1.703299500855069226e+01
4.957554362504220080e+03 2.657737184867938751e+01 2.657153758724242820e+01 2.696717814713302630e+01 2.713395191698004538e+01 2.730125125958196008e+01 2.742206616573343325e+01 2.731114586509932707e+01 2.736124975043389895e+01 2.735722240884460277e+01 2.764388481541577036e+01 2.835762005818152076e+01 2.745654379328641781e+01 2.483335422618998578e+01 1.857700861238044965e+01 1.488706042982611955e+01
5.007554362504220080e+03 4.326660839894993416e+01 4.325141424747928909e+01 4.386311509632234618e+01 4.414132288218348776e+01 4.419682998701812693e+01 4.422042443890668295e+01 4.413714278280457393e+01 4.412395934898886196e+01 4.393807983208020573e+01 4.371391583362312616e+01 4.317880192767361081e+01 4.283844059653294778e+01 4.409411149962748766e+01 4.865784176715708753e+01 4.638402992426792082e+01
5.057554362504220080e+03 1.620298254125520288e+01 1.620119536320999742e+01 1.650114685101182488e+01 1.661753219980468543e+01 1.686720944572830660e+01 1.707746333329281185e+01 1.701365187529159329e+01 1.707940549843617362e+01 1.701782949908557896e+01 1.697763936130290219e+01 1.665276503895860216e+01 1.665678562503832083e+01 2.462830534042553765e+01 3.778625607530470631e+01 3.910065945168013002e+01
5.107554362504220080e+03 4.383980667244164664e+01 4.382974411458796737e+01 4.442084547144992968e+01 4.471126491809028636e+01 4.477149255477912959e+01 4.475204631773749497e+01 4.467603872222386485e+01 4.469329485255816792e+01 4.461848030709367663e+01 4.468037586995930610e+01 4.462195925399664276e+01 4.424303186128356202e+01 4.535586005922427688e+01 4.563039508251491583e+01 4.366040602108715518e+01
5.157554362504220080e+03 1.609108064658719428e+01 1.609065345106461109e+01 1.631167628150457460e+01 1.658548046397070053e+01 1.684181554875960174e+01 1.680181747903142409e+01 1.681690533219095585e+01 1.701899986323807568e+01 1.701563943334058138e+01 1.710644552175442001e+01 1.757890205559910868e+01 1.877099808834083561e+01 2.117454562024984099e+01 3.592898746506762819e+01 4.917106345820184288e+01
5.207554362504220080e+03 2.331705224075330207e+01 2.331353675601864595e+01 2.369699287460879944e+01 2.394239491105144779e+01 2.414106750710772786e+01 2.427761599721076990e+01 2.418468964965096646e+01 2.420883208555928690e+01 2.424117884658056710e+01 2.436009528382551892e+01 2.439296035173114063e+01 2.441128384601601908e+01 2.533046838968396841e+01 2.531476952493312993e+01 2.711200247901295413e+01
5.257554362504220080e+03 2.256364508682908010e+01 2.256068432257222867e+01 2.290276225448073433e+01 2.311352630348007509e+01 2.334888527208831732e+01 2.343643969437809815e+01 2.328109403873832406e+01 2.335173099207920444e+01 2.332091747555377381e+01 2.335765667570585435e+01 2.339275621433499452e+01 2.350418331845435560e+01 2.361633025913353023e+01 2.411640270943060571e+01 2.340301529623574694e+01
5.307554362504220080e+03 3.471827473205657810e+01 3.471518280957059943e+01 3.523959716746473703e+01 3.546418383479991121e+01 3.553533056232417664e+01 3.556806585484326177e+01 3.544269618480839767e+01 3.545545113130098969e+01 3.537392432451024149e+01 3.540372119982843202e+01 3.531849272774760351e+01 3.529052741595194931e+01 3.514388443001282525e+01 3.540802078733876357e+01 3.502753947231278175e+01
5.357554362504220080e+03 8.820634070171886165e+00 8.820635831383450309e+00 9.540881560662345606e+00 9.658665563308870716e+00 9.617243593026262971e+00 9.854812009788460614e+00 9.835683770805324855e+00 9.867925822983561801e+00 9.812510362401738462e+00 1.004702739522982746e+01 9.952621742661158066e+00 1.003773574271475866e+01 1.011339939918315523e+01 1.023063159724847715e+01 9.945966027674264964e+00
5.407554362504220080e+03 4.653342910962183510e+01 4.653310140566817665e+01 4.768365468438253174e+01 4.807583253369782739e+01 4.813669169426680128e+01 4.830210485875599602e+01 4.830769660220020256e+01 4.832125871865441269e+01 4.810095909526267377e+01 4.823512032892376311e+01 4.809823252201533705e+01 4.805991051241267087e+01 4.783747257172744582e+01 4.796452900521772733e+01 4.760302477203032367e+01
5.457554362504220080e+03 5.430320752864289346e+01 5.430723060502980104e+01 5.537524412960732434e+01 5.586198321693683511e+01 5.602977699813941115e+01 5.626572710479011619e+01 5.630641135821580434e+01 5.635368671220182080e+01 5.611083621961827816e+01 5.622012635991184482e+01 5.600384047918448260e+01 5.594249675421058754e+01 5.565860351407366835e+01 5.581983002026765917e+01 5.532744200201607754e+01
5.507554362504220080e+03 4.365033213682625046e+01 4.365401522632858899e+01 4.472799758235764500e+01 4.532355625600679616e+01 4.560525146775721339e+01 4.603830103588289546e+01 4.626797759605764782e+01 4.648275488470049055e+01 4.630816383105786826e+01 4.644278582079681428e+01 4.619118070050596003e+01 4.613190579548987102e+01 4.576937053614723538e+01 4.594247001675163489e+01 4.519996949386536755e+01
5.557554362504220080e+03 4.007371389224535818e+01 4.007605007888995630e+01 4.106212997594247582e+01 4.169281712848798094e+01 4.205097342098981983e+01 4.252427880171903496e+01 4.278905457543555713e+01 4.306288870184840789e+01 4.297898972645938187e+01 4.309329521795390860e+01 4.287627163951699316e+01 4.291767770636798218e+01 4.260023060038401610e+01 4.281214704296905182e+01 4.190674764131750862e+01
5.607554362504220080e+03 4.097410329715146560e+01 4.097550911520234962e+01 4.195067191232961079e+01 4.256174473341406639e+01 4.290660961321115963e+01 4.331797453532757203e+01 4.352111693203974596e+01 4.375260548048527909e+01 4.371339120253562527e+01 4.380233639983978833e+01 4.366309938683721725e+01 4.379022968568366281e+01 4.362251054175920473e+01 4.382531148037919877e+01 4.308400195927781340e+01
5.657554362504220080e+03 4.136523495765401037e+01 4.136621158422499889e+01 4.233834168366487916e+01 4.292999334702651737e+01 4.325667745704093647e+01 4.363130856138239011e+01 4.379549020334378184e+01 4.398692026742217820e+01 4.393482890237327609e+01 4.399328012973555957e+01 4.382832979088571790e+01 4.392693988640088065e+01 4.380351874482873598e+01 4.396424252410914590e+01 4.334583401974305872e+01
5.707554362504220080e+03 4.216772018775301945e+01 4.216851103642178344e+01 4.314625639469436180e+01 4.372618741595906044e+01 4.403845614933045738e+01 4.438591656589763090e+01 4.452327610396940116e+01 4.469270140257262369e+01 4.462579283196645008e+01 4.468206465117567916e+01 4.450690498320963684e+01 4.458638804456320059e+01 4.445855990750596476e+01 4.459817253201061504e+01 4.402743629351532206e+01
5.757554362504220080e+03 -1.545503571749204141e+01 -1.544896466739600172e+01 -1.589394339664502098e+01 -1.543480782487829117e+01 -1.520668439272677652e+01 -1.488479318297903475e+01 -1.458203486031436391e+01 -1.420378892404802507e+01 -1.467279445839985463e+01 -1.495354449479778935e+01 -1.550768859965481994e+01 -1.589445613823655812e+01 -1.645900749321600998e+01 -1.607644049880167358e+01 -1.631601158455029577e+01
5.807554362504220080e+03 -1.627895935081441436e+01 -1.626210681181200002e+01 -1.419938525229957094e+01 -6.247740177263318095e+00 3.212913457564341435e+00 1.642776299548698660e+01 2.961115417780392889e+01 4.110979470709788330e+01 5.192584645242560981e+01 5.203252167357703684e+01 4.190969363997876229e+01 1.694097802660433061e+01 -1.642052713565292521e+01 -3.888870182890622118e+01 -5.328093902127245940e+01
5.857554362504220080e+03 -1.872875476525365365e-03 -1.743139039275595423e-02 1.198933348949030453e+01 5.583790407970600000e+01 1.136882241501352979e+02 1.834953240806631243e+02 2.248599352523938251e+02 1.855866450235181162e+02 1.245840637309536163e+02 7.038119901216823848e+01 7.654118063727651133e+01 6.323704958603961757e+01 5.204839865806564347e+01 5.726717544964938611e+01 5.061973726592681544e+01
5.907554362504220080e+03 -4.564548976338572039e+00 -4.559381864527072281e+00 -1.108187431474810225e+01 1.035107540917907087e+01 6.068610430864991656e+01 1.571437898987508959e+02 2.931544835191501761e+02 4.249777202548422110e+02 5.100764663519851183e+02 4.486100970775592032e+02 4.212250117912545875e+02 3.790956243886648735e+02 3.133748424971458348e+02 2.575234445049842975e+02 1.656467057170869452e+02
5.957554362504220080e+03 1.393731226577869720e+01 1.390033343080517447e+01 1.564370606155432775e+01 1.808841004638917838e+01 2.053074175820068703e+01 2.262063180831690445e+01 2.757560157832059389e+01 3.360508920164392066e+01 2.957894956837551703e+01 2.789259140928235681e+01 2.772792157384430922e+01 2.744071874199296346e+01 2.651501516525360813e+01 2.621671359581371163e+01 2.614915248343646681e+01
6.007554362504220080e+03 -1.104354260126690868e+01 -1.103178074879631687e+01 -1.003925003368264868e+01 -7.644636588346255479e+00 -6.484330577058495138e+00 3.798932758816223831e+00 1.002234717955867715e+01 1.005605077810449721e+01 9.737294908261519666e+00 1.020792207858262657e+01 9.757999052820750308e+00 9.960170766515039631e+00 9.466728638780566030e+00 9.652156943667719702e+00 9.194532701528085994e+00
6.057554362504220080e+03 6.958561986298273716e+00 6.943864487174870703e+00 2.756632127049981840e+00 1.270334107572316285e+01 2.055849537826585305e+01 1.207066362116798608e+01 1.559223905781210107e+01 1.246011494832931810e+01 1.348901597778785799e+01 1.174387038272082684e+01 1.250892727978523133e+01 1.173759978765349210e+01 1.192854949185587898e+01 1.189543683523760897e+01 9.970600933147382605e+00
6.107554362504220080e+03 -5.309952202292310908e+00 -5.307359121468664398e+00 1.665744549859679235e+00 1.498368160350303668e+01 6.996574284295029145e+00 4.404438388554751782e+00 2.489168808159605284e+00 1.821405979304968170e+00 7.394473990282531828e-01 5.722672538967897848e-01 -2.570992896250036686e-01 -2.692154273166812994e-01 -6.977157192428913302e-01 -1.296571659541377652e+00 0.000000000000000000e+00
6.157554362504220080e+03 3.901634326407256825e+00 3.895311895243246614e+00 5.358117385899217489e+00 9.801415462603706885e+00 3.440642309084851025e+00 1.769863670800110089e+00 2.811194370093684780e-01 -1.637582617415800079e-01 -7.804466033517687418e-01 -1.275126502511310204e-02 1.814841890100076655e-02 2.958185003985728742e-02 3.188697010496217149e-02 -6.131819925084201761e-02 -2.069710084575411835e-01
6.207554362504220080e+03 -8.302397280727625173e+00 -8.294351437535146587e+00 -5.272673079909782956e+00 -5.258448123323166357e+00 -1.258976575917912122e+01 -1.131017750030752822e+01 -1.886859030013265725e-06 1.083661118923550181e-06 3.639546644934557894e-05 1.174231362581798732e-04 2.476985920421317629e-04 4.175581467780867576e-04 6.174827467396575573e-04 1.193475498973556965e-03 -1.551446343871863698e-01
6.257554362504220080e+03 -1.000664956149975304e-01 -7.124617918108183678e-02 -4.111980947026716571e-02 -4.302578390397716196e-02 -4.786070641679505966e-02 -5.904669694228878440e-02 -7.658499000482694996e-02 -1.104676012452073530e-01 -8.553061584186959498e-01 -3.770192400845836289e+00 -4.778902414072703664e+00 -5.075948918808403931e+00 -4.520135851891221357e+00 -4.001223959827678200e+00 -5.899244714005844603e-01
6.307554362504220080e+03 1.786941208496460121e+01 1.786679809492518700e+01 2.689850108323107136e+01 5.879447761226309410e+01 9.334595654901480088e+01 1.604313923239486996e+02 1.699056279244745440e+02 6.697124313479690727e+01 -5.480691439323178571e+01 -1.155769067621519215e-02 5.816305477666917911e-02 6.264390139070548369e-02 5.510650843093764517e-02 -4.177277483124225976e-01 -5.697696535264265005e-01
6.357554362504220080e+03 5.673667793786514757e+00 5.673488967105801528e+00 4.594975489107349098e+00 -4.340969726738475920e+00 1.359412535884588102e+01 8.183741433043964264e+01 1.056690764059174228e+02 3.540392444473445721e+01 -5.755013060428009908e+01 -2.494320253382941322e-03 6.936071427710840953e-03 1.825298236403308585e-02 2.458477230613577078e-02 -8.392057093218203978e-02 -2.168734372142960831e-01
6.407554362504220080e+03 -5.262816873806227314e+00 -5.256592018574951730e+00 -4.246433387278513827e+00 -3.850464420214961159e+00 -4.040392681918110185e+00 -2.801074760755847937e+00 -6.997961040715710013e+00 -8.100551128562663905e+00 -1.035368603548232969e+01 0.000000000000000000e+00 0.000000000000000000e+00 0.000000000000000000e+00 6.481405940394861040e-10 3.411268082562954687e-09 -4.590433300012019407e-02
6.457554362504220080e+03 -1.034525866865901378e+01 -1.033364160787503216e+01 -1.116463239599412915e+01 -6.665435201796028331e+00 -6.217574290377580581e+00 -1.115671861793715358e+01 -1.302441114183544002e+01 -1.616862712756833886e+01 -1.192900482973679927e-09 9.107818697929929736e-10 3.994965950499269943e-09 1.258919736246270377e-08 3.858128533282418748e-08 1.191475836472081196e-07 -3.216244711074500023e-02
6.507554362504220080e+03 -1.585657119531512294e+01 -1.584148363426165673e+01 -1.435055716104140622e+01 -7.895637731424895556e+00 -1.275120653959391070e+01 -1.453927597812080030e+01 -1.551842488027281419e+01 -2.180028850468424537e-09 1.609980612416924644e-09 1.139666855891950456e-07 6.984055025408399673e-07 2.362740303459668297e-06 6.120489112712528764e-06 1.427557854306832585e-05 -1.891442641300757413e-02
6.557554362504220080e+03 2.937549081118898675e-01 2.935472734488882574e-01 3.469720682776989307e+00 8.320962962524843576e+00 1.378625982229207070e+00 -2.319434927561246251e+00 -1.887674458920610707e-03 1.715664118732240610e-03 4.683736470744152836e-03 6.235519299997998796e-03 6.886601072098181599e-03 6.956102188698540766e-03 6.815590638780712196e-03 6.578575211475662203e-03 -2.822219729488420828e-02
6.607554362504220080e+03 -2.485095328473850174e+00 -2.481913908008150482e+00 2.460076983349344937e-02 9.617979336412524560e+00 5.642842736515373048e+00 2.721803855109974357e-01 -2.248587247364308966e-04 1.701380450458356286e-02 1.293412981820940728e-02 9.387343905978827799e-03 6.925134212329242187e-03 5.135699260339071127e-03 3.785990927009627409e-03 2.713779257561245266e-03 -1.928165611609906557e-02
6.657554362504220080e+03 6.007502396650364318e+01 5.996322900942610090e+01 7.265669246682008975e+01 1.091443114562968475e+02 9.354741478981577529e+01 -4.346671658416628503e+01 -1.955159174383708631e+01 -1.024189864572029153e-08 9.609424255158154994e-09 2.547933241195455926e-08 3.761582086006925382e-08 4.725878910919238913e-08 5.528930328780058022e-08 -9.005910696261724968e-02 -2.942257305793783972e-01
6.707554362504220080e+03 -5.239154243458267857e+00 -5.232390474090387045e+00 -3.138421343463746460e+00 1.069956162108312903e+00 -3.895892581547243605e+00 -6.682743746377922456e+00 -1.961772839789328032e-09 1.480693493620475881e-09 6.000284863311920768e-09 1.778672872600865976e-08 4.916109325940578478e-08 1.216312493524050822e-07 2.741258260611247362e-07 6.011130008285406207e-07 -1.164123639262720222e-01
6.757554362504220080e+03 -8.334654873860879443e-01 -8.323285044009712808e-01 2.045726281210052289e+00 7.487617140313103548e+00 1.431655923270644726e+00 -1.763426654701807372e+00 -1.911837369889812052e-09 1.903315199457246392e-09 5.199798930966902341e-09 8.413125493281721053e-09 1.159446109715671640e-08 1.482084625878870199e-08 1.834951206329562769e-08 2.221091712470546411e-08 -6.871409563562920486e-02
6.807554362504220080e+03 7.051633448059270171e-01 7.049468619916909873e-01 3.463479324379339364e+00 9.734788780242197959e+00 4.005961149783080266e+00 1.055012075840350505e+00 -1.639300731954811380e-10 1.077274875300920031e-10 4.252033071273343404e-10 1.334086913960474163e-09 2.648292339916272617e-09 4.483436759030943457e-09 7.693149249992342190e-09 1.201206945515991967e-08 -3.014518595418447244e-02
6.857554362504220080e+03 2.223374239949506226e+00 2.222753483749100756e+00 4.600524344717725533e+00 1.209092587288047582e+01 7.148017993902427314e+00 3.544453921009697250e+00 -9.692670184325151404e-10 6.592678037333330366e-10 2.823050339046186671e-09 5.628116969698301325e-09 9.002331582472926214e-09 1.359341291968753282e-08 2.494520738159689827e-08 4.244310842233931584e-08 -1.542680385931444707e-02
6.907554362504220080e+03 7.522116589899173755e-01 7.521408951958435951e-01 3.754262947978526110e+00 1.127444537591344265e+01 5.542486768787420637e+00 5.719563652678894689e-02 -1.552306141833280969e-09 1.144524739619549149e-09 3.868431786322647778e-09 6.894969208391759698e-09 1.039231906169123145e-08 1.717145860730846428e-08 4.921352791860015519e-08 1.019886763883084807e-07 -4.303931695706721822e-03
6.957554362504220080e+03 4.472946001976394470e-01 4.473011516450671188e-01 3.515848793791110705e+00 1.122602953153161565e+01 5.613673348628813287e+00 2.356547870062077610e-01 -1.686152245790426688e-09 1.182046592789617787e-09 4.143804392370645470e-09 7.432221604932786011e-09 1.227324468633403035e-08 2.915875648799586897e-08 6.925822995437942523e-08 1.135049867390769422e-07 6.489240563484144559e-05
7.007554362504220080e+03 1.955124799177654804e+00 1.954858460224465633e+00 4.146543992493117337e+00 1.164959052556049102e+01 6.908371175381865292e+00 2.592124483293700266e+00 0.000000000000000000e+00 0.000000000000000000e+00 0.000000000000000000e+00 9.536241474958845488e-10 6.597705824983956699e-09 4.044406633126995602e-08 7.499443103867918197e-08 1.651038754448751146e-07 2.075704221640827375e-04
7.057554362504220080e+03 5.180207455492486623e+00 5.177316399131768776e+00 7.526518317334557118e+00 3.142217771994045172e+00 -7.581251187257513457e+00 7.161369402295370890e+00 0.000000000000000000e+00 0.000000000000000000e+00 0.000000000000000000e+00 0.000000000000000000e+00 1.033703696445449272e-08 3.151272023943514665e-08 9.350903547086817136e-08 4.297359786053831862e-07 4.294558031718596012e-07
7.062554362504220080e+03 -1.898500456223413957e-01 -1.895726343503590094e-01 2.121491923592807360e+00 8.167587934357573021e-02 -5.804953453882954584e+00 1.149681351627583670e+00 0.000000000000000000e+00 0.000000000000000000e+00 0.000000000000000000e+00 0.000000000000000000e+00 1.313207423497347777e-08 1.383113836303802410e-04 6.569222064056243595e-04 4.833914029891216266e-04 3.023755904311314132e-04
7.112554362504220080e+03 -2.964179502486415529e+01 -2.961223739531830290e+01 -2.948539819554410002e+01 -1.709148506263336742e+01 1.149682552991943680e+02 2.002886196848411942e+02 2.726136987384875354e+01 0.000000000000000000e+00 0.000000000000000000e+00 0.000000000000000000e+00 0.000000000000000000e+00 0.000000000000000000e+00 0.000000000000000000e+00 0.000000000000000000e+00 0.000000000000000000e+00
7.162554362504220080e+03 -3.717667492243615612e+01 -3.713419045906032068e+01 -3.526134756686458616e+01 -3.723090843935643335e+01 -4.247432233909754729e+01 -5.593059690206883516e+01 -7.007332780210232670e+01 -7.569768688791417510e+00 -2.918462263263902137e-03 -5.690288891838699405e-04 -1.903480592759053056e-02 -2.334093912390033249e-02 -2.659618321082664674e-02 -3.163082575123890572e-02 -4.164484104332252107e-02
7.212554362504220080e+03 1.768896824562986136e+00 1.763755771219964075e+00 3.775838016389555296e+00 3.474157860150691057e+00 -1.941009073889004899e+00 -5.518978057228477674e+00 -1.132914460920630972e+01 -8.456090133802923042e-03 -9.387620875083154542e-03 -1.282019408965161603e-02 -1.676319560375188339e-02 -2.358733762485937246e-02 -3.120967519751822322e-02 -3.349759118142374426e-02 -3.197560061706829909e-02
7.262554362504220080e+03 1.692257820962571602e+00 1.688606126353181303e+00 4.373258498756609214e+00 1.035021012597464285e+01 3.178830285076909234e+00 -1.914543106218681068e+00 -1.178310735388514441e-02 -1.433848074742419439e-02 -1.677254243846148032e-02 -1.784190958955163622e-02 -2.183321568559674908e-02 -2.648507039596161364e-02 -3.271593555244979579e-02 -3.474333315669887734e-02 -3.528876857884843260e-02
7.312554362504220080e+03 7.875784522527183862e-01 7.856621986179742612e-01 1.594345352531354454e+00 6.228768049628463643e+00 5.470763654654292374e+00 -2.504031220078347109e-01 2.377331531794997788e-01 -2.074414694283080104e-02 -2.436132447324979369e-02 -2.773959259641597258e-02 -3.238501062921950863e-02 -3.937723758176647076e-02 -4.803060251341246395e-02 -5.040672582631906817e-02 -4.996921461106582085e-02
7.362554362504220080e+03 2.209145156934403431e+01 2.208690648626186004e+01 2.386142248451858094e+01 3.111933364047856188e+01 5.112069367321711155e+01 6.729141678464161203e+01 3.401274394223382558e+01 -7.582180170027476684e+00 -4.808420325049444360e-02 -5.116021248938200372e-02 -6.092683102927565209e-02 -7.322228480026357622e-02 -9.499338823746786287e-02 -1.001779036380810450e-01 -1.188611286369098546e-01
7.412554362504220080e+03 -1.509553373613166372e+01 -1.505862456511656156e+01 -1.437939778065217311e+01 -1.417650793081491756e+01 -1.269060778059222727e+01 -1.505481435564600723e+01 -1.808304652548572022e+01 -9.098481263225085769e+00 5.482259653685908951e+00 -3.433651338054212188e-01 0.000000000000000000e+00 0.000000000000000000e+00 0.000000000000000000e+00 0.000000000000000000e+00 0.000000000000000000e+00
7.462554362504220080e+03 -9.077808215944468628e+00 -9.059733377653417463e+00 -6.055345671148678832e+00 5.784092269702711953e+00 1.300100880822497906e+01 7.421531873416904901e+00 8.138132459167722876e-01 -1.874853070157576074e+00 -6.324379084735966272e-02 -1.001454870306056621e-01 -1.023775486652975242e-01 -1.069291658112645343e-01 -1.161341025275964695e-01 -1.172684378391625482e-01 -1.307998790682049772e-01
7.512554362504220080e+03 -1.327039688601301926e+01 -1.318687962087813048e+01 -8.749780436067618794e+00 -3.254740648797778135e-01 -5.461385403693472362e+00 -1.186940667064396138e+01 -2.074579670795142637e-04 6.371652020672734251e-05 2.246923835016530376e-03 5.047280056824152497e-03 -1.750813687889295756e-01 -1.861975169753119219e-01 -2.077096029023401125e-01 -2.186559494283094596e-01 -2.413340178057082897e-01
7.562554362504220080e+03 -4.741764930796156108e+01 -4.497531060498532440e+01 -1.111608912084482634e-02 -9.528695001430935452e-03 -2.081349978858273997e-02 -4.117683109756802018e-02 -3.738216945432461524e-01 -2.268399903529689787e+00 -7.114607955963514030e+00 -1.371104661568447725e+01 -2.246893844606160684e+01 -2.780810148738696341e+01 -2.361192857238316023e+01 -1.302629470792832755e+01 -3.511521193415841680e+01
7.612554362504220080e+03 -3.664820401814627981e+00 -3.546471500352072148e+00 -6.981071813342552446e+00 -1.275349087955768290e+00 -4.760466805636354160e+00 -8.519584088240067743e+00 -1.380282148604757175e+01 -2.063935792335576735e+01 -3.112248422437414419e+01 -4.139055424141179884e+01 -5.489294938973179683e+01 -6.694783736932834017e+01 -6.861052571469669203e+01 -5.870713546192485666e+01 -8.128028161084235137e+01
