TIME T_sat_Ch0_mesh1 T_sat_Ch0_mesh2 T_sat_Ch0_mesh3 T_sat_Ch0_mesh4 T_sat_Ch0_mesh5 T_sat_Ch0_mesh6 T_sat_Ch0_mesh7 T_sat_Ch0_mesh8 T_sat_Ch0_mesh9 T_sat_Ch0_mesh10 T_sat_Ch0_mesh11 T_sat_Ch0_mesh12 T_sat_Ch0_mesh13 T_sat_Ch0_mesh14 T_sat_Ch0_mesh15 
0.000000000000000000e+00 6.201713808644612982e+02 6.201622271046205697e+02 6.210822003982642627e+02 6.210714063538197252e+02 6.210606112972823212e+02 6.210498152356034325e+02 6.210390181746327016e+02 6.210282201201152930e+02 6.210174210776899599e+02 6.210066210527384101e+02 6.209958200505026298e+02 6.209850180765640744e+02 6.209742151370194279e+02 6.209634112358642142e+02 6.209548845959586743e+02
5.000040000000043960e+01 5.655675093751211762e+02 5.655540191150084866e+02 5.655633267840586313e+02 5.655452677119875489e+02 5.655281206197190613e+02 5.655110839527567350e+02 5.654941554069328049e+02 5.654773380507149341e+02 5.654606350748219938e+02 5.654440497222748263e+02 5.654275852870747485e+02 5.654112451137516473e+02 5.653950325938526476e+02 5.653789511673894594e+02 5.653663517747588685e+02
1.000003999999985922e+02 5.616131388539275804e+02 5.615951211119363506e+02 5.615720802466729538e+02 5.615502810949601553e+02 5.615285127660779381e+02 5.615067721242539847e+02 5.614850553219946505e+02 5.614633578887912790e+02 5.614416744440383127e+02 5.614200007692006693e+02 5.613983277146835462e+02 5.613766667578911438e+02 5.613549564003976684e+02 5.613334012461416478e+02 5.613159629961158998e+02
1.502405034099261059e+02 5.523649988982399464e+02 5.523465466696036401e+02 5.523237991613531221e+02 5.523019962787137729e+02 5.522804742122499420e+02 5.522592129467516315e+02 5.522381990260917064e+02 5.522174222863446857e+02 5.521968735842735896e+02 5.521765461359068468e+02 5.521564253750968874e+02 5.521365341332430035e+02 5.521167299055547346e+02 5.520975922705987387e+02 5.520809849453880815e+02
2.004200391960640388e+02 5.297433095953803104e+02 5.297214059065420315e+02 5.296945458387720009e+02 5.296690852402781502e+02 5.296441824074623810e+02 5.296198093219081784e+02 5.295959413338026707e+02 5.295725594660553952e+02 5.295496419677130007e+02 5.295271984873321571e+02 5.295051565804990332e+02 5.294836804857927746e+02 5.294622221471300918e+02 5.294422956287272655e+02 5.294240520622375925e+02
2.553043625042201370e+02 4.638653726746314305e+02 4.638240950447250839e+02 4.637795096342688907e+02 4.637306834448962150e+02 4.636823341264788496e+02 4.636339752396197582e+02 4.635850534286068978e+02 4.635349962495341742e+02 4.634832354035163462e+02 4.634294620093344292e+02 4.633735799377426474e+02 4.633125038646589928e+02 4.632568713261753715e+02 4.632320657394880641e+02 4.632288192986578110e+02
3.053043625042201370e+02 4.470977604492236424e+02 4.469765221688368229e+02 4.468291233020275968e+02 4.466852594914016663e+02 4.465422546487878890e+02 4.463997678769331969e+02 4.462572983910740163e+02 4.461064489031257949e+02 4.459454119412034743e+02 4.457818428205786745e+02 4.456175844070208427e+02 4.454525760910462395e+02 4.453143362177374911e+02 4.452468142505435367e+02 4.452428583944129059e+02
3.553043625042201370e+02 4.512435960865258835e+02 4.511183866503205309e+02 4.509683505277553763e+02 4.508154695562577103e+02 4.506620994121701642e+02 4.505082397467288615e+02 4.503538877079737972e+02 4.501990375920225915e+02 4.500436795999511332e+02 4.498878011933047674e+02 4.497313949905471873e+02 4.495744806445730433e+02 4.494171422684651134e+02 4.492594636239798547e+02 4.491456430081578901e+02
4.053043625042201370e+02 4.516374155083498181e+02 4.515149092386232610e+02 4.513620470318479079e+02 4.512125193573710931e+02 4.510625271626139465e+02 4.509120477566374916e+02 4.507610546725177869e+02 4.506095194894017482e+02 4.504574148194502641e+02 4.503047190192468179e+02 4.501514177497774654e+02 4.499974926663097676e+02 4.498429195181952309e+02 4.496876822259983442e+02 4.495647071271851587e+02
4.553043625042201370e+02 4.552500504854721157e+02 4.551353640682829678e+02 4.549921036405997938e+02 4.548519489940239282e+02 4.547113018514086207e+02 4.545701548537807639e+02 4.544284967122943613e+02 4.542863172499709208e+02 4.541436100418113710e+02 4.540003750651223982e+02 4.538566175499538531e+02 4.537123362992333568e+02 4.535675192260709423e+02 4.534221532171607123e+02 4.533070498992688044e+02
5.053043625042201370e+02 4.557110028350734865e+02 4.555969674178718378e+02 4.554545922161011617e+02 4.553152783847238538e+02 4.551754728090893423e+02 4.550351718007951831e+02 4.548943732827862618e+02 4.547530768306990012e+02 4.546112840352482181e+02 4.544689995237938547e+02 4.543262310123382690e+02 4.541829857484617605e+02 4.540392701919309957e+02 4.538950934362802059e+02 4.537809981126383150e+02
5.553043625042200802e+02 4.556331839186353250e+02 4.555186846864194194e+02 4.553757551508229540e+02 4.552359053960306028e+02 4.550955879455973445e+02 4.549548055335852155e+02 4.548135616240917898e+02 4.546718599821433600e+02 4.545297043228919165e+02 4.543870982483869625e+02 4.542440447768943841e+02 4.541005443421769883e+02 4.539565951076751276e+02 4.538121960010592488e+02 4.536979267818470589e+02
6.053043625042200802e+02 4.554470809532124917e+02 4.553320125261125213e+02 4.551883969138650059e+02 4.550479023353017283e+02 4.549069656386434417e+02 4.547655873869192646e+02 4.546237676932970544e+02 4.544815061820527831e+02 4.543388020720057057e+02 4.541956544514795837e+02 4.540520622682538487e+02 4.539080233179883521e+02 4.537635344189129682e+02 4.536185931331967822e+02 4.535038932458821819e+02
6.591793625042200802e+02 4.551124718386340078e+02 4.549966115112414968e+02 4.548520215475081727e+02 4.547105787299994972e+02 4.545686981813093439e+02 4.544263782039536181e+02 4.542836169476472605e+02 4.541404124162258427e+02 4.539967625126134863e+02 4.538526651802843048e+02 4.537081183645230453e+02 4.535631193680477509e+02 4.534176649149401328e+02 4.532717522124595462e+02 4.531562811941580549e+02
7.091793625042200802e+02 4.547549445090836571e+02 4.546382655441024099e+02 4.544926516933609832e+02 4.543502107332385549e+02 4.542073289026694169e+02 4.540640038520211874e+02 4.539202331669171144e+02 4.537760143642479420e+02 4.536313449165839415e+02 4.534862223493591387e+02 4.533406442163492329e+02 4.531946076475670679e+02 4.530481093488713213e+02 4.529011463034100871e+02 4.527848415404608318e+02
7.591793625042200802e+02 4.543736852912045947e+02 4.542561377768189459e+02 4.541094329262484166e+02 4.539659284693359496e+02 4.538219779715739719e+02 4.536775787861297999e+02 4.535327282289313757e+02 4.533874235713128087e+02 4.532416620519917387e+02 4.530954409443861550e+02 4.529487575340510261e+02 4.528016087765123530e+02 4.526539912895216844e+02 4.525059018910068858e+02 4.523887030239000069e+02
8.091793625042200802e+02 4.531302041927190203e+02 4.530099826465693127e+02 4.528598789632255261e+02 4.527130897416649873e+02 4.525658338041256457e+02 4.524181080890307385e+02 4.522699094426810120e+02 4.521212345571308333e+02 4.519720798930387673e+02 4.518224416246064266e+02 4.516723154957210227e+02 4.515216964313052586e+02 4.513705786003523599e+02 4.512189561661142534e+02 4.510989446912459471e+02
8.591793625042200802e+02 4.511625974564786361e+02 4.510379176020965133e+02 4.508822307762708874e+02 4.507299587413320410e+02 4.505771805502856751e+02 4.504238915722118577e+02 4.502700869008382938e+02 4.501157613672401112e+02 4.499609095808768870e+02 4.498055260320180651e+02 4.496496051722795073e+02 4.494931412972592284e+02 4.493361285573494115e+02 4.491785605806458079e+02 4.490538186485667325e+02
9.091793625042200802e+02 4.488966097665261827e+02 4.487696023797853400e+02 4.486090348267504169e+02 4.484508636029490845e+02 4.482916252112460143e+02 4.481318227085198487e+02 4.479714484028768879e+02 4.478104923532381463e+02 4.476489409080022597e+02 4.474867750616332955e+02 4.473239696981565316e+02 4.471604953952186179e+02 4.469963246145659355e+02 4.468314408751183464e+02 4.467008228144854911e+02
9.591793625042200802e+02 4.468711223122140836e+02 4.467395327160711531e+02 4.465728104467902995e+02 4.464083768053188237e+02 4.462427314427919214e+02 4.460764260701764101e+02 4.459094446143675441e+02 4.457417723650598305e+02 4.455733978173315109e+02 4.454043136631646576e+02 4.452345166943513277e+02 4.450640063898638346e+02 4.448927830163583508e+02 4.447208462370044799e+02 4.445846601892599210e+02
1.009179362504220080e+03 4.450360354221819534e+02 4.448998666186444098e+02 4.447271730446419724e+02 4.445567247839411493e+02 4.443848783786252739e+02 4.442122329908663687e+02 4.440388589296725854e+02 4.438647520225311496e+02 4.436899085422311373e+02 4.435143246744528369e+02 4.433379960772213053e+02 4.431609174506642148e+02 4.429830825556336436e+02 4.428044849096614257e+02 4.426630045660223800e+02
1.059179362504220080e+03 4.429790988678756207e+02 4.428416931118227922e+02 4.426681464100207108e+02 4.424968001702629863e+02 4.423230445272039333e+02 4.421470091220188579e+02 4.419691023021285332e+02 4.417895148220271722e+02 4.416082957010568180e+02 4.414258841499471373e+02 4.412426415208952903e+02 4.410585805693765451e+02 4.408736938241608527e+02 4.406879803645160223e+02 4.405408564659027206e+02
1.109179362504220080e+03 4.405741797472494454e+02 4.404295932101619542e+02 4.402462517499157570e+02 4.400638206961177730e+02 4.398784112901043386e+02 4.396907045217032532e+02 4.395013736605511667e+02 4.393110692203756571e+02 4.391198592727836285e+02 4.389277303725419870e+02 4.387346718903398255e+02 4.385406795608714674e+02 4.383457573259792639e+02 4.381499110645708583e+02 4.379947049492459428e+02
1.159179362504220080e+03 4.382116682418150617e+02 4.380594893927058706e+02 4.378666749138029672e+02 4.376754464926423793e+02 4.374813816021699040e+02 4.372851512441494606e+02 4.370870952435237768e+02 4.368873354798819832e+02 4.366862283383797489e+02 4.364840678889795527e+02 4.362808734771217587e+02 4.360766466197437126e+02 4.358714088621114229e+02 4.356652078587959522e+02 4.355018372009085397e+02
1.209179362504220080e+03 4.354656925127679870e+02 4.353076285498869424e+02 4.351069106288534840e+02 4.349068601538643293e+02 4.347031424640984483e+02 4.344967926037934376e+02 4.342884268547463193e+02 4.340783966095399933e+02 4.338665818253806492e+02 4.336531343758972525e+02 4.334384872066206071e+02 4.332226573437340562e+02 4.330056495586862297e+02 4.327874830772885844e+02 4.326144746744019471e+02
1.259179362504220080e+03 4.337175499714158491e+02 4.335491262192045951e+02 4.333343074728443298e+02 4.331214160014951062e+02 4.329062129538832551e+02 4.326890316148657121e+02 4.324701773235217956e+02 4.322500267594905381e+02 4.320286410558808257e+02 4.318060331944305972e+02 4.315822085880411123e+02 4.313571709592318371e+02 4.311309196027026474e+02 4.309034467466974547e+02 4.307230750073124455e+02
1.309179362504220080e+03 4.321443586115506150e+02 4.319658300523436196e+02 4.317402088859208789e+02 4.315175930019207158e+02 4.312928859898461837e+02 4.310667682966782763e+02 4.308393561575301192e+02 4.306106557981214564e+02 4.303806645775220545e+02 4.301493804291873744e+02 4.299168015546835591e+02 4.296829182291265852e+02 4.294476995236856851e+02 4.292110898925749325e+02 4.290233607987256619e+02
1.359179362504220080e+03 4.311211642080983211e+02 4.309351978935009129e+02 4.307033666018460849e+02 4.304747574456089296e+02 4.302447413304334987e+02 4.300133595945010825e+02 4.297806252036921819e+02 4.295465396820799242e+02 4.293111029030588952e+02 4.290743166904277359e+02 4.288361814246881636e+02 4.285966861010401772e+02 4.283557991303871404e+02 4.281134762258573687e+02 4.279212223189750830e+02
1.409179362504220080e+03 4.313699943341626977e+02 4.311841830434439089e+02 4.309498420518945068e+02 4.307207928696606700e+02 4.304903104563843499e+02 4.302584501390706464e+02 4.300252148959170313e+02 4.297905846122262687e+02 4.295545311338571537e+02 4.293170322231541149e+02 4.290780872609783501e+02 4.288377311177372349e+02 4.285960393545294096e+02 4.283531202563494276e+02 4.281606205665465836e+02
1.459179362504220080e+03 4.287491449311213501e+02 4.285544424202681739e+02 4.283102292093754500e+02 4.280700655793408487e+02 4.278282755661473402e+02 4.275849429099259851e+02 4.273400946010079906e+02 4.270937405292213498e+02 4.268458869998706859e+02 4.265965387793162336e+02 4.263456966148221454e+02 4.260933553399182756e+02 4.258395052089534829e+02 4.255841227713641501e+02 4.253814400712480506e+02
1.509179362504220080e+03 4.267867161552977677e+02 4.265841657320866034e+02 4.263283172998827695e+02 4.260769525972715428e+02 4.258234703931848344e+02 4.255681370883939394e+02 4.253110764362650116e+02 4.250523318134618194e+02 4.247919073783902491e+02 4.245297918731091045e+02 4.242659729213673927e+02 4.240004470265442933e+02 4.237332268846033685e+02 4.234643444904943408e+02 4.232510064030496437e+02
1.559179362504220080e+03 4.245823666323063890e+02 4.243776924208336254e+02 4.241152588089201458e+02 4.238592783773240171e+02 4.236002699088184045e+02 4.233387324466447126e+02 4.230749461209312585e+02 4.228090823931412956e+02 4.225412550114816668e+02 4.222715308933734377e+02 4.219999419222909296e+02 4.217264954393153289e+02 4.214511816371775126e+02 4.211739797895396578e+02 4.209539068541025699e+02
1.609179362504220080e+03 4.223783854622471949e+02 4.221708971638231560e+02 4.219090679339773260e+02 4.216479794798127614e+02 4.213795494470002154e+02 4.211051730370653559e+02 4.208262874214464091e+02 4.205438061502122764e+02 4.202586630633147138e+02 4.199711423580602059e+02 4.196812630636270569e+02 4.193890434000227287e+02 4.190945063461470568e+02 4.187976814901256830e+02 4.185618347446234111e+02
1.659179362504220080e+03 4.206325155733713927e+02 4.203984364347383007e+02 4.201030547930883472e+02 4.198114351790565024e+02 4.195172086729751300e+02 4.192204848433102029e+02 4.189213190634424109e+02 4.186197347660835817e+02 4.183157728240015558e+02 4.180094958768825109e+02 4.177009753396057476e+02 4.173902571033820550e+02 4.170773005548157926e+02 4.167619081474930454e+02 4.165110820388857746e+02
1.709179362504220080e+03 4.186631962312268342e+02 4.184243998521322965e+02 4.181221427822561054e+02 4.178237652440074044e+02 4.175220560106837411e+02 4.172174979643302208e+02 4.169102500257228030e+02 4.166004000836521755e+02 4.162879963112649193e+02 4.159730574911061467e+02 4.156555794878996721e+02 4.153355394834551362e+02 4.150128989232024423e+02 4.146876104393190872e+02 4.144290314911238511e+02
1.759179362504220080e+03 4.170162649933264447e+02 4.167633339129453134e+02 4.164438064651247942e+02 4.161289731187633834e+02 4.158109164355419125e+02 4.154896119145094531e+02 4.151650784610546907e+02 4.148373723921865803e+02 4.145065630631373779e+02 4.141727156919387198e+02 4.138358838881429165e+02 4.134961096696948744e+02 4.131534293378899747e+02 4.128078881266541202e+02 4.125332379861503114e+02
1.809179362504220080e+03 4.155434180508140685e+02 4.152819067430291398e+02 4.149518637777435970e+02 4.146271647644899758e+02 4.142991814601828082e+02 4.139678592105818780e+02 4.136331857168440820e+02 4.132951808697195588e+02 4.129538781668606475e+02 4.126093097018959384e+02 4.122614969300046823e+02 4.119104464137346326e+02 4.115561495676623736e+02 4.111985891973060347e+02 4.109141190745982612e+02
1.859179362504220080e+03 4.143287855799416661e+02 4.140593848966227597e+02 4.137192596719890503e+02 4.133838143006747714e+02 4.130446257940030819e+02 4.127016802576717964e+02 4.123550343347060334e+02 4.120047755112235564e+02 4.116509828768682837e+02 4.112937093170614844e+02 4.109329797098799304e+02 4.105687973024784014e+02 4.102011510502732108e+02 4.098300150313825156e+02 4.095346219492458317e+02
1.909179362504220080e+03 4.129777363700400201e+02 4.127002871213738899e+02 4.123527738668874463e+02 4.120088934994374199e+02 4.116615615373967216e+02 4.113108224546151632e+02 4.109566963760621547e+02 4.105991856383571985e+02 4.102382794317530852e+02 4.098739565929787432e+02 4.095061864401358207e+02 4.091349277749063731e+02 4.087601291567502813e+02 4.083817419804823885e+02 4.080806062859228405e+02
1.959179362504220080e+03 4.120682164516141484e+02 4.117767871580310270e+02 4.113977648976719479e+02 4.110356778046389650e+02 4.106697981056302069e+02 4.103002030943814020e+02 4.099268966382482517e+02 4.095498561802280051e+02 4.091690546513058280e+02 4.087844705411254154e+02 4.083960908555313267e+02 4.080039088674207051e+02 4.076079190725215540e+02 4.072081135952922182e+02 4.068898935423847547e+02
2.009179362504220080e+03 4.111616019521223961e+02 4.108730255272138265e+02 4.105072869085180400e+02 4.101491618852761576e+02 4.097871091728437705e+02 4.094211899683588172e+02 4.090514351400653936e+02 4.086778551245752169e+02 4.083004471543108593e+02 4.079192010186169455e+02 4.075341034302485923e+02 4.071451406541352185e+02 4.067522987937737753e+02 4.063555607270424161e+02 4.060397118482713950e+02
2.059179362504220080e+03 4.103914533766520094e+02 4.100982133882446306e+02 4.097297177440135556e+02 4.093654324554350978e+02 4.089970648503419852e+02 4.086245744205723440e+02 4.082479505639416857e+02 4.078671896269618742e+02 4.074822808489666386e+02 4.070932016098508939e+02 4.066999190790492094e+02 4.063023936446893458e+02 4.059005729589342764e+02 4.054943423348167926e+02 4.051704638533408342e+02
2.109179362504220080e+03 4.094232522591111092e+02 4.091190415360447901e+02 4.088155814747504451e+02 4.084395203103223366e+02 4.080593463911772005e+02 4.076749753396824190e+02 4.072863471991438473e+02 4.068934298139046177e+02 4.064962185376465413e+02 4.060947313902341307e+02 4.056890003123830866e+02 4.052790620777595336e+02 4.048649612348406208e+02 4.044468528113438310e+02 4.041149763944839606e+02
2.159179362504220080e+03 4.083891407870623311e+02 4.080724722489173359e+02 4.076741150420489248e+02 4.072815580017482375e+02 4.068845038731207069e+02 4.064828679798069970e+02 4.060765913244139824e+02 4.056656289852087411e+02 4.052499403070292487e+02 4.048294798384730484e+02 4.044041880582760768e+02 4.039739846148456763e+02 4.035387721493027584e+02 4.030984585333836208e+02 4.027473490434797441e+02
2.209179362504220080e+03 4.078089438425867570e+02 4.074926701633096400e+02 4.070892536462306452e+02 4.066964601645430548e+02 4.062992944933135391e+02 4.058977150322356806e+02 4.054916478588758082e+02 4.050810038049088462e+02 4.046656854534663807e+02 4.042455963335036131e+02 4.038206529201705735e+02 4.033907958450203068e+02 4.029559946026510602e+02 4.025162389752808849e+02 4.021656938892421067e+02
2.259179362504220080e+03 4.077842145372483742e+02 4.074633804979707179e+02 4.070399801524764030e+02 4.066408325617611581e+02 4.062368301193225761e+02 4.058280025742288331e+02 4.054143485221586616e+02 4.049958473623320288e+02 4.045724644496538076e+02 4.041441537313085064e+02 4.037108604899441389e+02 4.032725249551439788e+02 4.028290856981099068e+02 4.023804789354346667e+02 4.020227711439600853e+02
2.309179362504220080e+03 4.082957741569751988e+02 4.079845941481606246e+02 4.075931029977913340e+02 4.072075703288658701e+02 4.068176417945892354e+02 4.064231485164389142e+02 4.060239750620121981e+02 4.056200438714006964e+02 4.052112959062013147e+02 4.047976767416312214e+02 4.043791292267060271e+02 4.039555890086640488e+02 4.035269763414469253e+02 4.030931729121537614e+02 4.027471322143507564e+02
2.359179362504220080e+03 4.086904202426377424e+02 4.083841938325620049e+02 4.079988898758400069e+02 4.076187610443863605e+02 4.072339540243916645e+02 4.068444640877989968e+02 4.064503196622707151e+02 4.060515352427278799e+02 4.056480950704193447e+02 4.052399519646251065e+02 4.048270314090407282e+02 4.044092370323398882e+02 4.039864571569102054e+02 4.035585757827728912e+02 4.032172988950093782e+02
2.409179362504220080e+03 4.087817382145683496e+02 4.084749284608752191e+02 4.080879665474803915e+02 4.077059709450013543e+02 4.073189845334020447e+02 4.069271946316606545e+02 4.065307218391421316e+02 4.061296049799648245e+02 4.057238237320200369e+02 4.053133210924129344e+02 4.048980172959368815e+02 4.044778183027241312e+02 4.040526253580320599e+02 4.036223513924949202e+02 4.032792318396883502e+02
2.459179362504220080e+03 4.088899259816608946e+02 4.085835322640974141e+02 4.081974845843224671e+02 4.078164939803835409e+02 4.074307694875403740e+02 4.070403215733351203e+02 4.066451569519114173e+02 4.062452780316144754e+02 4.058406763246997571e+02 4.054313275712576115e+02 4.050171904632223345e+02 4.045982084833312911e+02 4.041743148594295008e+02 4.037454422212448435e+02 4.034034590348569509e+02
2.509179362504220080e+03 4.089672452788319106e+02 4.086580696667854795e+02 4.082699333910946393e+02 4.078852536313576138e+02 4.074959971505417116e+02 4.071022424363011396e+02 4.067039980758955835e+02 4.063012368700168508e+02 4.058939107763539482e+02 4.054819563418295729e+02 4.050652966176094196e+02 4.046438419431111129e+02 4.042174889271019538e+02 4.037861207120354265e+02 4.034421036362960535e+02
2.559179362504220080e+03 4.089978908029523836e+02 4.086892111928975169e+02 4.083044467720970374e+02 4.079200629465254337e+02 4.075309317429880593e+02 4.071372264610148477e+02 4.067390129635209632e+02 4.063362928580949642e+02 4.059290303182573325e+02 4.055171661495613762e+02 4.051006252561313090e+02 4.046793216169805305e+02 4.042531629670014581e+02 4.038220549425736863e+02 4.034783041257455238e+02
2.609179362504220080e+03 4.092974352943069221e+02 4.089902020830639344e+02 4.086018967902222130e+02 4.082191269198516466e+02 4.078315505142217035e+02 4.074393247244540248e+02 4.070425353612145045e+02 4.066412102093071326e+02 4.062353345191418157e+02 4.058248632226118389e+02 4.054097287962132441e+02 4.049898435396015657e+02 4.045650935589869164e+02 4.041353262250626699e+02 4.037925627757538791e+02
2.659179362504220080e+03 4.098142092959241154e+02 4.095131909705911539e+02 4.091333173387121747e+02 4.087580674487871306e+02 4.083778876053657996e+02 4.079929940693320418e+02 4.076035343715830663e+02 4.072095849428709471e+02 4.068111648406128893e+02 4.064082480575023055e+02 4.060007695595882069e+02 4.055886243925978079e+02 4.051716607999009625e+02 4.047496694430262778e+02 4.044130159308296015e+02
2.709179362504220080e+03 4.104857862197902705e+02 4.101889628216976007e+02 4.098145898317911815e+02 4.094450655929990717e+02 4.090708656743520351e+02 4.086921196595338870e+02 4.083089322374448784e+02 4.079213669544682261e+02 4.075294418894258115e+02 4.071331302723056069e+02 4.067323592134267187e+02 4.063270009831585980e+02 4.059168541196516458e+02 4.055016230118627618e+02 4.051701904757272814e+02
2.759179362504220080e+03 4.111737775318896411e+02 4.108838589326381339e+02 4.105188273435514930e+02 4.101588851448174182e+02 4.097943336809379389e+02 4.094251300117296068e+02 4.090513242982757447e+02 4.086729992304214534e+02 4.082902310370932355e+02 4.079030680131394888e+02 4.075115214877941412e+02 4.071155608058489292e+02 4.067151066161676454e+02 4.063100198484556813e+02 4.059870729820896713e+02
2.809179362504220080e+03 4.117735777404213309e+02 4.114884906714795534e+02 4.111302451270877327e+02 4.107780593799842563e+02 4.104222737043330653e+02 4.100625906991099896e+02 4.096987484755118771e+02 4.093305507080947336e+02 4.089578746608934239e+02 4.085806613453317482e+02 4.081988963674210709e+02 4.078125866764733587e+02 4.074217383741463436e+02 4.070263381262796543e+02 4.067111734464473329e+02
2.859179362504220080e+03 4.121028552480720464e+02 4.118203074275782569e+02 4.114653743608427021e+02 4.111167862938739290e+02 4.107650897684649181e+02 4.104101291477949758e+02 4.100517202153663447e+02 4.096896570653540266e+02 4.093237253882097662e+02 4.089537187577440704e+02 4.085794533191446476e+02 4.082007770639351065e+02 4.078175721777005265e+02 4.074297512448150655e+02 4.071205408569438760e+02
2.909179362504220080e+03 4.125856941484729532e+02 4.123065204432986093e+02 4.119557335725397706e+02 4.116115738935454260e+02 4.112645391204653151e+02 4.109145394412368546e+02 4.105614755681526162e+02 4.102052368639273254e+02 4.098456993069423788e+02 4.094827245917327332e+02 4.091161607142665275e+02 4.087458435534014143e+02 4.083716015499193190e+02 4.079932614339101633e+02 4.076918150452732448e+02
2.959179362504220080e+03 4.120196439322695596e+02 4.117383330779476296e+02 4.113844937186789252e+02 4.110357616940286789e+02 4.106838518823160484e+02 4.103288694665807270e+02 4.099707513089011854e+02 4.096094179454827326e+02 4.092447729664347662e+02 4.088767053961543070e+02 4.085050911604422481e+02 4.081297818533106465e+02 4.077505194657005632e+02 4.073664314190203299e+02 4.070579261361966701e+02
3.009179362504220080e+03 4.108395037841722797e+02 4.105499102375182474e+02 4.101798754340635469e+02 4.098227409520599167e+02 4.094621274182121624e+02 4.090978693819061505e+02 4.087300560523248123e+02 4.083587333243381181e+02 4.079838192231932226e+02 4.076051361934480610e+02 4.072223721504449259e+02 4.068349832413007903e+02 4.064420656522863737e+02 4.060423150868294897e+02 4.057217146640190890e+02
3.059179362504220080e+03 4.095640289275818873e+02 4.092725900601898275e+02 4.089046832267277409e+02 4.085406317698336807e+02 4.081718602765839705e+02 4.077990779366320453e+02 4.074221680325761668e+02 4.070408827884699576e+02 4.066549346214958405e+02 4.062640068884926450e+02 4.058677694323363312e+02 4.054659041299690330e+02 4.050581443902411820e+02 4.046443232468153610e+02 4.043136860639521046e+02
3.109179362504220080e+03 4.101080604289429061e+02 4.098072469424013207e+02 4.094294048484514406e+02 4.090561716094290432e+02 4.086784611994647776e+02 4.082960809414545906e+02 4.079088313979228815e+02 4.075165219666134249e+02 4.071189802072132693e+02 4.067160603597349109e+02 4.063076461775885946e+02 4.058936509621349842e+02 4.054740221589470366e+02 4.050487748482665893e+02 4.047093401807837836e+02
3.159179362504220080e+03 4.106416415095964112e+02 4.103456832643708481e+02 4.099701617969047902e+02 4.096024538996840079e+02 4.092302713424782041e+02 4.088535091157353918e+02 4.084720403728947531e+02 4.080857401676940412e+02 4.076944995400431822e+02 4.072982338000538221e+02 4.068968867556486657e+02 4.064904314394358948e+02 4.060788653943135387e+02 4.056621998151927642e+02 4.053298338686523721e+02
3.209179362504220080e+03 4.119347725652470444e+02 4.116345787973741608e+02 4.112427004184557973e+02 4.108712559919896421e+02 4.104964724790814330e+02 4.101183488937954280e+02 4.097368499626604716e+02 4.093519297739827607e+02 4.089635353161185094e+02 4.085716042554897740e+02 4.081760591984308917e+02 4.077767988324461044e+02 4.073736831712538446e+02 4.069665063658633244e+02 4.066421513244541188e+02
3.259179362504220080e+03 4.097271596514717658e+02 4.094186487029462000e+02 4.090605906632357005e+02 4.086789307112450160e+02 4.082933427580308035e+02 4.079038014485955728e+02 4.075102548485836564e+02 4.071126318261587471e+02 4.067108456650351513e+02 4.063047913862709493e+02 4.058943362972161140e+02 4.054793051873844547e+02 4.050594725873910420e+02 4.046346133633297768e+02 4.042958793081066915e+02
3.309179362504220080e+03 4.085469881107959509e+02 4.082305144527526863e+02 4.078316854511380143e+02 4.074388123482365813e+02 4.070414585477448099e+02 4.066396161165785088e+02 4.062332537008263671e+02 4.058223331019227089e+02 4.054068134145677504e+02 4.049866514926924310e+02 4.045618021773684632e+02 4.041322179335141414e+02 4.036978455038682227e+02 4.032586135599663066e+02 4.029084833286050866e+02
3.359179362504220080e+03 4.075326688333037737e+02 4.072058284656587261e+02 4.067945340228874329e+02 4.063881910392259442e+02 4.059769303868937413e+02 4.055608505633441609e+02 4.051399932420983987e+02 4.047143523620665633e+02 4.042838873521106393e+02 4.038485344405652882e+02 4.034082144212430876e+02 4.029628373514524924e+02 4.025123064065261360e+02 4.020565231834026463e+02 4.016930650426206739e+02
3.409179362504220080e+03 4.078019447512812121e+02 4.074807004489097153e+02 4.070835808589141607e+02 4.066848709990274529e+02 4.062813924684782592e+02 4.058731121140512528e+02 4.054599952122092645e+02 4.050419975361638762e+02 4.046190634733603702e+02 4.041911248960715284e+02 4.037580987104436190e+02 4.033198859687751678e+02 4.028763819820076719e+02 4.024275144732329181e+02 4.020695512450859042e+02
3.459179362504220080e+03 4.077614855788916088e+02 4.074443086909769818e+02 4.070424816093131994e+02 4.066485751280355316e+02 4.062498238416703202e+02 4.058461277997431580e+02 4.054374277955870411e+02 4.050236914361576055e+02 4.046048946516383467e+02 4.041810071520326915e+02 4.037519823484355470e+02 4.033177486089354034e+02 4.028782010232437756e+02 4.024332044796257719e+02 4.020781626417067400e+02
3.509179362504220080e+03 4.077972889080191408e+02 4.074796836044997690e+02 4.070866493203278651e+02 4.066921301021082513e+02 4.062927776544528911e+02 4.058886167875238016e+02 4.054796627461966523e+02 4.050659082250694496e+02 4.046473220534734310e+02 4.042238528206527235e+02 4.037954339758530296e+02 4.033619912987063572e+02 4.029234556180862228e+02 4.024797826332006707e+02 4.021260661090823305e+02
3.559179362504220080e+03 4.080009615364989486e+02 4.076849156935360270e+02 4.072864198859211911e+02 4.068932285424069164e+02 4.064952375666018725e+02 4.060924559440335884e+02 4.056848780247692048e+02 4.052724854979956604e+02 4.048552440324497184e+02 4.044331004221877492e+02 4.040059804618740031e+02 4.035737879640338406e+02 4.031364074499626895e+02 4.026937147331487949e+02 4.023405646730869876e+02
3.609179362504220080e+03 4.083849323746335358e+02 4.080677751598245777e+02 4.076701127601022563e+02 4.072757895357686948e+02 4.068766340468426961e+02 4.064727170026101817e+02 4.060640567407744470e+02 4.056506286068404279e+02 4.052323743575059893e+02 4.048092088661355206e+02 4.043810243156034971e+02 4.039476938078503849e+02 4.035090784927862160e+02 4.030650450023978806e+02 4.027107565363485264e+02
3.659179362504220080e+03 4.080770260567808236e+02 4.077591079391633571e+02 4.073586986122853659e+02 4.069633519360011746e+02 4.065631200305260791e+02 4.061580581055521861e+02 4.057481739586700655e+02 4.053334382266832563e+02 4.049137918703211767e+02 4.044891521597662631e+02 4.040594175183134098e+02 4.036244701523903586e+02 4.031841755002279797e+02 4.027383832331233862e+02 4.023826220144737249e+02
3.709179362504220080e+03 4.085389565786462072e+02 4.082224775388198168e+02 4.078241048941125655e+02 4.074314035174795094e+02 4.070341852646633356e+02 4.066324242190107157e+02 4.062260683369573258e+02 4.058150447385255575e+02 4.053992643615108591e+02 4.049786265777983090e+02 4.045530242889905139e+02 4.041223490766160467e+02 4.036864938144401549e+02 4.032453469810922115e+02 4.028934030055490325e+02
3.759179362504220080e+03 4.089546969842217550e+02 4.086410117642015507e+02 4.082462365393035952e+02 4.078572416049664184e+02 4.074638753256600125e+02 4.070660968161065512e+02 4.066638446169215513e+02 4.062570414284049889e+02 4.058455986220182581e+02 4.054294204327393345e+02 4.050084068323515680e+02 4.045824528118010903e+02 4.041514418544514911e+02 4.037152332261568972e+02 4.033672241960920246e+02
3.809179362504220080e+03 4.092942660350777260e+02 4.089833048349295268e+02 4.085919931759462429e+02 4.082064715821408640e+02 4.078166690946266044e+02 4.074225441657222859e+02 4.070240362684155571e+02 4.066210703885062117e+02 4.062135612106347367e+02 4.058014166060690968e+02 4.053845391131886231e+02 4.049628230960546489e+02 4.045361461725385652e+02 4.041043541263240400e+02 4.037598680798931241e+02
3.859179362504220080e+03 4.095965220170587031e+02 4.092889635381312701e+02 4.089012092207506157e+02 4.085191394276156984e+02 4.081328375608766805e+02 4.077422782972949449e+02 4.073474088494243688e+02 4.069481602945967893e+02 4.065444522919956967e+02 4.061361967299858406e+02 4.057232997520156914e+02 4.053056598400658572e+02 4.048831605328977048e+02 4.044556572081992272e+02 4.041146711784259082e+02
3.909179362504220080e+03 4.098918216209410730e+02 4.095895346809884359e+02 4.092070939701291081e+02 4.088292980598872077e+02 4.084469579790483067e+02 4.080602994732098523e+02 4.076693569911702753e+02 4.072740934972784999e+02 4.068744435264231356e+02 4.064703276399753804e+02 4.060616579419314007e+02 4.056483391131063740e+02 4.052302649198931590e+02 4.048073097157352436e+02 4.044700634661002141e+02
3.959179362504220080e+03 4.102104584029003718e+02 4.099131691549231959e+02 4.095377432497205632e+02 4.091663922197362240e+02 4.087897275340312717e+02 4.084081701436163030e+02 4.080220278760134534e+02 4.076314539242435444e+02 4.072364887273098475e+02 4.068371066114872292e+02 4.064332466849564867e+02 4.060248289870754661e+02 4.056117605780044073e+02 4.051939348266065508e+02 4.048608509722497502e+02
4.009179362504220080e+03 4.105109377532313033e+02 4.102170834603356866e+02 4.098472305232807003e+02 4.094827580275304513e+02 4.091135102284520713e+02 4.087392303766681607e+02 4.083598743559089144e+02 4.079755415775693450e+02 4.075863841715933518e+02 4.071925348075099578e+02 4.067940708881078535e+02 4.063910118232149671e+02 4.059833304059759485e+02 4.055709654175940386e+02 4.052422674683692776e+02
4.059179362504220080e+03 4.107472602920921076e+02 4.104555102209584447e+02 4.100889114213852622e+02 4.097285048303517669e+02 4.093644946766044086e+02 4.089965911394981504e+02 4.086244874003733116e+02 4.082478988625424563e+02 4.078665980482238638e+02 4.074804326333015752e+02 4.070893230324584806e+02 4.066932445662107511e+02 4.062922034288513942e+02 4.058862145960262069e+02 4.055624539577327710e+02
4.109179362504220080e+03 4.112883049982041257e+02 4.110004619187133130e+02 4.106387284502499142e+02 4.102835659103637909e+02 4.099252469621499131e+02 4.095636491613825001e+02 4.091986285996819674e+02 4.088300176330003524e+02 4.084576258913630227e+02 4.080812456933542762e+02 4.077006618270389708e+02 4.073156638804508702e+02 4.069260583694157845e+02 4.065316779998229322e+02 4.062171518592501798e+02
4.159179362504220080e+03 4.116423296672630272e+02 4.113570824442067533e+02 4.109989601038608384e+02 4.106471546194001689e+02 4.102923291228266862e+02 4.099343940559676867e+02 4.095732525830081840e+02 4.092087990256254102e+02 4.088409174501126699e+02 4.084694798271739842e+02 4.080943440230993815e+02 4.077153538088339246e+02 4.073323412578619127e+02 4.069451295051094917e+02 4.066365943533859308e+02
4.209179362504220080e+03 4.114472975986303709e+02 4.111605276270852869e+02 4.108003062586763008e+02 4.104465383884007679e+02 4.100896893182369354e+02 4.097296699996279585e+02 4.093663847244494036e+02 4.089997323812152104e+02 4.086296035550049055e+02 4.082558758902608815e+02 4.078784150631737475e+02 4.074970754184142265e+02 4.071116932485756479e+02 4.067219795501874842e+02 4.064108445374138228e+02
4.259179362504220080e+03 4.104027751209155781e+02 4.101090167088061662e+02 4.097400502114391543e+02 4.093775036713536792e+02 4.090117281844336503e+02 4.086426342082642122e+02 4.082701277799976651e+02 4.078941120102218747e+02 4.075144797169206186e+02 4.071311123454162271e+02 4.067438838652276445e+02 4.063526584532525021e+02 4.059572894329772907e+02 4.055576039927243528e+02 4.052390460947923430e+02
4.309179362504220080e+03 4.095747717961854732e+02 4.092759848075369291e+02 4.089009459319347570e+02 4.085320404792822728e+02 4.081597693758537275e+02 4.077840480823014104e+02 4.074047836524078434e+02 4.070218745211810187e+02 4.066352083595173781e+02 4.062446636514046077e+02 4.058501115134485531e+02 4.054514075232453933e+02 4.050483387285901244e+02 4.046402462515444540e+02 4.043128573239431489e+02
4.359179362504220080e+03 4.088715654478634747e+02 4.085705568697879926e+02 4.081919225380324860e+02 4.078180652493236380e+02 4.074391684907793660e+02 4.070560919984844759e+02 4.066692734431877625e+02 4.062786242151307761e+02 4.058840181699732739e+02 4.054853053480111384e+02 4.050822694326791407e+02 4.046744854888461305e+02 4.042609959578271628e+02 4.038398580582058912e+02 4.035004422037961831e+02
4.409179362504220080e+03 4.085623168732349200e+02 4.082611514594781283e+02 4.078851243152341226e+02 4.075160787104882161e+02 4.071431829812601109e+02 4.067661711779652478e+02 4.063849405425758050e+02 4.059993370812197782e+02 4.056091649013532674e+02 4.052141522266841775e+02 4.048138351716149828e+02 4.044073282824133457e+02 4.039930877922497530e+02 4.035688753794471495e+02 4.032256930526117458e+02
4.459179362504220080e+03 4.082878587865375266e+02 4.079870927672665744e+02 4.076123574992421936e+02 4.072461380063115257e+02 4.068773570732942062e+02 4.065045321157570015e+02 4.061265226556959078e+02 4.057426733654355644e+02 4.053525543355070795e+02 4.049558259657645749e+02 4.045520910035878615e+02 4.041404790198062074e+02 4.037196148501602124e+02 4.032890285576010001e+02 4.029428482309693322e+02
4.509179362504220080e+03 4.083406401297767161e+02 4.080368207969336254e+02 4.076575863020585189e+02 4.072856344595678593e+02 4.069099805063972326e+02 4.065290427133415392e+02 4.061415088171048637e+02 4.057469750673047884e+02 4.053455093142406440e+02 4.049366799712744864e+02 4.045203419191752801e+02 4.040966043838043902e+02 4.036651191989574272e+02 4.032257636867906854e+02 4.028736308760060183e+02
4.559179362504220080e+03 4.084623277357608231e+02 4.081588911149740966e+02 4.077785616017183656e+02 4.074028821094920545e+02 4.070223227347993316e+02 4.066360543226564346e+02 4.062440452097179104e+02 4.058467706006048275e+02 4.054438840739261423e+02 4.050349483785933558e+02 4.046195585200505320e+02 4.041974002543571487e+02 4.037682920879920516e+02 4.033322092396592780e+02 4.029832855986992968e+02
4.609179362504220080e+03 4.088085584815122502e+02 4.085065597843419596e+02 4.081281191936748769e+02 4.077558214230213025e+02 4.073789873793454035e+02 4.069971616165826163e+02 4.066099196956474771e+02 4.062168506133011192e+02 4.058175418520633002e+02 4.054116895254903170e+02 4.049986090795845826e+02 4.045781587040257818e+02 4.041508664427394706e+02 4.037167694720820919e+02 4.033693821415138814e+02
4.659179362504220080e+03 4.087755773870961775e+02 4.084733668191136076e+02 4.080946364483747288e+02 4.077220139368938590e+02 4.073449644433549111e+02 4.069630732508114761e+02 4.065758775301050036e+02 4.061829123678365931e+02 4.057837596191698140e+02 4.053780549148283399e+02 4.049654830644060439e+02 4.045459081440681075e+02 4.041188945106911206e+02 4.036843849234793424e+02 4.033365683013653893e+02
4.709179362504220080e+03 4.088790704294227680e+02 4.085770478033443283e+02 4.081981676038066666e+02 4.078252139395087852e+02 4.074478996380946683e+02 4.070658390856394817e+02 4.066786016750670569e+02 4.062857483618738570e+02 4.058868800351823438e+02 4.054815995987765405e+02 4.050696838707740426e+02 4.046505271942813238e+02 4.042239225223650010e+02 4.037903233874574198e+02 4.034432816344227604e+02
4.759179362504220080e+03 4.092961879036370192e+02 4.089964653166881590e+02 4.086199220803681555e+02 4.082492220403254919e+02 4.078743805237332367e+02 4.074950824929662758e+02 4.071109516713571566e+02 4.067215911025063519e+02 4.063265380664886379e+02 4.059250989851856275e+02 4.055170516938784999e+02 4.051025694742641008e+02 4.046815586196926233e+02 4.042538654461852161e+02 4.039116758441310822e+02
4.809179362504220080e+03 4.091995364740997161e+02 4.089006066468660947e+02 4.085255074464515701e+02 4.081560971654961918e+02 4.077822562343801565e+02 4.074036751761335040e+02 4.070200193590965227e+02 4.066309287563578891e+02 4.062360020277324111e+02 4.058345312647472838e+02 4.054263509849745333e+02 4.050117707144573274e+02 4.045906973595525642e+02 4.041629779642028097e+02 4.038207033861064588e+02
4.859179362504220080e+03 4.097257859637215915e+02 4.094296631472324179e+02 4.090576834739630385e+02 4.086917349901223133e+02 4.083217844498614681e+02 4.079475391929797752e+02 4.075686669696628996e+02 4.071848308348451155e+02 4.067955392480869250e+02 4.064004944334192260e+02 4.059996685516700268e+02 4.055928699078509680e+02 4.051798746841606089e+02 4.047604786372583021e+02 4.044250006806882993e+02
4.894179362504220080e+03 4.098869216957710933e+02 4.095917554510648415e+02 4.092211576933246420e+02 4.088562644976991578e+02 4.084873353629576513e+02 4.081142371736966652e+02 4.077367035061426463e+02 4.073543416526759415e+02 4.069666314485583598e+02 4.065733205717815508e+02 4.061743906931745300e+02 4.057696503704755742e+02 4.053588550019252352e+02 4.049417734613263633e+02 4.046080294445675918e+02
4.899179362504220080e+03 4.099055969666707142e+02 4.096112789463533090e+02 4.092421103463715326e+02 4.088788615065113845e+02 4.085114982928657810e+02 4.081397873861825474e+02 4.077634950518059327e+02 4.073823321850493357e+02 4.069957770031695077e+02 4.066036138017927897e+02 4.062059114704160265e+02 4.058024633270428012e+02 4.053930142492149571e+02 4.049773277653831656e+02 4.046447968057830735e+02
4.949179362504220080e+03 4.105128554831435963e+02 4.102220865332712378e+02 4.098572338931647892e+02 4.094986766762309571e+02 4.091364879425859726e+02 4.087700273821402561e+02 4.083988887055778605e+02 4.080233867057240786e+02 4.076436139330243691e+02 4.072593293096875868e+02 4.068702344492326688e+02 4.064760167254319754e+02 4.060763483176478417e+02 4.056708282002196029e+02 4.053466274659641613e+02
4.999179362504220080e+03 4.107802588164463486e+02 4.105030877246649652e+02 4.101543847324187482e+02 4.098123353890035787e+02 4.094674452120706292e+02 4.091196433019167102e+02 4.087688129720198731e+02 4.084148144927623889e+02 4.080574973934719765e+02 4.076966852819500673e+02 4.073321632432465549e+02 4.069636807270240979e+02 4.065908950779279394e+02 4.062133251927490392e+02 4.059118991000707410e+02
5.049179362504220080e+03 4.091385183814732613e+02 4.088452192821358722e+02 4.084769901013042954e+02 4.081124810834782011e+02 4.077432718959790350e+02 4.073697367608967284e+02 4.069920872027039422e+02 4.066100471980691964e+02 4.062233007446145621e+02 4.058315045424740219e+02 4.054342968443911559e+02 4.050313201101111531e+02 4.046222668895419474e+02 4.042070271482187991e+02 4.038749914036786777e+02
5.099179362504220080e+03 4.109649814370074523e+02 4.106648371857026518e+02 4.102881718943947362e+02 4.099157366478004860e+02 4.095389231326906838e+02 4.091574808728988728e+02 4.087711498078700743e+02 4.083796709729599002e+02 4.079828116279206256e+02 4.075804091489629855e+02 4.071724258846795124e+02 4.067589891525703933e+02 4.063403745366173894e+02 4.059168856268227046e+02 4.055793241315443538e+02
5.149179362504220080e+03 4.101551642447217318e+02 4.098626234319852983e+02 4.095515012406510778e+02 4.091896095221467817e+02 4.088236688195047464e+02 4.084534543550913668e+02 4.080787438824086166e+02 4.076993093295345716e+02 4.073149067792577966e+02 4.069252800247077175e+02 4.065301993426327272e+02 4.061295540357800746e+02 4.057234852336638369e+02 4.053124842654317490e+02 4.049851454971782232e+02
5.199179362504220080e+03 4.093345115370194662e+02 4.090340561560175274e+02 4.086561269193852013e+02 4.082836088071558152e+02 4.079068060753053828e+02 4.075255106151707878e+02 4.071395128970642645e+02 4.067486052386223037e+02 4.063525819652324458e+02 4.059512382195421196e+02 4.055443659644405443e+02 4.051317524392494533e+02 4.047131928630824973e+02 4.042886473140001158e+02 4.039492575606287232e+02
5.249179362504220080e+03 4.105295092999159579e+02 4.102329619157703746e+02 4.098727379644664097e+02 4.095054267042781930e+02 4.091338792346351170e+02 4.087579046629217032e+02 4.083773104533747755e+02 4.079918970176179300e+02 4.076014526634676258e+02 4.072057450302385746e+02 4.068045077008819703e+02 4.063974328747388540e+02 4.059842122411491800e+02 4.055646843221662721e+02 4.052293310754781714e+02
5.299179362504220080e+03 4.099253345324319753e+02 4.096320345242936583e+02 4.092632414389036626e+02 4.089001457553615637e+02 4.085330107261231092e+02 4.081616218397350622e+02 4.077857702728063032e+02 4.074052426441819534e+02 4.070198158595816267e+02 4.066292611107835455e+02 4.062333568832239052e+02 4.058319045991823941e+02 4.054247359275096869e+02 4.050117078181548891e+02 4.046817642170453837e+02
5.349179362504220080e+03 4.106633429405155766e+02 4.103716608353533388e+02 4.100099015624246590e+02 4.096486616885828198e+02 4.092833008555064680e+02 4.089136116914554577e+02 4.085393795681778784e+02 4.081603753585702066e+02 4.077763497847906820e+02 4.073870323252306207e+02 4.069921465516942476e+02 4.065914622884728260e+02 4.061848832648369694e+02 4.057725282586080766e+02 4.054432660623443780e+02
5.399179362504220080e+03 4.101403039762270737e+02 4.098421449165941794e+02 4.094782985140577694e+02 4.091086230928382292e+02 4.087345811282226578e+02 4.083560110477670264e+02 4.079727505670301184e+02 4.075846407284084307e+02 4.071915239796122137e+02 4.067932408396557094e+02 4.063896314544507504e+02 4.059805483981433554e+02 4.055658797506489464e+02 4.051455528902416745e+02 4.048098196026530786e+02
5.449179362504220080e+03 4.086099738653626900e+02 4.083336718780636829e+02 4.079816671492195042e+02 4.076396302002468701e+02 4.072938589775035894e+02 4.069442277458483659e+02 4.065906153615314906e+02 4.062328921098936689e+02 4.058709235509193718e+02 4.055045839815363706e+02 4.051337804566538807e+02 4.047584668760023874e+02 4.043787160236149703e+02 4.039951026582527902e+02 4.036891405199158953e+02
5.499179362504220080e+03 4.076172324546233767e+02 4.073096834801069690e+02 4.069220055563877168e+02 4.065349938124990672e+02 4.061426418414930026e+02 4.057450277816100197e+02 4.053424434297448897e+02 4.049350271444976670e+02 4.045225751354439012e+02 4.041048184764647431e+02 4.036814160587878177e+02 4.032518786450675634e+02 4.028154929725460534e+02 4.023713766105800005e+02 4.020151321189665623e+02
5.549179362504220080e+03 4.057630820871079322e+02 4.054490997459031405e+02 4.050523982258441151e+02 4.046565317362429823e+02 4.042519763834187074e+02 4.038403582241257936e+02 4.034224829027066335e+02 4.029984692557174526e+02 4.025681483354541115e+02 4.021312336877592770e+02 4.016873340784392212e+02 4.012360017857611183e+02 4.007769314190683190e+02 4.003103077534603926e+02 3.999371701192951605e+02
5.599179362504220080e+03 4.033455942837880457e+02 4.030170605438169105e+02 4.026087720034404356e+02 4.022052772193901546e+02 4.017877518402643773e+02 4.013542066242532655e+02 4.009079524603400273e+02 4.004521310219878387e+02 3.999881823060601960e+02 3.995166569640385887e+02 3.990375500212273323e+02 3.985513552807123006e+02 3.980570832973384654e+02 3.976022196838791842e+02 3.973201671979680896e+02
5.649179362504220080e+03 4.025377383304149816e+02 4.023708364858021014e+02 4.021607445883447554e+02 4.019619273517079137e+02 4.017645274257090477e+02 4.015682187385210682e+02 4.013728376078744304e+02 4.011783182936780463e+02 4.009845786840460278e+02 4.007916253376902205e+02 4.005988863222471537e+02 4.004077742628566625e+02 4.002124382894591008e+02 4.000301939886850846e+02 3.998305619946320348e+02
5.699179362504220080e+03 4.049827154548473231e+02 4.048280260251503364e+02 4.046334178250876903e+02 4.044410399568025696e+02 4.042466299762124891e+02 4.040508367567065307e+02 4.038541900793670720e+02 4.036571076638430213e+02 4.034598421870294942e+02 4.032627445856538202e+02 4.030654387942936410e+02 4.028695265337881892e+02 4.026701134785654972e+02 4.024823361934081731e+02 4.022884676088789320e+02
5.749179362504220080e+03 4.046539759987368825e+02 4.043139827424669193e+02 4.038839477718480566e+02 4.034596554192292501e+02 4.030308027627020238e+02 4.025976325016550845e+02 4.021605599880181217e+02 4.017179188327096426e+02 4.014205857830612558e+02 4.013314363781705083e+02 4.013305148836407170e+02 4.013296890330776705e+02 4.013288357881749562e+02 4.013279687453191400e+02 4.013272781131978491e+02
5.799179362504220080e+03 4.034480752203193106e+02 4.031032194512694105e+02 4.027146084929929089e+02 4.022866155483825992e+02 4.018536172745199337e+02 4.014159854186098073e+02 4.009791009519864247e+02 4.007415557514956959e+02 4.007230458834213778e+02 4.007224645714063627e+02 4.007218381843617863e+02 4.007211887243465753e+02 4.007205050430835627e+02 4.007197955678174139e+02 4.007192233048393177e+02
5.849179362504220080e+03 4.034921865134914469e+02 4.031358000921668463e+02 4.026896014766201120e+02 4.022470480241815380e+02 4.017991690640297975e+02 4.013455191476208483e+02 4.009931559980359452e+02 4.009068076887571124e+02 4.009062311689046396e+02 4.009056463729139068e+02 4.009050194896852304e+02 4.009043642487563375e+02 4.009036804138859793e+02 4.009029773457464785e+02 4.009024130806581070e+02
5.899179362504220080e+03 4.012846381124434174e+02 4.009217686376046572e+02 4.004719985623135585e+02 4.000207205081379698e+02 3.995636614804076885e+02 3.991019486339650939e+02 3.988959871465779088e+02 3.988912479424263893e+02 3.988906845380959680e+02 3.988901012060584321e+02 3.988895106232749868e+02 3.988888988604475685e+02 3.988882680748657776e+02 3.988876185233981460e+02 3.988870947847869957e+02
5.949179362504220080e+03 3.999836241929455696e+02 3.996056031825788182e+02 3.991276117490651814e+02 3.986548624884909486e+02 3.981735507708299338e+02 3.977279034251085363e+02 3.975044132080478221e+02 3.975038106479269118e+02 3.975032081421826433e+02 3.975026098605209768e+02 3.975020085495133344e+02 3.975014018336881918e+02 3.975007859176970442e+02 3.975001585302336480e+02 3.974996545539437420e+02
5.999179362504220080e+03 3.986235779740917451e+02 3.982295959120885414e+02 3.977363127969356356e+02 3.972512046716041141e+02 3.967501684862821776e+02 3.963376619141706101e+02 3.962081036450185820e+02 3.962074727491276462e+02 3.962068444933275373e+02 3.962062260386767889e+02 3.962056096822785776e+02 3.962049951162620118e+02 3.962043785048078917e+02 3.962037592892378370e+02 3.962032719549530952e+02
6.049179362504220080e+03 3.976485397640052497e+02 3.972578464851956710e+02 3.967740838745134511e+02 3.963040624670122725e+02 3.958198386635479551e+02 3.954890890944828925e+02 3.954471729957911066e+02 3.954465247693547099e+02 3.954458778934881593e+02 3.954452425840931937e+02 3.954446150463195409e+02 3.954439974526293327e+02 3.954433890825339404e+02 3.954427911260946189e+02 3.954423293066517999e+02
6.099179362504220080e+03 3.971647004374735275e+02 3.967700578351914942e+02 3.962790754747128972e+02 3.958079752450241244e+02 3.953258687697790492e+02 3.950376910049189974e+02 3.950287935465428291e+02 3.950281400606933175e+02 3.950274830312012000e+02 3.950268274931469250e+02 3.950261709257042639e+02 3.950255161480454262e+02 3.950248628104337172e+02 3.950242138368963083e+02 3.950237107912498118e+02
6.149179362504220080e+03 3.968489115723733107e+02 3.964484715602577580e+02 3.959506898035093627e+02 3.954683860959478920e+02 3.949784114179368544e+02 3.946770572076522967e+02 3.946762006434587420e+02 3.946755434852699409e+02 3.946748830809596029e+02 3.946742247947806277e+02 3.946735653368145336e+02 3.946729067044325348e+02 3.946722478863730430e+02 3.946715919439837990e+02 3.946710823597463218e+02
6.199179362504220080e+03 3.966535845211406013e+02 3.962511986405389166e+02 3.957533454302214864e+02 3.952660957123937351e+02 3.947749937527413522e+02 3.944952307442478059e+02 3.944945806288526455e+02 3.944939273977689140e+02 3.944932776399598424e+02 3.944926271489731562e+02 3.944919784492360577e+02 3.944913296071495665e+02 3.944906823625511834e+02 3.944900384153889377e+02 3.944895373497221271e+02
6.249179362504220080e+03 3.962219199987796401e+02 3.958201695919983081e+02 3.953287955127461828e+02 3.948357043209093149e+02 3.944332363770305392e+02 3.943081120801405177e+02 3.943074583269039408e+02 3.943067965530411243e+02 3.943061364475382220e+02 3.943054731689958317e+02 3.943048088274350107e+02 3.943041424712620824e+02 3.943034749147608409e+02 3.943028075680448978e+02 3.943022856080877432e+02
6.299179362504220080e+03 3.959490160924214592e+02 3.955345709972967825e+02 3.950231109226209014e+02 3.945144602125890287e+02 3.941381672363359598e+02 3.940111018544232593e+02 3.940104372317318848e+02 3.940097675077040549e+02 3.940091011805588437e+02 3.940084328759496657e+02 3.940077647407136396e+02 3.940070955406768576e+02 3.940064266675893805e+02 3.940057601799307463e+02 3.940052414299745465e+02
6.349179362504220080e+03 3.957442038333321648e+02 3.953304929151192937e+02 3.948206431780391767e+02 3.943125512759456797e+02 3.939420738920767349e+02 3.938288442636985565e+02 3.938281980591915499e+02 3.938275490632875631e+02 3.938269019478070732e+02 3.938262533173731299e+02 3.938256055070270349e+02 3.938249574008009404e+02 3.938243113620209783e+02 3.938236695505793250e+02 3.938231705947153500e+02
6.399179362504220080e+03 3.953328879206987381e+02 3.949235774757909212e+02 3.944227791039774615e+02 3.939270968510408579e+02 3.936124092540654829e+02 3.935752171492724756e+02 3.935745840713600501e+02 3.935739452232114672e+02 3.935733044491154828e+02 3.935726608023246058e+02 3.935720153492951567e+02 3.935713678921346173e+02 3.935707189435818236e+02 3.935700700135699890e+02 3.935695669741332949e+02
6.449179362504220080e+03 3.954755665605192121e+02 3.950514343980760259e+02 3.945291440958096700e+02 3.940070925969043856e+02 3.937029020916192508e+02 3.936970776101984484e+02 3.936964303224093555e+02 3.936957827315281406e+02 3.936951389474482426e+02 3.936944976243103156e+02 3.936938598027544458e+02 3.936932255639172809e+02 3.936925977289976117e+02 3.936919844529659827e+02 3.936915337891569493e+02
6.499179362504220080e+03 3.960757393118955179e+02 3.956622988315398288e+02 3.951463658493530602e+02 3.946336800066931119e+02 3.943463794201846895e+02 3.943433267558835951e+02 3.943426871387795245e+02 3.943420423367761032e+02 3.943413959330706007e+02 3.943407451735374707e+02 3.943400938675306406e+02 3.943394466648760499e+02 3.943388101672362609e+02 3.943381973792833151e+02 3.943377464372262580e+02
6.549179362504220080e+03 3.954026672851533704e+02 3.949828788804501301e+02 3.944637552639555906e+02 3.939568123329951277e+02 3.936891389423974488e+02 3.936883389812433052e+02 3.936876884872848450e+02 3.936870349567687981e+02 3.936863824496750226e+02 3.936857291411920983e+02 3.936850777142014408e+02 3.936844292858361314e+02 3.936837876638680882e+02 3.936831566987415272e+02 3.936826713309880006e+02
6.599179362504220080e+03 3.965337047946011353e+02 3.961951958534477853e+02 3.957619597078101492e+02 3.953370470221310597e+02 3.949082782605908051e+02 3.945829127733608743e+02 3.945823318275794236e+02 3.945817525049893675e+02 3.945811730920750620e+02 3.945805917776214642e+02 3.945800090750683466e+02 3.945794281681519919e+02 3.945788539502864296e+02 3.945782940105293619e+02 3.945778712553525338e+02
6.649179362504220080e+03 3.957263360519618800e+02 3.953151924033757041e+02 3.948159565147399235e+02 3.943157029095812049e+02 3.940345275200824062e+02 3.940303466199478066e+02 3.940297058694751513e+02 3.940290670970211977e+02 3.940284300112714391e+02 3.940277938828569972e+02 3.940271547368662368e+02 3.940265146053769172e+02 3.940258804986044652e+02 3.940252558564775995e+02 3.940247705598753782e+02
6.699179362504220080e+03 3.952377556153136311e+02 3.948313323668901376e+02 3.943461813632305279e+02 3.938696912425357368e+02 3.936368911935451251e+02 3.936359749185403416e+02 3.936352843676523889e+02 3.936345829342456568e+02 3.936338796279229086e+02 3.936331694091790609e+02 3.936324545357950910e+02 3.936317338326779236e+02 3.936310101371175847e+02 3.936302861242396602e+02 3.936297133724756918e+02
6.749179362504220080e+03 3.950151566038309738e+02 3.946152501373806558e+02 3.941344730689812650e+02 3.936546831255400321e+02 3.933845345274289684e+02 3.933838930548374719e+02 3.933832495009909280e+02 3.933826090045560022e+02 3.933819672750930749e+02 3.933813282299820457e+02 3.933806906503720029e+02 3.933800566487824426e+02 3.933794279783234060e+02 3.933788092878961606e+02 3.933783268430103135e+02
6.799179362504220080e+03 3.950319633597351299e+02 3.946376390833536902e+02 3.941555037038680780e+02 3.937036435555724552e+02 3.934792970315822345e+02 3.934786368569143633e+02 3.934779738963540012e+02 3.934773118960625879e+02 3.934766484098050228e+02 3.934759871803959186e+02 3.934753278807636434e+02 3.934746721790380661e+02 3.934740221418071542e+02 3.934733831219159583e+02 3.934728847441989501e+02
6.849179362504220080e+03 3.949706901717917731e+02 3.945759047868158973e+02 3.940860878918763319e+02 3.936679954076248009e+02 3.934679436701775330e+02 3.934673002988369035e+02 3.934666584203750404e+02 3.934660174455513015e+02 3.934653744541730021e+02 3.934647271956918075e+02 3.934640788221917092e+02 3.934634331274419310e+02 3.934627942117977000e+02 3.934621672527487135e+02 3.934616799917158119e+02
6.899179362504220080e+03 3.948919110417677985e+02 3.945071892152011515e+02 3.940370897597154567e+02 3.936472852562835101e+02 3.935245373139393905e+02 3.935238996263758509e+02 3.935232622184061029e+02 3.935226251624347356e+02 3.935219884471157457e+02 3.935213521898295426e+02 3.935207166657212952e+02 3.935200826514339951e+02 3.935194541143372930e+02 3.935188356048550418e+02 3.935183528624115752e+02
6.949179362504220080e+03 3.950068262102479366e+02 3.946291671384414599e+02 3.941644337605291639e+02 3.937414361723765523e+02 3.935289957053865919e+02 3.935283483253434156e+02 3.935277025620392237e+02 3.935270584725443541e+02 3.935264160374528046e+02 3.935257753698647321e+02 3.935251367454162050e+02 3.935245010561359322e+02 3.935238720811531721e+02 3.935232549996699731e+02 3.935227762983097932e+02
6.999179362504220080e+03 3.948527088794121482e+02 3.944950346951780489e+02 3.940611709714418112e+02 3.936960224813556124e+02 3.935414245654547472e+02 3.935407807487225682e+02 3.935401385922574491e+02 3.935394981756780908e+02 3.935388594994295772e+02 3.935382226763312019e+02 3.935375879939830952e+02 3.935369566308847311e+02 3.935363324269505938e+02 3.935357203959335379e+02 3.935352456349051522e+02
7.049179362504220080e+03 3.949181498175180991e+02 3.945346696463984699e+02 3.940653767031466259e+02 3.936934051396864334e+02 3.935861908451779527e+02 3.935855453048661161e+02 3.935849012214096092e+02 3.935842586532268683e+02 3.935836176395542338e+02 3.935829783827500705e+02 3.935823413049806163e+02 3.935817079882825169e+02 3.935810824473647358e+02 3.935804695543023399e+02 3.935799945331148137e+02
7.099179362504220080e+03 3.948674542066909225e+02 3.944553388073955489e+02 3.939616852004432985e+02 3.935864525011094770e+02 3.935003837308534571e+02 3.934997253301313549e+02 3.934990682587615538e+02 3.934984126037987835e+02 3.934977583714639309e+02 3.934971057662502290e+02 3.934964553273056254e+02 3.934958089956242020e+02 3.934951710805383982e+02 3.934945466171608359e+02 3.934940628732248342e+02
7.149179362504220080e+03 3.948315279059559089e+02 3.944364758560934092e+02 3.939541606833658420e+02 3.935725683611956924e+02 3.934564345471074489e+02 3.934557847080753845e+02 3.934551367472714674e+02 3.934544907368309623e+02 3.934538467218191045e+02 3.934532050042722631e+02 3.934525665386345281e+02 3.934519338013978427e+02 3.934513114751929947e+02 3.934507046639025702e+02 3.934502361948408975e+02
7.199179362504220080e+03 3.946415278407811229e+02 3.942527722337875389e+02 3.937722148272570735e+02 3.934407351174028236e+02 3.933720448552325024e+02 3.933714041143377358e+02 3.933707653562005930e+02 3.933701286758133620e+02 3.933694941437438501e+02 3.933688621310492408e+02 3.933682338572189110e+02 3.933676120485868068e+02 3.933670014206954306e+02 3.933664068914613949e+02 3.933659484885170059e+02
7.249179362504220080e+03 3.945320307222111751e+02 3.941449598605092888e+02 3.936648043662030432e+02 3.933590528554062757e+02 3.933176136321551439e+02 3.933169761746638642e+02 3.933163406941580433e+02 3.933157073299842637e+02 3.933150761933005697e+02 3.933144477448213934e+02 3.933138233156412298e+02 3.933132057403390718e+02 3.933125997424067464e+02 3.933120100760031619e+02 3.933115556744197647e+02
7.299179362504220080e+03 3.944822826844083465e+02 3.940946852237669304e+02 3.936123274259484788e+02 3.933187381282115780e+02 3.932946488351521452e+02 3.932940178773126263e+02 3.932933894859073689e+02 3.932927638373837453e+02 3.932921410807519464e+02 3.932915218153326578e+02 3.932909073928483963e+02 3.932903006001903350e+02 3.932897061508385832e+02 3.932891286730634306e+02 3.932886844476221881e+02
7.349179362504220080e+03 3.944535497466536071e+02 3.940645187680544836e+02 3.935820930555800032e+02 3.933166564778408087e+02 3.933131530959325914e+02 3.933125154237815195e+02 3.933118801188875864e+02 3.933112473083514260e+02 3.933106171859889173e+02 3.933099906862561284e+02 3.933093692605934280e+02 3.933087557016795017e+02 3.933081550701489277e+02 3.933075721507040043e+02 3.933071241226543862e+02
7.399179362504220080e+03 3.944670552063017794e+02 3.940828511578754956e+02 3.936025458228456841e+02 3.933245411417707373e+02 3.933152604116594375e+02 3.933146338013812056e+02 3.933140097129218020e+02 3.933133883974430205e+02 3.933127701491179096e+02 3.933121562954989372e+02 3.933115480776739332e+02 3.933109476494083196e+02 3.933103598155050804e+02 3.933097893297145902e+02 3.933093510337558882e+02
7.449179362504220080e+03 3.944164218540137767e+02 3.940258463156829976e+02 3.935425620735612711e+02 3.932906036143911592e+02 3.932886196273157111e+02 3.932879810984838969e+02 3.932873450104295330e+02 3.932867115879287212e+02 3.932860812942956841e+02 3.932854559461651434e+02 3.932848366842081305e+02 3.932842253393722558e+02 3.932836270911824386e+02 3.932830469631237520e+02 3.932826014805400519e+02
7.499179362504220080e+03 3.943987934711050229e+02 3.940004863277691811e+02 3.935124975465398620e+02 3.932593355425708523e+02 3.932586866351774688e+02 3.932580373132300338e+02 3.932573887206445988e+02 3.932567411861405162e+02 3.932560956185908481e+02 3.932554544272515500e+02 3.932548187636334660e+02 3.932541901525562480e+02 3.932535741042273685e+02 3.932529761798827508e+02 3.932525158733565149e+02
7.549179362504220080e+03 3.943741637368618740e+02 3.939722701502455493e+02 3.935032868659867518e+02 3.932818363313522241e+02 3.932812000201173532e+02 3.932805658739237629e+02 3.932799352108989410e+02 3.932793083804301659e+02 3.932786867911308946e+02 3.932780728399397390e+02 3.932774667452775930e+02 3.932768696481250004e+02 3.932762876866294164e+02 3.932757264845822647e+02 3.932752969834969008e+02
7.599179362504220080e+03 3.943563171855413430e+02 3.939486608434512505e+02 3.934756640245237804e+02 3.932437275929070211e+02 3.932430905194480601e+02 3.932424556916462279e+02 3.932418245345529613e+02 3.932411975366010211e+02 3.932405765664606179e+02 3.932399640989593763e+02 3.932393599175120471e+02 3.932387648533292577e+02 3.932381853344173237e+02 3.932376272615196058e+02 3.932372002878582862e+02
7.649179362504220080e+03 3.943693696621706977e+02 3.939606319585205370e+02 3.934983980034231763e+02 3.932837043964439658e+02 3.932830673046087213e+02 3.932824318459959159e+02 3.932817995685774690e+02 3.932811711157953027e+02 3.932805487979721875e+02 3.932799352062487515e+02 3.932793297198868459e+02 3.932787329613291831e+02 3.932781520177847483e+02 3.932775931751162375e+02 3.932771640203339416e+02
7.699179362504220080e+03 3.943435326194536401e+02 3.939324669538156058e+02 3.934781462246734804e+02 3.932822284964089476e+02 3.932815909752758898e+02 3.932809559489397770e+02 3.932803250990462516e+02 3.932796992720077469e+02 3.932790811457562086e+02 3.932784732717927909e+02 3.932778745981357815e+02 3.932772855580645910e+02 3.932767139751084073e+02 3.932761662763489312e+02 3.932757451683938257e+02
7.749179362504220080e+03 3.943466353730617584e+02 3.939344988102468506e+02 3.934853487127771245e+02 3.932963093642340482e+02 3.932956757727043282e+02 3.932950466029570293e+02 3.932944236938820950e+02 3.932938082091476986e+02 3.932932030663484397e+02 3.932926105064051967e+02 3.932920289513025409e+02 3.932914586466559967e+02 3.932909085314894355e+02 3.932903850024812300e+02 3.932899837167863097e+02
7.799179362504220080e+03 3.943505855247626641e+02 3.939388174806416600e+02 3.934807271181285842e+02 3.932775704068296250e+02 3.932769333963262852e+02 3.932762990629655064e+02 3.932756695397229123e+02 3.932750465823643253e+02 3.932744333262262444e+02 3.932738317563453165e+02 3.932732401092196142e+02 3.932726583469479920e+02 3.932720874362755694e+02 3.932715406518514101e+02 3.932711243612761791e+02
7.849179362504220080e+03 3.943652813756679620e+02 3.939533490288812345e+02 3.934916625509924302e+02 3.932823559762285299e+02 3.932817197383631651e+02 3.932810865891532330e+02 3.932804590451033278e+02 3.932798396243448451e+02 3.932792314306933577e+02 3.932786357867389597e+02 3.932780506590638083e+02 3.932774758141356983e+02 3.932769159686972671e+02 3.932763799245054770e+02 3.932759715539018543e+02
7.899179362504220080e+03 3.943798116162514589e+02 3.939621339455616749e+02 3.935076445061121149e+02 3.933133263649740456e+02 3.933126847680652531e+02 3.933120461807382640e+02 3.933114137613354160e+02 3.933107909558780761e+02 3.933101805409348799e+02 3.933095828210070977e+02 3.933089953569856334e+02 3.933084178452095330e+02 3.933078622381818832e+02 3.933073270392136465e+02 3.933069162193852435e+02
7.949179362504220080e+03 3.943761072337456426e+02 3.939581194911473290e+02 3.934913353051402964e+02 3.932833617642514241e+02 3.932827159694450074e+02 3.932820739272646620e+02 3.932814396824642245e+02 3.932808173301336865e+02 3.932802088400734988e+02 3.932796136588954141e+02 3.932790291556254942e+02 3.932784548392630768e+02 3.932779037224586318e+02 3.932773802037816608e+02 3.932769774009691446e+02
7.999179362504220080e+03 3.944476987821105922e+02 3.940414008995547306e+02 3.935673041924867448e+02 3.933449805152685599e+02 3.933443446618054509e+02 3.933437130235178074e+02 3.933430905794537011e+02 3.933424816272966495e+02 3.933418870883898535e+02 3.933413058275810954e+02 3.933407351388767097e+02 3.933401744618220164e+02 3.933396381007185028e+02 3.933391354338260726e+02 3.933387538604944211e+02
8.049179362504220080e+03 3.944072937913349506e+02 3.939903327604816923e+02 3.935330118153586341e+02 3.933221525029414352e+02 3.933215166155783322e+02 3.933208858929136795e+02 3.933202660621896030e+02 3.933196614280199128e+02 3.933190720755435450e+02 3.933184963037875832e+02 3.933179312233379505e+02 3.933173762163103220e+02 3.933168470904647620e+02 3.933163541228882423e+02 3.933159808049613844e+02
8.099179362504220080e+03 3.943958437612643024e+02 3.939791224542472037e+02 3.935258493757069118e+02 3.933349548387896562e+02 3.933343177223075031e+02 3.933336861306153196e+02 3.933330661570789175e+02 3.933324617477473453e+02 3.933318725967633327e+02 3.933312968511130521e+02 3.933307316395467410e+02 3.933301763296641411e+02 3.933296474669474492e+02 3.933291557228421880e+02 3.933287833140924477e+02
8.149179362504220080e+03 3.944111094619921118e+02 3.939954679732250042e+02 3.935600407242233700e+02 3.933903367565704343e+02 3.933897044672177685e+02 3.933890782506131814e+02 3.933884643991340226e+02 3.933878661233080152e+02 3.933872827363478564e+02 3.933867122107760110e+02 3.933861516760311474e+02 3.933856005798613751e+02 3.933850764396840987e+02 3.933845904136467766e+02 3.933842223212282079e+02
8.199179362504219171e+03 3.944323380265385026e+02 3.940186766754707719e+02 3.935971847916690081e+02 3.934172195850657658e+02 3.934165954190125376e+02 3.934159778612425953e+02 3.934153729956287293e+02 3.934147837750088570e+02 3.934142098327703252e+02 3.934136494342466221e+02 3.934131000169059575e+02 3.934125609180957781e+02 3.934120477485832339e+02 3.934115715342912267e+02 3.934112116184517731e+02
8.249179362504219171e+03 3.943998614235844684e+02 3.939766044930499334e+02 3.935690591057943948e+02 3.934304234751659806e+02 3.934297881455844390e+02 3.934291605415560298e+02 3.934285468018244956e+02 3.934279492844037236e+02 3.934273670436597286e+02 3.934267979381550617e+02 3.934262391809094197e+02 3.934256901589686777e+02 3.934251673452319551e+02 3.934246822378597699e+02 3.934243153801082826e+02
8.299179362504219171e+03 3.944380556420436506e+02 3.940168792562048452e+02 3.936205331955001725e+02 3.934907518667492923e+02 3.934901209427950448e+02 3.934894980403172440e+02 3.934888886785774957e+02 3.934882948849599416e+02 3.934877157316433340e+02 3.934871492426198074e+02 3.934865928364259844e+02 3.934860460214251816e+02 3.934855245004188191e+02 3.934850391756162935e+02 3.934846714796112224e+02
8.349179362504219171e+03 3.946637999723919847e+02 3.942547402376374066e+02 3.937754716406196849e+02 3.935391123502631103e+02 3.935384768235867909e+02 3.935378482451230866e+02 3.935372299186280429e+02 3.935366226240819856e+02 3.935360248924607163e+02 3.935354347629022413e+02 3.935348500440518364e+02 3.935342707688745350e+02 3.935337121417666140e+02 3.935331847760513710e+02 3.935327814667169264e+02
8.399179362504219171e+03 3.947385343357210559e+02 3.943401535296915199e+02 3.938478851069747293e+02 3.935962076858821206e+02 3.935954797697166896e+02 3.935948823875042990e+02 3.935942906261129792e+02 3.935937064627212294e+02 3.935931310247201509e+02 3.935925649524447181e+02 3.935920082522568464e+02 3.935914611816758679e+02 3.935909292841281513e+02 3.935904170244057241e+02 3.935900225577332776e+02
8.449179362504219171e+03 3.947735157437285807e+02 3.943722416983866879e+02 3.938815922064617325e+02 3.936226624522385009e+02 3.936209228944948109e+02 3.936202949445479931e+02 3.936196776920137381e+02 3.936190720614774250e+02 3.936184773987801009e+02 3.936178926226492649e+02 3.936173164085222425e+02 3.936167488148421967e+02 3.936162005951389915e+02 3.936156801018090050e+02 3.936152821325561035e+02
8.499179362504219171e+03 3.948511839332652471e+02 3.944494127713246598e+02 3.939617518601830852e+02 3.936310588825762125e+02 3.935538344833157112e+02 3.935532044217988528e+02 3.935525857645264409e+02 3.935519792413820142e+02 3.935513839946221992e+02 3.935507988339155645e+02 3.935502225239885661e+02 3.935496551043166846e+02 3.935491063712913729e+02 3.935485841920635721e+02 3.935481846672020083e+02
8.549179362504219171e+03 3.948169238473723794e+02 3.944151477171999431e+02 3.939268516677217349e+02 3.936119210604967975e+02 3.935529210768394250e+02 3.935522972885374884e+02 3.935516852622832857e+02 3.935510854995889645e+02 3.935504968917352926e+02 3.935499181833280886e+02 3.935493482592167993e+02 3.935487871384784739e+02 3.935482440672861344e+02 3.935477264333103449e+02 3.935473299259002715e+02
8.599179362504219171e+03 3.948279885723775351e+02 3.944268544987863265e+02 3.939381008397866708e+02 3.936447732522395313e+02 3.936136480172270353e+02 3.936130291870156270e+02 3.936124229089335245e+02 3.936118294149217718e+02 3.936112472757168348e+02 3.936106751379701336e+02 3.936101119802689823e+02 3.936095577744770821e+02 3.936090213437464627e+02 3.936085097081333970e+02 3.936081176489898894e+02
8.649179362504219171e+03 3.947963501897361311e+02 3.943946820160193738e+02 3.939029024960456695e+02 3.936399241686140726e+02 3.936364371390922088e+02 3.936358145776667357e+02 3.936352051208077114e+02 3.936346087728485372e+02 3.936340238558244664e+02 3.936334489009020103e+02 3.936328829392669491e+02 3.936323258932901581e+02 3.936317860444772805e+02 3.936312701874849722e+02 3.936308745622536094e+02
8.699179362504219171e+03 3.947495513549097836e+02 3.943388669014750576e+02 3.938606840834458467e+02 3.936354973154646473e+02 3.936348730111972145e+02 3.936342698729397398e+02 3.936336872042708706e+02 3.936331232434657750e+02 3.936325739495778180e+02 3.936320364262560929e+02 3.936315090180680158e+02 3.936309913219302530e+02 3.936304941713174230e+02 3.936300255890450899e+02 3.936296685222955034e+02
8.749179362504219171e+03 3.947788334595720698e+02 3.943648200543960343e+02 3.939121820091069708e+02 3.937251791426515979e+02 3.937245652558372058e+02 3.937239738858101532e+02 3.937234036372479409e+02 3.937228522416988312e+02 3.937223152072763241e+02 3.937217897365165982e+02 3.937212744404122304e+02 3.937207689922577174e+02 3.937202844054804700e+02 3.937198282265627540e+02 3.937194804798702990e+02
8.799179362504219171e+03 3.947200592452583123e+02 3.943004588014058527e+02 3.938581623635495816e+02 3.936827082705533485e+02 3.936820964283043622e+02 3.936815071854178996e+02 3.936809389412997007e+02 3.936803890356114835e+02 3.936798526901163768e+02 3.936793270430431448e+02 3.936788108041118903e+02 3.936783036510361171e+02 3.936778157993229570e+02 3.936773548071719802e+02 3.936770029126670352e+02
8.849179362504219171e+03 3.946866808584690602e+02 3.942636266714525846e+02 3.938382250013069665e+02 3.936846298761837488e+02 3.936840225051669222e+02 3.936834384661798367e+02 3.936828758548201677e+02 3.936823316593025766e+02 3.936818007936936965e+02 3.936812804461375777e+02 3.936807694667906503e+02 3.936802675376682714e+02 3.936797845584893594e+02 3.936793277337684458e+02 3.936789787636460574e+02
8.899179362504219171e+03 3.946502449566844462e+02 3.942262968550998039e+02 3.938184045843950116e+02 3.936829555007894896e+02 3.936823562058456218e+02 3.936817803433703489e+02 3.936812257384725626e+02 3.936806890001974466e+02 3.936801647810706868e+02 3.936796502793870332e+02 3.936791444776278013e+02 3.936786471040815059e+02 3.936781675643440508e+02 3.936777129671206126e+02 3.936773653475056562e+02
8.949179362504219171e+03 3.946083763886576321e+02 3.941826919076120816e+02 3.937916519769610773e+02 3.936772086581169106e+02 3.936766117532523026e+02 3.936760391067360842e+02 3.936754883400865310e+02 3.936749557346554411e+02 3.936744356822432565e+02 3.936739253763317947e+02 3.936734238632095639e+02 3.936729308590243477e+02 3.936724553501334185e+02 3.936720041083452770e+02 3.936716589279608343e+02
8.999179362504219171e+03 3.945795219175744819e+02 3.941516670009493168e+02 3.937777676894964429e+02 3.936869383609285933e+02 3.936863461815793244e+02 3.936857787334863588e+02 3.936852333097404539e+02 3.936847058661149958e+02 3.936841905225944629e+02 3.936836844820850274e+02 3.936831869132079191e+02 3.936826975758897333e+02 3.936822252076303812e+02 3.936817764333312653e+02 3.936814329341675602e+02
9.049179362504219171e+03 3.945448007903615917e+02 3.941178800538105520e+02 3.937586657067303122e+02 3.936804328652097524e+02 3.936798483228943724e+02 3.936792882836695640e+02 3.936787498731556525e+02 3.936782288102893403e+02 3.936777190408415663e+02 3.936772177482466759e+02 3.936767241765857648e+02 3.936762381204440544e+02 3.936757679008013611e+02 3.936753200213309469e+02 3.936749767132259308e+02
9.099179362504219171e+03 3.945123678049234854e+02 3.940831500549116981e+02 3.937400530483330954e+02 3.936844085969960929e+02 3.936838294779165039e+02 3.936832755896629124e+02 3.936827437844864335e+02 3.936822294905093713e+02 3.936817264372373302e+02 3.936812318337759393e+02 3.936807450224221157e+02 3.936802658327300151e+02 3.936798023491198251e+02 3.936793608110325522e+02 3.936790224095631174e+02
9.149179362504219171e+03 3.944860494691971553e+02 3.940558684477114184e+02 3.937280277064567713e+02 3.936929753114909545e+02 3.936923997904132762e+02 3.936918497505978394e+02 3.936913219709452960e+02 3.936908116132240707e+02 3.936903121512875146e+02 3.936898207897843349e+02 3.936893369277906913e+02 3.936888604049266860e+02 3.936883991473919764e+02 3.936879592018327116e+02 3.936876217012463712e+02
9.199179362504219171e+03 3.944294337354637037e+02 3.939989850281859276e+02 3.936928807025983019e+02 3.936787423534932486e+02 3.936781702126867231e+02 3.936776238978121683e+02 3.936770999178899046e+02 3.936765932974109319e+02 3.936760973963335459e+02 3.936756094329386997e+02 3.936751288689265493e+02 3.936746555514984038e+02 3.936741970598969829e+02 3.936737592313510277e+02 3.936734231706877836e+02
9.249179362504219171e+03 3.944143626571253094e+02 3.939923915860294983e+02 3.937559312443461863e+02 3.937491710179517668e+02 3.937485594759073706e+02 3.937479791164402059e+02 3.937474247966433722e+02 3.937468907613160241e+02 3.937463695177115142e+02 3.937458575375212604e+02 3.937453539104689071e+02 3.937448583404122360e+02 3.937443779841953528e+02 3.937439187474734581e+02 3.937435664242178746e+02
9.299179362504219171e+03 3.943665387458977420e+02 3.939336268067029891e+02 3.936509794927796975e+02 3.936495550809185033e+02 3.936489883118444482e+02 3.936484494107436376e+02 3.936479342149415288e+02 3.936474369293021027e+02 3.936469502947562660e+02 3.936464713921012049e+02 3.936459996819671687e+02 3.936455350303109526e+02 3.936450846485960824e+02 3.936446540691337077e+02 3.936443234534243061e+02
9.349179362504219171e+03 3.943161721213256783e+02 3.938854221896689296e+02 3.936316525202178127e+02 3.936310687044376095e+02 3.936305534941006385e+02 3.936300559456982455e+02 3.936295709569233168e+02 3.936290925809965984e+02 3.936286127734505271e+02 3.936281331687190459e+02 3.936276585708808398e+02 3.936271919000984099e+02 3.936267464647136194e+02 3.936263290161633108e+02 3.936260099361745688e+02
9.399179362504219171e+03 3.942614925739748060e+02 3.938328965979267764e+02 3.936068874080307864e+02 3.936063242943771456e+02 3.936058437134092856e+02 3.936053956355991659e+02 3.936049695472540861e+02 3.936045545773679351e+02 3.936041389828203592e+02 3.936037204621281376e+02 3.936033008437646004e+02 3.936028821935671544e+02 3.936024797632967420e+02 3.936020949559154474e+02 3.936017974835705218e+02
9.449179362504219171e+03 3.942377043832300387e+02 3.938089381967731128e+02 3.935887052889732445e+02 3.935881534081917152e+02 3.935876812987980884e+02 3.935872412376949114e+02 3.935868224902424686e+02 3.935864139759191858e+02 3.935860038955729578e+02 3.935855901326773392e+02 3.935851747369509894e+02 3.935847599914475268e+02 3.935843613115869175e+02 3.935839784762720228e+02 3.935836819182123349e+02
9.499179362504219171e+03 3.941856999299254767e+02 3.937585334548740548e+02 3.935724259023523359e+02 3.935718715745945246e+02 3.935713925876523263e+02 3.935709420522155142e+02 3.935705099675569727e+02 3.935700849939486829e+02 3.935696548348867054e+02 3.935692172090713825e+02 3.935687742376910592e+02 3.935683284334648988e+02 3.935678889686905677e+02 3.935674686986022266e+02 3.935671442069500472e+02
9.549179362504219171e+03 3.941733725807802102e+02 3.937471544235099259e+02 3.935497003025884624e+02 3.935491675544807322e+02 3.935487101202857048e+02 3.935482826118249591e+02 3.935478748901250015e+02 3.935474760106891381e+02 3.935470741972501401e+02 3.935466675771702398e+02 3.935462585091578376e+02 3.935458494769220579e+02 3.935454481615590794e+02 3.935450681070214500e+02 3.935447773395511604e+02
9.599179362504219171e+03 3.941466488122819101e+02 3.937238562387242951e+02 3.935515511723792201e+02 3.935510289223424820e+02 3.935505800093544622e+02 3.935501599801623911e+02 3.935497589194342254e+02 3.935493664456943179e+02 3.935489710301093282e+02 3.935485706383666411e+02 3.935481676642526736e+02 3.935477647994326844e+02 3.935473727907699981e+02 3.935469996378382120e+02 3.935467128075417236e+02
9.649179362504219171e+03 3.940972717767502331e+02 3.936769377292609420e+02 3.935014244586096197e+02 3.935009089202177961e+02 3.935004650046629422e+02 3.935000492452501248e+02 3.934996518783002557e+02 3.934992631231996256e+02 3.934988717769253981e+02 3.934984757828634088e+02 3.934980775034648559e+02 3.934976795274221786e+02 3.934972954006340728e+02 3.934969287214952374e+02 3.934966450660697888e+02
9.699179362504219171e+03 3.941145993498593043e+02 3.936927812983678336e+02 3.935161744658502130e+02 3.935156665964847207e+02 3.935152288121527135e+02 3.935148189419591063e+02 3.935144269847667147e+02 3.935140438445114341e+02 3.935136589624004273e+02 3.935132701151689503e+02 3.935128793358526877e+02 3.935124888507695005e+02 3.935121125898031664e+02 3.935117578432716527e+02 3.935114821926099467e+02
9.749179362504219171e+03 3.941361591285229906e+02 3.937084526436881902e+02 3.935229320358899372e+02 3.935224320966640335e+02 3.935220003997371236e+02 3.935215959554063829e+02 3.935212091694218088e+02 3.935208317137838208e+02 3.935204540047299133e+02 3.935200736362940006e+02 3.935196919487175933e+02 3.935193105586204183e+02 3.935189424566553953e+02 3.935185943000067255e+02 3.935183223870245683e+02
9.799179362504219171e+03 3.940678104330185079e+02 3.936456417699312169e+02 3.934681891570532457e+02 3.934676955357180077e+02 3.934672691026675011e+02 3.934668690042656181e+02 3.934664855041938836e+02 3.934661112788364221e+02 3.934657378919525854e+02 3.934653627495858927e+02 3.934649865583728570e+02 3.934646104417930701e+02 3.934642465352727640e+02 3.934639011783854130e+02 3.934636273865963858e+02
9.849179362504219171e+03 3.940653063861316809e+02 3.936420947373167110e+02 3.934773490427049865e+02 3.934768635675974338e+02 3.934764437420258218e+02 3.934760497764372076e+02 3.934756719618267766e+02 3.934753037734782311e+02 3.934749379483290568e+02 3.934745716694815201e+02 3.934742048724358483e+02 3.934738381232533584e+02 3.934734825857820510e+02 3.934731440810580807e+02 3.934728773443077898e+02
9.899179362504219171e+03 3.940743417190068953e+02 3.936503927185833618e+02 3.934694722222546375e+02 3.934689932570294104e+02 3.934685787671676849e+02 3.934681898808197502e+02 3.934678166250422464e+02 3.934674532912715677e+02 3.934670937525214640e+02 3.934667349308816711e+02 3.934663760192096333e+02 3.934660170848100051e+02 3.934656682867657764e+02 3.934653350930832403e+02 3.934650738250859376e+02
9.949179362504219171e+03 3.940502076302585692e+02 3.936287659416291262e+02 3.934578042087522931e+02 3.934573322479639046e+02 3.934569225225079094e+02 3.934565373040552458e+02 3.934561662434463187e+02 3.934558041720134725e+02 3.934554459411543803e+02 3.934550882698897567e+02 3.934547297117412086e+02 3.934543699166266606e+02 3.934540183268294413e+02 3.934536803608760920e+02 3.934534131521501195e+02
9.999179362504219171e+03 3.940434499773026573e+02 3.936172820717245031e+02 3.934456066124794233e+02 3.934451427774648664e+02 3.934447397742776502e+02 3.934443610375137723e+02 3.934439968964251761e+02 3.934436428209891119e+02 3.934432945620536657e+02 3.934429487694659997e+02 3.934426035372730439e+02 3.934422582257989234e+02 3.934419216732500786e+02 3.934415986454370113e+02 3.934413432660274452e+02
1.004917936250421917e+04 3.940342708801300660e+02 3.936086193615101934e+02 3.934362968641967200e+02 3.934358400917978997e+02 3.934354419743381186e+02 3.934350665406708458e+02 3.934347043979239515e+02 3.934343516466589108e+02 3.934340048579181257e+02 3.934336606372927463e+02 3.934333167123506882e+02 3.934329722188418827e+02 3.934326355990585853e+02 3.934323114690612897e+02 3.934320527461215988e+02
1.009917936250421917e+04 3.940205486656443554e+02 3.935995188276178851e+02 3.934591913901377325e+02 3.934587425692130864e+02 3.934583508217245935e+02 3.934579809931485670e+02 3.934576237813096213e+02 3.934572756069471779e+02 3.934569337390555575e+02 3.934565947329170967e+02 3.934562560042901964e+02 3.934559165117399857e+02 3.934555842908870886e+02 3.934552636578483771e+02 3.934550075941743899e+02
1.014917936250421917e+04 3.940080278218730996e+02 3.935839461019235159e+02 3.934071781829587735e+02 3.934067305519391198e+02 3.934063408630299250e+02 3.934059734012843137e+02 3.934056181891823485e+02 3.934052718827499575e+02 3.934049324183150134e+02 3.934045963376476607e+02 3.934042607457807890e+02 3.934039244043900680e+02 3.934035947215015767e+02 3.934032692291027615e+02 3.934030113233804400e+02
1.019917936250421917e+04 3.939884898007260290e+02 3.935656084869566484e+02 3.934108079448117792e+02 3.934103638685236888e+02 3.934099772430495250e+02 3.934096127756399710e+02 3.934092603967549167e+02 3.934089169631106415e+02 3.934085809580539035e+02 3.934082487836069504e+02 3.934079172082481932e+02 3.934075848048764215e+02 3.934072585207802604e+02 3.934069368716149029e+02 3.934066815794173522e+02
1.024917936250421917e+04 3.939754218672356956e+02 3.935513903146609209e+02 3.933777468193982259e+02 3.933773035008028955e+02 3.933769192810121353e+02 3.933765582373966936e+02 3.933762091513629002e+02 3.933758688888241295e+02 3.933755365351918272e+02 3.933752084792419623e+02 3.933748811717910030e+02 3.933745529429372141e+02 3.933742299329657612e+02 3.933739081376334070e+02 3.933736522659043544e+02
1.029917936250421917e+04 3.939247771933576132e+02 3.935084921544288363e+02 3.933632032830117282e+02 3.933627668493125498e+02 3.933623869445967784e+02 3.933620282850192211e+02 3.933616806651363618e+02 3.933613418722076744e+02 3.933610118065891470e+02 3.933606864514658810e+02 3.933603617833391013e+02 3.933600359895028760e+02 3.933597150655078849e+02 3.933593947068571310e+02 3.933591386718703120e+02
1.034917936250421917e+04 3.939210561618775728e+02 3.935019353814385568e+02 3.933615543397017973e+02 3.933611189941751718e+02 3.933607412205911942e+02 3.933603862043722188e+02 3.933600425928139543e+02 3.933597076307320322e+02 3.933593819182095217e+02 3.933590613243441112e+02 3.933587415040840369e+02 3.933584131171823515e+02 3.933580838331538416e+02 3.933577627663406133e+02 3.933575086332293722e+02
1.039917936250421917e+04 3.939108422141197252e+02 3.934931488555087071e+02 3.933564281777349834e+02 3.933559979167099527e+02 3.933556247160850035e+02 3.933552749928520598e+02 3.933549367800806067e+02 3.933546063108883573e+02 3.933542853762640448e+02 3.933539697989353385e+02 3.933536499369474768e+02 3.933533245077984475e+02 3.933530022444119822e+02 3.933526861033573141e+02 3.933524361713610915e+02
1.044917936250421917e+04 3.939016389567009355e+02 3.934845705552659183e+02 3.933557295925112385e+02 3.933553026703337423e+02 3.933549324057055401e+02 3.933545873517695668e+02 3.933542545205327770e+02 3.933539282177159180e+02 3.933536115803111670e+02 3.933533004585745516e+02 3.933529880220787618e+02 3.933526691753812656e+02 3.933523512926434478e+02 3.933520390721813556e+02 3.933517915257748427e+02
1.049917936250421917e+04 3.939021874678835502e+02 3.934775431401660057e+02 3.933207248456951675e+02 3.933202990848680543e+02 3.933199315516787919e+02 3.933195915945856882e+02 3.933192646491353344e+02 3.933189427622145331e+02 3.933186302057641797e+02 3.933183231686341514e+02 3.933180165092143739e+02 3.933177070612233592e+02 3.933173933453063000e+02 3.933170818532562976e+02 3.933168359776715874e+02
1.054917936250421917e+04 3.939325731711579692e+02 3.935037600622414402e+02 3.933276783328049078e+02 3.933272575289381621e+02 3.933268935367844961e+02 3.933265592872190837e+02 3.933262392185389444e+02 3.933259227855297127e+02 3.933256159816622244e+02 3.933253147882397798e+02 3.933250137361912948e+02 3.933247102109500588e+02 3.933244012981817264e+02 3.933240922482415272e+02 3.933238463487597301e+02
1.059917936250421917e+04 4.139974196194685874e+02 4.139964020913701006e+02 4.139188893038597712e+02 4.139180947133063455e+02 4.139172916034660830e+02 4.139164598177716243e+02 4.139156362422365305e+02 4.139148423836594475e+02 4.139140288187967371e+02 4.139132125001942768e+02 4.139124062028005824e+02 4.139116102089340075e+02 4.139108174309175752e+02 4.139100265618502021e+02 4.139094185516784137e+02
1.064917936250421917e+04 4.121259462505560123e+02 4.121253314535370009e+02 4.121067136769269723e+02 4.121059379242527143e+02 4.121051629458474963e+02 4.121043852526679530e+02 4.121036169385381527e+02 4.121028621971081520e+02 4.121021043589785222e+02 4.121013480128426636e+02 4.121005975845617968e+02 4.120998536134430879e+02 4.120991140468751155e+02 4.120983788227225091e+02 4.120978057739789620e+02
1.069917936250421917e+04 4.129981534243020178e+02 4.129975887180549989e+02 4.129885043249182104e+02 4.129878143634180105e+02 4.129871285482954590e+02 4.129864471801241734e+02 4.129857725788957623e+02 4.129851046982840330e+02 4.129844390736640207e+02 4.129837776611022946e+02 4.129831218695593407e+02 4.129824712790589842e+02 4.129818054585089726e+02 4.129810671136979181e+02 4.129805038853012320e+02
1.074917936250421917e+04 4.110584133899296830e+02 4.109095654585723878e+02 4.107401177647595887e+02 4.105930332999580514e+02 4.104519719438523566e+02 4.103148708934077149e+02 4.101777845146185086e+02 4.100393711267925028e+02 4.099030244705948007e+02 4.097675850370679882e+02 4.096274698249104631e+02 4.094990073085079985e+02 4.093551335664337785e+02 4.091697061651391891e+02 4.091546767814808163e+02
1.079917936250421917e+04 4.067205179482130575e+02 4.064755228918154444e+02 4.062080094606521925e+02 4.059675329780039306e+02 4.057464958153227599e+02 4.055429943707068787e+02 4.053510224384544927e+02 4.051663981420829259e+02 4.049884992808503057e+02 4.048162614388821794e+02 4.046479010482946705e+02 4.044846898743675752e+02 4.043473755016576661e+02 4.043176122872579867e+02 4.043169411088199467e+02
1.084917936250421917e+04 4.026228717360692144e+02 4.023394819514020355e+02 4.020038576491332378e+02 4.017057972839627382e+02 4.014339500000727980e+02 4.011868997232784864e+02 4.009590956447140684e+02 4.007413032856463246e+02 4.005379594250290438e+02 4.003229384935025905e+02 4.001792914454291008e+02 4.001786444487166818e+02 4.001780032971034302e+02 4.001773673793587136e+02 4.001768680537524006e+02
1.089917936250421917e+04 4.014116765864204694e+02 4.011189282464123380e+02 4.007740353615049571e+02 4.004698566953028944e+02 4.001879165914974124e+02 3.999262391648795756e+02 3.996799747835240737e+02 3.994461975650929162e+02 3.992059172174112973e+02 3.990431622534430289e+02 3.990425520150375291e+02 3.990419461282453426e+02 3.990413426840389661e+02 3.990407448043609406e+02 3.990402752532962722e+02
1.094917936250421917e+04 3.997937845251050248e+02 3.994868850229556756e+02 3.991211272713413223e+02 3.987988348201059807e+02 3.984999281706997181e+02 3.982119565254204758e+02 3.979639685768825075e+02 3.977916263544801154e+02 3.977910120447429563e+02 3.977904095227557377e+02 3.977898214680157594e+02 3.977892462358897205e+02 3.977886841019316648e+02 3.977881338594520457e+02 3.977877054916339148e+02
1.096582485910421929e+04 3.996763811934406476e+02 3.993859216456929175e+02 3.989801048452361556e+02 3.985987827575679603e+02 3.982468974961960839e+02 3.979296786104805506e+02 3.976889291856712134e+02 3.976376620493074938e+02 3.976370279743244964e+02 3.976364059513182383e+02 3.976357961372006002e+02 3.976351962787377943e+02 3.976346066979327247e+02 3.976340271044223300e+02 3.976335746848908457e+02
1.096583735910422001e+04 3.948103389611878811e+02 3.988489080932091611e+02 3.988187378788113620e+02 3.985752433000883457e+02 3.982802542763838005e+02 3.979457606303436137e+02 3.976888575357650666e+02 3.976377487397684831e+02 3.976370594159767506e+02 3.976363934760865959e+02 3.976357506193727431e+02 3.976351278431531568e+02 3.976345246264415891e+02 3.976339398514526238e+02 3.976334893136027517e+02
1.096593735910422038e+04 3.982206508182462699e+02 3.981282844863287096e+02 3.982960255678215731e+02 3.983489841819051662e+02 3.981684637902346253e+02 3.978961837538930695e+02 3.976817892109399963e+02 3.976338157657132228e+02 3.976332084045614010e+02 3.976326131457460633e+02 3.976320300811199218e+02 3.976314567883639484e+02 3.976308935681455523e+02 3.976303401048562591e+02 3.976299079529323421e+02
1.101619570992354784e+04 3.953079967915340376e+02 3.953075247789950026e+02 3.953069710510163759e+02 3.953064001640305491e+02 3.953058257465929728e+02 3.953052455031083241e+02 3.953046572995235124e+02 3.953040624883501550e+02 3.953034619703647650e+02 3.953028521734274250e+02 3.953022310374523727e+02 3.953015974124937202e+02 3.953009500148065740e+02 3.953002847948519047e+02 3.952997424660286470e+02
1.106747401159219407e+04 3.951721324342689741e+02 3.951716964106415162e+02 3.951711517605026529e+02 3.951706225720324710e+02 3.951700883828721089e+02 3.951695470194674726e+02 3.951689954474261413e+02 3.951684338297652630e+02 3.951678625090324317e+02 3.951672778005251985e+02 3.951666776103397751e+02 3.951660609030940350e+02 3.951654270494367438e+02 3.951647725428269382e+02 3.951642375808303314e+02
1.107555798641183173e+04 3.951412651285323818e+02 3.951410447229934562e+02 3.951418139654346078e+02 3.951415657611004235e+02 3.951413152598420311e+02 3.951410625482743626e+02 3.951408029773801331e+02 3.951405350214112104e+02 3.951402636216168389e+02 3.951399845037443015e+02 3.951396950167558089e+02 3.951393945387454210e+02 3.951390846596905249e+02 3.951387667648479010e+02 3.951385076649818302e+02
1.107611392737563438e+04 3.951680459039182551e+02 3.951674563409611665e+02 3.951667632653053488e+02 3.951660056890741544e+02 3.951652386220207518e+02 3.951644532512775072e+02 3.951636503293583473e+02 3.951628288445004955e+02 3.951619817533668879e+02 3.951611092525351978e+02 3.951602128607314626e+02 3.951592947425204443e+02 3.951583565123038966e+02 3.951573992803053557e+02 3.951566337305721959e+02
1.161249293016792581e+04 3.947353046445373366e+02 3.947349207179576069e+02 3.947344303480729195e+02 3.947339718583040735e+02 3.947335076377619885e+02 3.947330381034836932e+02 3.947325584035281736e+02 3.947320667220602672e+02 3.947315658323716434e+02 3.947310541461395133e+02 3.947305302125716935e+02 3.947299940307075872e+02 3.947294472182263689e+02 3.947288904879138727e+02 3.947284432918238508e+02
1.161250543016792653e+04 3.926722416472865689e+02 3.927470195831275532e+02 3.929675616337999600e+02 3.930546796382001276e+02 3.931369024065946292e+02 3.932158893378220910e+02 3.932915857089828364e+02 3.933640476922223570e+02 3.934342726714867808e+02 3.935020273038871892e+02 3.935672349507190688e+02 3.936298598913086835e+02 3.936899507174510404e+02 3.937477495911952019e+02 3.937915929850838666e+02
1.161260543016792690e+04 3.946061396929685543e+02 3.946046577786318608e+02 3.945977772052374348e+02 3.945956766869454668e+02 3.945935381027903190e+02 3.945913304972222022e+02 3.945890547968356259e+02 3.945867087782114595e+02 3.945842640418895826e+02 3.945817268280340500e+02 3.945790968800478140e+02 3.945763685662959119e+02 3.945735303357274688e+02 3.945705630338073320e+02 3.945681337730562745e+02
1.207825469774593876e+04 3.948130345939524659e+02 3.948126055596323454e+02 3.948122693844388778e+02 3.948117335224970361e+02 3.948111907266768412e+02 3.948106385661646414e+02 3.948100754468708260e+02 3.948095000049393093e+02 3.948089098061893765e+02 3.948083022254949697e+02 3.948076753434146440e+02 3.948070276596270674e+02 3.948063576808333437e+02 3.948056634577698105e+02 3.948050983022018841e+02
1.297825469774593876e+04 3.948404565886265232e+02 3.948401135992577338e+02 3.948396987705238530e+02 3.948393003534268928e+02 3.948388971065814985e+02 3.948384898431381202e+02 3.948380776157767968e+02 3.948376596708706074e+02 3.948372361304681704e+02 3.948368047396779730e+02 3.948363626158062516e+02 3.948359067933412234e+02 3.948354345216690149e+02 3.948349428632314471e+02 3.948345414332577548e+02
1.387825469774593876e+04 3.943000225945963280e+02 3.942999202060614152e+02 3.943000227234962836e+02 3.942999104421485868e+02 3.942997891265652584e+02 3.942996657787123240e+02 3.942995398279732058e+02 3.942994109605743347e+02 3.942992796626577388e+02 3.942991450515444285e+02 3.942990064688237339e+02 3.942988635142264116e+02 3.942987160029439337e+02 3.942985638153959371e+02 3.942984399267051003e+02
1.477825469774593876e+04 3.926194918393802027e+02 3.926190661073586625e+02 3.926185157422507928e+02 3.926179843204214421e+02 3.926174417326354273e+02 3.926168901545887593e+02 3.926163290075685381e+02 3.926157574585395196e+02 3.926151751001678463e+02 3.926145810445376014e+02 3.926139746013910781e+02 3.926133552408945206e+02 3.926127221535936087e+02 3.926120731494946767e+02 3.926115488117952168e+02
1.567825469774593876e+04 3.914204339529788967e+02 3.914201741341855723e+02 3.914199312369036079e+02 3.914196027040309218e+02 3.914192654088248560e+02 3.914189244798249092e+02 3.914185798292858749e+02 3.914182311483143053e+02 3.914178782310896167e+02 3.914175203088313992e+02 3.914171561450025365e+02 3.914167841117101716e+02 3.914164026519755453e+02 3.914160105644817236e+02 3.914156934421898768e+02
1.657825469774593876e+04 3.907475393265359571e+02 3.907471132795813560e+02 3.907495477503875918e+02 3.907490095865128410e+02 3.907484694956046383e+02 3.907479235541213711e+02 3.907473710410049534e+02 3.907468104668811293e+02 3.907462401492934987e+02 3.907456583226177145e+02 3.907450636854167669e+02 3.907444559102026460e+02 3.907438359290277390e+02 3.907432056756396150e+02 3.907427029372033758e+02
1.748106719774593876e+04 3.897951952734391057e+02 3.897948779606643939e+02 3.897944786203988201e+02 3.897940698803245709e+02 3.897936473253965346e+02 3.897932194595767896e+02 3.897927869493588560e+02 3.897923495859485570e+02 3.897919076254605670e+02 3.897914613325326627e+02 3.897910107264615931e+02 3.897905555447384813e+02 3.897900956032063391e+02 3.897896304130002818e+02 3.897892591879967767e+02
1.837925764526856074e+04 3.891238912119082443e+02 3.891235125635137706e+02 3.891231668636759764e+02 3.891226785676222448e+02 3.891221848878968217e+02 3.891216857189317579e+02 3.891211813735775422e+02 3.891206707205781186e+02 3.891201529585842422e+02 3.891196270875564096e+02 3.891190921359644790e+02 3.891185474307238792e+02 3.891179929418356096e+02 3.891174290186642111e+02 3.891169774722978900e+02
1.927925764526856074e+04 3.890059824219257507e+02 3.890055965579604162e+02 3.890054836224853716e+02 3.890049748304357990e+02 3.890044588920453634e+02 3.890039370431611019e+02 3.890034096411798714e+02 3.890028765803359647e+02 3.890023377815110166e+02 3.890017928982674675e+02 3.890012413088863354e+02 3.890006821496485827e+02 3.890001143989851471e+02 3.889995369167404533e+02 3.889990739739392893e+02
2.017925764526856074e+04 3.888604699959107620e+02 3.888599566626124897e+02 3.888593573423926841e+02 3.888587039290233633e+02 3.888580418655433277e+02 3.888573726524982703e+02 3.888566957271197566e+02 3.888560105728204235e+02 3.888553169487019545e+02 3.888546145948502044e+02 3.888539034258077436e+02 3.888531837207626722e+02 3.888524561448222698e+02 3.888517212067412743e+02 3.888511360663983965e+02
2.107925764526856074e+04 3.889541682332067580e+02 3.889537764873311971e+02 3.889535473260118010e+02 3.889530311636780766e+02 3.889525056192202896e+02 3.889519739981035968e+02 3.889514361972246093e+02 3.889508922227804533e+02 3.889503423714040196e+02 3.889497869911474481e+02 3.889492263511190799e+02 3.889486605252769209e+02 3.889480893020183885e+02 3.889475119291701048e+02 3.889470513119485418e+02
2.197925764526856074e+04 3.889217778846338547e+02 3.889212686181342633e+02 3.889206189747789040e+02 3.889199586587843669e+02 3.889192898064396786e+02 3.889186160146353473e+02 3.889179371466681800e+02 3.889172530778829469e+02 3.889165638653332735e+02 3.889158693178786166e+02 3.889151689781263599e+02 3.889144622040480499e+02 3.889137482180463508e+02 3.889130258888005187e+02 3.889124495355787872e+02
2.287925764526856074e+04 3.890575909236036978e+02 3.890571536071621495e+02 3.890566069633644020e+02 3.890560315965695395e+02 3.890554456823412011e+02 3.890548535749247776e+02 3.890542549962023600e+02 3.890536495948324500e+02 3.890530372426732129e+02 3.890524177908811794e+02 3.890517910833774522e+02 3.890511571080415365e+02 3.890505161491008721e+02 3.890498684601719788e+02 3.890493526788303598e+02
2.377925764526856074e+04 3.891899668941716186e+02 3.891897126210473061e+02 3.891898655800376901e+02 3.891895184624493140e+02 3.891891618825541173e+02 3.891888014071044495e+02 3.891884368181483751e+02 3.891880678039235022e+02 3.891876942221410900e+02 3.891873160718091640e+02 3.891869332695607113e+02 3.891865456470636673e+02 3.891861532179463552e+02 3.891857562245879762e+02 3.891854400454916458e+02
2.467925764526856074e+04 3.891596529845063515e+02 3.891592956849345910e+02 3.891590237205333551e+02 3.891585365138866450e+02 3.891580385469107455e+02 3.891575358331309076e+02 3.891570281809451330e+02 3.891565154019983765e+02 3.891559975970882874e+02 3.891554748456206880e+02 3.891549469787592557e+02 3.891544135797272475e+02 3.891538739604357033e+02 3.891533269548991143e+02 3.891528894361459834e+02
2.538925764526856074e+04 3.891516949232222942e+02 3.891513413504447385e+02 3.891509160070992834e+02 3.891504311286946063e+02 3.891499326293613876e+02 3.891494287583653318e+02 3.891489195841483024e+02 3.891484049860644063e+02 3.891478852853098829e+02 3.891473610072039264e+02 3.891468325352043962e+02 3.891463001214796122e+02 3.891457641224474173e+02 3.891452246966071016e+02 3.891447961119050660e+02
