TIME T_sat_Ch0_mesh1 T_sat_Ch0_mesh2 T_sat_Ch0_mesh3 T_sat_Ch0_mesh4 T_sat_Ch0_mesh5 T_sat_Ch0_mesh6 T_sat_Ch0_mesh7 T_sat_Ch0_mesh8 T_sat_Ch0_mesh9 T_sat_Ch0_mesh10 T_sat_Ch0_mesh11 T_sat_Ch0_mesh12 T_sat_Ch0_mesh13 T_sat_Ch0_mesh14 T_sat_Ch0_mesh15 
0.000000000000000000e+00 6.201713808644612982e+02 6.201622271046205697e+02 6.210822003982642627e+02 6.210714063538197252e+02 6.210606112972823212e+02 6.210498152356034325e+02 6.210390181746327016e+02 6.210282201201152930e+02 6.210174210776899599e+02 6.210066210527384101e+02 6.209958200505026298e+02 6.209850180765640744e+02 6.209742151370194279e+02 6.209634112358642142e+02 6.209548845959586743e+02
5.000040000000043960e+01 5.636551121366953794e+02 5.636438964633749720e+02 5.636333251364961825e+02 5.636212021202686628e+02 5.636086469573084514e+02 5.635955579830167608e+02 5.635821764901472761e+02 5.635687481804113759e+02 5.635554031445853980e+02 5.635421861288934906e+02 5.635291045699659662e+02 5.635161536147419383e+02 5.635033133363813249e+02 5.634904082066155979e+02 5.634795373939276715e+02
1.000003999999985922e+02 5.516294410357349989e+02 5.516115584662845777e+02 5.515894096000033642e+02 5.515682908314984161e+02 5.515474483257042948e+02 5.515268626870640674e+02 5.515065171736500815e+02 5.514863975226853654e+02 5.514664915614416714e+02 5.514467899056269289e+02 5.514272797342828198e+02 5.514079744653712396e+02 5.513887604873272039e+02 5.513701442694209618e+02 5.513539450186503927e+02
1.502405034099261059e+02 5.043532533454780378e+02 5.043371248751740268e+02 5.043034210047603665e+02 5.042850722689096301e+02 5.042669853339064048e+02 5.042491499810605546e+02 5.042315619081458635e+02 5.042142220797492200e+02 5.041971329568050351e+02 5.041802966431878872e+02 5.041637249601648136e+02 5.041474163723626702e+02 5.041314303271753374e+02 5.041154918069447604e+02 5.041041696442321154e+02
2.004200391960640388e+02 4.460413580022348015e+02 4.459636010046710339e+02 4.458719280857562808e+02 4.457818193513328993e+02 4.456937027481669702e+02 4.456074677070266716e+02 4.455229110763362996e+02 4.454398500620384311e+02 4.453577550605151600e+02 4.452773861781683422e+02 4.451940482156181247e+02 4.451278753611832144e+02 4.451029449019562207e+02 4.451011023888682985e+02 4.451000083763385078e+02
2.553043625042201370e+02 4.426712017700273805e+02 4.425321585740788919e+02 4.423577397671815561e+02 4.421837882388712160e+02 4.420087581159810952e+02 4.418328007253884948e+02 4.416559805940222532e+02 4.414783277073992735e+02 4.412998530937321675e+02 4.411205538045134631e+02 4.409599947231278065e+02 4.408800507352887053e+02 4.408744278711122888e+02 4.408732008795257684e+02 4.408722960642986664e+02
3.053043625042201370e+02 4.413690119058945811e+02 4.412207636523082215e+02 4.410374584475176789e+02 4.408557782570454719e+02 4.406733588902721976e+02 4.404901950089589491e+02 4.403062821442654240e+02 4.401216177844436857e+02 4.399362023888626254e+02 4.397500404280563089e+02 4.395631402395821397e+02 4.393755162958157143e+02 4.391977054432662158e+02 4.391027664311793615e+02 4.390957975411337202e+02
3.553043625042201370e+02 4.411049823268789396e+02 4.409546053901391929e+02 4.407685925726505616e+02 4.405847143883918307e+02 4.404001108917279907e+02 4.402147809186761833e+02 4.400287236360953784e+02 4.398419362692156369e+02 4.396544107481024071e+02 4.394661296900467278e+02 4.392770623924999427e+02 4.390871650127437533e+02 4.388963882723583652e+02 4.387046928107499184e+02 4.385527653218780415e+02
4.053043625042201370e+02 4.451745165995365028e+02 4.450358935540498351e+02 4.448602789828900086e+02 4.446903593308905442e+02 4.445196590237463852e+02 4.443482038039779809e+02 4.441760094427473859e+02 4.440030872680438279e+02 4.438294443261206652e+02 4.436550806189525815e+02 4.434799841898843624e+02 4.433041267160070333e+02 4.431274639282647740e+02 4.429499415691128092e+02 4.428092382698185361e+02
4.553043625042201370e+02 4.456677113069457619e+02 4.455282335914804435e+02 4.453536500329457795e+02 4.451828644032750617e+02 4.450113320604447154e+02 4.448390495801463658e+02 4.446660072795079941e+02 4.444921959066385284e+02 4.443176099191766752e+02 4.441422494527196818e+02 4.439661209556462609e+02 4.437892368936025491e+02 4.436116144506751198e+02 4.434332710210611594e+02 4.432920315815732124e+02
5.053043625042201370e+02 4.457669551428363661e+02 4.456290592066366116e+02 4.454568179383164193e+02 4.452881339570085402e+02 4.451187524395893433e+02 4.449486758428745929e+02 4.447779072063052013e+02 4.446064498722846565e+02 4.444343069493553458e+02 4.442614809048477582e+02 4.440879734077326475e+02 4.439137861462660908e+02 4.437389219416687069e+02 4.435633843052538623e+02 4.434243867941356712e+02
5.553043625042200802e+02 4.455396269503955864e+02 4.454007376818861985e+02 4.452272445335383395e+02 4.450574198559082788e+02 4.448869336947361148e+02 4.447157866364821075e+02 4.445439786727426394e+02 4.443715092037773502e+02 4.441983770092796249e+02 4.440245802203276639e+02 4.438501162833421176e+02 4.436749823619811650e+02 4.434991758541397644e+02 4.433226941667387564e+02 4.431829465631894323e+02
6.053043625042200802e+02 4.450654544612239079e+02 4.449252478665648596e+02 4.447501580287522529e+02 4.445787539209648571e+02 4.444066959429588906e+02 4.442339813994656197e+02 4.440606070605768991e+02 4.438865692257459159e+02 4.437118637773395449e+02 4.435364862284878882e+02 4.433604317585572971e+02 4.431836955252024381e+02 4.430062729929527450e+02 4.428281596609205053e+02 4.426871119151608696e+02
6.584293625042200802e+02 4.443667976945713463e+02 4.442246274721627515e+02 4.440470827782552874e+02 4.438732745551256471e+02 4.436987993349483759e+02 4.435236525174676672e+02 4.433478292114457417e+02 4.431713242797814587e+02 4.429941323773724662e+02 4.428162479780097556e+02 4.426376653941493942e+02 4.424583789934826541e+02 4.422783834000086927e+02 4.420976732630554125e+02 4.419545589801197139e+02
7.096793625042200802e+02 4.435940676848727549e+02 4.434497051896120752e+02 4.432694102672148802e+02 4.430929037334923919e+02 4.429157094776513759e+02 4.427378220562072215e+02 4.425592358463560458e+02 4.423799450668376494e+02 4.421999437960898831e+02 4.420192259792522691e+02 4.418377854331564549e+02 4.416556160106295579e+02 4.414727117435028845e+02 4.412890666550423475e+02 4.411436173312629876e+02
7.596793625042200802e+02 4.425875013715053683e+02 4.424403739008394609e+02 4.422564386771277327e+02 4.420765215633863932e+02 4.418958882870166462e+02 4.417145328046149189e+02 4.415324489189727046e+02 4.413496302862617995e+02 4.411660704227283532e+02 4.409817626883430535e+02 4.407967002359600883e+02 4.406108761354627177e+02 4.404242834310289254e+02 4.402369143810354331e+02 4.400884982096047224e+02
8.096793625042200802e+02 4.408859999003680628e+02 4.407337904906836457e+02 4.405436407615816279e+02 4.403574540265406085e+02 4.401704954563495562e+02 4.399827573822554996e+02 4.397942317369187322e+02 4.396049100822444302e+02 4.394147837218563382e+02 4.392238438842230153e+02 4.390320819113308062e+02 4.388394893984206533e+02 4.386460579234824309e+02 4.384517781644410093e+02 4.382978580288241801e+02
8.596793625042200802e+02 4.390462780656480959e+02 4.388885647156326968e+02 4.386912533530170322e+02 4.384980300116333183e+02 4.383039648478331287e+02 4.381090488255171067e+02 4.379132727875128239e+02 4.377166274991021169e+02 4.375191037149582485e+02 4.373206922392722618e+02 4.371213839033840713e+02 4.369211693342415970e+02 4.367200378416096100e+02 4.365179743257891687e+02 4.363578441204014098e+02
9.096793625042200802e+02 4.376324460148362050e+02 4.374711508900015247e+02 4.372685604921286426e+02 4.370696796967431510e+02 4.368698809593921624e+02 4.366691662348500813e+02 4.364675221968177539e+02 4.362649342047956225e+02 4.360613864045863011e+02 4.358568621834069745e+02 4.356513450693577170e+02 4.354448200881787443e+02 4.352372750992078636e+02 4.350287013777860352e+02 4.348633778317157521e+02
9.596793625042200802e+02 4.365251386270660987e+02 4.363589567147116668e+02 4.361511104727495081e+02 4.359475111629686239e+02 4.357429418100388716e+02 4.355373893766832794e+02 4.353308411959808382e+02 4.351232854332007491e+02 4.349147112328050753e+02 4.347051086630069108e+02 4.344944684542267623e+02 4.342827816742584446e+02 4.340700392962824594e+02 4.338562316126899532e+02 4.336867484666361747e+02
1.009679362504220080e+03 4.356053103271305531e+02 4.354357783693875490e+02 4.352237953723123383e+02 4.350161320575688251e+02 4.348074550752877485e+02 4.345977538838947680e+02 4.343870181229236778e+02 4.341752374679737159e+02 4.339624014917740169e+02 4.337484995638327518e+02 4.335335208279449830e+02 4.333174543544404287e+02 4.331002892981142622e+02 4.328820148296599655e+02 4.327089753781348236e+02
1.059679362504220080e+03 4.347195905788743175e+02 4.345468221805462576e+02 4.343307778097057508e+02 4.341191134154273641e+02 4.339063973427507790e+02 4.336926187653085094e+02 4.334777667445247289e+02 4.332618302372233074e+02 4.330447981111312856e+02 4.328266591541000707e+02 4.326074020871860739e+02 4.323870156716991460e+02 4.321654887866328636e+02 4.319428103345545651e+02 4.317662655311939943e+02
1.109679362504220080e+03 4.338315345271324190e+02 4.336554692394096833e+02 4.334352497050538204e+02 4.332195078105530115e+02 4.330026743380211656e+02 4.327847380967959907e+02 4.325656878357632422e+02 4.323455122360794576e+02 4.321241998560234379e+02 4.319017389758346326e+02 4.316781173038009456e+02 4.314533216186908930e+02 4.312273373235713052e+02 4.310001480611177840e+02 4.308200017307720486e+02
1.159679362504220080e+03 4.328743266119467421e+02 4.326946942599646491e+02 4.324699737790551808e+02 4.322498178751851015e+02 4.320285252754333669e+02 4.318060834418621425e+02 4.315824792325131511e+02 4.313576987456152665e+02 4.311317271872177344e+02 4.309045487938137171e+02 4.306761468558963202e+02 4.304465039452830410e+02 4.302156021955393044e+02 4.299834234380009548e+02 4.297992888040890307e+02
1.209679362504220080e+03 4.318654647635661945e+02 4.316819837219798046e+02 4.314524187058487428e+02 4.312274901981206199e+02 4.310013685710034679e+02 4.307740384571829964e+02 4.305454837913182473e+02 4.303156878672929224e+02 4.300846334344685147e+02 4.298523028114776707e+02 4.296186780127197835e+02 4.293837409604021786e+02 4.291474736481116565e+02 4.289098581185897956e+02 4.287213832525678754e+02
1.259679362504220080e+03 4.308904657368769904e+02 4.307031411686855336e+02 4.304687351190047480e+02 4.302390287238208657e+02 4.300080670631626276e+02 4.297758330713321016e+02 4.295423093411511672e+02 4.293074782207747830e+02 4.290713219104757741e+02 4.288338225456761847e+02 4.285949622739030929e+02 4.283547234048280075e+02 4.281130885054405439e+02 4.278700402991042893e+02 4.276772327282528181e+02
1.309679362504220080e+03 4.299749833441936744e+02 4.297839242566885218e+02 4.295448107847083179e+02 4.293104585690546173e+02 4.290747905327882563e+02 4.288377891737778214e+02 4.285994368929828511e+02 4.283597160484437154e+02 4.281186089942343642e+02 4.278760980933468545e+02 4.276321657147807969e+02 4.273867942955807848e+02 4.271399663525754704e+02 4.268916643194969538e+02 4.266946673600098165e+02
1.359679362504220080e+03 4.291115094387481577e+02 4.289168197270402061e+02 4.286731304513635337e+02 4.284342643347270041e+02 4.281940259578968266e+02 4.279523977542835382e+02 4.277093620787620694e+02 4.274649012073258518e+02 4.272189973236293099e+02 4.269716324867348476e+02 4.267227885950150039e+02 4.264724474282612050e+02 4.262205906601577681e+02 4.259671997260405192e+02 4.257661436821599068e+02
1.409679362504220080e+03 4.282080128638958172e+02 4.280094603245640315e+02 4.277609112605645123e+02 4.275172456604263971e+02 4.272721494806077089e+02 4.270256047036592690e+02 4.267775931454053762e+02 4.265280964430598374e+02 4.262770960363041581e+02 4.260245731184160149e+02 4.257705085133249554e+02 4.255148823920579844e+02 4.252576734135896572e+02 4.249988571758447051e+02 4.247934630977525785e+02
1.459679362504220080e+03 4.272760591027647479e+02 4.270734215792136297e+02 4.268197087459415116e+02 4.265709677335422612e+02 4.263207339644415015e+02 4.260689882860095850e+02 4.258157110795588096e+02 4.255608821724138124e+02 4.253044807838296038e+02 4.250464855524579662e+02 4.247868746978038530e+02 4.245256263570445299e+02 4.242627188249277879e+02 4.239981303417324625e+02 4.237881319518337477e+02
1.509679362504220080e+03 4.263260440670259754e+02 4.261192417064759184e+02 4.258600283542369880e+02 4.256059497221679067e+02 4.253503094306595358e+02 4.250930870623033684e+02 4.248342613063159661e+02 4.245738104404462092e+02 4.243117123763795462e+02 4.240479446341000767e+02 4.237824842417546733e+02 4.235153078064056444e+02 4.232463922709363260e+02 4.229757178930524333e+02 4.227608707756775175e+02
1.559679362504220080e+03 4.251826966894284396e+02 4.249705880280044994e+02 4.247049487845393969e+02 4.244444224977777367e+02 4.241822491883244197e+02 4.239184062043113954e+02 4.236528703426607763e+02 4.233856177854099769e+02 4.231166239825106459e+02 4.228458635410360102e+02 4.225733102356741711e+02 4.222989372919010407e+02 4.220227176053422227e+02 4.217446230029069056e+02 4.215238242476407322e+02
1.609679362504220080e+03 4.240442786948415232e+02 4.238267730263668795e+02 4.235543073816975266e+02 4.232870592650330082e+02 4.230180710924750542e+02 4.227473177234641639e+02 4.224747733328396748e+02 4.222004114330324001e+02 4.219242049178382103e+02 4.216461261025390286e+02 4.213661467259746587e+02 4.210842379254773959e+02 4.208003700338654767e+02 4.205145121578177623e+02 4.202875048570002718e+02
1.659679362504220080e+03 4.229827960999789411e+02 4.227600985230379251e+02 4.224810810290172185e+02 4.222073581413011425e+02 4.219318017792038518e+02 4.216543844970289001e+02 4.213750781579127533e+02 4.210938539143865000e+02 4.208106821727175202e+02 4.205255325521189889e+02 4.202383738791892824e+02 4.199491743188545456e+02 4.196579015403680160e+02 4.193645227623031815e+02 4.191314978604608541e+02
1.709679362504220080e+03 4.219782399283730001e+02 4.217504745664662096e+02 4.214650550098933763e+02 4.211850060716225244e+02 4.209030293213614868e+02 4.206190949710130553e+02 4.203331724956356084e+02 4.200452306520611501e+02 4.197552375058721168e+02 4.194631604556391835e+02 4.191689662494751474e+02 4.188726210424640044e+02 4.185740903668223041e+02 4.182733388933433503e+02 4.180344127763515871e+02
1.759679362504220080e+03 4.210152912857734009e+02 4.207825003748054655e+02 4.204907505928566138e+02 4.202044234949762540e+02 4.199160722792344131e+02 4.196256649712525473e+02 4.193331688749854038e+02 4.190385505797900123e+02 4.187417759681718508e+02 4.184428102470072872e+02 4.181416180698762446e+02 4.178381639062583304e+02 4.175324126311207351e+02 4.172243300544612907e+02 4.169795421552373114e+02
1.809679362504220080e+03 4.201219468500539165e+02 4.198843671860079212e+02 4.195865486458922646e+02 4.192942348851352676e+02 4.189998038101750808e+02 4.187032216258751305e+02 4.184044539368293272e+02 4.181034658008135239e+02 4.178002217387944484e+02 4.174946856382325677e+02 4.171868204966926328e+02 4.168765880657015259e+02 4.165639484185399510e+02 4.162488596089434623e+02 4.159984532113260229e+02
1.859679362504220080e+03 4.192786545108099290e+02 4.190364884128500194e+02 4.187329553885904829e+02 4.184349072827387204e+02 4.181346520955574420e+02 4.178321543308861123e+02 4.175273776321529340e+02 4.172202846277814388e+02 4.169108367486688280e+02 4.165989940695741325e+02 4.162847152490647886e+02 4.159679576660207090e+02 4.156486776254635060e+02 4.153268304248409208e+02 4.150710061339864865e+02
1.909679362504220080e+03 4.186142781340222996e+02 4.183682830432881019e+02 4.180598362252899278e+02 4.177569985796000083e+02 4.174518775928298169e+02 4.171444353995295842e+02 4.168346330079400559e+02 4.165224303086820328e+02 4.162077861525551157e+02 4.158906584966110245e+02 4.155710046137409108e+02 4.152487814284796741e+02 4.149239459758539397e+02 4.145964561257787295e+02 4.143361205405228702e+02
1.959679362504220080e+03 4.180060606932100882e+02 4.177565398768765021e+02 4.174436303157426664e+02 4.171363790165167984e+02 4.168267719451178550e+02 4.165147695447238902e+02 4.162003315100499208e+02 4.158834169620869261e+02 4.155639846344354282e+02 4.152419930185890280e+02 4.149174003973137133e+02 4.145901647297268369e+02 4.142602432201691158e+02 4.139275915020651837e+02 4.136631245200857734e+02
2.009679362504220080e+03 4.173300669392606324e+02 4.170765715361221737e+02 4.167586400212186390e+02 4.164464127083151652e+02 4.161317492712284434e+02 4.158146094687642744e+02 4.154949524995091679e+02 4.151727369341263056e+02 4.148479205196959470e+02 4.145204598429946827e+02 4.141903098877243679e+02 4.138574236124649133e+02 4.135217515397355328e+02 4.131832413405023772e+02 4.129140695963417897e+02
2.059679362504220080e+03 4.168396816086549279e+02 4.165831971174624186e+02 4.162613982695454524e+02 4.159454297316131033e+02 4.156269672377277402e+02 4.153059694830345734e+02 4.149823940208082718e+02 4.146561970163612045e+02 4.143273329988825253e+02 4.139957547010363328e+02 4.136614131439964694e+02 4.133242581974503764e+02 4.129842389955265389e+02 4.126413009569338328e+02 4.123685676638413042e+02
2.109679362504220080e+03 4.160412552885389346e+02 4.157803555475259714e+02 4.154533505128146658e+02 4.151317958887015038e+02 4.148076535799907560e+02 4.144808791803559984e+02 4.141514262875110148e+02 4.138192464383399738e+02 4.134842885794604399e+02 4.131464982556445307e+02 4.128058167523129214e+02 4.124621809817671192e+02 4.121155247057992597e+02 4.117657789014398304e+02 4.114875487222703327e+02
2.159679362504220080e+03 4.152083523333355970e+02 4.149437901989628017e+02 4.146107633219061199e+02 4.142832341546987323e+02 4.139528242786812484e+02 4.136195948698041320e+02 4.132835375522437289e+02 4.129446128034604726e+02 4.126027661289151638e+02 4.122579335435635812e+02 4.119100417475003724e+02 4.115590061258028527e+02 4.112047310626095395e+02 4.108471227727429778e+02 4.105625530127135789e+02
2.209679362504220080e+03 4.148654263962192772e+02 4.145965176399650431e+02 4.142574168834668740e+02 4.139247815174934431e+02 4.135892860203097712e+02 4.132508974956554084e+02 4.129095635357006131e+02 4.125652333068694588e+02 4.122178627414243124e+02 4.118674159334751153e+02 4.115138638911609519e+02 4.111571812984807366e+02 4.107973431985365096e+02 4.104343243050183219e+02 4.101455901600506877e+02
2.259679362504220080e+03 4.121569604449369990e+02 4.118688654990270379e+02 4.115169862333265201e+02 4.111615047214468177e+02 4.108029240340794672e+02 4.104412274765766142e+02 4.100763917447063704e+02 4.097083812771695079e+02 4.093371438421993389e+02 4.089626107262435539e+02 4.085847042495821597e+02 4.082033516123794925e+02 4.078184977814116223e+02 4.074301056440754110e+02 4.071210794079192965e+02
2.309679362504220080e+03 4.101970881461792260e+02 4.099032363778629247e+02 4.095234120199326071e+02 4.091603782879556093e+02 4.087938903904961307e+02 4.084237781248490364e+02 4.080498716144801392e+02 4.076720241649391028e+02 4.072901253538861965e+02 4.069041023789034739e+02 4.065139123712794458e+02 4.061195303131162859e+02 4.057209366093079552e+02 4.053181067128341510e+02 4.049972292570498666e+02
2.359679362504220080e+03 4.104780277625831104e+02 4.101838064084719235e+02 4.098139433656983783e+02 4.094504167999302808e+02 4.090835162091739790e+02 4.087131510130498100e+02 4.083392057310908285e+02 4.079615507136550150e+02 4.075800519643406687e+02 4.071945798972477633e+02 4.068050132089707063e+02 4.064112289678456591e+02 4.060130549338181254e+02 4.056101308918301243e+02 4.052884897149129415e+02
2.409679362504220080e+03 4.091390457330060144e+02 4.088344395176580406e+02 4.084593139808715705e+02 4.080826665915882359e+02 4.077021935411758022e+02 4.073177427561738568e+02 4.069291358090580388e+02 4.065361626360959235e+02 4.061385792770863645e+02 4.057361179299018659e+02 4.053285203281611757e+02 4.049155984182555130e+02 4.044973048476656459e+02 4.040737689902138072e+02 4.037360101668022025e+02
2.459679362504220080e+03 4.087420814777076430e+02 4.084308213315575244e+02 4.080418853306404117e+02 4.076558202234810437e+02 4.072654019970666468e+02 4.068706473290444592e+02 4.064715563389777913e+02 4.060681148100474047e+02 4.056602949559436979e+02 4.052480533396685587e+02 4.048313274727387352e+02 4.044100345230457378e+02 4.039840775601830956e+02 4.035533653704276276e+02 4.032100771327016560e+02
2.509679362504220080e+03 4.093350529242152334e+02 4.090318941783024798e+02 4.086549711310872794e+02 4.082788056055132984e+02 4.078983471285433779e+02 4.075136551594094954e+02 4.071247627571447083e+02 4.067316752841173866e+02 4.063343739325864021e+02 4.059328194633805538e+02 4.055269548663787873e+02 4.051167068833624398e+02 4.047019864671274263e+02 4.042826874772341625e+02 4.039484878379627730e+02
2.559679362504220080e+03 4.090549110387385099e+02 4.087476232617075880e+02 4.083611638785346258e+02 4.079800993344638869e+02 4.075948811555783777e+02 4.072055195286963567e+02 4.068119988417712420e+02 4.064142839944094021e+02 4.060123238626302395e+02 4.056060537907907246e+02 4.051953974449008342e+02 4.047802676799933579e+02 4.043605653541386573e+02 4.039361751305017378e+02 4.035978738954562459e+02
2.609679362504220080e+03 4.083278313379950646e+02 4.080142372112653675e+02 4.076197928362780658e+02 4.072312502031704753e+02 4.068385378324914541e+02 4.064416257444418079e+02 4.060404666182768665e+02 4.056349986684948590e+02 4.052251470446912549e+02 4.048108238702944845e+02 4.043919267836909057e+02 4.039683361610273096e+02 4.035399122179144342e+02 4.031064956135096509e+02 4.027608387883922774e+02
2.659679362504220080e+03 4.076455227776372112e+02 4.073256516491084653e+02 4.069231347104812357e+02 4.065268164507588722e+02 4.061262737576445261e+02 4.057214366578259046e+02 4.053122206593096166e+02 4.048985285960711167e+02 4.044802521455774240e+02 4.040572746076481963e+02 4.036294756697038792e+02 4.031967380026246701e+02 4.027589535980381470e+02 4.023160257814976717e+02 4.019628066994471283e+02
2.709679362504220080e+03 4.071250641930765823e+02 4.068010385883706022e+02 4.063932258282357566e+02 4.059915563418729789e+02 4.055855436807067349e+02 4.051751144070923374e+02 4.047601749326823892e+02 4.043406239980262171e+02 4.039163568031671616e+02 4.034872664437797880e+02 4.030532432335126032e+02 4.026141718253912245e+02 4.021699264730918912e+02 4.017203655666212399e+02 4.013617430219744620e+02
2.759679362504220080e+03 4.067554211238044104e+02 4.064276775723177479e+02 4.060153135222152514e+02 4.056092417210176677e+02 4.051987639966814641e+02 4.047837876895463864e+02 4.043642133430021204e+02 4.039399354994309306e+02 4.035108415100092998e+02 4.030768095759143534e+02 4.026377069612489095e+02 4.021933896415299614e+02 4.017437047627532820e+02 4.012884975838981632e+02 4.009252871063008570e+02
2.809679362504220080e+03 4.066644666978614850e+02 4.063359083484727989e+02 4.059226106873611002e+02 4.055155849180756036e+02 4.051041455955488004e+02 4.046881927164387776e+02 4.042676182785638730e+02 4.038423065546968473e+02 4.034121345474676446e+02 4.029769731800037107e+02 4.025366889701912214e+02 4.020911452170691405e+02 4.016402009648638796e+02 4.011837062419322706e+02 4.008194430391745300e+02
2.859679362504220080e+03 4.066108140271455795e+02 4.062816026377324761e+02 4.058675332603289689e+02 4.054597247488544554e+02 4.050474844900228391e+02 4.046307068017528081e+02 4.042092793276702309e+02 4.037830837012476195e+02 4.033519958526816254e+02 4.029158855691305803e+02 4.024746148555045693e+02 4.020280351788914572e+02 4.015759846780945281e+02 4.011182880412818008e+02 4.007530006352586156e+02
2.909679362504220080e+03 4.064908418602531697e+02 4.061604708608983287e+02 4.057449326723311742e+02 4.053356564332775633e+02 4.049219084809616334e+02 4.045035784414480986e+02 4.040805494191100706e+02 4.036526976568000009e+02 4.032198918248263908e+02 4.027819923691498616e+02 4.023388516499753678e+02 4.018903157081239215e+02 4.014362277690705696e+02 4.009764322689816254e+02 4.006094641816129638e+02
2.959679362504220080e+03 4.063703068672224390e+02 4.060387570672307902e+02 4.056217122362969008e+02 4.052109305114834115e+02 4.047956303277214261e+02 4.043756957166044685e+02 4.039510039858645314e+02 4.035214259519729012e+02 4.030868265909789443e+02 4.026470662724772183e+02 4.022020024256858619e+02 4.017514911368763251e+02 4.012953877802733587e+02 4.008335459542427088e+02 4.004649417695146667e+02
3.009679362504220080e+03 4.062591365543220263e+02 4.059265111967039275e+02 4.055080774677451814e+02 4.050959115642888833e+02 4.046791801263319144e+02 4.042577639594073275e+02 4.038315387018964202e+02 4.034003756955942777e+02 4.029641428898821687e+02 4.025227055032551675e+02 4.020759260586152095e+02 4.016236634792138602e+02 4.011657709177205220e+02 4.007020922190856709e+02 4.003319930161640059e+02
3.059679362504220080e+03 4.061621315447006850e+02 4.058286200710747380e+02 4.054090270329512578e+02 4.049957175506434623e+02 4.045778055592386409e+02 4.041551718097138064e+02 4.037276930667503052e+02 4.032952425628686228e+02 4.028576899799644480e+02 4.024149007016802670e+02 4.019667341081390646e+02 4.015130408062057654e+02 4.010536585276801702e+02 4.005884063663816050e+02 4.002169838814102150e+02
3.109679362504220080e+03 4.059854697690959711e+02 4.056624440012607238e+02 4.052856512019765205e+02 4.048840334089703674e+02 4.044775995486921829e+02 4.040664679456571662e+02 4.036506417604726948e+02 4.032300565412222113e+02 4.028046110994540072e+02 4.023741833594274340e+02 4.019386379127613509e+02 4.014978311661955104e+02 4.010516186890133099e+02 4.005998672265588425e+02 4.002393943631791444e+02
3.159679362504220080e+03 4.058322332787710707e+02 4.054957056859961995e+02 4.050338595361322405e+02 4.046145970493817572e+02 4.041898701172326582e+02 4.037596919099964907e+02 4.033240610618396431e+02 4.028829613242130563e+02 4.024363657885844532e+02 4.019842399523774930e+02 4.015265417838002122e+02 4.010632183791429952e+02 4.005941992052937053e+02 4.001193857149428936e+02 3.997405255536077675e+02
3.209679362504220080e+03 4.061467771191301495e+02 4.057940453391926212e+02 4.053517516068888540e+02 4.049135006807539412e+02 4.044697621634234679e+02 4.040204383362721501e+02 4.035654335360660525e+02 4.031046466152887433e+02 4.026379642827427006e+02 4.021652576624933317e+02 4.016863841406708389e+02 4.012011939950623400e+02 4.007095346345553821e+02 4.002112362348949546e+02 3.998131677308013536e+02
3.259679362504220080e+03 4.050556421401320790e+02 4.047159184491442829e+02 4.042894465028759328e+02 4.038682150877547201e+02 4.034420910337649957e+02 4.030109000874492722e+02 4.025744667761957771e+02 4.021326087849263331e+02 4.016851267371132508e+02 4.012317939005256449e+02 4.007723573239395023e+02 4.003065668450581143e+02 3.998342365832077121e+02 3.993553020125713715e+02 3.989727133481243300e+02
3.309679362504220080e+03 4.047674909461763377e+02 4.044264295448800794e+02 4.039971998996453522e+02 4.035735629662350448e+02 4.031447194289227696e+02 4.027105979002083131e+02 4.022711244139789528e+02 4.018262149071240401e+02 4.013757733899155937e+02 4.009196975283515485e+02 4.004578908505471873e+02 3.999902760222245774e+02 3.995167980915733210e+02 3.990374063274553009e+02 3.986548697940746706e+02
3.359679362504220080e+03 4.052108108501712991e+02 4.048746577331520484e+02 4.044557668780062158e+02 4.040382478998208171e+02 4.036154049531747887e+02 4.031871294792824187e+02 4.027533596164593632e+02 4.023140485186955857e+02 4.018691460211294952e+02 4.014185900379388841e+02 4.009623015558271959e+02 4.005001771031829207e+02 4.000320707841786998e+02 3.995577551368039622e+02 3.991788461966708610e+02
3.409679362504220080e+03 4.047332213733257049e+02 4.043890026649173137e+02 4.039794889849913488e+02 4.035528509196173559e+02 4.031211673906291253e+02 4.026842120100337183e+02 4.022417620635038134e+02 4.017936088676975714e+02 4.013395645826227565e+02 4.008794616827688060e+02 4.004131415508448981e+02 3.999404310386714201e+02 3.994611217401685508e+02 3.989750254860985592e+02 3.985868805338727725e+02
3.459679362504220080e+03 4.047999361462518095e+02 4.044628056313803768e+02 4.040388220105131722e+02 4.036205850144851865e+02 4.031974391343594561e+02 4.027692419548365024e+02 4.023358370622639200e+02 4.018970559221245367e+02 4.014527182556741991e+02 4.010026292964922163e+02 4.005465756979041316e+02 4.000843250361070318e+02 3.996156316736133931e+02 3.991402422363360074e+02 3.987601785332605004e+02
3.509679362504220080e+03 4.051372392556820614e+02 4.047979435182495536e+02 4.043712191477658280e+02 4.039496747392088878e+02 4.035228914039179813e+02 4.030907519042849572e+02 4.026531077234004670e+02 4.022097869145276263e+02 4.017606032234843951e+02 4.013053628269647106e+02 4.008438656071423907e+02 4.003758980644147414e+02 3.999012193432453159e+02 3.994195595731579260e+02 3.990344048802739962e+02
3.559679362504220080e+03 4.051724280963711067e+02 4.048373306321290102e+02 4.044150396632708180e+02 4.039977953309305008e+02 4.035752543816713001e+02 4.031473605853861955e+02 4.027139936926041059e+02 4.022750058663427808e+02 4.018302402858180358e+02 4.013795425623159190e+02 4.009227689610041239e+02 4.004597903611760330e+02 3.999904878533702686e+02 3.995147421553900244e+02 3.991347289266596476e+02
3.609679362504220080e+03 4.054556844014393846e+02 4.051117511375277900e+02 4.046781729079048091e+02 4.042503709326019816e+02 4.038171114665584014e+02 4.033783344612412520e+02 4.029339562818114473e+02 4.024838808828723131e+02 4.020280059707363307e+02 4.015662266410289476e+02 4.010984394955909806e+02 4.006245507668482446e+02 4.001444906167287172e+02 3.996582274733125359e+02 3.992701020787737889e+02
3.659679362504220080e+03 4.049986662726016107e+02 4.046598885693246075e+02 4.042329839027647722e+02 4.038103013361466083e+02 4.033816965979546580e+02 4.029472560796335756e+02 4.025070228719259831e+02 4.020609986459724610e+02 4.016091500423291336e+02 4.011514149142498127e+02 4.006877075545753542e+02 4.002179239689548922e+02 3.997419494301723262e+02 3.992596701407552473e+02 3.988745626542334435e+02
3.709679362504220080e+03 4.053123876531706173e+02 4.049703412674818424e+02 4.045385797274745414e+02 4.041124260714815932e+02 4.036805817923880113e+02 4.032430880651623966e+02 4.027999506616658891e+02 4.023511421500980418e+02 4.018966080739380686e+02 4.014362732726554555e+02 4.009700468767445614e+02 4.004978253507424597e+02 4.000194932359125346e+02 3.995349228656892251e+02 3.991480282442491898e+02
3.759679362504220080e+03 4.051672260650658473e+02 4.048242455895216381e+02 4.043902400452609527e+02 4.039624047989916562e+02 4.035290478837021624e+02 4.030902166936979825e+02 4.026458903662078228e+02 4.021960132507683738e+02 4.017405075001936439e+02 4.012792782849004425e+02 4.008122161457577022e+02 4.003391987991969927e+02 3.998600937937781623e+02 3.993747598925110651e+02 3.989872766865315725e+02
3.809679362504220080e+03 4.052571232857126233e+02 4.049155425348200197e+02 4.044830297963665657e+02 4.040568382522753836e+02 4.036252120424508121e+02 4.031882458111446681e+02 4.027459326867752907e+02 4.022982149268830767e+02 4.018450073467166135e+02 4.013862071220081589e+02 4.009216971086198669e+02 4.004513460909975606e+02 3.999750078216001157e+02 3.994925205731942697e+02 3.991073340807862451e+02
3.859679362504220080e+03 4.050132401050708495e+02 4.046721770524042086e+02 4.042407678042073940e+02 4.038144624850749551e+02 4.033823811783090036e+02 4.029447124075956026e+02 4.025015311727055405e+02 4.020528388978108296e+02 4.015985865438498195e+02 4.011386894250206296e+02 4.006730364991935858e+02 4.002014957617297455e+02 3.997239181101691088e+02 3.992401442878515354e+02 3.988539248372179600e+02
3.909679362504220080e+03 4.052428132360788027e+02 4.048995047539683583e+02 4.044667403416844991e+02 4.040394252165416447e+02 4.036067183671712542e+02 4.031686725070398438e+02 4.027252774074744934e+02 4.022764795867270777e+02 4.018221954216395488e+02 4.013623196167310994e+02 4.008967299172395542e+02 4.004252879617766325e+02 3.999478353567201339e+02 3.994641852798762329e+02 3.990779993082368833e+02
3.959679362504220080e+03 4.057071873384707033e+02 4.053675078164066008e+02 4.049394242399386030e+02 4.045170784464554572e+02 4.040895767564180119e+02 4.036569401344653443e+02 4.032191393103894370e+02 4.027761104931794307e+02 4.023277654110727326e+02 4.018739970691651706e+02 4.014146816348647917e+02 4.009496762073586069e+02 4.004788111233291943e+02 4.000018702622766114e+02 3.996209929412506767e+02
4.009679362504220080e+03 4.057743688161410205e+02 4.054357667026477543e+02 4.050089000267350912e+02 4.045877648840217944e+02 4.041614959809304537e+02 4.037301167585785606e+02 4.032935993272552082e+02 4.028518812110391423e+02 4.024048754651632862e+02 4.019524763765897433e+02 4.014945612967154602e+02 4.010309884513662837e+02 4.005615886416841818e+02 4.000861398006738909e+02 3.997064312408776914e+02
4.059679362504220080e+03 4.058072357101314083e+02 4.054697367311433709e+02 4.050438464694947243e+02 4.046236288218022992e+02 4.041982708891882794e+02 4.037678067363123091e+02 4.033322140261703908e+02 4.028914340755598005e+02 4.024453827638178609e+02 4.019939566963932407e+02 4.015370354408602225e+02 4.010744799576459627e+02 4.006061255180585476e+02 4.001317576737676518e+02 3.997529496839762260e+02
4.109679362504220080e+03 4.058343737171560406e+02 4.054988824032342336e+02 4.050745600389426500e+02 4.046554932626140157e+02 4.042311709392243984e+02 4.038016989487724686e+02 4.033670806642791149e+02 4.029272708603190267e+02 4.024821940587526115e+02 4.020317530518276499e+02 4.015758326003624461e+02 4.011142993248396920e+02 4.006469967568325501e+02 4.001737271972285725e+02 3.997958877734973271e+02
4.159679362504220080e+03 4.058956800656809492e+02 4.055632271706496113e+02 4.051422580577085455e+02 4.047256259794615403e+02 4.043032506995499489e+02 4.038755021381314805e+02 4.034425107531916410e+02 4.030042883380219791e+02 4.025607878705670259e+02 4.021119289596219346e+02 4.016576083162104851e+02 4.011977033126700007e+02 4.007320705624729271e+02 4.002605354199599219e+02 3.998841667015765893e+02
4.209679362504220080e+03 4.059887296130533514e+02 4.056592228910543554e+02 4.052428582628954246e+02 4.048306218502582396e+02 4.044119806314958510e+02 4.039873406267495284e+02 4.035570425968360269e+02 4.031212798949493390e+02 4.026801220083467001e+02 4.022335562657980290e+02 4.017815190834646728e+02 4.013239138990542187e+02 4.008606191524905853e+02 4.003914875325719436e+02 4.000170915084902958e+02
4.259679362504220080e+03 4.060911637474212057e+02 4.057635700312748668e+02 4.053507868140950450e+02 4.049431919778460838e+02 4.045296249645560920e+02 4.041098772301436384e+02 4.036839709003968437e+02 4.032520579706958870e+02 4.028143138073843375e+02 4.023708641043755279e+02 4.019217635029475559e+02 4.014670022209148783e+02 4.010065198389398802e+02 4.005402164023622049e+02 4.001680915589395227e+02
4.309679362504220080e+03 4.061823677740994754e+02 4.058559242558755500e+02 4.054451561764590792e+02 4.050404844315239643e+02 4.046308250154111192e+02 4.042157589255976973e+02 4.037949428521768027e+02 4.033681490213418783e+02 4.029352670881780796e+02 4.024962781370791163e+02 4.020512188679813903e+02 4.016001423937735808e+02 4.011430818227742066e+02 4.006800304315256653e+02 4.003104218228759237e+02
4.359679362504220080e+03 4.061560132754767665e+02 4.058292640852873205e+02 4.054181679923498791e+02 4.050131112552425066e+02 4.046031696245303237e+02 4.041879952471355182e+02 4.037672768364944886e+02 4.033407715898335937e+02 4.029083165871270467e+02 4.024698212310794929e+02 4.020252522434572029e+02 4.015746126862911751e+02 4.011178874260595535e+02 4.006548551282801895e+02 4.002843260358032467e+02
4.409679362504220080e+03 4.060021823039486435e+02 4.056744310281276285e+02 4.052620132886587498e+02 4.048559018761091579e+02 4.044450946771726763e+02 4.040292879346370114e+02 4.036081717115716856e+02 4.031814600338544778e+02 4.027489141305309204e+02 4.023103525655084240e+02 4.018656535018342311e+02 4.014147493953898334e+02 4.009575991154188159e+02 4.004940986613904101e+02 4.001238003989403751e+02
4.459679362504220080e+03 4.060650231252196818e+02 4.057380848471605645e+02 4.053269191510118503e+02 4.049222814994101327e+02 4.045132930038245149e+02 4.040997157843774517e+02 4.036812894608435727e+02 4.032577395015138109e+02 4.028287907832781229e+02 4.023941831406615393e+02 4.019536835098755319e+02 4.015070932390541429e+02 4.010542499472620648e+02 4.005950194370723239e+02 4.002281793087450978e+02
4.509679362504220080e+03 4.059646517352882711e+02 4.056368241464756466e+02 4.052246022815509150e+02 4.048189968157619774e+02 4.044091704929670641e+02 4.039949346799486420e+02 4.035760757198675037e+02 4.031523591458357032e+02 4.027235373656324668e+02 4.022893562429786130e+02 4.018495633664942943e+02 4.014039173358819994e+02 4.009521919317267020e+02 4.004941771727888522e+02 4.001283264280970116e+02
4.559679362504220080e+03 4.055568606499878115e+02 4.052279319334530214e+02 4.048141444179246946e+02 4.044067550766427530e+02 4.039950990048674839e+02 4.035788121303315847e+02 4.031568929542254978e+02 4.027292480231463969e+02 4.022963519129527299e+02 4.018580754682380416e+02 4.014141785974074992e+02 4.009644212445667790e+02 4.005085672659846523e+02 4.000463389714956861e+02 3.996766427272037845e+02
4.609679362504220080e+03 4.052407107796529999e+02 4.049108884580100494e+02 4.044960711046712731e+02 4.040874745005673390e+02 4.036743207806530336e+02 4.032564609024989863e+02 4.028337010385548638e+02 4.024058181963881680e+02 4.019725578227523783e+02 4.015336476591475048e+02 4.010888322145082157e+02 4.006377661602766693e+02 4.001802614008355476e+02 3.997151782848742414e+02 3.993412614384657218e+02
4.659679362504220080e+03 4.050095255893904778e+02 4.046793587238000782e+02 4.042653856374497536e+02 4.038573050890223612e+02 4.034441453922393066e+02 4.030257281788960313e+02 4.026018132278205144e+02 4.021721354179398986e+02 4.017364343473175836e+02 4.012944683432870079e+02 4.008459706488919210e+02 4.003904489326225189e+02 3.999269054718762959e+02 3.994534140390123866e+02 3.990715264695091946e+02
4.709679362504220080e+03 4.049585492903276531e+02 4.046281934195162648e+02 4.042148763915662926e+02 4.038083044719097643e+02 4.033964059033426111e+02 4.029788619533590008e+02 4.025553998396624706e+02 4.021257597809325262e+02 4.016897003788628240e+02 4.012469178698626138e+02 4.007970015738900429e+02 4.003386232432914653e+02 3.998706612308330932e+02 3.993928149455097127e+02 3.990087420325109520e+02
4.759679362504220080e+03 4.054860214674820327e+02 4.051471685138934617e+02 4.047207518667810291e+02 4.043001337487848446e+02 4.038742299657142212e+02 4.034427971462757796e+02 4.030054529251594317e+02 4.025616800032610740e+02 4.021108677028024658e+02 4.016523872047000623e+02 4.011857221149176667e+02 4.007106214722131767e+02 4.002271991760202354e+02 3.997358987981572227e+02 3.993430232475674302e+02
4.809679362504220080e+03 4.059169198397388527e+02 4.055910587056976055e+02 4.051802902584207686e+02 4.047764287763976085e+02 4.043678986042872339e+02 4.039544519420586539e+02 4.035358244570552415e+02 4.031117298188163431e+02 4.026818609244107847e+02 4.022459006699922384e+02 4.018035353898542326e+02 4.013544676396132331e+02 4.008984144067819102e+02 4.004350700659025506e+02 4.000643066917144779e+02
4.859679362504220080e+03 4.051633145404159677e+02 4.048326486502903663e+02 4.044170660731837188e+02 4.040067772512136344e+02 4.035906265433702629e+02 4.031684745759661155e+02 4.027395086651656015e+02 4.023036672414627901e+02 4.018615986879072466e+02 4.014131154433825941e+02 4.009578799968335261e+02 4.004955358593803112e+02 4.000256995487156928e+02 3.995479518749190788e+02 3.991651000124784332e+02
4.909679362504220080e+03 4.050903136848701251e+02 4.047580624122726931e+02 4.043403591956652008e+02 4.039280592796428664e+02 4.035099484694698617e+02 4.030858205101076805e+02 4.026553552928231738e+02 4.022181708025050284e+02 4.017741732516303159e+02 4.013233603574191193e+02 4.008655182220611550e+02 4.004003038224293505e+02 3.999273024238095218e+02 3.994461059289540685e+02 3.990604613641452829e+02
4.959679362504220080e+03 4.049297966373613917e+02 4.045956865386141317e+02 4.041753403446044786e+02 4.037607571114107259e+02 4.033407023042198034e+02 4.029148572230799914e+02 4.024829427424631945e+02 4.020445035569849779e+02 4.015988628953735997e+02 4.011458860235994166e+02 4.006856713683314410e+02 4.002179504729100472e+02 3.997423722792023000e+02 3.992586517497929890e+02 3.988712289372368787e+02
5.009679362504220080e+03 4.050076617937097581e+02 4.046727559265030436e+02 4.042508940423705326e+02 4.038347485211210142e+02 4.034130492840479860e+02 4.029851616851834706e+02 4.025509466725812899e+02 4.021104797083331164e+02 4.016634933307599908e+02 4.012096490440674188e+02 4.007485940229132666e+02 4.002800071108991915e+02 3.998036472163570352e+02 3.993194000847009306e+02 3.989318059379682495e+02
5.059679362504220080e+03 4.049839618801327106e+02 4.046489470061592328e+02 4.042269265939039542e+02 4.038103979546001483e+02 4.033879718910935139e+02 4.029594427383248103e+02 4.025249654656112170e+02 4.020842668567364626e+02 4.016370133587308828e+02 4.011828710301082310e+02 4.007215185522557022e+02 4.002526882094012421e+02 3.997762069608957631e+02 3.992920214449550826e+02 3.989045432908350790e+02
5.109679362504220080e+03 4.051042996054417245e+02 4.047690517653263669e+02 4.043463160187220637e+02 4.039290138319524885e+02 4.035062967496943429e+02 4.030779217017593510e+02 4.026436076952796839e+02 4.022030391340918527e+02 4.017558884279702625e+02 4.013018474799701494e+02 4.008406414018704709e+02 4.003720617870100114e+02 3.998959892865080405e+02 3.994123980769196010e+02 3.990255138087870819e+02
5.159679362504220080e+03 4.051282255853738548e+02 4.047921215367721288e+02 4.043687254923365799e+02 4.039510053256531137e+02 4.035278286885013017e+02 4.030989214951795248e+02 4.026639960924408683e+02 4.022227384710677143e+02 4.017748392855004340e+02 4.013200299549054648e+02 4.008580894729067268e+02 4.003888691708407350e+02 3.999122942627849397e+02 3.994283403018563376e+02 3.990412376370140919e+02
5.209679362504220080e+03 4.049348636658145324e+02 4.045970461523436370e+02 4.041714094312169436e+02 4.037514511024071453e+02 4.033259838744403396e+02 4.028947382698473234e+02 4.024574310357667173e+02 4.020137528848827060e+02 4.015633991006008614e+02 4.011061073267956658e+02 4.006416617152357844e+02 4.001699106388603013e+02 3.996907649166957981e+02 3.992041760567396409e+02 3.988149105068305289e+02
5.259679362504220080e+03 4.051811485596703051e+02 4.048457530956301866e+02 4.044231861115260926e+02 4.040062703569317364e+02 4.035839323766558664e+02 4.031559214189128397e+02 4.027219715778742284e+02 4.022817875344159120e+02 4.018350755451108967e+02 4.013815847412775497e+02 4.009211061295341096e+02 4.004534867036613264e+02 3.999786230314916224e+02 3.994964239404950490e+02 3.991106225166415129e+02
5.309679362504220080e+03 4.050869114552482415e+02 4.047504573309957436e+02 4.043265959366655125e+02 4.039083698989554705e+02 4.034846602708110481e+02 4.030552140400922667e+02 4.026197711376069606e+02 4.021780400634248736e+02 4.017297375711003156e+02 4.012746345250956779e+02 4.008125424796056677e+02 4.003433208076299934e+02 3.998668522370981009e+02 3.993829871182968532e+02 3.989958037371912951e+02
5.359679362504220080e+03 4.034616554712021070e+02 4.032801568754264849e+02 4.030489402520372550e+02 4.028257068600655657e+02 4.026013936220711571e+02 4.023762658331872899e+02 4.021505286599087867e+02 4.019243023824433294e+02 4.016975866757228459e+02 4.014703527552524065e+02 4.012423663014308204e+02 4.010140015621022371e+02 4.007832173796509778e+02 4.005564796686473983e+02 4.003537360520919606e+02
5.409679362504220080e+03 4.031091533377860401e+02 4.029804848665889949e+02 4.027909601974006932e+02 4.026377180383908581e+02 4.024839217106593310e+02 4.023296021353733067e+02 4.021746903161989621e+02 4.020193500170938137e+02 4.018632763966527932e+02 4.017072225999669968e+02 4.015496077270042292e+02 4.013940674707524181e+02 4.012321457835507772e+02 4.010832006965331402e+02 4.009160715873869663e+02
5.459679362504220080e+03 4.027031089626119638e+02 4.026080775615208722e+02 4.024880881500214400e+02 4.023738999444518640e+02 4.022600857856969583e+02 4.021465707288553517e+02 4.020329688131766375e+02 4.019195984708750871e+02 4.018053555182968921e+02 4.016919765681014951e+02 4.015757223138818972e+02 4.014628641962004281e+02 4.013410134448978965e+02 4.012318489322594814e+02 4.011021146185457269e+02
5.509679362504220080e+03 4.009907309811324581e+02 4.008323640681563802e+02 4.006327914682310620e+02 4.004385022844624586e+02 4.002429474611411138e+02 4.000459393991666843e+02 3.998472765936965061e+02 3.996467967708236984e+02 3.994442371086394132e+02 3.992396861220587994e+02 3.990322429510156326e+02 3.988240882528347129e+02 3.986080382995770037e+02 3.984052419145955355e+02 3.981835749512346183e+02
5.559679362504220080e+03 4.000809304294917865e+02 3.999043367216211777e+02 3.996824132140885695e+02 3.994678858324767248e+02 3.992532299497814847e+02 3.990383112953846876e+02 3.988229699423283137e+02 3.986070880175009279e+02 3.983904139401398652e+02 3.981730745804231333e+02 3.979540373566392759e+02 3.977357594145761368e+02 3.975102017453830285e+02 3.973002797913999871e+02 3.970702059614266091e+02
5.609679362504220080e+03 3.993284901171825254e+02 3.989414017067575742e+02 3.984531243962945268e+02 3.979707249087376795e+02 3.974820695332116429e+02 3.969869458869591767e+02 3.964861212232714252e+02 3.959778638942871112e+02 3.956097624551896388e+02 3.955093435342960788e+02 3.955086378490864263e+02 3.955078199415321478e+02 3.955069991231551967e+02 3.955061766904758542e+02 3.955055256636804870e+02
5.659679362504220080e+03 3.985652053130020818e+02 3.981725396735637901e+02 3.976796302396729743e+02 3.971949736329570442e+02 3.967059582796355244e+02 3.962066304155280818e+02 3.958113867482813930e+02 3.956644806574552717e+02 3.956637752044310901e+02 3.956630594301173574e+02 3.956623406922768709e+02 3.956616204929121068e+02 3.956609000634958306e+02 3.956601795471299283e+02 3.956596110432744808e+02
5.709679362504220080e+03 3.977050175817511217e+02 3.972961003624081968e+02 3.967868084370578003e+02 3.962778534797674865e+02 3.957629986211710502e+02 3.952397843327079272e+02 3.949922698564897132e+02 3.949867979092381916e+02 3.949861211941415604e+02 3.949854269551950665e+02 3.949847352836936238e+02 3.949840386635427762e+02 3.949833412833727380e+02 3.949826422362010589e+02 3.949820901884636442e+02
5.759679362504220080e+03 3.964282592868642041e+02 3.960220396851632927e+02 3.955158679718472854e+02 3.950272791040326865e+02 3.945247777819508315e+02 3.941317767799473586e+02 3.940045915172294713e+02 3.940039162422466461e+02 3.940032319757309551e+02 3.940025546801956580e+02 3.940018759582384291e+02 3.940011981607579514e+02 3.940005193184684913e+02 3.939998396481852865e+02 3.939993025048003688e+02
5.809679362504220080e+03 3.971335346212553645e+02 3.967386174957931644e+02 3.962142059356726236e+02 3.957297443297647987e+02 3.952399595887416694e+02 3.948157473375923701e+02 3.943891712493812634e+02 3.943885215060640803e+02 3.943878608861857060e+02 3.943872104825640577e+02 3.943865582048384226e+02 3.943859074198810504e+02 3.943852578929878518e+02 3.943846087844007684e+02 3.943840973691233671e+02
5.859679362504220080e+03 3.966612262998172014e+02 3.962568100659431138e+02 3.957472561796338368e+02 3.952561301998913450e+02 3.947623390394744547e+02 3.943046099083459239e+02 3.940014971379710005e+02 3.940008886226131040e+02 3.940002747994520860e+02 3.939996685375849665e+02 3.939990614768925070e+02 3.939984579709097261e+02 3.939978556171647028e+02 3.939972558879222220e+02 3.939967840008758344e+02
5.909679362504220080e+03 3.962596600312168675e+02 3.958321437362724282e+02 3.952958996921739754e+02 3.947693417171423675e+02 3.942689843949079318e+02 3.939903714433257278e+02 3.939896425517796956e+02 3.939889566684768738e+02 3.939882586177424173e+02 3.939875680803105524e+02 3.939868754056312810e+02 3.939861844236906450e+02 3.939854935316470232e+02 3.939848033848603563e+02 3.939842591459755567e+02
5.959679362504220080e+03 3.963088864320427547e+02 3.959293985385206724e+02 3.954574256517071262e+02 3.949971324068330887e+02 3.945286717831437500e+02 3.942128370146315319e+02 3.941414770869072299e+02 3.941408674410325830e+02 3.941402494905401568e+02 3.941396396871593879e+02 3.941390291536296218e+02 3.941384214318921408e+02 3.941378152542276325e+02 3.941372110003984517e+02 3.941367357049022075e+02
6.009679362504220080e+03 3.959898023570086707e+02 3.955529344344737979e+02 3.950133756425411775e+02 3.944743457666027098e+02 3.940450623262804015e+02 3.939716788809797663e+02 3.939710139061480731e+02 3.939703412885780267e+02 3.939696731857025043e+02 3.939690052403780101e+02 3.939683389138056100e+02 3.939676738061480705e+02 3.939670101181108066e+02 3.939663479274504994e+02 3.939658266629946866e+02
6.059679362504220080e+03 3.959197428334368851e+02 3.955135591310676091e+02 3.950100606367358296e+02 3.945109202878491601e+02 3.940944059289046777e+02 3.938983883003866140e+02 3.938977382571899852e+02 3.938970802377377254e+02 3.938964281415096593e+02 3.938957747212782579e+02 3.938951230954550056e+02 3.938944718478909977e+02 3.938938216511375003e+02 3.938931723744538544e+02 3.938926609035761999e+02
6.109679362504220080e+03 3.958681532072986329e+02 3.954655429747130597e+02 3.949705953036921073e+02 3.944731935547575858e+02 3.940978712384127221e+02 3.939962235266535799e+02 3.939955773471992302e+02 3.939949228968567922e+02 3.939942731893440282e+02 3.939936219227064385e+02 3.939929715390951515e+02 3.939923209915814937e+02 3.939916709426570378e+02 3.939910214522060414e+02 3.939905098225725624e+02
6.124679362504220080e+03 3.958343083865782432e+02 3.954275157276001664e+02 3.949294160370961890e+02 3.944275255663550297e+02 3.940178987093912042e+02 3.938900403243920891e+02 3.938893766160978771e+02 3.938886993480948036e+02 3.938880190362930307e+02 3.938873307735099729e+02 3.938866367786744718e+02 3.938859360504523011e+02 3.938852291940384021e+02 3.938845162165371221e+02 3.938839493878532494e+02
6.129679362504220080e+03 3.957851792321212088e+02 3.953672948964817238e+02 3.948511683391373595e+02 3.943359026884897958e+02 3.939274017081640977e+02 3.938118680817673862e+02 3.938111963629201000e+02 3.938105157882549747e+02 3.938098390472416668e+02 3.938091604531529129e+02 3.938084822991861529e+02 3.938078036309472054e+02 3.938071249397414704e+02 3.938064462043711842e+02 3.938059109544588523e+02
6.179679362504220080e+03 3.957884296482814648e+02 3.953809494006385989e+02 3.948766636731656945e+02 3.943738718376590668e+02 3.939700390596088937e+02 3.938264459031925639e+02 3.938257955912314401e+02 3.938251369595545270e+02 3.938244825803369622e+02 3.938238262913228027e+02 3.938231709025864120e+02 3.938225152133688312e+02 3.938218600783138186e+02 3.938212056258440157e+02 3.938206902217909828e+02
6.229679362504220080e+03 3.957538141022916989e+02 3.953439913088011508e+02 3.948365169598711191e+02 3.943283538752622235e+02 3.940056983956320096e+02 3.939467658763232976e+02 3.939461159100850409e+02 3.939454567674648047e+02 3.939448021742837796e+02 3.939441454143141641e+02 3.939434894501102349e+02 3.939428330444536641e+02 3.939421773656993651e+02 3.939415229809494576e+02 3.939410084137641661e+02
6.279679362504220080e+03 3.962836617413478280e+02 3.958780329122804460e+02 3.953673596287291616e+02 3.948662272698834386e+02 3.943632642435780440e+02 3.940906010033560847e+02 3.940899333284690442e+02 3.940892489135594587e+02 3.940885670054680645e+02 3.940878856471075551e+02 3.940872080475244843e+02 3.940865324175740625e+02 3.940858602259065719e+02 3.940851918622474273e+02 3.940846676561993718e+02
6.329679362504220080e+03 3.956843795994736865e+02 3.952694207169574838e+02 3.947614428942083578e+02 3.942500165246156030e+02 3.940153706946932743e+02 3.940106437367118701e+02 3.940099865509281472e+02 3.940093205877604419e+02 3.940086588356483048e+02 3.940079956070360936e+02 3.940073333872952617e+02 3.940066719290562105e+02 3.940060124134471380e+02 3.940053559979010060e+02 3.940048427483559976e+02
6.379679362504220080e+03 3.954513050662878868e+02 3.950283160984261599e+02 3.944975759684692775e+02 3.939964502582480463e+02 3.937355795884141116e+02 3.937345450093992554e+02 3.937338893195186529e+02 3.937332255953375011e+02 3.937325643636501127e+02 3.937318997575314938e+02 3.937312347638578558e+02 3.937305694198955166e+02 3.937299064681270124e+02 3.937292503072675345e+02 3.937287415133297941e+02
6.429679362504220080e+03 3.953456829014815526e+02 3.949217769597905203e+02 3.943926830815353810e+02 3.938846054996027988e+02 3.936304285111847321e+02 3.936297735672809495e+02 3.936291156830607179e+02 3.936284605686987561e+02 3.936278052794598352e+02 3.936271516712197354e+02 3.936264990983352163e+02 3.936258501671339900e+02 3.936252066390687787e+02 3.936245747138257229e+02 3.936240896645604153e+02
6.479679362504220080e+03 3.952615744755028118e+02 3.948376761550980518e+02 3.942965353323520503e+02 3.938333906265875726e+02 3.935703584111076907e+02 3.935696806374073162e+02 3.935689941923350261e+02 3.935683085081714125e+02 3.935676181117040073e+02 3.935669269302642874e+02 3.935662367555174797e+02 3.935655510821254097e+02 3.935648729537135750e+02 3.935642097513132285e+02 3.935637037680641015e+02
6.529679362504220080e+03 3.952372778520726797e+02 3.948189438549096053e+02 3.942901619367961530e+02 3.938222532096291388e+02 3.936076059406848344e+02 3.936069597490982801e+02 3.936063111126165950e+02 3.936056652123142499e+02 3.936050183349065037e+02 3.936043742676120019e+02 3.936037327654668161e+02 3.936030956049622773e+02 3.936024641036393632e+02 3.936018440901739268e+02 3.936013677533520649e+02
6.579679362504220080e+03 3.951153132875140841e+02 3.946939551623162856e+02 3.941584567510269039e+02 3.937447110517628062e+02 3.935678361499813036e+02 3.935672002921645003e+02 3.935665633974866182e+02 3.935659249388525609e+02 3.935652853321187195e+02 3.935646470131478054e+02 3.935640125110363670e+02 3.935633828641671244e+02 3.935627607693670598e+02 3.935621538923201115e+02 3.935616947466215265e+02
6.629679362504220080e+03 3.951125693227467082e+02 3.946919669800170141e+02 3.941591413882351276e+02 3.937328728379943641e+02 3.935673122249390872e+02 3.935666795196517000e+02 3.935660487234662241e+02 3.935654192789113495e+02 3.935647894341498159e+02 3.935641577302345695e+02 3.935635258295739050e+02 3.935628966309672023e+02 3.935622733514557012e+02 3.935616648755790266e+02 3.935612072249064113e+02
6.679679362504220080e+03 3.951298316407330731e+02 3.947085801954677891e+02 3.941745751349575926e+02 3.937768480223727465e+02 3.936618239647582982e+02 3.936611899998782746e+02 3.936605585207872764e+02 3.936599291588088363e+02 3.936593006060920743e+02 3.936586718453932008e+02 3.936580435952469088e+02 3.936574179384970762e+02 3.936567990835852697e+02 3.936561969794405513e+02 3.936557463437608817e+02
6.729679362504220080e+03 3.952258252817009634e+02 3.947977777208407701e+02 3.942553006336391377e+02 3.938885699218055834e+02 3.938365878211667450e+02 3.938359442647782203e+02 3.938353032111531888e+02 3.938346643004321663e+02 3.938340267059653570e+02 3.938333898091037781e+02 3.938327543340707280e+02 3.938321237220518469e+02 3.938315054384866016e+02 3.938309147756749553e+02 3.938304920024964986e+02
6.779679362504220080e+03 3.951150547353743150e+02 3.946973470125603285e+02 3.941694825654938654e+02 3.937744461118241475e+02 3.936581770750897817e+02 3.936575453005713143e+02 3.936569160028527676e+02 3.936562891356728642e+02 3.936556641533810534e+02 3.936550405249930691e+02 3.936544183275373712e+02 3.936537994727238470e+02 3.936531895980875220e+02 3.936525964970775817e+02 3.936521483268899146e+02
6.829679362504220080e+03 3.950124891473710136e+02 3.945919726724623615e+02 3.940584731169035422e+02 3.937012105152654726e+02 3.936180735488305800e+02 3.936174412634732676e+02 3.936168120004800812e+02 3.936161856352005657e+02 3.936155613294932323e+02 3.936149364013140257e+02 3.936143107986143264e+02 3.936136890242119648e+02 3.936130766698273646e+02 3.936124796795523935e+02 3.936120257995039537e+02
6.879679362504220080e+03 3.949457183916287022e+02 3.945230129399492967e+02 3.939874117919537753e+02 3.936847265782279806e+02 3.936684968472519586e+02 3.936678688132901129e+02 3.936672459540190516e+02 3.936666276886659830e+02 3.936660123435110563e+02 3.936653984736424263e+02 3.936647877341716821e+02 3.936641835478513372e+02 3.936635929346311400e+02 3.936630263086564128e+02 3.936626110146332280e+02
6.929679362504220080e+03 3.950049743809408369e+02 3.945740551816344919e+02 3.940288834538274614e+02 3.936931597078190634e+02 3.936688425076912381e+02 3.936682586675286757e+02 3.936676843985753749e+02 3.936671187572194412e+02 3.936665602521933920e+02 3.936660092365105470e+02 3.936654674623645178e+02 3.936649375160474165e+02 3.936644270198109439e+02 3.936639472066194116e+02 3.936636031471521164e+02
6.979679362504220080e+03 3.950339701214192587e+02 3.946110724383640900e+02 3.940751379948048907e+02 3.937372232997378205e+02 3.936641182459828769e+02 3.936634854406016757e+02 3.936628559351572676e+02 3.936622288657490571e+02 3.936616026325155531e+02 3.936609771746315687e+02 3.936603540544132329e+02 3.936597359645755887e+02 3.936591312067960757e+02 3.936585520889385634e+02 3.936581205018844685e+02
7.029679362504220080e+03 3.950929096949594737e+02 3.946675432310304927e+02 3.941284881946069163e+02 3.937793392170366360e+02 3.936838138021669238e+02 3.936831794830483773e+02 3.936825487936202990e+02 3.936819202926386083e+02 3.936812930169677998e+02 3.936806679555021447e+02 3.936800461236417732e+02 3.936794298668633019e+02 3.936788276508520426e+02 3.936782517313887411e+02 3.936778239393108834e+02
7.079679362504220080e+03 3.949645376951382332e+02 3.945380620242167993e+02 3.939966739725643947e+02 3.937245806754326622e+02 3.937238360193092603e+02 3.937231987059199128e+02 3.937225640528231452e+02 3.937219305356338168e+02 3.937212996947454258e+02 3.937206723340440817e+02 3.937200483867306389e+02 3.937194316147521818e+02 3.937188315294936842e+02 3.937182599298262744e+02 3.937178441543405256e+02
7.129679362504220080e+03 3.949462743279132155e+02 3.945195247518008728e+02 3.939793791398782901e+02 3.937280653760436735e+02 3.937264786528264153e+02 3.937258431672245820e+02 3.937252096861219570e+02 3.937245794024742054e+02 3.937239535816597709e+02 3.937233313827352958e+02 3.937227135436640992e+02 3.937221036007071575e+02 3.937215094131900059e+02 3.937209393846801504e+02 3.937205156757374311e+02
7.179679362504220080e+03 3.949134822315713791e+02 3.944850910104549371e+02 3.939687046997583479e+02 3.937213725523490666e+02 3.937207342624594730e+02 3.937200990911364897e+02 3.937194668428474529e+02 3.937188399459836319e+02 3.937182181773849834e+02 3.937176015716435700e+02 3.937169912483499274e+02 3.937163908341917704e+02 3.937158052904361512e+02 3.937152402777285261e+02 3.937148235904626290e+02
7.229679362504220080e+03 3.948815345045763934e+02 3.944523079172215603e+02 3.939435955467403687e+02 3.937038533357600159e+02 3.937032131852153043e+02 3.937025761574030867e+02 3.937019470005554922e+02 3.937013228137995497e+02 3.937007058127750838e+02 3.937000959073069453e+02 3.936994939594881089e+02 3.936989017353186000e+02 3.936983223501368911e+02 3.936977588361938842e+02 3.936973335724919707e+02
7.279679362504220080e+03 3.950452422628316640e+02 3.946266518608355227e+02 3.941033727471508428e+02 3.938630732303256536e+02 3.938624299470556593e+02 3.938617867219002164e+02 3.938611452807355704e+02 3.938605082705675500e+02 3.938598760988057279e+02 3.938592530805743195e+02 3.938586370841915141e+02 3.938580290693577126e+02 3.938574296905931078e+02 3.938568413107049082e+02 3.938563843463440435e+02
7.329679362504220080e+03 3.949209904448099451e+02 3.944821465514258989e+02 3.939980010743691423e+02 3.938025101018571945e+02 3.938018714283384725e+02 3.938012362430699795e+02 3.938006069294229405e+02 3.937999841279292923e+02 3.937993720976274972e+02 3.937987740981153593e+02 3.937981879938562884e+02 3.937976116922598067e+02 3.937970439021511311e+02 3.937964846740273970e+02 3.937960489422421233e+02
7.379679362504220080e+03 3.950043265811990523e+02 3.945761720851741075e+02 3.940876188405619018e+02 3.938753326697776060e+02 3.938746978536656229e+02 3.938740631414710265e+02 3.938734296031827853e+02 3.938728016379574797e+02 3.938721846868001535e+02 3.938715823584708460e+02 3.938709920457303042e+02 3.938704107704951412e+02 3.938698363896915566e+02 3.938692692166152938e+02 3.938688239332159355e+02
7.429679362504220080e+03 3.949040927797027507e+02 3.944727962125667773e+02 3.940206700897695669e+02 3.938537532268373980e+02 3.938531121526078778e+02 3.938524763826093249e+02 3.938518504796177240e+02 3.938512351465292340e+02 3.938506350384419079e+02 3.938500495153260204e+02 3.938494770904473512e+02 3.938489128634160465e+02 3.938483547475506725e+02 3.938478034725198427e+02 3.938473762267531697e+02
7.479679362504220080e+03 3.950219369181797902e+02 3.945996657770742218e+02 3.941114848348662463e+02 3.939013336114414301e+02 3.939006947063819553e+02 3.939000536714298732e+02 3.938994153165936041e+02 3.938987893948116152e+02 3.938981747092200294e+02 3.938975722162850275e+02 3.938969829508912426e+02 3.938964035167853126e+02 3.938958337794754243e+02 3.938952775737439538e+02 3.938948499777829966e+02
7.529679362504220080e+03 3.949692291656763814e+02 3.945390791461048821e+02 3.940605700261392030e+02 3.938609683713187337e+02 3.938603269011748580e+02 3.938596914614286106e+02 3.938590713820489100e+02 3.938584674484262678e+02 3.938578799493355973e+02 3.938573058033053940e+02 3.938567440959643591e+02 3.938561898538102923e+02 3.938556407250462712e+02 3.938550974740999209e+02 3.938546754873202076e+02
7.579679362504220080e+03 3.949196674360598536e+02 3.944880615950573315e+02 3.940311765125494503e+02 3.938434210960407995e+02 3.938427788234041032e+02 3.938421436977718599e+02 3.938415272644330116e+02 3.938409291905350642e+02 3.938403471423341671e+02 3.938397774376392135e+02 3.938392194384628056e+02 3.938386680875602224e+02 3.938381208380117187e+02 3.938375781196902494e+02 3.938371551533684851e+02
7.629679362504220080e+03 3.948962822004043005e+02 3.944574262336562356e+02 3.940067914390123178e+02 3.938398621120986718e+02 3.938392174481296593e+02 3.938385816168481028e+02 3.938379664880728228e+02 3.938373712865748075e+02 3.938367919766481577e+02 3.938362248903012528e+02 3.938356691348782306e+02 3.938351197303630897e+02 3.938345741798652853e+02 3.938340336467917950e+02 3.938336173022400430e+02
7.679679362504220080e+03 3.949162249097806807e+02 3.944819731631459945e+02 3.940395011233558762e+02 3.938744015868759334e+02 3.938737645759403563e+02 3.938731373795113768e+02 3.938725252965870141e+02 3.938719325534816562e+02 3.938713570101272126e+02 3.938707927484928746e+02 3.938702395383353405e+02 3.938696931852103376e+02 3.938691503959865372e+02 3.938686123684801714e+02 3.938681947321024950e+02
7.729679362504220080e+03 3.949913534253619787e+02 3.945600068759805481e+02 3.940829604521618990e+02 3.938834877782687727e+02 3.938828464672698715e+02 3.938822156109470143e+02 3.938816103883656297e+02 3.938810283409921453e+02 3.938804629228792464e+02 3.938799093886958076e+02 3.938793665228931218e+02 3.938788291904451171e+02 3.938782948358455087e+02 3.938777638432851518e+02 3.938773517936472786e+02
7.779679362504220080e+03 3.949897593296967102e+02 3.945615689480536048e+02 3.940944127344167214e+02 3.939052021350465793e+02 3.939045678808956268e+02 3.939039466414484991e+02 3.939033529587746898e+02 3.939027822791098856e+02 3.939022272654230505e+02 3.939016831996511314e+02 3.939011489648909787e+02 3.939006194836998702e+02 3.939000924472209135e+02 3.938995690576546735e+02 3.938991637846583558e+02
7.829679362504220080e+03 3.949858453060320471e+02 3.945541121101114754e+02 3.940811099302893012e+02 3.938866423256473013e+02 3.938860046321507298e+02 3.938853835863636732e+02 3.938847923877391963e+02 3.938842241184993327e+02 3.938836721029914543e+02 3.938831315497976107e+02 3.938826010044832628e+02 3.938820752437761712e+02 3.938815520733801350e+02 3.938810338648665379e+02 3.938806393661291168e+02
7.879679362504220080e+03 3.950061006186273858e+02 3.945747858483297250e+02 3.941052271384013466e+02 3.939111481280066869e+02 3.939105084264878087e+02 3.939098869153726810e+02 3.939092975806011054e+02 3.939087301935911682e+02 3.939081789898722832e+02 3.939076384519763678e+02 3.939071072430500635e+02 3.939065800392482970e+02 3.939060542210884819e+02 3.939055314713486382e+02 3.939051300132585993e+02
7.929679362504220080e+03 3.954630301748222792e+02 3.950607795079960738e+02 3.945442525358384955e+02 3.941391461170657635e+02 3.940057361757077388e+02 3.940050983902199846e+02 3.940044682454646932e+02 3.940038479065881347e+02 3.940032343910318104e+02 3.940026265070367799e+02 3.940020235894018015e+02 3.940014237042795457e+02 3.940008252382937144e+02 3.940002279928561393e+02 3.939997578515925625e+02
7.979679362504220080e+03 3.957248572747728304e+02 3.953288157955037150e+02 3.948390074557641469e+02 3.943963460732097133e+02 3.942002257232953752e+02 3.941995968211557511e+02 3.941989845649742961e+02 3.941983940216543942e+02 3.941978229067726716e+02 3.941972687515001894e+02 3.941967294118495602e+02 3.941962011787983329e+02 3.941956805205748537e+02 3.941951658960094846e+02 3.941947638647775420e+02
8.029679362504220080e+03 3.954951151559925506e+02 3.951123303752090123e+02 3.946379147328350427e+02 3.942987152866159590e+02 3.942113782243651485e+02 3.942107531225426555e+02 3.942101420941287415e+02 3.942095486063925591e+02 3.942089723322274608e+02 3.942084125543746609e+02 3.942078683409748123e+02 3.942073376175017643e+02 3.942068184143927283e+02 3.942063095647700948e+02 3.942059145802352305e+02
8.079679362504220080e+03 3.955695570657140934e+02 3.951911997834144472e+02 3.947216610683776707e+02 3.944292147537490791e+02 3.943990428886885411e+02 3.943984091807275263e+02 3.943977854936586027e+02 3.943971748237188990e+02 3.943965772907894234e+02 3.943959926480463309e+02 3.943954203111148900e+02 3.943948585522656458e+02 3.943943056443543469e+02 3.943937605443775283e+02 3.943933348787601858e+02
8.129679362504220080e+03 3.954234841263130420e+02 3.950421738353006731e+02 3.945674952540861113e+02 3.942875291040098773e+02 3.942843774305180204e+02 3.942837209210597393e+02 3.942830705203169828e+02 3.942824290618118539e+02 3.942817970281182625e+02 3.942811745311094569e+02 3.942805613105982729e+02 3.942799559940147560e+02 3.942793570490068760e+02 3.942787634812692090e+02 3.942782974170024204e+02
8.179679362504220080e+03 3.953438647152836438e+02 3.949561889117442774e+02 3.945017030288450997e+02 3.942816400956630787e+02 3.942810019662769037e+02 3.942803698855292396e+02 3.942797480612446179e+02 3.942791388250950035e+02 3.942785424626242730e+02 3.942779588764897198e+02 3.942773876408097067e+02 3.942768272587126148e+02 3.942762761722445930e+02 3.942757335490849186e+02 3.942753103764360958e+02
8.229679362504219171e+03 3.953370882670569131e+02 3.949409038098900737e+02 3.945042219397166718e+02 3.943106272221737072e+02 3.943099892596059135e+02 3.943093578486169690e+02 3.943087370556743849e+02 3.943081290873445823e+02 3.943075343110375570e+02 3.943069526900649180e+02 3.943063838114720738e+02 3.943058261465891405e+02 3.943052781119029078e+02 3.943047391508559940e+02 3.943043193609425998e+02
8.279679362504219171e+03 3.953889480985532145e+02 3.949884219553881621e+02 3.945726833877505442e+02 3.944053314830085242e+02 3.944046967227552045e+02 3.944040683958266982e+02 3.944034507432845658e+02 3.944028459679483376e+02 3.944022544752307908e+02 3.944016761746972293e+02 3.944011105487672353e+02 3.944005559693993632e+02 3.944000107806071469e+02 3.943994655201273076e+02 3.943990358903117794e+02
8.329679362504219171e+03 3.953214112414163424e+02 3.949213606530657330e+02 3.945274135675396110e+02 3.943807820009484431e+02 3.943801494324276291e+02 3.943795233108299954e+02 3.943789076091940160e+02 3.943783043601455347e+02 3.943777141334591079e+02 3.943771370955117845e+02 3.943765728080473991e+02 3.943760195725394624e+02 3.943754757280249805e+02 3.943749414290913364e+02 3.943745256027191317e+02
8.379679362504219171e+03 3.953860779368719705e+02 3.949845503333748411e+02 3.945650856501712269e+02 3.943947922498695675e+02 3.943941534949377683e+02 3.943935212785911517e+02 3.943928994949048956e+02 3.943922900942917522e+02 3.943916938340455545e+02 3.943911111227272954e+02 3.943905416098570527e+02 3.943899835918720100e+02 3.943894354167778147e+02 3.943888975835058091e+02 3.943884795130511520e+02
8.429679362504219171e+03 3.953712024081676759e+02 3.949671304424115874e+02 3.945569850430081260e+02 3.944011167948009415e+02 3.944004740139683918e+02 3.943998352454373162e+02 3.943992093933359797e+02 3.943985950456597038e+02 3.943979916031327093e+02 3.943974002955242213e+02 3.943968216291349336e+02 3.943962541630603482e+02 3.943956965359045057e+02 3.943951496002491126e+02 3.943947244080478640e+02
8.479679362504219171e+03 3.952714391687072748e+02 3.948603776309282694e+02 3.944597246256780636e+02 3.943156971596201856e+02 3.943151049712278109e+02 3.943145206130337783e+02 3.943139471098616582e+02 3.943133865224501733e+02 3.943128395631814556e+02 3.943123061782740137e+02 3.943117863111481824e+02 3.943112784436459037e+02 3.943107814014782662e+02 3.943102965232985753e+02 3.943099215042883543e+02
8.529679362504219171e+03 3.952860964414449541e+02 3.948774507268284992e+02 3.944910304639149672e+02 3.943730993390328194e+02 3.943724605109398453e+02 3.943718280196125647e+02 3.943712046188834393e+02 3.943705929012031675e+02 3.943699939849242355e+02 3.943694075095824019e+02 3.943688333658104739e+02 3.943682701965018396e+02 3.943677170202292928e+02 3.943671665026560049e+02 3.943667358469409692e+02
8.579679362504219171e+03 3.956202574246215704e+02 3.950084038333703802e+02 3.944707294677937170e+02 3.943699546693753177e+02 3.943692143710331379e+02 3.943684894670848848e+02 3.943677814487523960e+02 3.943670921263041009e+02 3.943664228038926467e+02 3.943657724875770327e+02 3.943651397795829325e+02 3.943645229755520631e+02 3.943639207545797944e+02 3.943633343657126602e+02 3.943628795380345196e+02
8.629679362504219171e+03 3.952851059387680834e+02 3.948411449804516451e+02 3.944663150679086812e+02 3.943901927868464554e+02 3.943895490455128083e+02 3.943889100620718864e+02 3.943882759926165136e+02 3.943876534473476454e+02 3.943870446712984403e+02 3.943864472294910684e+02 3.943858612688704852e+02 3.943852857399459708e+02 3.943847203287893421e+02 3.943841666804312922e+02 3.943837367856424976e+02
8.679679362504219171e+03 3.952489488055209677e+02 3.948433368118286353e+02 3.945017048615242174e+02 3.944213105442174765e+02 3.944206970289959031e+02 3.944200922433043957e+02 3.944194966995154346e+02 3.944189152714797046e+02 3.944183488850940762e+02 3.944177937237388960e+02 3.944172499214020604e+02 3.944167165787478666e+02 3.944161926829838194e+02 3.944156744796876524e+02 3.944152702993661137e+02
8.729679362504219171e+03 3.951824890923958833e+02 3.947680306144349629e+02 3.944336176031545165e+02 3.943734109277490916e+02 3.943727911752096134e+02 3.943721808586960833e+02 3.943715796904810986e+02 3.943709928235580833e+02 3.943704212497680146e+02 3.943698602585000117e+02 3.943693098982350875e+02 3.943687696243757728e+02 3.943682399557483222e+02 3.943677229471928172e+02 3.943673222615040004e+02
8.779679362504219171e+03 3.951811637583881520e+02 3.947725891655659325e+02 3.944496563272524554e+02 3.943854845251159986e+02 3.943848716799591330e+02 3.943842690408268936e+02 3.943836754476196802e+02 3.943830963120764181e+02 3.943825325986314283e+02 3.943819786395293363e+02 3.943814343857774247e+02 3.943808997002204251e+02 3.943803755032016625e+02 3.943798636864060541e+02 3.943794667381231989e+02
8.829679362504219171e+03 3.951311762885758299e+02 3.947212187827593652e+02 3.944304185282943536e+02 3.943766231086504490e+02 3.943760082429661793e+02 3.943754049310696814e+02 3.943748112358672415e+02 3.943742325817973438e+02 3.943736701114335688e+02 3.943731170587965948e+02 3.943725732081273918e+02 3.943720387233256588e+02 3.943715149396458628e+02 3.943710035561030622e+02 3.943706051998000817e+02
8.879679362504219171e+03 3.951233667569434829e+02 3.947054144934897977e+02 3.943996029317465855e+02 3.943796763712545612e+02 3.943790642190865015e+02 3.943784646277098318e+02 3.943778748979456168e+02 3.943773016960792006e+02 3.943767454667107017e+02 3.943761977630655906e+02 3.943756587599093564e+02 3.943751292229990213e+02 3.943746108820504332e+02 3.943741052165756855e+02 3.943737129224094247e+02
8.929679362504219171e+03 3.950922270458911498e+02 3.946729220096100335e+02 3.943794105983054123e+02 3.943698177131816465e+02 3.943692115268259499e+02 3.943686190836500600e+02 3.943680368772338056e+02 3.943674717277295372e+02 3.943669239900815455e+02 3.943663844199558639e+02 3.943658531254832269e+02 3.943653312246569840e+02 3.943648207694006942e+02 3.943643230672267919e+02 3.943639314749771074e+02
8.979679362504219171e+03 3.950593138424226822e+02 3.946384669674536099e+02 3.943508108577275380e+02 3.943457615327150734e+02 3.943451569204669340e+02 3.943445667849512120e+02 3.943439868620829998e+02 3.943434235964582513e+02 3.943428774716588805e+02 3.943423390536105444e+02 3.943418081645176017e+02 3.943412862006509272e+02 3.943407754791429625e+02 3.943402712971033566e+02 3.943398741485010532e+02
9.029679362504219171e+03 3.950496431768175398e+02 3.946282144196465538e+02 3.943474573726356311e+02 3.943444551612102487e+02 3.943438587077407078e+02 3.943432779733816460e+02 3.943427081203286662e+02 3.943421551139249459e+02 3.943416191644498099e+02 3.943410907736780473e+02 3.943405698696440140e+02 3.943400581506741673e+02 3.943395582877634524e+02 3.943390585613333883e+02 3.943386666884755982e+02
9.079679362504219171e+03 3.950145404256745110e+02 3.945932720238487263e+02 3.943273336464110344e+02 3.943263798145516148e+02 3.943257903264928359e+02 3.943252170111516079e+02 3.943246545791755580e+02 3.943241087416708979e+02 3.943235795769548417e+02 3.943230574990820401e+02 3.943225425802107793e+02 3.943220369334312636e+02 3.943215436569875578e+02 3.943210636514721728e+02 3.943206910638023146e+02
9.129679362504219171e+03 3.949626374815092049e+02 3.945428794089837083e+02 3.942994146569025702e+02 3.942988229917275476e+02 3.942982876787502278e+02 3.942977687961905531e+02 3.942972547236894911e+02 3.942967552770277848e+02 3.942962711960839783e+02 3.942957868931573557e+02 3.942953045769706932e+02 3.942948301799513047e+02 3.942943704443576962e+02 3.942939259417607900e+02 3.942935733169122159e+02
9.179679362504219171e+03 3.950593957269136354e+02 3.946422520405517957e+02 3.943496125407409636e+02 3.943418610321630240e+02 3.943412772538419517e+02 3.943407043541566281e+02 3.943401388255061875e+02 3.943395840096524125e+02 3.943390398430944970e+02 3.943384970811150652e+02 3.943379564926653984e+02 3.943374214604105532e+02 3.943368965807852078e+02 3.943363830559098915e+02 3.943359826486506563e+02
9.229679362504219171e+03 3.951026936666728488e+02 3.946834196085932831e+02 3.943756405307492514e+02 3.943521754061703177e+02 3.943515974832512256e+02 3.943510355142620938e+02 3.943504844730076684e+02 3.943499487278643301e+02 3.943494283648631722e+02 3.943489129426933459e+02 3.943484026496904562e+02 3.943479006078706561e+02 3.943474111477335100e+02 3.943469347333460178e+02 3.943465643405932042e+02
9.279679362504219171e+03 3.950616571685430358e+02 3.946398221594445772e+02 3.943571016301447685e+02 3.943545867903969793e+02 3.943540180091084721e+02 3.943534660645714780e+02 3.943529251163909635e+02 3.943524010058570184e+02 3.943518935231375053e+02 3.943513896006665505e+02 3.943508897787273213e+02 3.943503982111315622e+02 3.943499200338758328e+02 3.943494551877992080e+02 3.943490936366418964e+02
9.329679362504219171e+03 3.987476622698654865e+02 3.985171952193076663e+02 3.985132626153571209e+02 3.985126650898263279e+02 3.985120880049492484e+02 3.985115002690065467e+02 3.985109042309121037e+02 3.985103159943790843e+02 3.985097379248859966e+02 3.985091532478932095e+02 3.985085647314440394e+02 3.985079800860016235e+02 3.985074065848169198e+02 3.985068435950927324e+02 3.985064031228666295e+02
9.379679362504219171e+03 3.975454326430678975e+02 3.973137764535739507e+02 3.970277649819880708e+02 3.967618846903184249e+02 3.965039849581760905e+02 3.962459511814702751e+02 3.960041560259367657e+02 3.957236293571024817e+02 3.955098062045228744e+02 3.955087564720987530e+02 3.955080478858913011e+02 3.955073450209648058e+02 3.955066480592124663e+02 3.955059604488035347e+02 3.955054230686330357e+02
9.429679362504219171e+03 3.951369436066988783e+02 3.947998824745636739e+02 3.947150748301472731e+02 3.947144450839875844e+02 3.947138753023102709e+02 3.947133165149144816e+02 3.947127668606123621e+02 3.947121753966345068e+02 3.947115494065012626e+02 3.947109413900909658e+02 3.947103502558065884e+02 3.947097800819610711e+02 3.947092355026451855e+02 3.947087125504098140e+02 3.947083048828164920e+02
9.479679362504219171e+03 3.947345308303981710e+02 3.946995233824670208e+02 3.946988886659704008e+02 3.946983101847652051e+02 3.946977866530558572e+02 3.946972707262534641e+02 3.946967609907276824e+02 3.946962745815337144e+02 3.946958026126043251e+02 3.946953190883536990e+02 3.946948351757405362e+02 3.946943613271282061e+02 3.946939055734356998e+02 3.946934626373989090e+02 3.946931103834038481e+02
9.529679362504219171e+03 3.945583059344991170e+02 3.945419755304046703e+02 3.945412945899472561e+02 3.945407120310532605e+02 3.945401871480018485e+02 3.945396776109099619e+02 3.945391728638073801e+02 3.945386850928886702e+02 3.945382096090857544e+02 3.945377237645592459e+02 3.945372321706141747e+02 3.945367486905108763e+02 3.945362835731417590e+02 3.945358325926096086e+02 3.945354773723046833e+02
9.579679362504219171e+03 3.945558080269357220e+02 3.945512875036025662e+02 3.945506791583319455e+02 3.945501568333698970e+02 3.945496911664146182e+02 3.945492361089794144e+02 3.945487817638347678e+02 3.945483440963557769e+02 3.945479168534718042e+02 3.945474747378665370e+02 3.945470261883980356e+02 3.945465859804778006e+02 3.945461646284699668e+02 3.945457568647498761e+02 3.945454338448919316e+02
9.629679362504219171e+03 3.944269009729972595e+02 3.944263260193033602e+02 3.944257158308045064e+02 3.944251839472352117e+02 3.944247056324428513e+02 3.944242275454515720e+02 3.944237507186738867e+02 3.944232956458650392e+02 3.944228487244787402e+02 3.944223817473950930e+02 3.944219127794674478e+02 3.944214569525007050e+02 3.944210223947187046e+02 3.944205996133645158e+02 3.944202612025053440e+02
9.679679362504219171e+03 3.945306721955207649e+02 3.945287613033890466e+02 3.945281532829501430e+02 3.945276201178246538e+02 3.945271369448541918e+02 3.945266646496037310e+02 3.945261947458056397e+02 3.945257390297567781e+02 3.945252894263571193e+02 3.945248248267579356e+02 3.945243543346542765e+02 3.945238920964890781e+02 3.945234471536427918e+02 3.945230134456901965e+02 3.945226666099271711e+02
9.729679362504219171e+03 3.945087788553454402e+02 3.945062884714286611e+02 3.945057078239875636e+02 3.945052077261428281e+02 3.945047591908835898e+02 3.945043233227438577e+02 3.945038888979011062e+02 3.945034673133466185e+02 3.945030510862018218e+02 3.945026193369045586e+02 3.945021813211041604e+02 3.945017520678721326e+02 3.945013415254659890e+02 3.945009442706256095e+02 3.945006296033322428e+02
9.779679362504219171e+03 3.943920203464020915e+02 3.943472927655283797e+02 3.943467350712607526e+02 3.943462645839409220e+02 3.943458431042490702e+02 3.943454402890729966e+02 3.943450409262956100e+02 3.943446495437855788e+02 3.943442634782001051e+02 3.943438678348327926e+02 3.943434663219354661e+02 3.943430716613468690e+02 3.943426924801253790e+02 3.943423254702466920e+02 3.943420375527888382e+02
9.829679362504219171e+03 3.943585231236698405e+02 3.943576337423659766e+02 3.943570696316933777e+02 3.943565908519985896e+02 3.943561529015787528e+02 3.943557189219376369e+02 3.943552868011400960e+02 3.943548691999976654e+02 3.943544520801783619e+02 3.943540157086279692e+02 3.943535764277297631e+02 3.943531483644189279e+02 3.943527377706269021e+02 3.943523348964498609e+02 3.943520065897792506e+02
9.879679362504219171e+03 3.943307346856122990e+02 3.943253746253523104e+02 3.943248620570266212e+02 3.943244303688231298e+02 3.943240379586558220e+02 3.943236554295725682e+02 3.943232744272134482e+02 3.943229066143694013e+02 3.943225409417336778e+02 3.943221580715406844e+02 3.943217701688565739e+02 3.943213910287593649e+02 3.943210278423092632e+02 3.943206735675273649e+02 3.943203901117519194e+02
9.929679362504219171e+03 3.943201642018641451e+02 3.943156610051994448e+02 3.943151140037590494e+02 3.943146483161361289e+02 3.943142322570203646e+02 3.943138265073329762e+02 3.943134240923822063e+02 3.943130338521732483e+02 3.943126460154284132e+02 3.943122409959470360e+02 3.943118300696904726e+02 3.943114268143077652e+02 3.943110385806899103e+02 3.943106582973993568e+02 3.943103538243200319e+02
9.979679362504219171e+03 3.944238176768380981e+02 3.944220722878316110e+02 3.944215102450875747e+02 3.944210206628767992e+02 3.944205693621617002e+02 3.944201292837857409e+02 3.944196937165322083e+02 3.944192696297582756e+02 3.944188471672833316e+02 3.944184123058281557e+02 3.944179725639819480e+02 3.944175374819016611e+02 3.944171117319222617e+02 3.944166864067091183e+02 3.944163315555508689e+02
1.002967936250421917e+04 3.942285419891194351e+02 3.942279588333783522e+02 3.942273938771591020e+02 3.942269078037344343e+02 3.942264610237236298e+02 3.942260220746501318e+02 3.942255890130409171e+02 3.942251686740737568e+02 3.942247474679062407e+02 3.942243098464301738e+02 3.942238691523075431e+02 3.942234371121061258e+02 3.942230172226842342e+02 3.942225967227524279e+02 3.942222444718179872e+02
1.007967936250421917e+04 3.942690905226263567e+02 3.942680130116838768e+02 3.942674805352373824e+02 3.942670301312415404e+02 3.942666203986657365e+02 3.942662152970327725e+02 3.942658115427604457e+02 3.942654209260035714e+02 3.942650288000247656e+02 3.942646140112653939e+02 3.942641933145870894e+02 3.942637813173041081e+02 3.942633840765217883e+02 3.942629919078210605e+02 3.942626734689283126e+02
1.012967936250421917e+04 3.942249907130253632e+02 3.942244635927471563e+02 3.942239438216156486e+02 3.942235096741748066e+02 3.942231070663465289e+02 3.942227038923373357e+02 3.942222973823078860e+02 3.942219033857858221e+02 3.942215019086119128e+02 3.942210712870453904e+02 3.942206355500813970e+02 3.942202139968509869e+02 3.942198121442987713e+02 3.942194162964235034e+02 3.942190894307784674e+02
1.017967936250421917e+04 3.943694808521430559e+02 3.943688778205898302e+02 3.943683841135693342e+02 3.943679702678820718e+02 3.943675893077014507e+02 3.943672148138795137e+02 3.943668412062172592e+02 3.943664822815268849e+02 3.943661200996174330e+02 3.943657331116662590e+02 3.943653401097695337e+02 3.943649563907267179e+02 3.943645879063858501e+02 3.943642246572746899e+02 3.943639252362272600e+02
1.022967936250421917e+04 4.122249591425008930e+02 4.122247166755079206e+02 4.121905096996403017e+02 4.121902024795841157e+02 4.121898867883021467e+02 4.121895638075110355e+02 4.121892329520412659e+02 4.121888961196098080e+02 4.121885516370345499e+02 4.121882004934895463e+02 4.121878435344097511e+02 4.121874794736256149e+02 4.121871073940382644e+02 4.121867278155805252e+02 4.121864228249360735e+02
1.027967936250421917e+04 4.159458959108403633e+02 4.159456190809994496e+02 4.159377121011714280e+02 4.159369523746171922e+02 4.158973473384370436e+02 4.158890430390917459e+02 4.158883221834900610e+02 4.158876900001463355e+02 4.158870338426211219e+02 4.158863827133764062e+02 4.158857185949812560e+02 4.158850420785217352e+02 4.158843531013832262e+02 4.158836580654627824e+02 4.158831087412021930e+02
1.032967936250421917e+04 4.020856593234252614e+02 4.020851513384724285e+02 4.020776874410229311e+02 4.020770219992972443e+02 4.020763648785977011e+02 4.020756921191294850e+02 4.020750326376589214e+02 4.020743611626859320e+02 4.020736931028792469e+02 4.020730344549698430e+02 4.020723751511885666e+02 4.020717089385941563e+02 4.020710367307078172e+02 4.020703614135351245e+02 4.020698281185092924e+02
1.037967936250421917e+04 3.967259555392954553e+02 3.967253381477491985e+02 3.967237426378364944e+02 3.967230961683361556e+02 3.967224657447076197e+02 3.967218356904576240e+02 3.967212070223514502e+02 3.967205790690182994e+02 3.967199518449505149e+02 3.967193228031973717e+02 3.967186914877918298e+02 3.967180588946092143e+02 3.967174263143292023e+02 3.967167941638723505e+02 3.967162957281746003e+02
1.042967936250421917e+04 3.960520804328274949e+02 3.960514981786960789e+02 3.960506951309175747e+02 3.960500268986149877e+02 3.960494232922599736e+02 3.960488294831596932e+02 3.960482478154970067e+02 3.960476780546372879e+02 3.960471183700030906e+02 3.960465612923373442e+02 3.960460068736540507e+02 3.960454565209864768e+02 3.960449122074839465e+02 3.960443737793978016e+02 3.960439520550954171e+02
1.047967936250421917e+04 3.958778134766424159e+02 3.958772414505241386e+02 3.958765046539339778e+02 3.958758315462258679e+02 3.958752350701153659e+02 3.958746510421971152e+02 3.958740819452569895e+02 3.958735270667140185e+02 3.958729839899725107e+02 3.958724433025218445e+02 3.958719054684867160e+02 3.958713724170723935e+02 3.958708464353751424e+02 3.958703271952387013e+02 3.958699207868244798e+02
1.052967936250421917e+04 3.957482939041285590e+02 3.957477281089557550e+02 3.957470052904204749e+02 3.957463517531737125e+02 3.957457616913387710e+02 3.957451845570307114e+02 3.957446220348339807e+02 3.957440737402080231e+02 3.957435370822721552e+02 3.957430027537617434e+02 3.957424713388303417e+02 3.957419448789195258e+02 3.957414256493241282e+02 3.957409133042872895e+02 3.957405123677378924e+02
1.054685981120422002e+04 3.957063221580656887e+02 3.957057571390481030e+02 3.957050343109462460e+02 3.957043861421548172e+02 3.957037969638199684e+02 3.957032208029879143e+02 3.957026592676553491e+02 3.957021120750140426e+02 3.957015766389066016e+02 3.957010437923839845e+02 3.957005140256015352e+02 3.956999892962922445e+02 3.956994717894935434e+02 3.956989611369564841e+02 3.956985615164698515e+02
1.054686981120422024e+04 3.860778878704908266e+02 3.865147689185500894e+02 3.893175575554453758e+02 3.897439458595656561e+02 3.901525025245958886e+02 3.905469182152730241e+02 3.909356654744597677e+02 3.913442187204681204e+02 3.917594569652957261e+02 3.921704083702077241e+02 3.925861922089361542e+02 3.929945960999177714e+02 3.933793750887413125e+02 3.937249365705327477e+02 3.939658851390030350e+02
1.054696981120422060e+04 3.955990673428058244e+02 3.955931651315552813e+02 3.955670084578124488e+02 3.955583385916136194e+02 3.955495856436258464e+02 3.955406394797537359e+02 3.955314723823872214e+02 3.955217310094279810e+02 3.955116811231422389e+02 3.955016078766510077e+02 3.954911638496348019e+02 3.954799073778850698e+02 3.954673890612811533e+02 3.954535757836644052e+02 3.954417436122708978e+02
1.059717360114102667e+04 3.955496146667277344e+02 3.955491180644475548e+02 3.955485649430708008e+02 3.955480096558913488e+02 3.955475458914783076e+02 3.955470695310958718e+02 3.955465892929929055e+02 3.955461039230668803e+02 3.955456023029730659e+02 3.955450861994445404e+02 3.955445712362285349e+02 3.955440544763793014e+02 3.955435268038062304e+02 3.955429744961011806e+02 3.955425135712641236e+02
1.064838257912977315e+04 3.954568207641862045e+02 3.954563877458250545e+02 3.954559058125819320e+02 3.954554113725653224e+02 3.954549644319196204e+02 3.954545036055906166e+02 3.954540372903019829e+02 3.954535646024100970e+02 3.954530745749441394e+02 3.954525689589653439e+02 3.954520626670488355e+02 3.954515528459500047e+02 3.954510303625160645e+02 3.954504814539692461e+02 3.954500218269317884e+02
1.069838257912977315e+04 3.953805935654332870e+02 3.953801289848399279e+02 3.953796106000643817e+02 3.953790884843862159e+02 3.953786378302023650e+02 3.953781731093719713e+02 3.953777032925008257e+02 3.953772270518413734e+02 3.953767336481333814e+02 3.953762250602470090e+02 3.953757163127748413e+02 3.953752045700876465e+02 3.953746806420733151e+02 3.953741306466116612e+02 3.953736702626870283e+02
1.074838257912977315e+04 3.953186668406482909e+02 3.953182138682041113e+02 3.953177085978725813e+02 3.953171974975729199e+02 3.953167489529241720e+02 3.953162864802185368e+02 3.953158187255276061e+02 3.953153443368869944e+02 3.953148528046123147e+02 3.953143462154316126e+02 3.953138393375084547e+02 3.953133292591717236e+02 3.953128067043716101e+02 3.953122577741590931e+02 3.953117980283331008e+02
1.079838257912977315e+04 3.952673099015339631e+02 3.952668916949579057e+02 3.952664286586590379e+02 3.952659498033062846e+02 3.952655070801918100e+02 3.952650508347642813e+02 3.952645888495281383e+02 3.952641198902383621e+02 3.952636336370165395e+02 3.952631323326211827e+02 3.952626303991347640e+02 3.952621248582884164e+02 3.952616063200955523e+02 3.952610608123022189e+02 3.952606032715360698e+02
1.084838257912977315e+04 3.952201410131098669e+02 3.952197510601531576e+02 3.952193008444600082e+02 3.952188400940410702e+02 3.952183736822124729e+02 3.952178966611001556e+02 3.952174115961062171e+02 3.952169192296171332e+02 3.952164094484663792e+02 3.952158852839365863e+02 3.952153596050569604e+02 3.952148292905491189e+02 3.952142855199961105e+02 3.952137152082462990e+02 3.952132389067630811e+02
1.089838257912977315e+04 3.951786370821382093e+02 3.951782584187194516e+02 3.951778173605736129e+02 3.951773698649451489e+02 3.951769152224862864e+02 3.951764501313975870e+02 3.951759764475849579e+02 3.951754949796426786e+02 3.951749955939537244e+02 3.951744813493290849e+02 3.951739650201690210e+02 3.951734434623451193e+02 3.951729076665025673e+02 3.951723443337432968e+02 3.951718726697832835e+02
1.094821981119838165e+04 3.951395162921469932e+02 3.951391644000105998e+02 3.951387561733978373e+02 3.951383410951223709e+02 3.951379177391386861e+02 3.951374838715238411e+02 3.951370407601507964e+02 3.951365895004576032e+02 3.951361199709323841e+02 3.951356346933057466e+02 3.951351465748848000e+02 3.951346526818626899e+02 3.951341441094739366e+02 3.951336075509197485e+02 3.951331567137348202e+02
1.094831981119838201e+04 3.951408726055421994e+02 3.951405008954659479e+02 3.951400632233558667e+02 3.951396226984494433e+02 3.951391738122692914e+02 3.951387143071642640e+02 3.951382455208065494e+02 3.951377680821284457e+02 3.951372720948181723e+02 3.951367608526616664e+02 3.951362468194752182e+02 3.951357266736971496e+02 3.951351910639222638e+02 3.951346263748333740e+02 3.951341523076619069e+02
1.160396907877639387e+04 3.956854080523629591e+02 3.956850916140408572e+02 3.956847166881449311e+02 3.956843479391054075e+02 3.956839703137300717e+02 3.956835841538469367e+02 3.956831890656572455e+02 3.956827844911925922e+02 3.956823613945103375e+02 3.956819237940400740e+02 3.956814837991926197e+02 3.956810381024833987e+02 3.956805763080794804e+02 3.956800827807262522e+02 3.956796602036593526e+02
1.160398157877639460e+04 3.938582226086069227e+02 3.939173335011326458e+02 3.940925367441496974e+02 3.941622686601230043e+02 3.942288557386689263e+02 3.942929375426871275e+02 3.943546940786951609e+02 3.944149808279546505e+02 3.944730214475201819e+02 3.945275049517616708e+02 3.945796137725830590e+02 3.946304077126739571e+02 3.946810913817364508e+02 3.947324898367094193e+02 3.947739449803780190e+02
1.160408157877639496e+04 3.954955639291193279e+02 3.954945577444863716e+02 3.954901261944081057e+02 3.954887934451895717e+02 3.954874362920918429e+02 3.954860390350845591e+02 3.954845970702974682e+02 3.954830957398733062e+02 3.954815542078229669e+02 3.954799906335043147e+02 3.954783748600101490e+02 3.954766811724589957e+02 3.954748728381678120e+02 3.954729181622725491e+02 3.954712623050601792e+02
1.194973084635440682e+04 3.955978635262887337e+02 3.955975491819954186e+02 3.955971774690860343e+02 3.955968109267050181e+02 3.955964348542642028e+02 3.955960504547684309e+02 3.955956571584438848e+02 3.955952540053073108e+02 3.955948331734255703e+02 3.955943989648354773e+02 3.955939619618470715e+02 3.955935185858411955e+02 3.955930585935052477e+02 3.955925666875758679e+02 3.955921453093365585e+02
1.284973084635440682e+04 3.953675581159973831e+02 3.953672449131543658e+02 3.953668725628770630e+02 3.953665038305609869e+02 3.953661246203714654e+02 3.953657379399393221e+02 3.953653430295116777e+02 3.953649384611759388e+02 3.953645184656995752e+02 3.953640870765098612e+02 3.953636517498851504e+02 3.953632087215945603e+02 3.953627487068829964e+02 3.953622578975258079e+02 3.953618387843154096e+02
1.374973084635440682e+04 3.952059116981481566e+02 3.952056011544075318e+02 3.952052294725640991e+02 3.952048586940162522e+02 3.952044771089408641e+02 3.952040888716296649e+02 3.952036932137778535e+02 3.952032885581713799e+02 3.952028705567206543e+02 3.952024426582345313e+02 3.952020099115462699e+02 3.952015683011690044e+02 3.952011091909758420e+02 3.952006198445094469e+02 3.952002027157237762e+02
1.464973084635440682e+04 3.950791184711848132e+02 3.950788134583110605e+02 3.950784465052930727e+02 3.950780784562978170e+02 3.950776998807539258e+02 3.950773154561666161e+02 3.950769241274383035e+02 3.950765241160364099e+02 3.950761116854855572e+02 3.950756902592405027e+02 3.950752639739940264e+02 3.950748286839135517e+02 3.950743761055818482e+02 3.950738939108337036e+02 3.950734826567785376e+02
1.554973084635440682e+04 3.949756074052475014e+02 3.949753090892603495e+02 3.949749477441279168e+02 3.949745831145265811e+02 3.949742085639171592e+02 3.949738284645495696e+02 3.949734411287649891e+02 3.949730444315334807e+02 3.949726349458858294e+02 3.949722163604963043e+02 3.949717925276654000e+02 3.949713592310235981e+02 3.949709083770644611e+02 3.949704280695071361e+02 3.949700186861493307e+02
1.644973084635440682e+04 3.948279244168599007e+02 3.948276307252710922e+02 3.948272729043400204e+02 3.948269096536711231e+02 3.948265370890129020e+02 3.948261589315676474e+02 3.948257729164439525e+02 3.948253766052182527e+02 3.948249668549328817e+02 3.948245476197018888e+02 3.948241225474777139e+02 3.948236872934340909e+02 3.948232337851561624e+02 3.948227502995244436e+02 3.948223382262427776e+02
1.734973084635440682e+04 3.949029557694875621e+02 3.949026751753457347e+02 3.949023313841797744e+02 3.949019813097705764e+02 3.949016226400239020e+02 3.949012592923399438e+02 3.949008884680943652e+02 3.949005072901861126e+02 3.949001126713060330e+02 3.948997096352947551e+02 3.948993025679199604e+02 3.948988869134053630e+02 3.948984540533688801e+02 3.948979908816028228e+02 3.948975925524697459e+02
1.824973084635440682e+04 3.951172972730376500e+02 3.951170348474828984e+02 3.951167159126318893e+02 3.951163835627946810e+02 3.951160424028486204e+02 3.951156979961530169e+02 3.951153476557520321e+02 3.951149882210419264e+02 3.951146152544204142e+02 3.951142345760935086e+02 3.951138525667607269e+02 3.951134656652419608e+02 3.951130664109541613e+02 3.951126427911036103e+02 3.951122791310793332e+02
1.914973084635440682e+04 3.952220808534028151e+02 3.952218053235459934e+02 3.952214620816650381e+02 3.952211087600935002e+02 3.952207469686543391e+02 3.952203799703017921e+02 3.952200053980876078e+02 3.952196207141134892e+02 3.952192229328030066e+02 3.952188157555160615e+02 3.952184022804090091e+02 3.952179781974264756e+02 3.952175359531868253e+02 3.952170643638965544e+02 3.952166621259134445e+02
2.004973084635440682e+04 3.953627411478977365e+02 3.953624666007706310e+02 3.953621224293293608e+02 3.953617676206927172e+02 3.953614045738813729e+02 3.953610360597557474e+02 3.953606597729757937e+02 3.953602732939941689e+02 3.953598738524841565e+02 3.953594646970742019e+02 3.953590483194826675e+02 3.953586203943947339e+02 3.953581735764905147e+02 3.953576971114976004e+02 3.953572914046986284e+02
2.094973084635440682e+04 3.955884870624190626e+02 3.955881290107511177e+02 3.955876728075705842e+02 3.955872143499458957e+02 3.955867486414610994e+02 3.955862787739866917e+02 3.955858029590925753e+02 3.955853196522865574e+02 3.955848262307129630e+02 3.955843260339888730e+02 3.955838223290440965e+02 3.955833119126796760e+02 3.955827892644117014e+02 3.955822470916946827e+02 3.955818018105007354e+02
2.185681865075827227e+04 3.954175338562315005e+02 3.954172284959572039e+02 3.954168418223457593e+02 3.954164449431414141e+02 3.954160393347106037e+02 3.954156266984813328e+02 3.954152055673249038e+02 3.954147742391969587e+02 3.954143291446017656e+02 3.954138715175920424e+02 3.954134029837308617e+02 3.954129198394576861e+02 3.954124177968249683e+02 3.954118934990422645e+02 3.954114647650997085e+02
2.275681865075827227e+04 3.926296298370394879e+02 3.926293553359204793e+02 3.926290032940337369e+02 3.926286438007640527e+02 3.926282731517404727e+02 3.926278953257336752e+02 3.926275096105782723e+02 3.926271140850294614e+02 3.926267039560286207e+02 3.926262788675995807e+02 3.926258421589509453e+02 3.926253944574980892e+02 3.926249356671061150e+02 3.926244651337000278e+02 3.926240868353456790e+02
2.365681865075827227e+04 3.910433750409117124e+02 3.910430997035376208e+02 3.910427359985464477e+02 3.910423747579001770e+02 3.910419989276195452e+02 3.910416139623731056e+02 3.910412199660663646e+02 3.910408154457410888e+02 3.910403960013425717e+02 3.910399612120724555e+02 3.910395149618226469e+02 3.910390591564039369e+02 3.910385945248868893e+02 3.910381208001020923e+02 3.910377421478792144e+02
2.455681865075827227e+04 3.914045213819802598e+02 3.914042849368301518e+02 3.914039715598943303e+02 3.914036332167172532e+02 3.914032820927546368e+02 3.914029261706274383e+02 3.914025645893487990e+02 3.914021956390961350e+02 3.914018134479784408e+02 3.914014188069720035e+02 3.914010173088739748e+02 3.914006089895788136e+02 3.914001919332810644e+02 3.913997629786196057e+02 3.913994164791374715e+02
2.497681865075827227e+04 3.917974783645087200e+02 3.917972532210767440e+02 3.917969769874760573e+02 3.917966598699309770e+02 3.917963342813710597e+02 3.917960040293979773e+02 3.917956672581486828e+02 3.917953219044238153e+02 3.917949657058658204e+02 3.917946014534164760e+02 3.917942321351717965e+02 3.917938555942398011e+02 3.917934673726470578e+02 3.917930603428693530e+02 3.917927193804272861e+02
