TIME T_liq_Ch3_mesh1 T_liq_Ch3_mesh2 T_liq_Ch3_mesh3 T_liq_Ch3_mesh4 T_liq_Ch3_mesh5 T_liq_Ch3_mesh6 T_liq_Ch3_mesh7 T_liq_Ch3_mesh8 T_liq_Ch3_mesh9 T_liq_Ch3_mesh10 T_liq_Ch3_mesh11 T_liq_Ch3_mesh12 T_liq_Ch3_mesh13 T_liq_Ch3_mesh14 T_liq_Ch3_mesh15 
0.000000000000000000e+00 5.633130860106322189e+02 5.633119256685481560e+02 5.650952238518750619e+02 5.683905670249185960e+02 5.715776551754569255e+02 5.746080290779710822e+02 5.774862214199708887e+02 5.802887290773561517e+02 5.830192241278057281e+02 5.856402827312845147e+02 5.882199012647158725e+02 5.908681662554778313e+02 5.935659694537130235e+02 5.950788334933969281e+02 5.951010033598602149e+02
5.000040000000043960e+01 5.644370417481756022e+02 5.644674604496417487e+02 5.644163229229220633e+02 5.643786762256974043e+02 5.643396206164230762e+02 5.643089133137385716e+02 5.642816238327644669e+02 5.642609236788032376e+02 5.642444478086713389e+02 5.642285388315987120e+02 5.642133457458091925e+02 5.642033582852168365e+02 5.641872148859391700e+02 5.641854330168088154e+02 5.641488375247149634e+02
1.000003999999985922e+02 5.509339147484149635e+02 5.513101980643608613e+02 5.510377623996133707e+02 5.509205511054458384e+02 5.508562125015342872e+02 5.508137324932463343e+02 5.507778329632221812e+02 5.507493826574375362e+02 5.507227686003124063e+02 5.506943367938185929e+02 5.506749668311274490e+02 5.506630736818000287e+02 5.506519475162047002e+02 5.506562467589860717e+02 5.506195806137749287e+02
1.502405034099261059e+02 4.864807374970750971e+02 4.864803170055082546e+02 4.864800528145780163e+02 4.864799927341921375e+02 4.864796027079783585e+02 4.864794727137234531e+02 4.864793215742794814e+02 4.864791829849809801e+02 4.864787552124319632e+02 4.864785486298053456e+02 4.864783165124783864e+02 4.864780795109051610e+02 4.864775717255863583e+02 4.864772028622717812e+02 4.864838644403915282e+02
2.004200391960640388e+02 4.413810551443061172e+02 4.413078559363736986e+02 4.411621592971882819e+02 4.410526893207464809e+02 4.409629307608938120e+02 4.409043710340735061e+02 4.408627914965729815e+02 4.407783632246206480e+02 4.407657184831456902e+02 4.407602900336826224e+02 4.407544082652007091e+02 4.407478982498207074e+02 4.407438625538812857e+02 4.407368367437860570e+02 4.407334121906164910e+02
2.553043625042201370e+02 4.373516193859829286e+02 4.377481512411133053e+02 4.400839913857583952e+02 4.403590301315492752e+02 4.402459327302395309e+02 4.401375750018121948e+02 4.400405507141890666e+02 4.399531828686109520e+02 4.398733137634233117e+02 4.397972086079577139e+02 4.397285731586467818e+02 4.396722786413507720e+02 4.396599414955380212e+02 4.396074954501037837e+02 4.395098406917170450e+02
3.053043625042201370e+02 4.325850547877495273e+02 4.331110524422539925e+02 4.357985140863571587e+02 4.378774670974994478e+02 4.381181073466055977e+02 4.380529688415491592e+02 4.379610908184553182e+02 4.378734702747151459e+02 4.377945113445988454e+02 4.377172069218683532e+02 4.376486799029942745e+02 4.375801339230437748e+02 4.375305655082465819e+02 4.374191461766734506e+02 4.372599674149381599e+02
3.553043625042201370e+02 4.274328071725692553e+02 4.278874800408516421e+02 4.307006297808470663e+02 4.355784778471301593e+02 4.379095042790265779e+02 4.381601014804298302e+02 4.381031043438250094e+02 4.380033680070318951e+02 4.379082439283412214e+02 4.378202541270063080e+02 4.377406729052536889e+02 4.376665268968067721e+02 4.376067349681428027e+02 4.375146333243339427e+02 4.374177232744360140e+02
4.053043625042201370e+02 4.290799151927464550e+02 4.299057945652484136e+02 4.348281391891220551e+02 4.410555290374742867e+02 4.426878228188809317e+02 4.427395794699667704e+02 4.426625544830891386e+02 4.425761719339714091e+02 4.424960106283226082e+02 4.424176133899225647e+02 4.423484509026731075e+02 4.422796323266566105e+02 4.422241171291202022e+02 4.421025345295437319e+02 4.414337600385234737e+02
4.553043625042201370e+02 4.300749822357302037e+02 4.305028022540742541e+02 4.348326370963612248e+02 4.408127951244310907e+02 4.428148692884514048e+02 4.429570445921057740e+02 4.428570613758320178e+02 4.427579829443156996e+02 4.426699495291245512e+02 4.425895159310965710e+02 4.425171794536057064e+02 4.424509095726851911e+02 4.423943802924140414e+02 4.423251132174575559e+02 4.422301436636212770e+02
5.053043625042201370e+02 4.308776817892099302e+02 4.308712850312891192e+02 4.352980916494466328e+02 4.420367672240238335e+02 4.429724427632021388e+02 4.429066430166234341e+02 4.427987880730003667e+02 4.427046306102182598e+02 4.426213066941493821e+02 4.425447545373866660e+02 4.424751394766062731e+02 4.424116132259157439e+02 4.423560231724261484e+02 4.422900798032474654e+02 4.422195255838909702e+02
5.553043625042200802e+02 4.308184546513521695e+02 4.309048892084674094e+02 4.353680564938597968e+02 4.419278517196954681e+02 4.427860791145764665e+02 4.427106366911239093e+02 4.426015617200156953e+02 4.425062905503012871e+02 4.424218187467420194e+02 4.423441741166082579e+02 4.422734430870647202e+02 4.422089183125946761e+02 4.421522150471342343e+02 4.420859479681553807e+02 4.420166428125185689e+02
6.053043625042200802e+02 4.305209831771551308e+02 4.306209538554035703e+02 4.350876306638464825e+02 4.415309645393502365e+02 4.424139943714399692e+02 4.423297988707295190e+02 4.422198562660980770e+02 4.421240001144948337e+02 4.420390031943651366e+02 4.419608706108236333e+02 4.418896426293384820e+02 4.418246893836686127e+02 4.417674344327637073e+02 4.417010728838596378e+02 4.416316376630372815e+02
6.553043625042200802e+02 4.301150701698305738e+02 4.302304866362253506e+02 4.346515443880917360e+02 4.409778913354506926e+02 4.418439040497806332e+02 4.417542684996012099e+02 4.416428010283824506e+02 4.415456029086971057e+02 4.414593832985096356e+02 4.413801258320451666e+02 4.413078251889959347e+02 4.412418823541423194e+02 4.411836497600329494e+02 4.411166798211628475e+02 4.410468604142501476e+02
7.065543625042200802e+02 4.296596455775057848e+02 4.297869048753567540e+02 4.341562517201489868e+02 4.403138471264030045e+02 4.411484188740306536e+02 4.410534361627545081e+02 4.409403870776355348e+02 4.408417561258577280e+02 4.407541989962998059e+02 4.406736802211908639e+02 4.406002008572385193e+02 4.405331254691616891e+02 4.404738677426949494e+02 4.404059826976344993e+02 4.403356366805313087e+02
7.596793625042200802e+02 4.291691680739538128e+02 4.293007087274164064e+02 4.336410760655329000e+02 4.395762666059279127e+02 4.403565217251302784e+02 4.402539696877786923e+02 4.401394403779887625e+02 4.400394753258914307e+02 4.399506708773133141e+02 4.398689559087092675e+02 4.397943637360248204e+02 4.397262081537581366e+02 4.396659745256112046e+02 4.395972385476234763e+02 4.395263093628856836e+02
8.096793625042200802e+02 4.289312626425741541e+02 4.290642714818333161e+02 4.333563496964169985e+02 4.383403655424904173e+02 4.389080005730199900e+02 4.387911793333726678e+02 4.386759299463227535e+02 4.385753822238901876e+02 4.384860711140410103e+02 4.384038200918848247e+02 4.383286349180729644e+02 4.382600732861785673e+02 4.381990081752413175e+02 4.381312275569937356e+02 4.380598268568426192e+02
8.596793625042200802e+02 4.281224649977850731e+02 4.283204291669516692e+02 4.325486223094862339e+02 4.371417598159164868e+02 4.376494897125159014e+02 4.375293658347529799e+02 4.374117979993893641e+02 4.373089559802010058e+02 4.372174431597533157e+02 4.371330345703393050e+02 4.370559533153601137e+02 4.369853140743961717e+02 4.369229367193389066e+02 4.368522302783750320e+02 4.367799685497417386e+02
9.096793625042200802e+02 4.271181058008137370e+02 4.272988699373526629e+02 4.314174000740579231e+02 4.354681648614597407e+02 4.358757155638530207e+02 4.357487890791054497e+02 4.356288467755099418e+02 4.355240069313298363e+02 4.354307228752544461e+02 4.353446702258487448e+02 4.352660792945428625e+02 4.351940746111708336e+02 4.351303575007686959e+02 4.350591032931171185e+02 4.349859294510490031e+02
9.596793625042200802e+02 4.265482233361573208e+02 4.267402598325349459e+02 4.311581288485093637e+02 4.345626414599891518e+02 4.348345389080973860e+02 4.347021812442722535e+02 4.345818423768735101e+02 4.344762899650318673e+02 4.343821002581950665e+02 4.342949267389359420e+02 4.342154266075164060e+02 4.341421583227012775e+02 4.340778687599495811e+02 4.340042958895464835e+02 4.339299053130919788e+02
1.009679362504220080e+03 4.257950718097872596e+02 4.260311032232585831e+02 4.305297250529292796e+02 4.337293296465619505e+02 4.339665132489885764e+02 4.338312965823409399e+02 4.337092806128580946e+02 4.336021868186476809e+02 4.335065660086577850e+02 4.334180246025353540e+02 4.333372975785048880e+02 4.332628054453720097e+02 4.331975094252754843e+02 4.331228086433310409e+02 4.330475641690538282e+02
1.059679362504220080e+03 4.248853311162809518e+02 4.251355533210080466e+02 4.295714968545877923e+02 4.328203584252825635e+02 4.330665636968712420e+02 4.329287612383348005e+02 4.328042596627510079e+02 4.326949733053124305e+02 4.325973900419140250e+02 4.325070482601182107e+02 4.324247009903892831e+02 4.323486511345383860e+02 4.322820537110168857e+02 4.322059477961176981e+02 4.321298835481496212e+02
1.109679362504220080e+03 4.242347200240380971e+02 4.244535125318895439e+02 4.288812554900963505e+02 4.320164146409422870e+02 4.322389014863516650e+02 4.320982921707466176e+02 4.319720054844637502e+02 4.318610689664866413e+02 4.317619509738418060e+02 4.316701371803912366e+02 4.315864901397800963e+02 4.315091087733807740e+02 4.314414901677845933e+02 4.313639694131893521e+02 4.312870331991333614e+02
1.159679362504220080e+03 4.236979921018626101e+02 4.238970573429756428e+02 4.283969969946471679e+02 4.311767918723937214e+02 4.313321270547855306e+02 4.311885141939620780e+02 4.310610228351487763e+02 4.309489924836288992e+02 4.308488384051690332e+02 4.307560133477095405e+02 4.306714438184508253e+02 4.305931642316035663e+02 4.305247204190276875e+02 4.304466377011819418e+02 4.303689236672564107e+02
1.209679362504220080e+03 4.231698191436732941e+02 4.233697011810215258e+02 4.279130630846289591e+02 4.302578494720048070e+02 4.303413447579264357e+02 4.301949272213280437e+02 4.300659836532569784e+02 4.299526038371290610e+02 4.298511676262816081e+02 4.297570870508135386e+02 4.296713862727960418e+02 4.295919548733717761e+02 4.295225795484565197e+02 4.294434480265403522e+02 4.293649306671120485e+02
1.259679362504220080e+03 4.225591366900536627e+02 4.227772641746780664e+02 4.273418472133238879e+02 4.293238614345067958e+02 4.293497749909050185e+02 4.292007137557653209e+02 4.290700017923424525e+02 4.289550090955563633e+02 4.288520525682753828e+02 4.287565093932715286e+02 4.286694945333030091e+02 4.285887254124777996e+02 4.285183035919402528e+02 4.284378467722861501e+02 4.283584913918293182e+02
1.309679362504220080e+03 4.218320834897646137e+02 4.220733282043331087e+02 4.265830986517495944e+02 4.284048394825190371e+02 4.284016138176278332e+02 4.282499865508372068e+02 4.281171767343313377e+02 4.280003266715020231e+02 4.278956297366790409e+02 4.277984475032387195e+02 4.277099622330219972e+02 4.276277115819467554e+02 4.275561399798025377e+02 4.274741718682052465e+02 4.273939348040926802e+02
1.359679362504220080e+03 4.210325900667268684e+02 4.212892471631662374e+02 4.257338734745969191e+02 4.275250487222775746e+02 4.275120500955476928e+02 4.273577843823737794e+02 4.272226916618723749e+02 4.271038299326133370e+02 4.269972813287416216e+02 4.268983720311218804e+02 4.268083467132717033e+02 4.267245615833974739e+02 4.266517861188488041e+02 4.265682822381445476e+02 4.264871198425222474e+02
1.409679362504220080e+03 4.202058700130738202e+02 4.204624343585605857e+02 4.249343185943376398e+02 4.266870422556483504e+02 4.266525897427882228e+02 4.264956550375082998e+02 4.263585944464459203e+02 4.262380011319838786e+02 4.261298757772645445e+02 4.260294924848143410e+02 4.259381281373644015e+02 4.258530590193601597e+02 4.257791431063884602e+02 4.256946465214377326e+02 4.256125918762222682e+02
1.459679362504220080e+03 4.194982432378448038e+02 4.197608486117277380e+02 4.241096465655718930e+02 4.257495234698378113e+02 4.257008029726846985e+02 4.255413692410182307e+02 4.254019777449533422e+02 4.252793596433410244e+02 4.251693612569238780e+02 4.250672356686175135e+02 4.249743378125651816e+02 4.248877232468220768e+02 4.248126534352397812e+02 4.247265630759101214e+02 4.246435530019804787e+02
1.509679362504220080e+03 4.187681773110960535e+02 4.190075622089355534e+02 4.233142769092506796e+02 4.248487239234842718e+02 4.247769674675813008e+02 4.246151043348542089e+02 4.244736663911374421e+02 4.243492699449637371e+02 4.242376297072478337e+02 4.241339653930609757e+02 4.240397072281317605e+02 4.239517479506611721e+02 4.238755825216741755e+02 4.237883387395053205e+02 4.237042635771910000e+02
1.559679362504220080e+03 4.180465654483339222e+02 4.182875915653147558e+02 4.225070544658046288e+02 4.238400751760660228e+02 4.237180504622084527e+02 4.235541004451379195e+02 4.234111180875929108e+02 4.232854352066478327e+02 4.231725612224482802e+02 4.230677406419638373e+02 4.229723961658039002e+02 4.228834083320374475e+02 4.228062903024041361e+02 4.227184111900722883e+02 4.226334742217345593e+02
1.609679362504220080e+03 4.172492392376621524e+02 4.175136632427505106e+02 4.214926545063706840e+02 4.226769819739674858e+02 4.225390795148082361e+02 4.223721237862640692e+02 4.222263394909520571e+02 4.220982176133436496e+02 4.219830935824592757e+02 4.218761660096492960e+02 4.217789617653713208e+02 4.216880828283772189e+02 4.216095753660670198e+02 4.215197281214722125e+02 4.214336646092927481e+02
1.659679362504220080e+03 4.164262971464152656e+02 4.167052245732572828e+02 4.205425627587274562e+02 4.216149256823204041e+02 4.214578642685046361e+02 4.212880108834627322e+02 4.211396523093122823e+02 4.210092686181411636e+02 4.208920489452648894e+02 4.207831452223155111e+02 4.206841945027851466e+02 4.205915327834699724e+02 4.205116970242537491e+02 4.204200072336877838e+02 4.203328051623676060e+02
1.709679362504220080e+03 4.155520284426768285e+02 4.158440507952505527e+02 4.195897350431653763e+02 4.205989750762926747e+02 4.204299389577605552e+02 4.202569745469776308e+02 4.201059095617125649e+02 4.199731525529834357e+02 4.198537716776327215e+02 4.197428441140334598e+02 4.196421092585213160e+02 4.195476518705490321e+02 4.194664442072631800e+02 4.193729685324452134e+02 4.192846164673829890e+02
1.759679362504220080e+03 4.145213978504302759e+02 4.148341710866209837e+02 4.185908044444371967e+02 4.196209680966405813e+02 4.194516897412679555e+02 4.192750414834837329e+02 4.191208556752944219e+02 4.189853547541100056e+02 4.188635370040503290e+02 4.187503476675142338e+02 4.186476386353283488e+02 4.185512150626104244e+02 4.184684969537782990e+02 4.183730900161214663e+02 4.182835272271919962e+02
1.809679362504220080e+03 4.136558204504941045e+02 4.139541026995352695e+02 4.176912266520536718e+02 4.187200127000837711e+02 4.185477588759694640e+02 4.183677705323826217e+02 4.182107356118973485e+02 4.180727362062791030e+02 4.179486883861627575e+02 4.178334264387871144e+02 4.177289053718107539e+02 4.176306788295971160e+02 4.175465642279548319e+02 4.174494183701107204e+02 4.173586791338790931e+02
1.859679362504220080e+03 4.128331521822959189e+02 4.131168051784998738e+02 4.168568321779816870e+02 4.178695118160455308e+02 4.176883983804118543e+02 4.175053480957873830e+02 4.173457398402669014e+02 4.172054905520479338e+02 4.170794210267484914e+02 4.169622757314207320e+02 4.168560762636673758e+02 4.167561989554239972e+02 4.166707356203488075e+02 4.165720662567059662e+02 4.164802329759497184e+02
1.909679362504220080e+03 4.120954068620429780e+02 4.123263970968603189e+02 4.161068450045507916e+02 4.170807894491851471e+02 4.168877850619292076e+02 4.167022440846719178e+02 4.165405488313861042e+02 4.163984749624102619e+02 4.162707505414576872e+02 4.161520470248147490e+02 4.160445265150370915e+02 4.159433013841336333e+02 4.158568195777351661e+02 4.157569716740464401e+02 4.156639265391135041e+02
1.959679362504220080e+03 4.111753607426467170e+02 4.114662715921121503e+02 4.151926225822491006e+02 4.162672482114379591e+02 4.160946116079998660e+02 4.159045691295485767e+02 4.157389818378054542e+02 4.155934633108373646e+02 4.154627312675121971e+02 4.153412658741768269e+02 4.152313143218127607e+02 4.151276922213281182e+02 4.150393869487043048e+02 4.149369880361580840e+02 4.148428670830066380e+02
2.009679362504220080e+03 4.101001838935296178e+02 4.105694993241897350e+02 4.137405595635397617e+02 4.153691622646434212e+02 4.154215015156881918e+02 4.152271432439256387e+02 4.150495419815627542e+02 4.148936169398660923e+02 4.147543613556981086e+02 4.146254726517388463e+02 4.145094615743064992e+02 4.143999149484154714e+02 4.143078617981205980e+02 4.141986665835129315e+02 4.141026631559904558e+02
2.059679362504220080e+03 4.086855176053313699e+02 4.091364559392444562e+02 4.118280320051069907e+02 4.147148740434088268e+02 4.152904533421893234e+02 4.151656743812501418e+02 4.149724103732176559e+02 4.148010205037362539e+02 4.146491168376262522e+02 4.145097783990915445e+02 4.143838388334641536e+02 4.142664221388852752e+02 4.141660711256982950e+02 4.140513311843716338e+02 4.139530181296894398e+02
2.109679362504220080e+03 4.086086309343306766e+02 4.086900887502462183e+02 4.122547684965804820e+02 4.150268386407927892e+02 4.153250850938115377e+02 4.151296187886072744e+02 4.149462945316947184e+02 4.147858884923900860e+02 4.146433759892594821e+02 4.145120069760825459e+02 4.143937934533851148e+02 4.142829025227034663e+02 4.141887285716554175e+02 4.140804625750234322e+02 4.139824372544345579e+02
2.159679362504220080e+03 4.083366749613587103e+02 4.082876876275583413e+02 4.122512159592294552e+02 4.145520008218498447e+02 4.145642914173377562e+02 4.143603566155888416e+02 4.141832256343946597e+02 4.140278584092291680e+02 4.138890993728998637e+02 4.137605873378668093e+02 4.136443351314835013e+02 4.135352333269079850e+02 4.134416415854839215e+02 4.133356267015017806e+02 4.132380340228028786e+02
2.209679362504220080e+03 4.064190242708781966e+02 4.070323030522346812e+02 4.113171645225115753e+02 4.137885695394158461e+02 4.136423876301202540e+02 4.134384345903808367e+02 4.132606063519439203e+02 4.131040228439333646e+02 4.129633928009789088e+02 4.128322424072366630e+02 4.127142019205002157e+02 4.126016352024813045e+02 4.125076230345986801e+02 4.123927449003024890e+02 4.122922447609587380e+02
2.259679362504220080e+03 4.070719360638949524e+02 4.071019545858782180e+02 4.111973149858674788e+02 4.127622602870537776e+02 4.126268667091243287e+02 4.124182206615803352e+02 4.122375395549051404e+02 4.120786901832948388e+02 4.119363255899918954e+02 4.118041088530488878e+02 4.116848810468582656e+02 4.115720866944662930e+02 4.114765900330829709e+02 4.113655632596426699e+02 4.112653968864357239e+02
2.309679362504220080e+03 4.071336130944135334e+02 4.071652214626607247e+02 4.111874615771715185e+02 4.123636688247484585e+02 4.121518259334276877e+02 4.119447306000784579e+02 4.117652040067898724e+02 4.116075144477368326e+02 4.114660237296434389e+02 4.113345939448365129e+02 4.112159288451823045e+02 4.111037718509130059e+02 4.110085146187709029e+02 4.108988480491026962e+02 4.107983320140727983e+02
2.359679362504220080e+03 4.069520526872111077e+02 4.070959757493106963e+02 4.105696114529951615e+02 4.114355944569101666e+02 4.112093852430981542e+02 4.110000417203301595e+02 4.108179366718305801e+02 4.106578873714748852e+02 4.105140450478386356e+02 4.103803263305741211e+02 4.102595584047198827e+02 4.101451584607434029e+02 4.100483219432461510e+02 4.099358159575870673e+02 4.098343142216102706e+02
2.409679362504220080e+03 4.062560377027489835e+02 4.063842828606736362e+02 4.100980265535802687e+02 4.108332540696990804e+02 4.105929437619472537e+02 4.103838907608562749e+02 4.102021834987979787e+02 4.100424439174999520e+02 4.098988084305973416e+02 4.097651974916148561e+02 4.096443474380999987e+02 4.095300256281012139e+02 4.094326863003371386e+02 4.093211221510285327e+02 4.092187197009598094e+02
2.459679362504220080e+03 4.058600837021280654e+02 4.060168046033058999e+02 4.097362562316591266e+02 4.110045107585914934e+02 4.108650240781744287e+02 4.106479826156650006e+02 4.104578610790353537e+02 4.102899351781821906e+02 4.101388180656407485e+02 4.099980783160859232e+02 4.098716807076349369e+02 4.097507079219158186e+02 4.096505045070695132e+02 4.095274275879956463e+02 4.094224258584362701e+02
2.509679362504220080e+03 4.047764551196951857e+02 4.050678345386795627e+02 4.085804237699513806e+02 4.096370244805376046e+02 4.094305630864610634e+02 4.092111271191457149e+02 4.090208764389084308e+02 4.088538938278550745e+02 4.087041708196428544e+02 4.085651290428093603e+02 4.084397007912414210e+02 4.083209027768328951e+02 4.082203953625621011e+02 4.081041954692144031e+02 4.079997752492855625e+02
2.559679362504220080e+03 4.057763928645012470e+02 4.073053368199663282e+02 4.079308969455871647e+02 4.077919306195475428e+02 4.075379813732871526e+02 4.073184078133861590e+02 4.071247267809224581e+02 4.069540109401863219e+02 4.068001836675157961e+02 4.066564445542570070e+02 4.065270281470163809e+02 4.064028089958020473e+02 4.063002444152991757e+02 4.061740695038534454e+02 4.060572101832941598e+02
2.609679362504220080e+03 4.040163359838187489e+02 4.043889894477907774e+02 4.060121614670136410e+02 4.066482340135601135e+02 4.065040741603350511e+02 4.062666228625197391e+02 4.060565327867328733e+02 4.058725463046458799e+02 4.057084695866967650e+02 4.055559607171344396e+02 4.054174350984198441e+02 4.052866636136116085e+02 4.051760205546087832e+02 4.050468399217525075e+02 4.049385531727134548e+02
2.659679362504220080e+03 4.002387033869340485e+02 4.009272985203508028e+02 4.031031795829589441e+02 4.053083244615696117e+02 4.052727334589670249e+02 4.050188320557383577e+02 4.047979129382435985e+02 4.046045084317828469e+02 4.044320875882141308e+02 4.042723030313263735e+02 4.041269198635876592e+02 4.039897863872656103e+02 4.038734526467226260e+02 4.037365474722444105e+02 4.036251902828413449e+02
2.709679362504220080e+03 3.997022662451751671e+02 4.000592221270824780e+02 4.031354654612576951e+02 4.046359869150846862e+02 4.045492925331044489e+02 4.042983962496202253e+02 4.040803721618074178e+02 4.038895452380518805e+02 4.037192444671465523e+02 4.035614494820658251e+02 4.034195714758910754e+02 4.032847772025380664e+02 4.031718295648379922e+02 4.030394892189984830e+02 4.029263835335942190e+02
2.759679362504220080e+03 3.977475834769305152e+02 3.982806501341577246e+02 4.017776481946052627e+02 4.042687085579859740e+02 4.043136879678697824e+02 4.040552955677079581e+02 4.038312103588513082e+02 4.036350009236788310e+02 4.034602244770835568e+02 4.032984637198933910e+02 4.031533706498282754e+02 4.030154869987849793e+02 4.029001811431695046e+02 4.027653020777624420e+02 4.026503688383987196e+02
2.809679362504220080e+03 3.963474346020476560e+02 3.968277985993017865e+02 4.009212045977201342e+02 4.045887537416081727e+02 4.044939298908536216e+02 4.042377988466565171e+02 4.040191187589240940e+02 4.038258847424796727e+02 4.036525243672248280e+02 4.034911924514462385e+02 4.033458511045292312e+02 4.032069241749733237e+02 4.030909947903738839e+02 4.029506214908235506e+02 4.028368503535796208e+02
2.859679362504220080e+03 3.963862692425660725e+02 3.980565193403480180e+02 4.020966914016270835e+02 4.049855166499575034e+02 4.053911421558308348e+02 4.051842550140603976e+02 4.049482584718072076e+02 4.047419874337635974e+02 4.045591990664478885e+02 4.043914968706098989e+02 4.042413092425781542e+02 4.040995322668131848e+02 4.039806464053633022e+02 4.038418130317272698e+02 4.036139712137631363e+02
2.909679362504220080e+03 3.974315968842760185e+02 3.987083062941389358e+02 4.039239404729418084e+02 4.089258184704182781e+02 4.092227981796594349e+02 4.089796342940207978e+02 4.087697215818083123e+02 4.085872187723225011e+02 4.084223493122036075e+02 4.082693222437122813e+02 4.081285645819973524e+02 4.079963069980688033e+02 4.078801867521299869e+02 4.077510282989142070e+02 4.076348808603809175e+02
2.959679362504220080e+03 3.978321095570988177e+02 3.999264370653473293e+02 4.049047385938685579e+02 4.072606819455228333e+02 4.073811777967276839e+02 4.071397111590293321e+02 4.069293691389311221e+02 4.067472224486162418e+02 4.065868064208897863e+02 4.064390981110421990e+02 4.063074940829501998e+02 4.061837295943503250e+02 4.060783297784819297e+02 4.059638007672874096e+02 4.058489205042606613e+02
3.009679362504220080e+03 3.984719639955144430e+02 3.988559162066937347e+02 4.033408420519327819e+02 4.071080444331866488e+02 4.070461985553766340e+02 4.068010332018621398e+02 4.065904009126653591e+02 4.064043882339291258e+02 4.062365052461569803e+02 4.060802115357100774e+02 4.059377642895480562e+02 4.058022495373411402e+02 4.056867738746580017e+02 4.055496148317990333e+02 4.054389329216952547e+02
3.059679362504220080e+03 3.989534245836895821e+02 3.997645286541135761e+02 4.031068195750552832e+02 4.060605548403106013e+02 4.060888953539079012e+02 4.058345290311389704e+02 4.056151582399904783e+02 4.054189702880243544e+02 4.052453880442020591e+02 4.050827255603763888e+02 4.049384054885597948e+02 4.047985892815385682e+02 4.046843546205278130e+02 4.045443812594919564e+02 4.044067397907348891e+02
3.109679362504220080e+03 3.986988662918606110e+02 3.991410067726724833e+02 4.018319648125329309e+02 4.050322864705173629e+02 4.052354202284938083e+02 4.050072916500590168e+02 4.047702541685424649e+02 4.045602927539281950e+02 4.043720342950095414e+02 4.041979963994995160e+02 4.040405494709406753e+02 4.038915233404130731e+02 4.037658471016849262e+02 4.036177613194096239e+02 4.035006202549321301e+02
3.159679362504220080e+03 3.982640899377383334e+02 3.990009272410380845e+02 4.024667540747960857e+02 4.052412972127738158e+02 4.051133934192221773e+02 4.048708560713798192e+02 4.046593919999723425e+02 4.044712392975778243e+02 4.042998801996586167e+02 4.041408115210269898e+02 4.039946934057532530e+02 4.038552510235551267e+02 4.037358653895466887e+02 4.035923889103116267e+02 4.034784629495462696e+02
3.209679362504220080e+03 3.975858785109896303e+02 3.989432900330860434e+02 4.020056578993657013e+02 4.042662856816568251e+02 4.045347125487840003e+02 4.042829874313546838e+02 4.040408692782318667e+02 4.038307932829863489e+02 4.036454770961540248e+02 4.034752862468975536e+02 4.033217910116492249e+02 4.031778716818957946e+02 4.030553737991696721e+02 4.029165524797691091e+02 4.027998471837642569e+02
3.259679362504220080e+03 3.961682823237760545e+02 3.971698907330498400e+02 3.993229198616700160e+02 4.016613634849085201e+02 4.032966236904890707e+02 4.036986674765873886e+02 4.035089210983534826e+02 4.032422799745213524e+02 4.030067689871515881e+02 4.027936331798456422e+02 4.026012958777081963e+02 4.024240877368204679e+02 4.022724710852821772e+02 4.021037171408920585e+02 4.019746066756628693e+02
3.309679362504220080e+03 3.956687558118234165e+02 3.962608534037495929e+02 3.983119079422859841e+02 4.004747431234447390e+02 4.021446983102346735e+02 4.030073983169438065e+02 4.030867755798303165e+02 4.028311587616659608e+02 4.025822847998776410e+02 4.023610775182195312e+02 4.021564557735638346e+02 4.019649685766358971e+02 4.017937802068796032e+02 4.016009150175042350e+02 4.014590014002145040e+02
3.359679362504220080e+03 3.950723937886953649e+02 3.980934599300526884e+02 4.008779023434817077e+02 4.027879383108975162e+02 4.028294341235958314e+02 4.025548844188012367e+02 4.023135815928187071e+02 4.021034602932613780e+02 4.019209259261166949e+02 4.017389337394453719e+02 4.015894527339369802e+02 4.014397427261927191e+02 4.013333935989463157e+02 4.011126687374796234e+02 4.006587215887446973e+02
3.409679362504220080e+03 3.946715088511562044e+02 3.948827823710806229e+02 3.973688568267278924e+02 4.015356669092235506e+02 4.029653834042501330e+02 4.029278017406969639e+02 4.026600385574128609e+02 4.024087603156029331e+02 4.021986299254888308e+02 4.020074392380945483e+02 4.018419938439324142e+02 4.016880396327217682e+02 4.015594864822118666e+02 4.014099467496238844e+02 4.012803666615266138e+02
3.459679362504220080e+03 3.942933348619900471e+02 3.951526152979331528e+02 3.988668068684008858e+02 4.022760684590471669e+02 4.030078363316117702e+02 4.027406782746878093e+02 4.025014971125218608e+02 4.022972416954945061e+02 4.021162234993983020e+02 4.019493219291609876e+02 4.017996263105594608e+02 4.016570812698025748e+02 4.015356132749141125e+02 4.013981001586926709e+02 4.012766799914220428e+02
3.509679362504220080e+03 3.952469391319111196e+02 3.961630344339124576e+02 4.014818015445094375e+02 4.041117367577583082e+02 4.041102443312308878e+02 4.038486578784979315e+02 4.036261386036865701e+02 4.034320003101974521e+02 4.032600025540662045e+02 4.031009730027472528e+02 4.029593939358790635e+02 4.028250181115644750e+02 4.027121468771291575e+02 4.025856405936876854e+02 4.024642280491971178e+02
3.559679362504220080e+03 3.956943281087141600e+02 3.962215866173742143e+02 3.990558970474784246e+02 4.024165747393416837e+02 4.041728480182853787e+02 4.041782544895080491e+02 4.039079975642959539e+02 4.036666627014507185e+02 4.034540437387638008e+02 4.032609660696954847e+02 4.030870383653644922e+02 4.029252132944241680e+02 4.027869823984103732e+02 4.026314299479992656e+02 4.025063412467854960e+02
3.609679362504220080e+03 3.941220619915887369e+02 3.950071386747591191e+02 3.993911482016609398e+02 4.034754335810332577e+02 4.034100127689778787e+02 4.031415907427889351e+02 4.029071617099671698e+02 4.027022295789183772e+02 4.025166206381013012e+02 4.023451579966307463e+02 4.021895657142748064e+02 4.020417060818809318e+02 4.019171232654935579e+02 4.017694454481246567e+02 4.016490820535678381e+02
3.659679362504220080e+03 3.939737953687895242e+02 3.958670218285680562e+02 3.999897307704466698e+02 4.031706435133269224e+02 4.033725043792753127e+02 4.030982449909014349e+02 4.028484670995591728e+02 4.026295890979574779e+02 4.024356101156157024e+02 4.022566997666407360e+02 4.020959002846727230e+02 4.019439894543394871e+02 4.018167928246199949e+02 4.016653961127466914e+02 4.015434389867348841e+02
3.709679362504220080e+03 3.957705902181809279e+02 3.972366172749199791e+02 4.018772986393861970e+02 4.031837649244283170e+02 4.029074858659218421e+02 4.026713440854779833e+02 4.024628562440067299e+02 4.022734659882473807e+02 4.021040032216364466e+02 4.019540364363643903e+02 4.018204863034300729e+02 4.016920782478205751e+02 4.015860364733217125e+02 4.014529629786223381e+02 4.012352471252466444e+02
3.759679362504220080e+03 3.974702391480374217e+02 3.986639501840090816e+02 4.024448906920865738e+02 4.037919529022884149e+02 4.035292832597930328e+02 4.032825231744374150e+02 4.030705143879907837e+02 4.028801740356408914e+02 4.027089967756882629e+02 4.025454515904474988e+02 4.023982502219736830e+02 4.022547722960726446e+02 4.021345067635016335e+02 4.019095006538501593e+02 4.013362885145706400e+02
3.809679362504220080e+03 3.955024202557979152e+02 3.959845685513801641e+02 4.006684045213272043e+02 4.041470701410430024e+02 4.039312316558193743e+02 4.036678460935087855e+02 4.034403447187959841e+02 4.032393169095734038e+02 4.030580294233914742e+02 4.028891304715256183e+02 4.027359449731953305e+02 4.025899758884100379e+02 4.024659099507967994e+02 4.023206748226988907e+02 4.022001808862756320e+02
3.859679362504220080e+03 3.955921539980482180e+02 3.959865738671622353e+02 3.991559458371509095e+02 4.028723967005049644e+02 4.038435372494100193e+02 4.036804621131786917e+02 4.034175919470750387e+02 4.031869849187577870e+02 4.029827447842473589e+02 4.027956767619201059e+02 4.026273469911429856e+02 4.024689407174072926e+02 4.023345118340803310e+02 4.021826130355931355e+02 4.020566165701933414e+02
3.909679362504220080e+03 3.950368032868221917e+02 3.957894924607737153e+02 3.991161736756811251e+02 4.029658080627358459e+02 4.039954053009649328e+02 4.038351073423596631e+02 4.035665195152870979e+02 4.033353099219083902e+02 4.031277978705430769e+02 4.029365980459091929e+02 4.027629706594054255e+02 4.025994079276223374e+02 4.024591639592694605e+02 4.022980661567866605e+02 4.021720558216338759e+02
3.959679362504220080e+03 3.945867592996075928e+02 3.955838977879965910e+02 3.994291411001784695e+02 4.032434727780798198e+02 4.041654171984249615e+02 4.039718411779364828e+02 4.037104002680509893e+02 4.034817296415957912e+02 4.032754923374430973e+02 4.030847714740738752e+02 4.029104026685260465e+02 4.027456874470034336e+02 4.026045510966892493e+02 4.024362741803052472e+02 4.023114175530561738e+02
4.009679362504220080e+03 3.949843017014918019e+02 3.965768068757510605e+02 4.015132723590822366e+02 4.040156592110172937e+02 4.041842157941557048e+02 4.039156452476756840e+02 4.036821723182983419e+02 4.034794216592389375e+02 4.033020110846741773e+02 4.031386285728519852e+02 4.029932272105037896e+02 4.028562496081856352e+02 4.027402448765101894e+02 4.026131879819405981e+02 4.024917091505957387e+02
4.059679362504220080e+03 3.959844000169632068e+02 3.975946836649013107e+02 4.015238102323408498e+02 4.042268427286349493e+02 4.045375025350431315e+02 4.042898870758273233e+02 4.040449403539827244e+02 4.038309590216851461e+02 4.036411540674628782e+02 4.034667683730444878e+02 4.033107465826118414e+02 4.031632289378405858e+02 4.030391164851634471e+02 4.028972190327720568e+02 4.027712184576525942e+02
4.109679362504220080e+03 3.974778825784541141e+02 3.986358469735405379e+02 4.028309746099753283e+02 4.049829795602908575e+02 4.049333188333933435e+02 4.046637734229087187e+02 4.044275845515695096e+02 4.042190379927349113e+02 4.040317508153407289e+02 4.038576743290661284e+02 4.037003477480533888e+02 4.035498803243402222e+02 4.034232490838176659e+02 4.032460134223318846e+02 4.026393719685648875e+02
4.159679362504220080e+03 3.971012656739026170e+02 3.982570793754915712e+02 4.031216252457880955e+02 4.049641054289967883e+02 4.046864569269100116e+02 4.044330176096854075e+02 4.042147259204635361e+02 4.040222812342755674e+02 4.038492071434727677e+02 4.036882993983545020e+02 4.035420285484700003e+02 4.034034316440991006e+02 4.032840211716771819e+02 4.031476919763011324e+02 4.030296677606026492e+02
4.209679362504220080e+03 3.977084571001597055e+02 3.984361253588702425e+02 4.021496419415614128e+02 4.043851132512298250e+02 4.042373009031457514e+02 4.039913507544148956e+02 4.037769975546899559e+02 4.035863753363608453e+02 4.034120367075578315e+02 4.032498441329481125e+02 4.031001926613940327e+02 4.029573588066781440e+02 4.028329281206009682e+02 4.026884652755090883e+02 4.025695382297757874e+02
4.259679362504220080e+03 3.934592771602054881e+02 3.945040822543081163e+02 3.984745759298297116e+02 4.032815700286190008e+02 4.039779344869003239e+02 4.037566311610962657e+02 4.035011672879151092e+02 4.032727284282159985e+02 4.030670759037117250e+02 4.028772050023457609e+02 4.027061791905046562e+02 4.025428869247164130e+02 4.024077802424281458e+02 4.022305024477433903e+02 4.019580106955464203e+02
4.309679362504220080e+03 3.858438929161230817e+02 3.877981881459590454e+02 3.924959271713462385e+02 3.978239359727453461e+02 4.017470795823202252e+02 4.027486315678388564e+02 4.025754817512320756e+02 4.023017482717701796e+02 4.020611639783272722e+02 4.018461677019547551e+02 4.016548668635842887e+02 4.014784037340967870e+02 4.013288994878443532e+02 4.011615520273570041e+02 4.010262533099927964e+02
4.359679362504220080e+03 3.872927201969770863e+02 3.882205974410109661e+02 3.921614119375106498e+02 3.968109622400709213e+02 4.003952493755771229e+02 4.024360996810331130e+02 4.024308531998930789e+02 4.021489620044130788e+02 4.019027159689543964e+02 4.016835033619468049e+02 4.014879533063775625e+02 4.013067805239334120e+02 4.011506492761341178e+02 4.009773751186876325e+02 4.008383334530016668e+02
4.409679362504220080e+03 3.882433706953741535e+02 3.895502845990730520e+02 3.934218784161456597e+02 3.984250420831137376e+02 4.019896835228051941e+02 4.029299907134234786e+02 4.027525797790009392e+02 4.024785420308990638e+02 4.022370490542806465e+02 4.020205932919840848e+02 4.018270407556026953e+02 4.016486503830398647e+02 4.014960856082166174e+02 4.013270432277632267e+02 4.011906363149988124e+02
4.459679362504220080e+03 3.945758065592367529e+02 3.988280129769375435e+02 4.031690587348016948e+02 4.044920483765005770e+02 4.042924581369643988e+02 4.040297905668942349e+02 4.037976518783285087e+02 4.035890108889080352e+02 4.033995197643221218e+02 4.032226785973034566e+02 4.030614834326229925e+02 4.029078577786107189e+02 4.027766349116048445e+02 4.026103155152958948e+02 4.021678438819147914e+02
4.509679362504220080e+03 3.965950742863666392e+02 3.994431068464967893e+02 4.045141180043081022e+02 4.050627329397853487e+02 4.047932715477947454e+02 4.045425008957137152e+02 4.043202225888856560e+02 4.041217509323092827e+02 4.039404366776914230e+02 4.037709575235976445e+02 4.036165648339475069e+02 4.034682813652991626e+02 4.033432565100792431e+02 4.031719442352764986e+02 4.025332898282950964e+02
4.559679362504220080e+03 3.975611955621236007e+02 3.989027254792505346e+02 4.034461577595183712e+02 4.049674893966927129e+02 4.046914540041770465e+02 4.044368327200789395e+02 4.042143299969413306e+02 4.040164022068698841e+02 4.038374179706494829e+02 4.036698056484163430e+02 4.035191917478019263e+02 4.033729767034311067e+02 4.032522258027089492e+02 4.031025659811698461e+02 4.029301003610509611e+02
4.609679362504220080e+03 3.929395989340593474e+02 3.938116607191117282e+02 3.968938578253168998e+02 3.997318698382106845e+02 4.013469692914736129e+02 4.020204184057934071e+02 4.018591349412740783e+02 4.017082695002888499e+02 4.015596600389904438e+02 4.014380796661617410e+02 4.013180649681913224e+02 4.011982999867829562e+02 4.010834058266070770e+02 4.009485296803152892e+02 4.008221939030694330e+02
4.659679362504220080e+03 3.866089918432854802e+02 3.876211440470543721e+02 3.904321175466421892e+02 3.946353174277895164e+02 3.987418930270525266e+02 4.013091304582192151e+02 4.022365200623081591e+02 4.021613091002132592e+02 4.018729462771549947e+02 4.016307483990198648e+02 4.014087467830585751e+02 4.011806651402657167e+02 4.009853159495021941e+02 4.007650989926478928e+02 4.004461174814454694e+02
4.709679362504220080e+03 3.909028324569017059e+02 3.922432392817799496e+02 3.974942222954675799e+02 4.020959869925558792e+02 4.028849792430066827e+02 4.025958484419245451e+02 4.023282706409200955e+02 4.020902423271633097e+02 4.018768899814497217e+02 4.016745461998738733e+02 4.015107549983107447e+02 4.013416484954267958e+02 4.012176583814096489e+02 4.009593584670559494e+02 4.004228937753895821e+02
4.759679362504220080e+03 3.943449714297612445e+02 3.962570545385929677e+02 3.998470880037174879e+02 4.027786735308754373e+02 4.029328364964394495e+02 4.026022792215950403e+02 4.023436982984798647e+02 4.021161689749070547e+02 4.019110147400868414e+02 4.017098803098560893e+02 4.015437196732364100e+02 4.013810419684511430e+02 4.012252187560394532e+02 4.009797831787223004e+02 4.001316833246052624e+02
4.809679362504220080e+03 3.980507494291352373e+02 4.010119194643983178e+02 4.036397423816543437e+02 4.042831035486102564e+02 4.040004251173967873e+02 4.037245606967778713e+02 4.035010987840844905e+02 4.032922354502256326e+02 4.031054932870322318e+02 4.029237617352457619e+02 4.027702684290899242e+02 4.026109200596088158e+02 4.024815768545599894e+02 4.021464425502761060e+02 4.007123744483159271e+02
4.859679362504220080e+03 3.950534187464500633e+02 3.971107850206309422e+02 4.047630525989399075e+02 4.051676262259835539e+02 4.048858870414650823e+02 4.046347956386869669e+02 4.044135526964843166e+02 4.042157323635699413e+02 4.040358866401371074e+02 4.038677175249290485e+02 4.037154937736729039e+02 4.035690434871681873e+02 4.034461229358669812e+02 4.032979241325614908e+02 4.028116735838622731e+02
4.909679362504220080e+03 3.952223732660376072e+02 3.955076103275378046e+02 3.971078030551914253e+02 3.998799339916745907e+02 4.025057314708869285e+02 4.034075769601618617e+02 4.032961450386915772e+02 4.030216537840340720e+02 4.027764913206924575e+02 4.025572166371200638e+02 4.023612728549332473e+02 4.021812534237826071e+02 4.020268567395030459e+02 4.018575247493997722e+02 4.017226905780740935e+02
4.959679362504220080e+03 3.886994007809968252e+02 3.897162724958084823e+02 3.929203967859290287e+02 3.972892476233945445e+02 4.007897750360337454e+02 4.023913448492750149e+02 4.025703959965528043e+02 4.023380923136875822e+02 4.020774597433041322e+02 4.018389731010600485e+02 4.016293213585013859e+02 4.014338411605710917e+02 4.012710125803760093e+02 4.010589662063163701e+02 4.007307332425744448e+02
5.009679362504220080e+03 3.928348595828152838e+02 3.950869745456899977e+02 3.988626056004706584e+02 4.021130279562882492e+02 4.027029386612609869e+02 4.025074380635774673e+02 4.022025674484881392e+02 4.018971991999387114e+02 4.016529419047076317e+02 4.014477287107474126e+02 4.012754340222899145e+02 4.011134861647889238e+02 4.009733980049157935e+02 4.007966764202452055e+02 4.005111748391707920e+02
5.059679362504220080e+03 3.901739466074992606e+02 3.928560312665090350e+02 3.971118166304702868e+02 4.014476856251485515e+02 4.027300540102271498e+02 4.026382556733688034e+02 4.023646451185156820e+02 4.021130675798797256e+02 4.018890387381176765e+02 4.016832201987436406e+02 4.014974533695404944e+02 4.013218484477342827e+02 4.011711667353241637e+02 4.009957951204488609e+02 4.006018332220210709e+02
5.109679362504220080e+03 3.916450752022751658e+02 3.930932627918303979e+02 3.972910250651618185e+02 4.014735937761998343e+02 4.032791094856206655e+02 4.031685403888575365e+02 4.028925982494143909e+02 4.026383086947848824e+02 4.024085415830469969e+02 4.021982006027573107e+02 4.020097915123221242e+02 4.018332500862245524e+02 4.016853616292029869e+02 4.015140942398649031e+02 4.013565157468690927e+02
5.159679362504220080e+03 3.952307359627967571e+02 3.964731338538652494e+02 4.007850682028326332e+02 4.035626148031929574e+02 4.034989438332291911e+02 4.032162646826222954e+02 4.029744982057753191e+02 4.027597634151732109e+02 4.025654783827108645e+02 4.023854354640132556e+02 4.022238355215612273e+02 4.020695478700142189e+02 4.019195386015934446e+02 4.016737674648620100e+02 4.009983576728089929e+02
5.209679362504220080e+03 3.950092002108065117e+02 3.988769193467599621e+02 4.025401586024556195e+02 4.042391786502249147e+02 4.042637417733677125e+02 4.040079578005793337e+02 4.037574857754889877e+02 4.035315562619131242e+02 4.033278266468763604e+02 4.031385364536277507e+02 4.029663708408203320e+02 4.028030934389208255e+02 4.026631776522114592e+02 4.024839711247121841e+02 4.019721143902894482e+02
5.259679362504220080e+03 3.976862029544307688e+02 3.991692333759538656e+02 4.041261738264711880e+02 4.045331075675977672e+02 4.042506274645983240e+02 4.040001327296976115e+02 4.037790619847584708e+02 4.035816073720636155e+02 4.034022974706401214e+02 4.032348073470618033e+02 4.030833294025791815e+02 4.029382630092964632e+02 4.028090149926182448e+02 4.025475817168030517e+02 4.016968973133448912e+02
5.309679362504220080e+03 3.974909107772598418e+02 3.982379451409648254e+02 4.005055869550717489e+02 4.022820028380989470e+02 4.026420890203040699e+02 4.024204863932275771e+02 4.022759680040333023e+02 4.021413046401639804e+02 4.020016465803354890e+02 4.018749116163243684e+02 4.017490162821565605e+02 4.016229399316713398e+02 4.014996564733230571e+02 4.013383337185501887e+02 4.010959741635588216e+02
5.359679362504220080e+03 3.952500098229899663e+02 3.989516197515603153e+02 4.009807022718921417e+02 4.020366026734020011e+02 4.020364657335191509e+02 4.017108696288253213e+02 4.014944205325375606e+02 4.013087102485069408e+02 4.011598797971834642e+02 4.010625886796718191e+02 4.009812657229080060e+02 4.008995459835162478e+02 4.008154556075211872e+02 4.006969544738207105e+02 4.001301010800532367e+02
5.409679362504220080e+03 3.967839148859241050e+02 3.975758878552653641e+02 4.008095911740459201e+02 4.031288557683661793e+02 4.029857604710222745e+02 4.027151791175588755e+02 4.024669732995011486e+02 4.022421184133544898e+02 4.020380911296936119e+02 4.018327777729123227e+02 4.016617542810583359e+02 4.014902112977693491e+02 4.013706269785608924e+02 4.011547990926532634e+02 4.008771412699852590e+02
5.459679362504220080e+03 3.978445498026940186e+02 3.985025321565742047e+02 4.004239263926470471e+02 4.018934494158958159e+02 4.023812356284728935e+02 4.022108326651776338e+02 4.019567811914455433e+02 4.017157115984995244e+02 4.014676226257838039e+02 4.012451256376621131e+02 4.010202205742704678e+02 4.007989897525756646e+02 4.005720182896477013e+02 4.003586458336549754e+02 4.003126757170578003e+02
5.509679362504220080e+03 3.969334186372759063e+02 3.975507548510504989e+02 4.008138112403701143e+02 4.024657905606644022e+02 4.023273449763786971e+02 4.020446922026074503e+02 4.017984826642934877e+02 4.015803184200677833e+02 4.013839457909166981e+02 4.012014661320993696e+02 4.010361714394786645e+02 4.008790704266151579e+02 4.007455334489930010e+02 4.005909951905902631e+02 4.004625462335667976e+02
5.559679362504220080e+03 3.977305756899721132e+02 3.975728846197819166e+02 4.012099647536755356e+02 4.026203279816832037e+02 4.024004331864421147e+02 4.021218559399344485e+02 4.018785612653121575e+02 4.016623131485458771e+02 4.014666829454188246e+02 4.012843680219563680e+02 4.011187713116322584e+02 4.009601440674011315e+02 4.008261687224775187e+02 4.006654048184983594e+02 4.005391639829200017e+02
5.609679362504220080e+03 3.977223637987785310e+02 3.977516516931453907e+02 4.007453474995194824e+02 4.024841664214962975e+02 4.023347020466925983e+02 4.020510178578665546e+02 4.018038612044933870e+02 4.015842074979212271e+02 4.013859527374298750e+02 4.012015754106452619e+02 4.010342897933151107e+02 4.008749569939192838e+02 4.007393339383531270e+02 4.005819835297192526e+02 4.004534063555316834e+02
5.659679362504220080e+03 3.982022267592739695e+02 3.981722527234833819e+02 4.010831932172897041e+02 4.025329685491868190e+02 4.023781058923074738e+02 4.020961288280009285e+02 4.018489435268037369e+02 4.016295246148513911e+02 4.014313912924928900e+02 4.012470408468738583e+02 4.010800616599812543e+02 4.009199794550099227e+02 4.007856572333590748e+02 4.006232225088097607e+02 4.004959262019366975e+02
5.709679362504220080e+03 3.981481626068841706e+02 3.981025101597160187e+02 4.013574851726621660e+02 4.026624946712512383e+02 4.024484009692496898e+02 4.021694128481096868e+02 4.019251956207409080e+02 4.017080869330174551e+02 4.015117090068137031e+02 4.013287924849198589e+02 4.011630724387740656e+02 4.010041178489266258e+02 4.008705543688782882e+02 4.007100182309951606e+02 4.005825550620481863e+02
5.759679362504220080e+03 3.986073398472710778e+02 3.984781590594122349e+02 4.017632148347961447e+02 4.027168473193185605e+02 4.024428783787640782e+02 4.021688801883988731e+02 4.019283096162866968e+02 4.017144599775874099e+02 4.015206699173464813e+02 4.013399618544699479e+02 4.011763215922007930e+02 4.010188284499656675e+02 4.008871262438541976e+02 4.007270563345217624e+02 4.006002043952380518e+02
5.809679362504220080e+03 3.988159628715655458e+02 3.987411484826970991e+02 4.018287991904747969e+02 4.027174578944150767e+02 4.024554720134195236e+02 4.021812372666691999e+02 4.019399919563510366e+02 4.017254663641540446e+02 4.015309861126474971e+02 4.013495949966456919e+02 4.011852707279414290e+02 4.010269971179889126e+02 4.008947519743452403e+02 4.007331318169985366e+02 4.006066199259198015e+02
5.859679362504220080e+03 3.991309138594904766e+02 3.990248203467411940e+02 4.020805456830372577e+02 4.027259996332508081e+02 4.024210317501206760e+02 4.021504506846740128e+02 4.019121077394252097e+02 4.017000769838002157e+02 4.015075440592049176e+02 4.013278603559912199e+02 4.011649730676761010e+02 4.010081581992621409e+02 4.008768089508849926e+02 4.007177661300916611e+02 4.005911126198956254e+02
5.909679362504220080e+03 3.994092283906361445e+02 3.993079854935990056e+02 4.021274079633891461e+02 4.026412929484449137e+02 4.023871750732523651e+02 4.021173494503323695e+02 4.018791209537662894e+02 4.016667600699699392e+02 4.014739517397824784e+02 4.012943435046532272e+02 4.011291740031053337e+02 4.009756930965186825e+02 4.008361630153141846e+02 4.006975781328944208e+02 4.005578844422925044e+02
5.959679362504220080e+03 4.000799639415336060e+02 4.008842278244563886e+02 4.025329999063611695e+02 4.029422955296589066e+02 4.026508947810894483e+02 4.023656276952257826e+02 4.020933679876721385e+02 4.018479714581541202e+02 4.016398886933256449e+02 4.014437677890909413e+02 4.012695687187427325e+02 4.011162956686431471e+02 4.009633270571618482e+02 4.007855278508050674e+02 4.005819512175597197e+02
6.009679362504220080e+03 4.000519079018951629e+02 4.010338145671090615e+02 4.029257969340402497e+02 4.028720415626718818e+02 4.025603822110086867e+02 4.022650335246259488e+02 4.020318613611160572e+02 4.018346887648085044e+02 4.016508150710347991e+02 4.014692710771896600e+02 4.013128960773983636e+02 4.011764658591733337e+02 4.010552739278125500e+02 4.009398594782296641e+02 4.008042399825255302e+02
6.059679362504220080e+03 4.004606848759800641e+02 4.015102164663790631e+02 4.029803729917904889e+02 4.029114579717224274e+02 4.026502222546046141e+02 4.023774568664140361e+02 4.021137801660930791e+02 4.018189387970921871e+02 4.015837528293835135e+02 4.013988736878344525e+02 4.012414945222867004e+02 4.011029968919074236e+02 4.009786671799090527e+02 4.008508473782836745e+02 4.007159273309202376e+02
6.109679362504220080e+03 4.001387040991038475e+02 4.011167388490237613e+02 4.030435761989274965e+02 4.029157042663227344e+02 4.026310114287740021e+02 4.023836217135678339e+02 4.021642399456334260e+02 4.019664053720744619e+02 4.017859377809332955e+02 4.016175395650103042e+02 4.014608603606128554e+02 4.013166773304957928e+02 4.011809032469072349e+02 4.010511957916277197e+02 4.008885298055954536e+02
6.159679362504220080e+03 4.006250501282183336e+02 4.015970010304794187e+02 4.031401954725430983e+02 4.029329044015931913e+02 4.026258055475518631e+02 4.023656175984194192e+02 4.021438561612332023e+02 4.019484948022330286e+02 4.017720483745794695e+02 4.016046921884744734e+02 4.014487173153267463e+02 4.013051152741226701e+02 4.011706605508952634e+02 4.010426841542242187e+02 4.008941850395939355e+02
6.209679362504220080e+03 4.010525651500913682e+02 4.022311283119769882e+02 4.031593589959590531e+02 4.029147373645847097e+02 4.026151409370232273e+02 4.023603534390002778e+02 4.021520836075594048e+02 4.019493049892990939e+02 4.017560496980888161e+02 4.015513959353968403e+02 4.013802978886213282e+02 4.012253388180081402e+02 4.011018713032506184e+02 4.009491491168020616e+02 4.008142812127459820e+02
6.259679362504220080e+03 4.010940276354324396e+02 4.023567739930434186e+02 4.031997749676423837e+02 4.029474192309020850e+02 4.026561839557930966e+02 4.024008738238802039e+02 4.021733499192396266e+02 4.019687678984308832e+02 4.017823128189525050e+02 4.016071782503722147e+02 4.014473798188327578e+02 4.012940164535042413e+02 4.011639295333146151e+02 4.010058147590810904e+02 4.009257679787409643e+02
6.309679362504220080e+03 4.013960384754628876e+02 4.024982845468851451e+02 4.031450078922128455e+02 4.028885510356446389e+02 4.025934030420913814e+02 4.023359372287205247e+02 4.021053077382785546e+02 4.018995517791082648e+02 4.017108603532333291e+02 4.015364994958288207e+02 4.013728137798543116e+02 4.012277853414149718e+02 4.010800768767762179e+02 4.009944607787847985e+02 4.009941184814970825e+02
6.359679362504220080e+03 4.016126698983593997e+02 4.025220680147941152e+02 4.029971232162334900e+02 4.027298042724520428e+02 4.024388935110773673e+02 4.021798620672824995e+02 4.019484852793974028e+02 4.017412509432979846e+02 4.015536186454731364e+02 4.013787506340542564e+02 4.012226292216415686e+02 4.010720308640592293e+02 4.009902823129561398e+02 4.009697035286980054e+02 4.009675696718695690e+02
6.409679362504220080e+03 4.018580651235247956e+02 4.024633977786974128e+02 4.028452940832540889e+02 4.025524678897514264e+02 4.022601253318546810e+02 4.020020973129120421e+02 4.017721829435555492e+02 4.015668605951465793e+02 4.013777570336173994e+02 4.012071914710567739e+02 4.010357503961302541e+02 4.009046426752619254e+02 4.008752128656913101e+02 4.008759033904132707e+02 4.008726630219546223e+02
6.459679362504220080e+03 4.020175169207215049e+02 4.024737627235525679e+02 4.026869132536764937e+02 4.023685633731037115e+02 4.020820984961897580e+02 4.018303043023218493e+02 4.016068088444034174e+02 4.014065749488406141e+02 4.012209413827673075e+02 4.010534815631573338e+02 4.008817200971813577e+02 4.007783120350856620e+02 4.007769178089454840e+02 4.007828219518273727e+02 4.007741335512158116e+02
6.509679362504220080e+03 4.020579375760052585e+02 4.024626435462079144e+02 4.025974891971738998e+02 4.022808044833228109e+02 4.019888864661423895e+02 4.017328910020094099e+02 4.015062190212851192e+02 4.013005553869714959e+02 4.011186976835770679e+02 4.009295038448357218e+02 4.007911390317896121e+02 4.007700989321688780e+02 4.007686482801801162e+02 4.007665106353790634e+02 4.007671613405380526e+02
6.559679362504220080e+03 4.017044648667368847e+02 4.022532600476221774e+02 4.023339499581179552e+02 4.020185754670164897e+02 4.017191760700738996e+02 4.014600836573463312e+02 4.012285753866221967e+02 4.010218551579910695e+02 4.008330044988603049e+02 4.006477309735302583e+02 4.005502894160470078e+02 4.005486084414754373e+02 4.005472874983694282e+02 4.005453678896207634e+02 4.005470759461031776e+02
6.609679362504220080e+03 4.020407015758840998e+02 4.021821460926259988e+02 4.021806120127646409e+02 4.018582821812290717e+02 4.015637526715458989e+02 4.013056614280907866e+02 4.010756849870446672e+02 4.008725416965162935e+02 4.006759025864037085e+02 4.005156732449303831e+02 4.004801521826471458e+02 4.004784224365306500e+02 4.004770539580299555e+02 4.004750478259834381e+02 4.004770720164405020e+02
6.659679362504220080e+03 4.020123063671733235e+02 4.020495713059287937e+02 4.019314125648484151e+02 4.015973185000378294e+02 4.013174582942978645e+02 4.010666367813401507e+02 4.008413835451941054e+02 4.006345889449489164e+02 4.004393710633591468e+02 4.003330828974264364e+02 4.003316227252267936e+02 4.003300758144985139e+02 4.003288165438618762e+02 4.003270007092347669e+02 4.003294063386819062e+02
6.709679362504220080e+03 4.017024922997359226e+02 4.018738936416492606e+02 4.019694062303586293e+02 4.016501880257926018e+02 4.013500205894832220e+02 4.010881943098221427e+02 4.008557831587692704e+02 4.006465938390547308e+02 4.004507778294246805e+02 4.003650845051097349e+02 4.003636773359727954e+02 4.003621434779229844e+02 4.003608679299442770e+02 4.003590273182813348e+02 4.003614448140363606e+02
6.759679362504220080e+03 4.016330710877354591e+02 4.015923880635412502e+02 4.014781699120308645e+02 4.011385212531617981e+02 4.008427546435607383e+02 4.005848578397729511e+02 4.003554960175665656e+02 4.001511130447851770e+02 3.999572868270062713e+02 3.998758942171270405e+02 3.998744312732861772e+02 3.998728005954307037e+02 3.998714112708665311e+02 3.998693930069413796e+02 3.998725842900680618e+02
6.809679362504220080e+03 4.012507336714927533e+02 4.012082303083957413e+02 4.011217463804040335e+02 4.007927587270775689e+02 4.004960395444951473e+02 4.002354016265231849e+02 4.000087312058579982e+02 3.997889340623008252e+02 3.996306524534769551e+02 3.996047623542395968e+02 3.996032739638126259e+02 3.996015620799943804e+02 3.996000766519008494e+02 3.995979050165661874e+02 3.996011596853930428e+02
6.859679362504220080e+03 4.008328215972926500e+02 4.007804076739830634e+02 4.006623040545397885e+02 4.003334353371319594e+02 4.000491213994006898e+02 3.997928230412629205e+02 3.995729437643784649e+02 3.993435356183633189e+02 3.991938420698451182e+02 3.991925983979505190e+02 3.991912474027942608e+02 3.991895917934343174e+02 3.991871562443564585e+02 3.991850666268096006e+02 3.991893178377143272e+02
6.909679362504220080e+03 4.004881922951892079e+02 4.004565023345024883e+02 4.003249650011651966e+02 3.999865938492470718e+02 3.996838789349710055e+02 3.994188871013825519e+02 3.991837570640278727e+02 3.989677924495683783e+02 3.988759728056307949e+02 3.988746690943686986e+02 3.988732369393203498e+02 3.988714553842598320e+02 3.988686450083443447e+02 3.988650762985342340e+02 3.988641415121192040e+02
6.959679362504220080e+03 4.003174879773060866e+02 4.002893193019773435e+02 4.001636411824457014e+02 3.998241718836157474e+02 3.995209334410957354e+02 3.992588129568623003e+02 3.990142356799025833e+02 3.988281534981587697e+02 3.987917830869963609e+02 3.987905205953913423e+02 3.987890953780824361e+02 3.987862648736132769e+02 3.987826877313058844e+02 3.987790426153798649e+02 3.987781513781002332e+02
7.009679362504220080e+03 4.002067765756855238e+02 4.001864489404856045e+02 4.000943505229448078e+02 3.997508334667245435e+02 3.994438184630423621e+02 3.991818363891081844e+02 3.989172846956217882e+02 3.987534417455488551e+02 3.987426258745633163e+02 3.987413475650283203e+02 3.987398666783465160e+02 3.987369427530089752e+02 3.987325879811587583e+02 3.987282925983036534e+02 3.987273594030453978e+02
7.059679362504220080e+03 3.998218834984426735e+02 3.997990048711371855e+02 3.996607635975962012e+02 3.993152219038500448e+02 3.990097039273099995e+02 3.987446578447268735e+02 3.984966751349804213e+02 3.983892839424019598e+02 3.983883026461741679e+02 3.983871007040388008e+02 3.983856809649630009e+02 3.983820719522638001e+02 3.983758134579779266e+02 3.983702245501920629e+02 3.983694191257631587e+02
7.109679362504220080e+03 3.996661802639952157e+02 3.996478404648351557e+02 3.995256822682541724e+02 3.991698375897986466e+02 3.988634998509084539e+02 3.985946554483704745e+02 3.983538371072476139e+02 3.982607200961901412e+02 3.982597184188388155e+02 3.982584204142048065e+02 3.982557725369978243e+02 3.982510662482623047e+02 3.982428863846006948e+02 3.982356059377161728e+02 3.982347760164219608e+02
7.159679362504220080e+03 3.995314522026392297e+02 3.995131468667391914e+02 3.994110148864749021e+02 3.990568370910409612e+02 3.987512328247533446e+02 3.984774353012247161e+02 3.982647986874479784e+02 3.982258836202083785e+02 3.982248733988995468e+02 3.982235464495452675e+02 3.982205915126932609e+02 3.982146636336569259e+02 3.982041070476377627e+02 3.981947159847954367e+02 3.981938948048161251e+02
7.209679362504220080e+03 3.994154397337035221e+02 3.993959748588284810e+02 3.993328055023814045e+02 3.989867328409256970e+02 3.986803546435367025e+02 3.983921801680028238e+02 3.982335571892122630e+02 3.982166018399715881e+02 3.982155687133679294e+02 3.982128204181251476e+02 3.982089251303565334e+02 3.982010813423681839e+02 3.981869248905525183e+02 3.981742655804718538e+02 3.981734029127347867e+02
7.259679362504220080e+03 3.990679073839388025e+02 3.990457803374793571e+02 3.989410107690436007e+02 3.985986949721273049e+02 3.982935116517693359e+02 3.980063028084001644e+02 3.978532548126018469e+02 3.978522415818962372e+02 3.978512526774677553e+02 3.978484539736990087e+02 3.978429790381495650e+02 3.978308324360506276e+02 3.978085234651237556e+02 3.977894111295586299e+02 3.977886585129963919e+02
7.309679362504220080e+03 3.989394959650771852e+02 3.989181161899881545e+02 3.987897158522144991e+02 3.984357132762476681e+02 3.981215624634586447e+02 3.978484967834628492e+02 3.977578839261673807e+02 3.977568609123109127e+02 3.977558054556789671e+02 3.977522934377465162e+02 3.977447188222605519e+02 3.977273306407703899e+02 3.976975053045315462e+02 3.976724060317812928e+02 3.976715998097748752e+02
7.359679362504220080e+03 3.988257222772361956e+02 3.988068586246624818e+02 3.986905924982582405e+02 3.983315344571481091e+02 3.980123072725806992e+02 3.977557446623653163e+02 3.977001174747741175e+02 3.976990667380053992e+02 3.976932741573835983e+02 3.976886764015836206e+02 3.976779364322553079e+02 3.976476420248237105e+02 3.975927314123476890e+02 3.975644530502233920e+02 3.975639399159171603e+02
7.364679362504220080e+03 3.988136424454119719e+02 3.987960054167103294e+02 3.986832856789621360e+02 3.983155990766028935e+02 3.979954999729380916e+02 3.977444246890146360e+02 3.976927895129871899e+02 3.976917106654584018e+02 3.976885319255304694e+02 3.976832788543961783e+02 3.976712136688374244e+02 3.976372024508227128e+02 3.975906041122343026e+02 3.975602895719819116e+02 3.975593200434304322e+02
7.369679362504220080e+03 3.987830701561795763e+02 3.987620042857450926e+02 3.986703773685375722e+02 3.983040671393973184e+02 3.979858653328953437e+02 3.977341703078855062e+02 3.976826262822620492e+02 3.976815300601079457e+02 3.976786308374603891e+02 3.976733197047527142e+02 3.976611089549799658e+02 3.976268026696681659e+02 3.975811241106252965e+02 3.975505034756444047e+02 3.975493001505016082e+02
7.419679362504220080e+03 3.987081562692830516e+02 3.986914021373988248e+02 3.985964784808289210e+02 3.982350019521733770e+02 3.979066591570614833e+02 3.976790098028318425e+02 3.976510863385061043e+02 3.976499992557825180e+02 3.976472380931430735e+02 3.976403852656727054e+02 3.976241293455794334e+02 3.975779378528708889e+02 3.975218029671156614e+02 3.974841741264224311e+02 3.974830487636013459e+02
7.469679362504220080e+03 3.986267736204585503e+02 3.986119055330926244e+02 3.985232427560451924e+02 3.981594782714743701e+02 3.978276021429978186e+02 3.976251269301112075e+02 3.976057818154996539e+02 3.976046143964550765e+02 3.976009804581530602e+02 3.975916693927327401e+02 3.975692724182110851e+02 3.975066217846542145e+02 3.974270964558546098e+02 3.973816133759182208e+02 3.973808908387210863e+02
7.519679362504220080e+03 3.984862493616415122e+02 3.984621200882597236e+02 3.983022790279719629e+02 3.979363699228322844e+02 3.975939765812129281e+02 3.973911761919235914e+02 3.973903109235261013e+02 3.973891824980711931e+02 3.973836669253489049e+02 3.973686714074751762e+02 3.973324114002408578e+02 3.972330360857913547e+02 3.970677307867640025e+02 3.969978219347778463e+02 3.969977685207174432e+02
7.569679362504220080e+03 3.983022037030843308e+02 3.982745444605826037e+02 3.981014400937070832e+02 3.977359332042664732e+02 3.974540780198851735e+02 3.974741564038019419e+02 3.974735366103576553e+02 3.974702390052381702e+02 3.974610982595107771e+02 3.974357923750808936e+02 3.973772883740829229e+02 3.972281903494644553e+02 3.968643322906229400e+02 3.968082444830859004e+02 3.971992101319135600e+02
7.619679362504220080e+03 3.981714975399520426e+02 3.981523028316607338e+02 3.979899277422652517e+02 3.976179185131910572e+02 3.972918887527838478e+02 3.971644800426573170e+02 3.971636208902360181e+02 3.971597095563657263e+02 3.971484826626706308e+02 3.971202762560108113e+02 3.970614435820068024e+02 3.969307303128793478e+02 3.957996947810803476e+02 3.956401457421967507e+02 3.957565279402094802e+02
7.669679362504220080e+03 3.980360005714236422e+02 3.980156840815896544e+02 3.978684494929229913e+02 3.974917709564408028e+02 3.971746496520983101e+02 3.970719993672230430e+02 3.970710428711495297e+02 3.970655449315519832e+02 3.970505717214247738e+02 3.970138514046181513e+02 3.969381626546073107e+02 3.967405997890458025e+02 3.958821162984475563e+02 3.957125096098137647e+02 3.957055004031692533e+02
7.719679362504220080e+03 3.978341627279963859e+02 3.978149114601146721e+02 3.977682608837533849e+02 3.974313331978757446e+02 3.971585050466861162e+02 3.971082486164133343e+02 3.971071833559523725e+02 3.970990552684588693e+02 3.970760234364627195e+02 3.970203523474224880e+02 3.969068245029956756e+02 3.966196332929567347e+02 3.956660147951670865e+02 3.955999816805730802e+02 3.964805742824470371e+02
7.769679362504220080e+03 3.978228015762064729e+02 3.978062070031613757e+02 3.977582574230507362e+02 3.973721029759849444e+02 3.970914666349206072e+02 3.970486626906978245e+02 3.970455633151702841e+02 3.970351281585659535e+02 3.970033641101256876e+02 3.969037219255769742e+02 3.966054304423988128e+02 3.964900398235704984e+02 3.958488728767833891e+02 3.956494479308717587e+02 3.956453768770895749e+02
7.819679362504220080e+03 3.977486513492696076e+02 3.977305383380996204e+02 3.976950399933727454e+02 3.973155139187179543e+02 3.970615449846841329e+02 3.970372065368324570e+02 3.970335624562120529e+02 3.970197811092675124e+02 3.969783471906232535e+02 3.968502285560829819e+02 3.964410434054702250e+02 3.963056139790222687e+02 3.954392604718099165e+02 3.951648395307474857e+02 3.951601909220586322e+02
7.869679362504220080e+03 3.976822140542242323e+02 3.976680179845295129e+02 3.976418761464200315e+02 3.972532694716530841e+02 3.970099029288424504e+02 3.969873500833201660e+02 3.969822550613637873e+02 3.969643260381365053e+02 3.969121209103283832e+02 3.967545120642874963e+02 3.962101943466914804e+02 3.960498950731634977e+02 3.947909293655549732e+02 3.930253647414565989e+02 3.930200066415201832e+02
7.919679362504220080e+03 3.975916976148683375e+02 3.975792706693030141e+02 3.975693688510187940e+02 3.971916715108079643e+02 3.969857119705705486e+02 3.969687752887103898e+02 3.969622531484399133e+02 3.969374628062147963e+02 3.968627390974534137e+02 3.966240154913433003e+02 3.957441355977221633e+02 3.955751729733594857e+02 3.938749312381088998e+02 3.932370518535732344e+02 3.932269915948911034e+02
7.969679362504220080e+03 3.974777971974536968e+02 3.974577860391801210e+02 3.974300595701918155e+02 3.970540642753420570e+02 3.968405953348452613e+02 3.968397201878586316e+02 3.968265396561345142e+02 3.967749371975028225e+02 3.966213082066288393e+02 3.961019277554793234e+02 3.939566156159072534e+02 3.936080584210487814e+02 3.881452255602908394e+02 3.860927342734143508e+02 3.964642970160159621e+02
8.019679362504220080e+03 3.973961193153957652e+02 3.973751135107144137e+02 3.973067382551406581e+02 3.969230898599905117e+02 3.967175597174460222e+02 3.967130272333996004e+02 3.966929275828977097e+02 3.966192489684135012e+02 3.964126959894633160e+02 3.956866033895640271e+02 3.918124350945394099e+02 3.913397999235782549e+02 3.052008035536702550e+02 3.552730160916761406e+02 3.953829339482675778e+02
8.069679362504220080e+03 3.973135357395253209e+02 3.972983141604784691e+02 3.972417587162023551e+02 3.968490114716291259e+02 3.966570370082973795e+02 3.966518065169881879e+02 3.966240200012113633e+02 3.965275808418481915e+02 3.962632512424093534e+02 3.952812326058243571e+02 3.889105219511906171e+02 3.882467684579331149e+02 3.137347221650704228e+02 3.655061230395045868e+02 3.962428844967517421e+02
8.119679362504220080e+03 3.972339312299969265e+02 3.972191059056823974e+02 3.971536346053882767e+02 3.967678964968031323e+02 3.966019408980320122e+02 3.965932636761555727e+02 3.965541244715378184e+02 3.964256395698409960e+02 3.960662969844091776e+02 3.945192014565859608e+02 3.875844007926575046e+02 3.865598936454840100e+02 3.333504397912100785e+02 3.073577702276783157e+02 3.960902501712306503e+02
8.169679362504220080e+03 3.972292017615682198e+02 3.972284851451665304e+02 3.972184060990632588e+02 3.969466107820392153e+02 3.969059671928563944e+02 3.968907623038812744e+02 3.968179913311197424e+02 3.965942914343744974e+02 3.959969235300204673e+02 3.925367106252741678e+02 3.887840089833084107e+02 3.825676910493046989e+02 3.126455292003857380e+02 2.802908164231668025e+02 2.848079736041627257e+02
8.219679362504219171e+03 3.974133895722318925e+02 3.974105251367286087e+02 3.973575317174907013e+02 3.971222684500953619e+02 3.971081872424809944e+02 3.970891465230645849e+02 3.970054245185888249e+02 3.967601534487426420e+02 3.960619361189584993e+02 3.899372569074692478e+02 3.885107117651987210e+02 3.243095296971595189e+02 3.007645772288627768e+02 2.813593561735827961e+02 3.256836360270999080e+02
8.269679362504219171e+03 3.973463549542436795e+02 3.973355672846037692e+02 3.972842042907911377e+02 3.970508369060373184e+02 3.970345206101890767e+02 3.970108901299860236e+02 3.969111304230020778e+02 3.966191798898765910e+02 3.957135317476729028e+02 3.894051871430843903e+02 3.878084584945474376e+02 3.075382490612830679e+02 2.929301618657723907e+02 2.801158055636960285e+02 2.903487375525416496e+02
8.319679362504219171e+03 3.972659436214147490e+02 3.972539040023136181e+02 3.972200739300715782e+02 3.969840356513021788e+02 3.969698202131661446e+02 3.969322155456732730e+02 3.967876229205449476e+02 3.963745427563444537e+02 3.947645538098412317e+02 3.880292450738730849e+02 3.854394231829600699e+02 2.966843958913215715e+02 2.874599254703595079e+02 2.799154161516723320e+02 2.892452011365083422e+02
8.369679362504219171e+03 3.972168552988309784e+02 3.972082092685529346e+02 3.971799686601967778e+02 3.969449245204606314e+02 3.969247803851527578e+02 3.968784011678154684e+02 3.967083672759634396e+02 3.962398444333712177e+02 3.932277008927808311e+02 3.857264694141264840e+02 3.726294209425884674e+02 2.874209874891309369e+02 2.838713682595620753e+02 2.799999988532421753e+02 2.866074692961666415e+02
8.419679362504219171e+03 3.972334844967887761e+02 3.972285286750467890e+02 3.971610570544598318e+02 3.969222339063284721e+02 3.969049376005336853e+02 3.968356573133115148e+02 3.965984799843068345e+02 3.959487708913467259e+02 3.926900000476399555e+02 3.837427108666656181e+02 3.266169694331342157e+02 2.829064969486782957e+02 2.814163785478249906e+02 2.799999999999997726e+02 2.799999999999997726e+02
8.469679362504219171e+03 3.972283234739401223e+02 3.972200633705185169e+02 3.971532993351456184e+02 3.969164403866481052e+02 3.968951119352048522e+02 3.968107897743296348e+02 3.965281012435959269e+02 3.956676391882812709e+02 3.921928689317115868e+02 3.813657385390749823e+02 3.006567578810339683e+02 2.799188281303298709e+02 2.799181125672613462e+02 2.800000000000004547e+02 2.800000000000004547e+02
8.519679362504219171e+03 3.971619553251625803e+02 3.971508481348571991e+02 3.971152991893065973e+02 3.968749040929602074e+02 3.968526359966834320e+02 3.967332660137117841e+02 3.963529026872914187e+02 3.943856841216602902e+02 3.911332714482081769e+02 3.747076211540954205e+02 2.925147931610365504e+02 2.799440592279491398e+02 2.799697985842796015e+02 2.800000000000000000e+02 2.799999999999998863e+02
8.569679362504219171e+03 3.972498196346041937e+02 3.971748418171758317e+02 3.970020327430145244e+02 3.967122685466162579e+02 3.966791281339263833e+02 3.965891550826926846e+02 3.962285439147930788e+02 3.936957176388961557e+02 3.910602803639282570e+02 3.336887017449849964e+02 2.814633087861435570e+02 2.800000000000002842e+02 3.185054876104056802e+02 2.799955929307373594e+02 3.246749135572619025e+02
8.619679362504219171e+03 3.970446501369783618e+02 3.970229322363877600e+02 3.969924233915004947e+02 3.967086493308570994e+02 3.966744258880117400e+02 3.965506722360539698e+02 3.959923106367467653e+02 3.937185969828639145e+02 3.909446534606547630e+02 3.024507046031744153e+02 2.799367202170092810e+02 2.799999999999999432e+02 3.085863050608671188e+02 2.800000000000000000e+02 3.183644079966360323e+02
8.669679362504219171e+03 3.971227099284296287e+02 3.971093390256738758e+02 3.970112658843098643e+02 3.967398926669366119e+02 3.967050974921911006e+02 3.965465724065596760e+02 3.957315789825871661e+02 3.948845642120618891e+02 3.644604535567343646e+02 3.109938594298654380e+02 2.799155519226405318e+02 2.799999999999997726e+02 2.924656909893682268e+02 2.800000000000281375e+02 2.998762182570495156e+02
8.719679362504219171e+03 3.971014655147023973e+02 3.970945338199351795e+02 3.970515542101170468e+02 3.967932012496845005e+02 3.967613813638218971e+02 3.965639343945925361e+02 3.960471715133108432e+02 3.950754136497556601e+02 3.155917021842400345e+02 2.859958794448004369e+02 2.800000000000291607e+02 2.800000000000001137e+02 3.184722648153216369e+02 2.800000000000014779e+02 3.295344208023890928e+02
8.769679362504219171e+03 3.970751917472210266e+02 3.970675830358581493e+02 3.970489581789973954e+02 3.968058759255929999e+02 3.967731222001933133e+02 3.965544077662653990e+02 3.960321316003161201e+02 3.947548881678310408e+02 3.044495745749622415e+02 2.833339771412964865e+02 2.800000000000575255e+02 2.799999999999997726e+02 3.047896605938278753e+02 2.799999999999998863e+02 3.076434244674699130e+02
8.819679362504219171e+03 3.971177836875764342e+02 3.971028198395399613e+02 3.970649183340378841e+02 3.968327085160502747e+02 3.967942776949359427e+02 3.966411806025728879e+02 3.961766671381694209e+02 3.792952160477414623e+02 2.893316716679365754e+02 2.799236515798100413e+02 2.799999999647898221e+02 2.799999999999998863e+02 3.179605109482933472e+02 2.800000000000039790e+02 2.987179940891038541e+02
8.869679362504219171e+03 3.971057136705533139e+02 3.970996979903732154e+02 3.970036080706021835e+02 3.967768176721558007e+02 3.966705416898297472e+02 3.959345748541622356e+02 3.934421943742909207e+02 2.913443397347966197e+02 2.799999999999999432e+02 2.800000000000000000e+02 2.800000000000000000e+02 3.001426282010679643e+02 2.954319171910294131e+02 2.800000000002449383e+02 3.406319867670437702e+02
8.919679362504219171e+03 3.973435062729978995e+02 3.972884470589078205e+02 3.971301466018008455e+02 3.970235071713000252e+02 3.968102878784611107e+02 3.960185311515439253e+02 3.928844099120267970e+02 2.943744941826529953e+02 2.800000000000001705e+02 2.799999999999997726e+02 2.864874793278235074e+02 3.000252115620710924e+02 2.951218625296196478e+02 2.800000000000632099e+02 2.988652971555079034e+02
8.969679362504219171e+03 3.973149418338780379e+02 3.973102839322845057e+02 3.969251657361911612e+02 3.967726043583737123e+02 3.964815403828316676e+02 3.959070149301589936e+02 3.883988882160743401e+02 3.050885787413510002e+02 2.800000000000004547e+02 2.799984482527767682e+02 2.865762732051745729e+02 3.044407941730203788e+02 3.010763791254322541e+02 2.800000000004600906e+02 3.102422497567207529e+02
9.019679362504219171e+03 3.971146360604786310e+02 3.971012175455364854e+02 3.969888962396676106e+02 3.968055509550312649e+02 3.962449370216185116e+02 3.952241644766156696e+02 3.848555847909992735e+02 2.941776691487731341e+02 2.800000000000003411e+02 2.800256228247985746e+02 3.188245218028020531e+02 3.501215769865987681e+02 3.419650105890883651e+02 2.800000000008307097e+02 3.367438995995680671e+02
9.069679362504219171e+03 3.970591603504216209e+02 3.970446580374911605e+02 3.969839300991541222e+02 3.967829021644978980e+02 3.960458045052866396e+02 3.950474389371519237e+02 3.732351614044399071e+02 2.860929543935196193e+02 2.800000000000000568e+02 2.800000000000090381e+02 2.932338591842000710e+02 3.077534364016080417e+02 3.041452495505400861e+02 2.800000000000381419e+02 3.037290679416743728e+02
9.119679362504219171e+03 3.970274562481567955e+02 3.970166450676456407e+02 3.969638750713998547e+02 3.967711372330804238e+02 3.957317555711469481e+02 3.943546015486338092e+02 3.754918249620111510e+02 2.874914436670215423e+02 2.799999999999989200e+02 2.800000000000580371e+02 2.838748019842907979e+02 2.858838499944193359e+02 2.854349960057589328e+02 2.800000000000488853e+02 2.909757559900432398e+02
9.169679362504219171e+03 3.970116521851566631e+02 3.970015483640063962e+02 3.969469062217012265e+02 3.967542284096936100e+02 3.953116054775590555e+02 3.934751858864858036e+02 3.169943118285531796e+02 2.799131386595019535e+02 2.800000000000000000e+02 2.799996889648579668e+02 2.825697557740665502e+02 2.833019119538388395e+02 2.832167407075834831e+02 2.800000000000615614e+02 2.835856242420570652e+02
9.219679362504219171e+03 3.970036769763901816e+02 3.969956660346920785e+02 3.969379630704862620e+02 3.967368560479621920e+02 3.947447381483697200e+02 3.924767544566938682e+02 3.062961969416132888e+02 2.799673318575726171e+02 2.799999999999994884e+02 2.800000000000003979e+02 2.813167518000993255e+02 2.815749969527179815e+02 2.815260513877770450e+02 2.800000000000297860e+02 2.812770406912068211e+02
9.269679362504219171e+03 3.969920540048097450e+02 3.969814106962513733e+02 3.969172819804781511e+02 3.967163752332585887e+02 3.937429471861770480e+02 3.899830945296114919e+02 3.003226308067578429e+02 2.800000000003970513e+02 2.809004834027517177e+02 2.968132960231496895e+02 3.141615496987294023e+02 3.074030076327985057e+02 3.032208878894490454e+02 2.800000000000667342e+02 2.874591986042792655e+02
9.319679362504219171e+03 3.970082119326674501e+02 3.970073665021258194e+02 3.969176598152000111e+02 3.967497930253602476e+02 3.900005702029976078e+02 3.835710425779053026e+02 2.912792377730411886e+02 2.800000000007801759e+02 2.799793536016016446e+02 2.976507745303466663e+02 3.468401777275630593e+02 3.397095585072273138e+02 3.331348497323733682e+02 2.800000000004362732e+02 3.283142588248586549e+02
9.369679362504219171e+03 3.970004258501854792e+02 3.969939877748587946e+02 3.969340469400139568e+02 3.967118142536035634e+02 3.936832238040108223e+02 3.796881724837542151e+02 2.902920569131146067e+02 2.800000000002553975e+02 2.800000000000001705e+02 2.824518292532588930e+02 2.975058650815082615e+02 3.010686679198988713e+02 3.023882402647271874e+02 2.800000000000002274e+02 3.057469337835451029e+02
9.419679362504219171e+03 3.969884493763920545e+02 3.969824009046375295e+02 3.969218355255852089e+02 3.966675643523651615e+02 3.937785715779183420e+02 3.689773088802392635e+02 2.854445337398117886e+02 2.800000000000599698e+02 2.800000000000002842e+02 2.799399397230349678e+02 2.829377232493805536e+02 2.889639295975695177e+02 2.897797019695691461e+02 2.800000000000002842e+02 2.897619151904800106e+02
9.469679362504219171e+03 3.969799812046210832e+02 3.969747800206947090e+02 3.969179237135506355e+02 3.966179649856202900e+02 3.936586149520672393e+02 3.437925633800689411e+02 2.806658789240915439e+02 2.800000000000065370e+02 2.842148452149953641e+02 3.093624022499015496e+02 2.952705662163778584e+02 3.295948809841501657e+02 3.208209907948137243e+02 2.800000000012995542e+02 3.182796162237494855e+02
9.519679362504219171e+03 3.969750472671469197e+02 3.969701567265727249e+02 3.969139977079776145e+02 3.965620529664685137e+02 3.935258410830000457e+02 3.139281485390267221e+02 2.799281337615728376e+02 2.799999999999992042e+02 2.799999999999996589e+02 2.824110033066982055e+02 2.882354770946109852e+02 3.155404328669116012e+02 3.201532214641894711e+02 2.800000000000173941e+02 3.212485546388305124e+02
9.569679362504219171e+03 3.971617044515536463e+02 3.970960428575857009e+02 3.969896565030049942e+02 3.966558533705684226e+02 3.933754717593402574e+02 3.055942726359444919e+02 2.799850048178755628e+02 2.800000000000002842e+02 2.921975791843649404e+02 3.363155638324681718e+02 3.178987118552806805e+02 3.778489185782981963e+02 3.734488165355042497e+02 2.799845136526129750e+02 3.493873555936184516e+02
9.619679362504219171e+03 3.972214386715580190e+02 3.972225294864083480e+02 3.970428101395606291e+02 3.966615278883561473e+02 3.900313995898890767e+02 2.999405246907851392e+02 2.800000000012761348e+02 2.799999999999974989e+02 3.015743009896385729e+02 3.623514070992977736e+02 3.279494645673108835e+02 3.823735529160257443e+02 3.761766506363796339e+02 2.799744511240209590e+02 3.557190801888696683e+02
9.669679362504219171e+03 3.972068711787784423e+02 3.972269103574964788e+02 3.971138820001548879e+02 3.966412028992769478e+02 3.658412521756552565e+02 3.002616658985970162e+02 2.800000000000027285e+02 2.800000000000026716e+02 2.971063242663386745e+02 3.680801058159293007e+02 3.225521492458230455e+02 3.800003983365008935e+02 3.738038671130515240e+02 2.799910669821129545e+02 3.539667069631740333e+02
9.719679362504219171e+03 3.972003437451937202e+02 3.972218904712671588e+02 3.970761723446150313e+02 3.965829944779441121e+02 3.291952095877356896e+02 2.852199002053654908e+02 2.800000000000542286e+02 2.799999999999998295e+02 2.814009469180517158e+02 3.021165334409907359e+02 3.215854774035374817e+02 3.250655301013713370e+02 3.255628339870773402e+02 2.800000000002737579e+02 3.223123841797527689e+02
9.769679362504219171e+03 3.971837664268429080e+02 3.972081362368451778e+02 3.970698702495236034e+02 3.965364844903962194e+02 3.145170808629434305e+02 2.848189834559136102e+02 2.800000000000384830e+02 2.799306517128713381e+02 2.799338678098728224e+02 2.882553392107549826e+02 3.159415110458206755e+02 3.224429216901927475e+02 3.237791816630375479e+02 2.800000000012730084e+02 3.004589129487450236e+02
9.819679362504219171e+03 3.971700688785120974e+02 3.971945550865199834e+02 3.970660914579097494e+02 3.964058063435663826e+02 3.055492491460729525e+02 2.823364279439580287e+02 2.800000000000005116e+02 2.804575575568080126e+02 2.799224375328150245e+02 2.836507394654782388e+02 3.131677902235366560e+02 3.244480488004712129e+02 3.245827289481892990e+02 2.800000000013181420e+02 2.977637194340949804e+02
9.869679362504219171e+03 3.971638801873424427e+02 3.971892919475698136e+02 3.970796995375582128e+02 3.929455970308542305e+02 3.047371360738322892e+02 2.824659282718448026e+02 2.799129880814528519e+02 2.880681247787312600e+02 2.870999609254277516e+02 2.842529858084644161e+02 3.128378910279109846e+02 3.207258652657860694e+02 3.205493230290009024e+02 2.800000000022487825e+02 2.799487910321267350e+02
9.919679362504219171e+03 3.971792842118890690e+02 3.972170705398855262e+02 3.974024772096892661e+02 3.922268156449775347e+02 3.010274370413260385e+02 2.808152136735754993e+02 2.801214067902868123e+02 3.068256068338511682e+02 3.181503830421475527e+02 2.973579427151791492e+02 3.260199051758700080e+02 3.243175196934608380e+02 3.087890276607205919e+02 2.800000000000484306e+02 3.003076665927824820e+02
9.969679362504219171e+03 3.971994798591667291e+02 3.972466497470767877e+02 3.975239724734198603e+02 3.880858536317139738e+02 2.971174863093736462e+02 2.804659675121033047e+02 2.799856873989736528e+02 3.083848057788631536e+02 3.195093359290069088e+02 3.005949523696812662e+02 3.042181033137886743e+02 3.038017440767564494e+02 3.039742787116003910e+02 2.800000000000135287e+02 3.021751641660083578e+02
1.001967936250421917e+04 3.972497437011779766e+02 3.973192361828713501e+02 3.971427857935712495e+02 3.896896282382955405e+02 3.894511344612001835e+02 3.685778037071804647e+02 3.492183486907921406e+02 3.653519189886757772e+02 3.557795292592714418e+02 3.465221041888940476e+02 3.834292613011458570e+02 3.857945354230136559e+02 3.813813479596265665e+02 2.799666584637332107e+02 3.430858083951633262e+02
1.006967936250421917e+04 3.972613462871428851e+02 3.973243686026939940e+02 3.976636214090156614e+02 3.922616555756039816e+02 3.909376071309587246e+02 3.645504608013649772e+02 2.974110175157670142e+02 3.668266348129378684e+02 3.410051914766817163e+02 3.156564964771353630e+02 3.201681775915029107e+02 3.209397195258008537e+02 3.191175422023140413e+02 2.800000000002471552e+02 3.148882929121056122e+02
1.011967936250421917e+04 3.972779284493453815e+02 3.973348522024941190e+02 3.976810721789387344e+02 3.935702458620622224e+02 3.922144528716733589e+02 3.876526042227730500e+02 3.408792195150403472e+02 3.785010514532356183e+02 3.689991313912026385e+02 3.282507369480457555e+02 3.362047906738206393e+02 3.348649928640830922e+02 3.331652276618954147e+02 2.800000000000110276e+02 3.176831054035922079e+02
1.016967936250421917e+04 3.972923733398922082e+02 3.973468318986414829e+02 3.976715423310387223e+02 3.945894939933386922e+02 3.932441269195189193e+02 3.913841537285000527e+02 3.560891074716702178e+02 3.770033220435440171e+02 3.368231205895264111e+02 3.793591382668325309e+02 3.738753283962794853e+02 3.712856974239805936e+02 3.435834475570759423e+02 2.799999999998921680e+02 3.326643728550100150e+02
1.021967936250421917e+04 3.973342817322720180e+02 3.975274675943890088e+02 3.976777561090420932e+02 3.953588957189032840e+02 3.940474647951164116e+02 3.929123758443013230e+02 3.817171935524428363e+02 3.867971518814321144e+02 3.523815696899355885e+02 3.827206390385287023e+02 3.801545996884222518e+02 3.788162717038231335e+02 3.656282824737763235e+02 2.799876314163616371e+02 3.458532860592490579e+02
1.026967936250421917e+04 3.973303974352439809e+02 3.973896113442186220e+02 3.976351150607143836e+02 3.949909452360466275e+02 3.938155671745720383e+02 3.929014718641105901e+02 3.854184919401536149e+02 3.892848668420806462e+02 3.512041594747159934e+02 3.776356086468216517e+02 3.746359068447499681e+02 3.722680700090639334e+02 3.643051452928417575e+02 2.799876886135905920e+02 3.468092517901174574e+02
1.031967936250421917e+04 3.973440265579575907e+02 3.973875726046396153e+02 3.975961990619233006e+02 3.940809832024422121e+02 3.930546370492674555e+02 3.922813089780475480e+02 3.867466557231559250e+02 3.902755441299395898e+02 3.539478833569623362e+02 3.760540645684699257e+02 3.742195902835384231e+02 3.719480474121645557e+02 3.681034098556856407e+02 2.799997098647718303e+02 3.512392024024699140e+02
1.036967936250421917e+04 3.973558006838512142e+02 3.973946366190295407e+02 3.975546829549954850e+02 3.935219218577058768e+02 3.908824243068689839e+02 3.903014407062754003e+02 3.853884724569584250e+02 3.896560340796690980e+02 3.601215349800780814e+02 3.694734145103694232e+02 3.703867656474301384e+02 3.696755710284098200e+02 3.692822673879117019e+02 2.799963976597034048e+02 3.529325020710376180e+02
1.041967936250421917e+04 3.973666532053296123e+02 3.974001373388292109e+02 3.975121270922181793e+02 3.917221027139718785e+02 3.890745387899023058e+02 3.884431834503585605e+02 3.830552125381229871e+02 3.864363925399592858e+02 3.531172130731825405e+02 3.699691249984314823e+02 3.711850786140819878e+02 3.710027175902293379e+02 3.715631640742888635e+02 2.799741369339758990e+02 3.570859478331192918e+02
1.046967936250421917e+04 3.973770786181419226e+02 3.974063801567151017e+02 3.974829474384674199e+02 3.869388062420965753e+02 3.842306852066743659e+02 3.833236527061687298e+02 3.758167718367384964e+02 3.809558117739175032e+02 3.519181302123776618e+02 3.663339618118833414e+02 3.647736829133834249e+02 3.648996927435054545e+02 3.671789542994938529e+02 2.799997074724453228e+02 3.538988656807098891e+02
1.051967936250421917e+04 3.973863705178924874e+02 3.974120954717924974e+02 3.974470260920951432e+02 3.759599412657022413e+02 3.735393164500900411e+02 3.723292659093114025e+02 3.654253486310348649e+02 3.734552983595855267e+02 3.441523179921942983e+02 3.612267417545775743e+02 3.612636543650703516e+02 3.616481015615108845e+02 3.633235120283161450e+02 2.800000005164568506e+02 3.506909916896680670e+02
1.056967936250421917e+04 3.973950241933150664e+02 3.974172228853371394e+02 3.974140818082840951e+02 3.432830492801716105e+02 3.415765780225335106e+02 3.399231317111011776e+02 3.345319017846298948e+02 3.568939431236576638e+02 3.355540158062138971e+02 3.499196582732397474e+02 3.510931023893010661e+02 3.504231698959189885e+02 3.508437382347146354e+02 2.799990308717798939e+02 3.406484606013282814e+02
1.061967936250421917e+04 3.974031413925403058e+02 3.974216798292785597e+02 3.973753863695891368e+02 3.204346356228030572e+02 3.193507341933855059e+02 3.181497481638899671e+02 3.150579083927230499e+02 3.511606500369579180e+02 3.329715070283872933e+02 3.423990983606623217e+02 3.427516140122128263e+02 3.426442912671805061e+02 3.438644935016376394e+02 2.800000002618820645e+02 3.340751472076144069e+02
1.066967936250421917e+04 3.974105818562080117e+02 3.974254462154598286e+02 3.973340524263705902e+02 2.965269580582789786e+02 2.956685982219815401e+02 2.947229959300768201e+02 2.934001157461287903e+02 3.488176305001130686e+02 3.314140466052815555e+02 3.392033956935003971e+02 3.397276609125435129e+02 3.395505404570706673e+02 3.407102071126669784e+02 2.800000002208797127e+02 3.309840391636232653e+02
1.071967936250421917e+04 3.974172800457754988e+02 3.974284773461581040e+02 3.972904231987059234e+02 2.884358056126490055e+02 2.879590904944996623e+02 2.871566275313369374e+02 3.154956327191645187e+02 3.491785147738365822e+02 3.320229832290924037e+02 3.403649840383995411e+02 3.412362544670262992e+02 3.410228598187743501e+02 3.419293983880079963e+02 2.800000001926903792e+02 3.318271695108527979e+02
1.076967936250421917e+04 3.974234825738969903e+02 3.974313702549742970e+02 3.972537211719239849e+02 2.870973793079166967e+02 2.867589903346806182e+02 2.853739038118433200e+02 3.314300570622238524e+02 3.449352272018248868e+02 3.327445554709224780e+02 3.373236510918471254e+02 3.380128711437250786e+02 3.379150322178247734e+02 3.389058135113166372e+02 2.800000009377775427e+02 3.293475886344150467e+02
1.081967936250421917e+04 3.974291009328538280e+02 3.974361952096961090e+02 3.971897372356077085e+02 2.837815382829630835e+02 3.336050504595003190e+02 3.099208515041640339e+02 3.388491849324909708e+02 3.468989593614379032e+02 3.358212706894750568e+02 3.398932280660804395e+02 3.400980840353909116e+02 3.400992901586870403e+02 3.409686000331537343e+02 2.800000012674353798e+02 3.307360048745150038e+02
1.086967936250421917e+04 3.974344707688669587e+02 3.974574049642462228e+02 3.971444949474555415e+02 2.819195701521059050e+02 3.292364914823910453e+02 3.013024824580707559e+02 3.324091424078495720e+02 3.322465683076438836e+02 3.288070256669249716e+02 3.294371888999042426e+02 3.297175218420576357e+02 3.297966075154482155e+02 3.300239453197198145e+02 2.800000018317673494e+02 3.200893251452676509e+02
1.091967936250421917e+04 3.974391504609421872e+02 3.974449716227746876e+02 3.971211368298767752e+02 2.853723031318443191e+02 3.178499393307894252e+02 2.940583626299714410e+02 3.293981646581825657e+02 3.237123967142529182e+02 3.217168166689050395e+02 3.212351174553779742e+02 3.213960725369169040e+02 3.213142357428101832e+02 3.217566825831019059e+02 2.800000014169136193e+02 3.122307227086270700e+02
1.096967936250421917e+04 3.974415337610200254e+02 3.974120579938123683e+02 3.970852858884311445e+02 2.933130949733975967e+02 3.098740286686210652e+02 2.896462216122627069e+02 3.268701933426429491e+02 3.181040016707320888e+02 3.167138274401409603e+02 3.160615627710137119e+02 3.162351705002291169e+02 3.161279682360685115e+02 3.164683000834958193e+02 2.800000010081514006e+02 3.072677126852990455e+02
1.101967936250421917e+04 3.974394533305424488e+02 3.973407614895597249e+02 3.970664493200607126e+02 3.963193677593268376e+02 3.958570283706175701e+02 3.460552149281767242e+02 3.373889440893791516e+02 3.210276162963324964e+02 3.190573493077057492e+02 3.172682906203656898e+02 3.175031035055026791e+02 3.172013632635021736e+02 3.171829757627291997e+02 2.800000011299522953e+02 3.056047943773060069e+02
1.106967936250421917e+04 3.974308258115959802e+02 3.973040589470666646e+02 3.968237868614730814e+02 3.964956361360552819e+02 3.956282611937819524e+02 3.716351464440464838e+02 3.575271286083319637e+02 3.333340057063033441e+02 3.274147827379836713e+02 3.273595069983941244e+02 3.272559241092625939e+02 3.270939388297538812e+02 3.279604646005274731e+02 2.800000011461827967e+02 3.162167528347764573e+02
1.111967936250421917e+04 3.974223063749203106e+02 3.972759418523073691e+02 3.958172818571604807e+02 3.955804163171900427e+02 3.945631826423243638e+02 3.818736727438163712e+02 3.683169229840657408e+02 3.394296705132432521e+02 3.310878358923696396e+02 3.324133830805528191e+02 3.319968577288493066e+02 3.318517548973583189e+02 3.337335491466961344e+02 2.800000008051233635e+02 3.216630592614038164e+02
1.116967936250421917e+04 3.974159819851583393e+02 3.972351768876829965e+02 3.946549133996580849e+02 3.949664589658314071e+02 3.946888687943201717e+02 3.896709414924342241e+02 3.721510318353312528e+02 3.468017612412083395e+02 3.349653407095159992e+02 3.387158516517668545e+02 3.381609770440566649e+02 3.382550726586588326e+02 3.406981655177695529e+02 2.800000004893902315e+02 3.282614861308406375e+02
1.121967936250421917e+04 3.974089620263019924e+02 3.972083765560370807e+02 3.929478579012669570e+02 3.938780382966047000e+02 3.937031528212871763e+02 3.910080146684969691e+02 3.720696929562924993e+02 3.647318271042903461e+02 3.578853567023499522e+02 3.473985385657260281e+02 3.453227656454922680e+02 3.455136851015774937e+02 3.480971302724045700e+02 2.800000002777872510e+02 3.353074687116129553e+02
1.126967936250421917e+04 3.974023526175537313e+02 3.971838628470427466e+02 3.906096359003695966e+02 3.921512331599604977e+02 3.919405690222944258e+02 3.906481149181454384e+02 3.742883274826789943e+02 3.685737330009912398e+02 3.625385850492083364e+02 3.514128940445308444e+02 3.512991758641980482e+02 3.517271758627807117e+02 3.538481356331600409e+02 2.800000001543663188e+02 3.406400986820856929e+02
1.131967936250421917e+04 3.973962688224202111e+02 3.971597442106270819e+02 3.859977104156274095e+02 3.886009456556438977e+02 3.881085858891945009e+02 3.875121575861401197e+02 3.710394397948516030e+02 3.581098033323137884e+02 3.636185711937620795e+02 3.638640342361094895e+02 3.567355570915533463e+02 3.546475819042377111e+02 3.568067567475429769e+02 2.799999373217318634e+02 3.433594051436988934e+02
1.136967936250421917e+04 3.973906125906244142e+02 3.971375780896356673e+02 3.845761692710669877e+02 3.874736380020139563e+02 3.868347712230871593e+02 3.862029324090195814e+02 3.689965094635605283e+02 3.531760662996427982e+02 3.638351713242603296e+02 3.640083059341008038e+02 3.604174343353780614e+02 3.548844130269951620e+02 3.570141879487021583e+02 2.799999728321505472e+02 3.437548304828814594e+02
1.141967936250421917e+04 3.973851386842513875e+02 3.971169994902179496e+02 3.844812379488280953e+02 3.873928179956828899e+02 3.867288085598117959e+02 3.860767386492892115e+02 3.691978330453318904e+02 3.491450004451729683e+02 3.626536756054084663e+02 3.628042116957636836e+02 3.586361845307243357e+02 3.535483631850396478e+02 3.557318532770356114e+02 2.800000000180086204e+02 3.426830753793111626e+02
1.146967936250421917e+04 3.973816583342675131e+02 3.970987885830091955e+02 3.876442637100409456e+02 3.893289458075675498e+02 3.885100883012308373e+02 3.877067488360310676e+02 3.721360186430655403e+02 3.429015687006419739e+02 3.605957719278983404e+02 3.606933782641519315e+02 3.540627366394326145e+02 3.517562092463310819e+02 3.540577150708430167e+02 2.800000000061814944e+02 3.410834404805311237e+02
1.151967936250421917e+04 3.973859565363047182e+02 3.969638973923419485e+02 3.949154736269550199e+02 3.940142040438877302e+02 3.928536431460258314e+02 3.921180056776580614e+02 3.867104837572310885e+02 3.699505821848096048e+02 3.401002447050119031e+02 3.378036803096935046e+02 3.378863156334154496e+02 3.376236452403110206e+02 3.378883151057019063e+02 2.800000000000003411e+02 3.260811536740958445e+02
1.156967936250421917e+04 3.970669951792999655e+02 3.966613194161515139e+02 3.324679739758249184e+02 3.606304225165526418e+02 3.601645865407516567e+02 3.610320177477506149e+02 3.414315880053745786e+02 3.574927093430819696e+02 3.531857241742081328e+02 3.530331236170587772e+02 3.522051850353046234e+02 3.492587804668044100e+02 3.462957516664126274e+02 2.800000000068583290e+02 3.350816790155382137e+02
1.161967936250421917e+04 3.968628116081915209e+02 3.966588530140568309e+02 2.806654430917322429e+02 3.602260163882861548e+02 3.592709673630803877e+02 3.577274454737068368e+02 3.326120825313878413e+02 3.311871306316675145e+02 3.340579148464630634e+02 3.354604130237743220e+02 3.332400319228824515e+02 3.327570440016398834e+02 3.328069258938295434e+02 2.800000000000001705e+02 3.222424297920102276e+02
1.166967936250421917e+04 3.969729332966928723e+02 3.970502092933901963e+02 3.956499571570914213e+02 3.953406155752673499e+02 3.942694133828069312e+02 3.879969379613488627e+02 3.622179981240063285e+02 3.296906688083055315e+02 3.254044261713123660e+02 3.246664907340518198e+02 3.242330772098280818e+02 3.244276613710755441e+02 3.252509523151748567e+02 2.800000000003205400e+02 3.157669198113289895e+02
1.171967936250421917e+04 3.971073074278248782e+02 3.970781388901429523e+02 3.964389836217071093e+02 3.962247345790252098e+02 3.957541767920975531e+02 3.934404172489617508e+02 3.919224976993367022e+02 3.787627456919002498e+02 3.669145775349134624e+02 3.554347118181698306e+02 3.459071723146875570e+02 3.300309308174238936e+02 3.269366039114131581e+02 2.800000000095438395e+02 3.132917978567318755e+02
1.176967936250421917e+04 3.972135272497096139e+02 3.970690515426857132e+02 3.964767758501728849e+02 3.962956576550690215e+02 3.959966178773190109e+02 3.955928352564756665e+02 3.836166297060861439e+02 3.480986582218055219e+02 3.495107824868950388e+02 3.492998069697275696e+02 3.490696519185265174e+02 3.488853749320835504e+02 3.501751224125645194e+02 2.800000000172714749e+02 3.383720097456913436e+02
1.181967936250421917e+04 3.972628334472796610e+02 3.970550018123620930e+02 3.964579433666855834e+02 3.962842310780529260e+02 3.959943785234261213e+02 3.956558507320107196e+02 3.869016415203496990e+02 3.552282785110553505e+02 3.552920750752120398e+02 3.550063765960017008e+02 3.547640524996516547e+02 3.549599011172641667e+02 3.572922798838266658e+02 2.800000000117253762e+02 3.454150758993439467e+02
1.186967936250421917e+04 3.972869107113073710e+02 3.970392567146579381e+02 3.964338392610819142e+02 3.962765700891266079e+02 3.960033038939102994e+02 3.957071375034811922e+02 3.903922279708036740e+02 3.671404724520450031e+02 3.645664384432397469e+02 3.629512205676740564e+02 3.622983500089130189e+02 3.619833633611443133e+02 3.630366735044420921e+02 2.799998399006207137e+02 3.501985623750597938e+02
1.191967936250421917e+04 3.972998830055128110e+02 3.970138016703941162e+02 3.964916793635031809e+02 3.964207304944742987e+02 3.962377868958923841e+02 3.959475374308364621e+02 3.928761037722458127e+02 3.824973752591067182e+02 3.740319651683023494e+02 3.680435820740748341e+02 3.667936582527783571e+02 3.663270308902517627e+02 3.670843121841965058e+02 2.799983833634905181e+02 3.535411405686579656e+02
1.196967936250421917e+04 3.973069008158975066e+02 3.969890644574666112e+02 3.964122566837721706e+02 3.963916030432787352e+02 3.963107239474496737e+02 3.959854546354473541e+02 3.932744814997884077e+02 3.852909100412333032e+02 3.811006956683488056e+02 3.776418653640183720e+02 3.697605901275991300e+02 3.675553414069808582e+02 3.676591063687392875e+02 2.799981745637335848e+02 3.534829531253521395e+02
1.201967936250421917e+04 3.973129000150104275e+02 3.969590510003796453e+02 3.963211221291524566e+02 3.963010161100067990e+02 3.962257708170698152e+02 3.958446743917582467e+02 3.916545980417976693e+02 3.791434746574262249e+02 3.784418464578505450e+02 3.792361552014853601e+02 3.727931887133867690e+02 3.679748212862621699e+02 3.678857469108147029e+02 2.799985049767844885e+02 3.528475277305354894e+02
1.206967936250421917e+04 3.973111985168385445e+02 3.969377188881745155e+02 3.962759079339697905e+02 3.962547417840007711e+02 3.961771126430889467e+02 3.957886179937733573e+02 3.909335900443330161e+02 3.748197499474981669e+02 3.763464691585191417e+02 3.773424699859336329e+02 3.770462155058090730e+02 3.664132298457032562e+02 3.662568757579630869e+02 2.799993468866902049e+02 3.525378157230827583e+02
1.211967936250421917e+04 3.972986239156178385e+02 3.969221453268987716e+02 3.962657157762580482e+02 3.962437572567601478e+02 3.961694277501084684e+02 3.958010414146685321e+02 3.923004810454415860e+02 3.829015222785640162e+02 3.728126619729905542e+02 3.712586970094661183e+02 3.695051177402283997e+02 3.695160138758063226e+02 3.676548541265187282e+02 2.799989110643018080e+02 3.557277071241027784e+02
1.216967936250421917e+04 3.972854278733547631e+02 3.969172165160828740e+02 3.963178117068789561e+02 3.962942476753418646e+02 3.962298375431026329e+02 3.959286263008343099e+02 3.941991400709591744e+02 3.877160298922327684e+02 3.842223943544434519e+02 3.787955053211031213e+02 3.705690744755186756e+02 3.695333675984416004e+02 3.673033674317561008e+02 2.799992989312501095e+02 3.545481060005502627e+02
1.221967936250421917e+04 3.970237114072997997e+02 3.969190712327125539e+02 3.964386600738603761e+02 3.964259392871214231e+02 3.963826927097281896e+02 3.961753480164353505e+02 3.953973795685389518e+02 3.915334977771183844e+02 3.904012323466700991e+02 3.871636330394984498e+02 3.861157930010715518e+02 3.830192335725616317e+02 3.772665165912234784e+02 2.800000000152626285e+02 3.607791947491606379e+02
1.226967936250421917e+04 3.969876565136595445e+02 3.970169092616399098e+02 3.967848736317491785e+02 3.966371637711450830e+02 3.966339319310905580e+02 3.965647079084302504e+02 3.965429041191608803e+02 3.932758829614163574e+02 3.945816891172595433e+02 3.940501959095614666e+02 3.928044115585725535e+02 3.921738196497678359e+02 3.907390657762913406e+02 2.799985942987493104e+02 3.710576850135507812e+02
