TIME T_liq_Ch3_mesh1 T_liq_Ch3_mesh2 T_liq_Ch3_mesh3 T_liq_Ch3_mesh4 T_liq_Ch3_mesh5 T_liq_Ch3_mesh6 T_liq_Ch3_mesh7 T_liq_Ch3_mesh8 T_liq_Ch3_mesh9 T_liq_Ch3_mesh10 T_liq_Ch3_mesh11 T_liq_Ch3_mesh12 T_liq_Ch3_mesh13 T_liq_Ch3_mesh14 T_liq_Ch3_mesh15 
0.000000000000000000e+00 5.633130860106322189e+02 5.633119256685481560e+02 5.650952238518750619e+02 5.683905670249185960e+02 5.715776551754569255e+02 5.746080290779710822e+02 5.774862214199708887e+02 5.802887290773561517e+02 5.830192241278057281e+02 5.856402827312845147e+02 5.882199012647158725e+02 5.908681662554778313e+02 5.935659694537130235e+02 5.950788334933969281e+02 5.951010033598602149e+02
5.000040000000043960e+01 5.655654459093084370e+02 5.655450886976243510e+02 5.655412485029139589e+02 5.655404968905601208e+02 5.655285690154470331e+02 5.655088415720819057e+02 5.654860451972805322e+02 5.654621984117355851e+02 5.654407682223476286e+02 5.654185967772793902e+02 5.653972898487586463e+02 5.653768940480853189e+02 5.653591864794723278e+02 5.653342819125217602e+02 5.653041181857068977e+02
1.000003999999985922e+02 5.604538299063501654e+02 5.607729622742991751e+02 5.605126393111339667e+02 5.604147584215194229e+02 5.603862921185433379e+02 5.603634735496580106e+02 5.603459676553928830e+02 5.603336537079034088e+02 5.603240137142518051e+02 5.603184678096924927e+02 5.603117499065159564e+02 5.603073294765446235e+02 5.603034782770287165e+02 5.602931697552910464e+02 5.602883031387177653e+02
1.502405034099261059e+02 5.441724959424290091e+02 5.445546181890971411e+02 5.442924113276337721e+02 5.441852976909061681e+02 5.441225193268568319e+02 5.440755213130411221e+02 5.440338039000650951e+02 5.440028563075920829e+02 5.439799388672903433e+02 5.439603647678069365e+02 5.439371625879003886e+02 5.439318850535071306e+02 5.439007746120124693e+02 5.439413115490197015e+02 5.438638052950176416e+02
2.004200391960640388e+02 4.952421996183958868e+02 4.954140284236497109e+02 4.951081779776692997e+02 4.950645345979827994e+02 4.950634915170664385e+02 4.950624711967404323e+02 4.950614608086575572e+02 4.950604487588678921e+02 4.950594983856250906e+02 4.950584980782793423e+02 4.950574977369033149e+02 4.950564893883400259e+02 4.950555698044587416e+02 4.950545801509121588e+02 4.950538627973842267e+02
2.553043625042201370e+02 4.256676490804031801e+02 4.265851598314250737e+02 4.330177148780565517e+02 4.449433244356438877e+02 4.472463783234422863e+02 4.472167375853657632e+02 4.470972714177488001e+02 4.470035035205767713e+02 4.469281214747066997e+02 4.468619131521566601e+02 4.468169434316714614e+02 4.467925343678401759e+02 4.467082088936401760e+02 4.466650527431469868e+02 4.466624075698714478e+02
3.053043625042201370e+02 4.345462340437906619e+02 4.344929144242058214e+02 4.364257101176190190e+02 4.408228224629463625e+02 4.426712263470542439e+02 4.428704181778447264e+02 4.427927664495165345e+02 4.426943277465150004e+02 4.426055895357450254e+02 4.425246173859959526e+02 4.424508051916961904e+02 4.423836089057320464e+02 4.423256894635915160e+02 4.422550671579560344e+02 4.421906035177133276e+02
3.553043625042201370e+02 4.337486035112484615e+02 4.340536724390317431e+02 4.365430677120480141e+02 4.409999617730525756e+02 4.440162435722909891e+02 4.444714394985589934e+02 4.444561137156757127e+02 4.443658544549466569e+02 4.442762114820291117e+02 4.441934076490921370e+02 4.441177778912478971e+02 4.440483043977808961e+02 4.439903786554319254e+02 4.439089352641396431e+02 4.438318215146140915e+02
4.053043625042201370e+02 4.349675992363523278e+02 4.347681623079831752e+02 4.396914119146219377e+02 4.485749567149104564e+02 4.503627386016233345e+02 4.504200303243852659e+02 4.503439198820623233e+02 4.502691404299533247e+02 4.502073744218388356e+02 4.501414190666338868e+02 4.500962653323869063e+02 4.500400726245122200e+02 4.500108795335271452e+02 4.498122596870815642e+02 4.489399468759361866e+02
4.553043625042201370e+02 4.368086069483363758e+02 4.366083344586623980e+02 4.413748296387094570e+02 4.500987849279690067e+02 4.515207288209439866e+02 4.515271955373028163e+02 4.514305266290940040e+02 4.513461028214746307e+02 4.512712590552533243e+02 4.512026765629221927e+02 4.511399352415659791e+02 4.510831983738918893e+02 4.510327108982085065e+02 4.509730776779048256e+02 4.508633634335041052e+02
5.053043625042201370e+02 4.376003512425663189e+02 4.375267869016838631e+02 4.420205989332216063e+02 4.498220856039126829e+02 4.510890623826743422e+02 4.510810850698559875e+02 4.509837877421076655e+02 4.508984870317057698e+02 4.508227697134883556e+02 4.507533769904372321e+02 4.506897670586135973e+02 4.506322864964295718e+02 4.505809476680948364e+02 4.505212324294190012e+02 4.504523695502965097e+02
5.553043625042200802e+02 4.376237444057311450e+02 4.376526082765420256e+02 4.421448839703569433e+02 4.495722910984415535e+02 4.507599316334784589e+02 4.507432420556776833e+02 4.506452384589938447e+02 4.505591924784716298e+02 4.504827197213209615e+02 4.504125297869363749e+02 4.503481227821937409e+02 4.502897912486113228e+02 4.502377161913931900e+02 4.501770288184001174e+02 4.501105315725851028e+02
6.053043625042200802e+02 4.372760517382138801e+02 4.373587218945145878e+02 4.418518656953607433e+02 4.492168753070837397e+02 4.504107905530856328e+02 4.503935062075115070e+02 4.502943424806787220e+02 4.502072572134552502e+02 4.501297589295942885e+02 4.500586016573471397e+02 4.499932551733085120e+02 4.499340421188554160e+02 4.498811591979797413e+02 4.498197812225885173e+02 4.497536030580171200e+02
6.553043625042200802e+02 4.368453409629767634e+02 4.369482084097053303e+02 4.414157298724698535e+02 4.488100413744133448e+02 4.500370885690102227e+02 4.500228213814851870e+02 4.499223867973427673e+02 4.498341235632569806e+02 4.497555184361501688e+02 4.496833633766235039e+02 4.496170666562436509e+02 4.495569614953266750e+02 4.495032427492773763e+02 4.494411691787367431e+02 4.493746595415692582e+02
7.084293625042200802e+02 4.363644419436416797e+02 4.364806898546490856e+02 4.409068831150967753e+02 4.483211434555295796e+02 4.495822862974004011e+02 4.495713312056005293e+02 4.494694779943067147e+02 4.493799291880650912e+02 4.493001094778670108e+02 4.492268401846877168e+02 4.491594903694033860e+02 4.490983891588719530e+02 4.490437586982880021e+02 4.489808619369862299e+02 4.489139509489577335e+02
7.596793625042200802e+02 4.360395882387387019e+02 4.360879020636572250e+02 4.406849878666204177e+02 4.480027244855358504e+02 4.490118884414532090e+02 4.489332713557677721e+02 4.488307139672900234e+02 4.487414036783742404e+02 4.486618287374191141e+02 4.485886977155865907e+02 4.485212919745661111e+02 4.484603438826582646e+02 4.484051128078032775e+02 4.483441437045294151e+02 4.482776152954191957e+02
8.096793625042200802e+02 4.360690587500614015e+02 4.361709871788364694e+02 4.405458236914298027e+02 4.466374538740947742e+02 4.474555063524173306e+02 4.473660166993420830e+02 4.472622604590488322e+02 4.471716585393672290e+02 4.470909528029536659e+02 4.470167083245080448e+02 4.469483073212573458e+02 4.468864112326641020e+02 4.468303112479799779e+02 4.467688475591729684e+02 4.467016994268172994e+02
8.596793625042200802e+02 4.360751149343124666e+02 4.359715384666868090e+02 4.405067901069572827e+02 4.449140930713713260e+02 4.452837020568912862e+02 4.451718613339751300e+02 4.450695313326326641e+02 4.449799571329514833e+02 4.449000491669187340e+02 4.448262304553289823e+02 4.447581573372695516e+02 4.446966075796827340e+02 4.446403484165262512e+02 4.445802623701259790e+02 4.445121008423480475e+02
9.096793625042200802e+02 4.355532048436282366e+02 4.357779992743112416e+02 4.406022069640324617e+02 4.432002873975250168e+02 4.433347900504940071e+02 4.432191165380187954e+02 4.431157873174212796e+02 4.430250310612946691e+02 4.429437885302839959e+02 4.428685232794697413e+02 4.427991512942318195e+02 4.427360695228918530e+02 4.426788967953862084e+02 4.426166099310217987e+02 4.425476542586617938e+02
9.596793625042200802e+02 4.342544235501463845e+02 4.345680274515639780e+02 4.393925170671559499e+02 4.416783860408544911e+02 4.417749329020233517e+02 4.416560065695288131e+02 4.415501014193204696e+02 4.414569162492311989e+02 4.413733872920766430e+02 4.412959094447112420e+02 4.412246140243690888e+02 4.411594526576855628e+02 4.411009442338464623e+02 4.410358555557154432e+02 4.409659749007183791e+02
1.009679362504220080e+03 4.328851463524026713e+02 4.332287695592957562e+02 4.380247080114522760e+02 4.403949377979946576e+02 4.405079628068403395e+02 4.403861847937014318e+02 4.402775326029013740e+02 4.401818457136691336e+02 4.400960576333962422e+02 4.400164620910225608e+02 4.399433137566429082e+02 4.398762743564697644e+02 4.398163780616628173e+02 4.397491909451274523e+02 4.396782825883341275e+02
1.059679362504220080e+03 4.317213665282681063e+02 4.320473930845918744e+02 4.367548470565569119e+02 4.392362434434646161e+02 4.393663365964489458e+02 4.392418525965961180e+02 4.391305933107053647e+02 4.390325610626916841e+02 4.389446589777965642e+02 4.388630958820587011e+02 4.387882090377742657e+02 4.387194416148965956e+02 4.386582062948485827e+02 4.385892192545687180e+02 4.385173711477081611e+02
1.109679362504220080e+03 4.306645551239790848e+02 4.309966161946987881e+02 4.356919536578962493e+02 4.381875241647157395e+02 4.383167675698924199e+02 4.381895712443523507e+02 4.380760590960624086e+02 4.379759892590120103e+02 4.378862364465491055e+02 4.378029366655605941e+02 4.377265119657466244e+02 4.376562153544968510e+02 4.375937722248574460e+02 4.375232369019171870e+02 4.374504605299335935e+02
1.159679362504220080e+03 4.296826448743737501e+02 4.300040369644748353e+02 4.346866040488630460e+02 4.370996747401844686e+02 4.372098972582227816e+02 4.370797906386446812e+02 4.369641554719082706e+02 4.368622176288859578e+02 4.367707846797193270e+02 4.366859274000412938e+02 4.366081009272318738e+02 4.365364740255583911e+02 4.364728581234387548e+02 4.364013232152082651e+02 4.363276993908323789e+02
1.209679362504220080e+03 4.287405873596867423e+02 4.290600804489179154e+02 4.336879489427460044e+02 4.359673911388051124e+02 4.360566935169348426e+02 4.359236905549400376e+02 4.358057498526133600e+02 4.357017503448861930e+02 4.356084391124099398e+02 4.355218233363928562e+02 4.354424251825713554e+02 4.353692466394323901e+02 4.353043877744220254e+02 4.352313584448059487e+02 4.351568652301475026e+02
1.259679362504220080e+03 4.277348788992115942e+02 4.280734056867096342e+02 4.326511706149947258e+02 4.348608747709544105e+02 4.349390713557260710e+02 4.348031745738998666e+02 4.346828039617951163e+02 4.345766306276665318e+02 4.344813464122455571e+02 4.343928873653930509e+02 4.343118471855510165e+02 4.342370427093296712e+02 4.341708989947547934e+02 4.340962531736142296e+02 4.340208568571788419e+02
1.309679362504220080e+03 4.268007748717756726e+02 4.271146904469327978e+02 4.316632187983603899e+02 4.338317493985934448e+02 4.339013056762945553e+02 4.337625622199698228e+02 4.336398527609995881e+02 4.335315657923003982e+02 4.334343567796520347e+02 4.333440861773519828e+02 4.332614490298828969e+02 4.331850371414563483e+02 4.331176634858945249e+02 4.330413175957853582e+02 4.329649569146388899e+02
1.359679362504220080e+03 4.259072139503712151e+02 4.262213299306400813e+02 4.307613830326965854e+02 4.328775223821831446e+02 4.329363125165447173e+02 4.327948440573520088e+02 4.326699274181058854e+02 4.325596518523433360e+02 4.324606354527933263e+02 4.323686679706915470e+02 4.322845263709571668e+02 4.322066165385008958e+02 4.321380617119251042e+02 4.320602134397138911e+02 4.319829379006196177e+02
1.409679362504220080e+03 4.250151905442795623e+02 4.253274680913989982e+02 4.298512041901786347e+02 4.319564709590898701e+02 4.320106251493103855e+02 4.318664522478338768e+02 4.317392887533988528e+02 4.316269950485926188e+02 4.315261587831902261e+02 4.314324899581896489e+02 4.313468399708937113e+02 4.312674403510299044e+02 4.311976944083075978e+02 4.311183934519943364e+02 4.310402122882701406e+02
1.459679362504220080e+03 4.241140442818834231e+02 4.244309862573460350e+02 4.289092396000266376e+02 4.310577460509082357e+02 4.311185375259954071e+02 4.309717006292536894e+02 4.308421279422369139e+02 4.307276872953503357e+02 4.306249216002779576e+02 4.305294632578431333e+02 4.304422228978944531e+02 4.303612626031588775e+02 4.302902672237374873e+02 4.302094333360896030e+02 4.301303550225056256e+02
1.509679362504220080e+03 4.235358786434352965e+02 4.238123786269217135e+02 4.282855126311302456e+02 4.300749691702475843e+02 4.300608537187953289e+02 4.299116232701130116e+02 4.297806930298248176e+02 4.296651251856238787e+02 4.295612553469570685e+02 4.294647491076332813e+02 4.293765440687507748e+02 4.292946554626283842e+02 4.292228115017095433e+02 4.291414266919143756e+02 4.290615166699990368e+02
1.559679362504220080e+03 4.227274618391045351e+02 4.230125173344149516e+02 4.273982700763567095e+02 4.290650544569900831e+02 4.290256011338302073e+02 4.288737943806211206e+02 4.287406574630597902e+02 4.286231553312430833e+02 4.285174757108725885e+02 4.284192715962132638e+02 4.283295421762422848e+02 4.282461287289672214e+02 4.281730891287797931e+02 4.280901737273998720e+02 4.280093257202419750e+02
1.609679362504220080e+03 4.216266740211416959e+02 4.221099762718702095e+02 4.258408720891254688e+02 4.278728149091616615e+02 4.280031939366198799e+02 4.278510447283151734e+02 4.277107034864291109e+02 4.275867646124456201e+02 4.274755737017765682e+02 4.273724760554329123e+02 4.272784826524897426e+02 4.271909091066482915e+02 4.271149869743204590e+02 4.270271702451991587e+02 4.269452686004942734e+02
1.659679362504220080e+03 4.211553145305168186e+02 4.214475282138097327e+02 4.255692474569801220e+02 4.269333169130125043e+02 4.268355483438917872e+02 4.266788115371047638e+02 4.265414212234396700e+02 4.264202782757020032e+02 4.263112205732362554e+02 4.262098754115118595e+02 4.261173140423981636e+02 4.260311382506703808e+02 4.259558161719592135e+02 4.258705541690948166e+02 4.257878302699281221e+02
1.709679362504220080e+03 4.202434583391370211e+02 4.205470164498534018e+02 4.245430714843907936e+02 4.257712367771595723e+02 4.256479106423931853e+02 4.254883641309149311e+02 4.253484949940578872e+02 4.252251861945953237e+02 4.251141064149376234e+02 4.250108574168574478e+02 4.249166064069998470e+02 4.248287193306049971e+02 4.247520966099868360e+02 4.246650959629847648e+02 4.245812646862286783e+02
1.759679362504220080e+03 4.193539209917819903e+02 4.196582441707650446e+02 4.235510794251718494e+02 4.246924012202414929e+02 4.245536093337431112e+02 4.243911564314736893e+02 4.242486967863647465e+02 4.241231081743685536e+02 4.240099213926867492e+02 4.239046922344362542e+02 4.238086931147928453e+02 4.237190333374193756e+02 4.236410767432087709e+02 4.235522293269571037e+02 4.234672543246050509e+02
1.809679362504220080e+03 4.184538380790802421e+02 4.187661866721439310e+02 4.225751291700755701e+02 4.236593468439678531e+02 4.235090562376901175e+02 4.233435978034483469e+02 4.231985038760682869e+02 4.230706046842460069e+02 4.229553098312076713e+02 4.228481111710274831e+02 4.227503721926851767e+02 4.226589694441464644e+02 4.225796732076491935e+02 4.224890844715230855e+02 4.224030013832552299e+02
1.859679362504220080e+03 4.175555778809167577e+02 4.178697740193069876e+02 4.216226487606276123e+02 4.226708132002479488e+02 4.225116613644980248e+02 4.223431273238636550e+02 4.221953693276106492e+02 4.220651318262046061e+02 4.219477161493368840e+02 4.218385401616600916e+02 4.217390481260127331e+02 4.216459022641613501e+02 4.215652405488194177e+02 4.214729417631770048e+02 4.213857645049313874e+02
1.909679362504220080e+03 4.166536014234483218e+02 4.169647875402401951e+02 4.207400089466705140e+02 4.218104998380113102e+02 4.216550326792783494e+02 4.214832134514110749e+02 4.213325597754252385e+02 4.211997041420992787e+02 4.210799110128857592e+02 4.209684953093182571e+02 4.208670603174211351e+02 4.207719161403542216e+02 4.206898035462353391e+02 4.205952451544868040e+02 4.205068678808698905e+02
1.959679362504220080e+03 4.157490817880525356e+02 4.160660100470061593e+02 4.198924413121582120e+02 4.210465694712899563e+02 4.209004528271941581e+02 4.207252789883515902e+02 4.205718641637997735e+02 4.204365943970053650e+02 4.203147137777099829e+02 4.202013967862710047e+02 4.200982829856996545e+02 4.200015466867438363e+02 4.199181006340178897e+02 4.198221932724900398e+02 4.197328302366170760e+02
2.009679362504220080e+03 4.148698406551675362e+02 4.151796315626979776e+02 4.190300633500935987e+02 4.202246970980468745e+02 4.200815984916946491e+02 4.199031657170880294e+02 4.197470121912962213e+02 4.196093358864276297e+02 4.194853361508481839e+02 4.193700628047254781e+02 4.192652491481463244e+02 4.191668354353886912e+02 4.190820891736654517e+02 4.189845750877665864e+02 4.188941476515705631e+02
2.059679362504220080e+03 4.140227573515422819e+02 4.143050679926683983e+02 4.182873231239826737e+02 4.196140439708827898e+02 4.194885227592244519e+02 4.193066728391832498e+02 4.191476558208544816e+02 4.190073695474189321e+02 4.188810645147968899e+02 4.187636404208989802e+02 4.186569656458695476e+02 4.185566769414425039e+02 4.184705202303940155e+02 4.183709386962631811e+02 4.182794107549404998e+02
2.109679362504220080e+03 4.134855499732834119e+02 4.136624867556496383e+02 4.180325893425044228e+02 4.190426316973982352e+02 4.188408176609451630e+02 4.186608811259802678e+02 4.185037309789515234e+02 4.183651886023970974e+02 4.182402969764694944e+02 4.181241195652341389e+02 4.180186101400266239e+02 4.179195164712816108e+02 4.178339742438021744e+02 4.177370868859357529e+02 4.176440594222510185e+02
2.159679362504220080e+03 4.117116712289581528e+02 4.122682067134311410e+02 4.155258832547630163e+02 4.176231595936964140e+02 4.177811884124457720e+02 4.175926324393120694e+02 4.174191574140789385e+02 4.172676362065527087e+02 4.171329552242590353e+02 4.170089008830202602e+02 4.168965491476030252e+02 4.167921076768733997e+02 4.167015523179463798e+02 4.166020588259925717e+02 4.165076065910533316e+02
2.209679362504220080e+03 4.137019177047340008e+02 4.147454815229970677e+02 4.175445110834306774e+02 4.173208218674882346e+02 4.171305118071325069e+02 4.169677386811967494e+02 4.168251212822510752e+02 4.166990471099246065e+02 4.165851885058207813e+02 4.164785273049584475e+02 4.163815552053511055e+02 4.162908134185777271e+02 4.162117452469148589e+02 4.161260315953154532e+02 4.160105456013947105e+02
2.259679362504220080e+03 4.028902219020338862e+02 4.044020382377235023e+02 4.071237347011626753e+02 4.102632969737450708e+02 4.129164706197633450e+02 4.138335596276212414e+02 4.137771914116826224e+02 4.135724183992971348e+02 4.133899581042710452e+02 4.132270038206253844e+02 4.130805691517502964e+02 4.129471147306635999e+02 4.128313652547690253e+02 4.127056597384888619e+02 4.126006875231632876e+02
2.309679362504220080e+03 4.087229713929111767e+02 4.098875076523578969e+02 4.131886579431269979e+02 4.131192798229305936e+02 4.129032998995776893e+02 4.127168054550705847e+02 4.125691252758047654e+02 4.124370012498683877e+02 4.123213897460726116e+02 4.122201111642702358e+02 4.121384108920735230e+02 4.120683991366411192e+02 4.120103600415746428e+02 4.119344574543949875e+02 4.116315814652601830e+02
2.359679362504220080e+03 4.071507472548645410e+02 4.069551113335822379e+02 4.120658824615703111e+02 4.129155618515035826e+02 4.126819944218923979e+02 4.124841441835710611e+02 4.123128569207007672e+02 4.121625530349104451e+02 4.120276843435776755e+02 4.119022785967281948e+02 4.117891608217245789e+02 4.116825007860152255e+02 4.115913386534753045e+02 4.114888362655981382e+02 4.113882775708061104e+02
2.409679362504220080e+03 4.051507748920247991e+02 4.058584779042154764e+02 4.084129521750843992e+02 4.113657097119103696e+02 4.117760501218090781e+02 4.115733175302489144e+02 4.113664132234789008e+02 4.111853449474123181e+02 4.110245594188278915e+02 4.108766346496647088e+02 4.107422689364457824e+02 4.106167525154963300e+02 4.105089189180916378e+02 4.103860483534489845e+02 4.102828126021047410e+02
2.459679362504220080e+03 4.053639456545750477e+02 4.066401425230861832e+02 4.110711873699069088e+02 4.119032480312209259e+02 4.116964091793116722e+02 4.114884142319066882e+02 4.113056603955849937e+02 4.111430502333245727e+02 4.109962711073742412e+02 4.108587092877626219e+02 4.107360516179784895e+02 4.106170857614321790e+02 4.105205511634721347e+02 4.103712743222819199e+02 4.099151098619715867e+02
2.509679362504220080e+03 4.059228149728253925e+02 4.064474003149572354e+02 4.084056212291903307e+02 4.105567789529289371e+02 4.114570259310914366e+02 4.114101743948723424e+02 4.111860902395990252e+02 4.109824790027774952e+02 4.108046465483379279e+02 4.106420251444636165e+02 4.104942349479254631e+02 4.103576521628004912e+02 4.102402608309438961e+02 4.101102426028757009e+02 4.100026009603161583e+02
2.559679362504220080e+03 4.056995215203675116e+02 4.065870256975455845e+02 4.098619935981178628e+02 4.110774959217401943e+02 4.109801042911224727e+02 4.107630843002183951e+02 4.105720346404265797e+02 4.104040888715310871e+02 4.102537240897231641e+02 4.101142445804395038e+02 4.099882247352562672e+02 4.098690490995276150e+02 4.097681574219338927e+02 4.096502075175071127e+02 4.095475876266884256e+02
2.609679362504220080e+03 4.056046033033940716e+02 4.063354539134491574e+02 4.097111084137043235e+02 4.102576449734207813e+02 4.100190230866066941e+02 4.098154285067468550e+02 4.096378917740377688e+02 4.094808783964724626e+02 4.093388885112098592e+02 4.092056040464046305e+02 4.090853501862010830e+02 4.089701090421418712e+02 4.088726308211838045e+02 4.087585266014680769e+02 4.086526757939205368e+02
2.659679362504220080e+03 4.046259896820723725e+02 4.057311415690434160e+02 4.082433183042192582e+02 4.093825651480463534e+02 4.092945477135568808e+02 4.090653685757582139e+02 4.088636422674666164e+02 4.086867178407156302e+02 4.085286155295972321e+02 4.083813456195607046e+02 4.082471081074097583e+02 4.081208114864506342e+02 4.080124413699093679e+02 4.078883517763017039e+02 4.077837905629071429e+02
2.709679362504220080e+03 4.046110521883226170e+02 4.061810546017385377e+02 4.083773386918281858e+02 4.083640155296062062e+02 4.081130924047654389e+02 4.078978369336815035e+02 4.077110838019138441e+02 4.075461710328588083e+02 4.073983816579032577e+02 4.072603765417587738e+02 4.071374909988387572e+02 4.070193164397344390e+02 4.069239183807673044e+02 4.067960412681068192e+02 4.065829201913642805e+02
2.759679362504220080e+03 4.047412840330221115e+02 4.053885519682118002e+02 4.074279312013904928e+02 4.074502017291163156e+02 4.071976113303167040e+02 4.069895543585060409e+02 4.068139840413354023e+02 4.066649485644006745e+02 4.065329960670464970e+02 4.064171795706166108e+02 4.063154663613286743e+02 4.062242010242205765e+02 4.061402298407356284e+02 4.060575111773099479e+02 4.058637070797370825e+02
2.809679362504220080e+03 3.998047690381752091e+02 4.008295716956822048e+02 4.032035855717717823e+02 4.058928058897928395e+02 4.070614654137202137e+02 4.070785945386913909e+02 4.068507204679308984e+02 4.066261958983484419e+02 4.064293306296896731e+02 4.062509360241731429e+02 4.060900203119633147e+02 4.059404334476914755e+02 4.058131215011550239e+02 4.056683516151814501e+02 4.055534176117753304e+02
2.859679362504220080e+03 3.983902925632766596e+02 3.991263742007575956e+02 4.007683362617758007e+02 4.028136760211697833e+02 4.045083361636068275e+02 4.054486195264017852e+02 4.057502957558454000e+02 4.055925666123721953e+02 4.053403518586665655e+02 4.050772471242105439e+02 4.048478254886989589e+02 4.046576210612609543e+02 4.044948454525283523e+02 4.043033637191151684e+02 4.041923080315552284e+02
2.909679362504220080e+03 4.031831361904764890e+02 4.038243515744314323e+02 4.058322947862891397e+02 4.065948919780165625e+02 4.064034662364733776e+02 4.062377705000170067e+02 4.060846811282524413e+02 4.059450814910373424e+02 4.058115832370363023e+02 4.056881925509541702e+02 4.055731158395996658e+02 4.054589420142428935e+02 4.053652392424946242e+02 4.052513750896520719e+02 4.051374060253971834e+02
2.959679362504220080e+03 3.994351875113659389e+02 4.000170301746436508e+02 4.021904749150918974e+02 4.040528826507665485e+02 4.048271252107729197e+02 4.047360876315628957e+02 4.045028336435620986e+02 4.043060014350216420e+02 4.041356787818403404e+02 4.039903730929669337e+02 4.038621296759178563e+02 4.037448806891280242e+02 4.036394941594890611e+02 4.035122593372447568e+02 4.033242998160098409e+02
3.009679362504220080e+03 3.970526708014751307e+02 4.001562014599887789e+02 4.027381847316517565e+02 4.045177863411275325e+02 4.049668147668547817e+02 4.048007476347395937e+02 4.045702414446705575e+02 4.043365239611978836e+02 4.041266113272251914e+02 4.039265055717370387e+02 4.037564344525198408e+02 4.036478556803285187e+02 4.035954472992835917e+02 4.035253339862165944e+02 4.030991398851849681e+02
3.059679362504220080e+03 3.975305971545133730e+02 4.006288552652756039e+02 4.035150620056924140e+02 4.052305455087598602e+02 4.051713646988523010e+02 4.049231401846714107e+02 4.047087861101293242e+02 4.045051271757513973e+02 4.043109133860461952e+02 4.041321255332611599e+02 4.039756012059951900e+02 4.038256987798066575e+02 4.036841767794289240e+02 4.034654611068697818e+02 4.028180550265345232e+02
3.109679362504220080e+03 3.958895160781025879e+02 3.971660060419020510e+02 4.004384815438887699e+02 4.040014325285014820e+02 4.050431967997133142e+02 4.049419866329928368e+02 4.046922169789535246e+02 4.044745869690673317e+02 4.042838960055126449e+02 4.041108094863481028e+02 4.039567958302333182e+02 4.038129570914634314e+02 4.036915139725848007e+02 4.035573982667924042e+02 4.034363589988015519e+02
3.159679362504220080e+03 3.987090807201478242e+02 4.001295500433922143e+02 4.060014761847839395e+02 4.063723234043887373e+02 4.061188597569463923e+02 4.058865504622996809e+02 4.056912709777447503e+02 4.055096117290046323e+02 4.053452891546752426e+02 4.051891656953844176e+02 4.050503225115400596e+02 4.049140866924112174e+02 4.048035412070938719e+02 4.045607598475829718e+02 4.035425742444452339e+02
3.209679362504220080e+03 3.991160390720342548e+02 3.998676968333485888e+02 4.044251266508258595e+02 4.067198488006989123e+02 4.064781136720031327e+02 4.062413482267427298e+02 4.060363092887452012e+02 4.058553660714471221e+02 4.056923007927547360e+02 4.055409245985541133e+02 4.054037311721792776e+02 4.052735463374066285e+02 4.051623382251969474e+02 4.050342733177990340e+02 4.049198598985736908e+02
3.259679362504220080e+03 3.981264079254359558e+02 3.986729303262675899e+02 4.013897310211632998e+02 4.049422150960115800e+02 4.062504338457274571e+02 4.062117011177646191e+02 4.059601412891989298e+02 4.057332187322002142e+02 4.055327999649755384e+02 4.053511928829790349e+02 4.051860741226473124e+02 4.050322208547151490e+02 4.049003118632565474e+02 4.047484974179473056e+02 4.046291553017447882e+02
3.309679362504220080e+03 3.967133973547449841e+02 3.978709268672249664e+02 4.011708254225834480e+02 4.045414991328010501e+02 4.060706696618474325e+02 4.061263956202802774e+02 4.058756809671019710e+02 4.056430356735820624e+02 4.054389800935380777e+02 4.052548526160053370e+02 4.050897067841478929e+02 4.049368395870508266e+02 4.048063354827060607e+02 4.046617902336246857e+02 4.045410265477545977e+02
3.359679362504220080e+03 3.956425261589735669e+02 3.967053203244789756e+02 4.022048721843287922e+02 4.061951808900143419e+02 4.063418785907508664e+02 4.060868818684729149e+02 4.058690523332924727e+02 4.056791180269699453e+02 4.055103112894233277e+02 4.053541782159941249e+02 4.052149390604038786e+02 4.050826561974530478e+02 4.049717998840238238e+02 4.048454551334445455e+02 4.047282321474624496e+02
3.409679362504220080e+03 3.959635327437179058e+02 3.966932430153183304e+02 4.016490424142462530e+02 4.064111967238790157e+02 4.064440577170469737e+02 4.061883436395083322e+02 4.059681690959931757e+02 4.057731909182222694e+02 4.055974031567313318e+02 4.054339733957343128e+02 4.052851838606254091e+02 4.051440883943595281e+02 4.050233918457712434e+02 4.048824867761858286e+02 4.047673895525400667e+02
3.459679362504220080e+03 3.955225472388330559e+02 3.973745796423787056e+02 4.012897552633369287e+02 4.046619854252476216e+02 4.061333272466889639e+02 4.061544076396920104e+02 4.059142023768570766e+02 4.056781707382667719e+02 4.054689587365552370e+02 4.052797462412033269e+02 4.051106223453035113e+02 4.049529367863930247e+02 4.048201002939076147e+02 4.046684230869079215e+02 4.044443936534642035e+02
3.509679362504220080e+03 3.958964528196694914e+02 3.969394912497564860e+02 4.015811373438104397e+02 4.058022142943840436e+02 4.064083528445952425e+02 4.062022417576808380e+02 4.059588441086405624e+02 4.057466151384369937e+02 4.055554774385464611e+02 4.053784244433042545e+02 4.052174502746873941e+02 4.050649026153857335e+02 4.049352862252142131e+02 4.047801754821767872e+02 4.046616203027704159e+02
3.559679362504220080e+03 3.972413695931584812e+02 3.994428589519513935e+02 4.040904202314970917e+02 4.063885271917547470e+02 4.062010207330681624e+02 4.059501035347563516e+02 4.057341388934982547e+02 4.055431568129147877e+02 4.053718148276752800e+02 4.052123606098334676e+02 4.050677167666231639e+02 4.049304436087854242e+02 4.048127986164427057e+02 4.046777999188085460e+02 4.045628654626243019e+02
3.609679362504220080e+03 3.945340617072652663e+02 3.958677533979194436e+02 3.992900523303162004e+02 4.028405960855870376e+02 4.053515107817166836e+02 4.060336744950002981e+02 4.058946756171687298e+02 4.056572399261233386e+02 4.054258956780043945e+02 4.052138350677543031e+02 4.050220175665139095e+02 4.048441491557197764e+02 4.046925482104006733e+02 4.045164517859150806e+02 4.043878830930514141e+02
3.659679362504220080e+03 3.951762292957312184e+02 3.967380396471935455e+02 4.011781979450045128e+02 4.048781283486869143e+02 4.058304902318133145e+02 4.056893488042431386e+02 4.054478889723860107e+02 4.052404575452337099e+02 4.050608450896311297e+02 4.048984724489680502e+02 4.047562249511909727e+02 4.046246899703326676e+02 4.045135661869405794e+02 4.043945736578637593e+02 4.042836032712057204e+02
3.709679362504220080e+03 3.940919563186272399e+02 3.950978268291915469e+02 3.986756783747949271e+02 4.025145814143565417e+02 4.051248939311996082e+02 4.057998206885592936e+02 4.056169696802900830e+02 4.053664759524518217e+02 4.051414735592056786e+02 4.049383467168871107e+02 4.047554012003395201e+02 4.045836802296905148e+02 4.044367591102542292e+02 4.042736012772126628e+02 4.041461145772469195e+02
3.759679362504220080e+03 3.974413853732581288e+02 3.987161312432533578e+02 4.033219775673622394e+02 4.061536294587186831e+02 4.060116265590197031e+02 4.057518374933012524e+02 4.055253566808008827e+02 4.053249654004803233e+02 4.051433824741905028e+02 4.049744985793859087e+02 4.048205533635834854e+02 4.046746001233995571e+02 4.045491073976002667e+02 4.044053353146150016e+02 4.042873091719950480e+02
3.809679362504220080e+03 3.936041256824271386e+02 3.949131890215149383e+02 3.984764292200742943e+02 4.023522344375672333e+02 4.050981652526286325e+02 4.056579654106659518e+02 4.054789017761327159e+02 4.052247774661694848e+02 4.049959211140212005e+02 4.047884519568626729e+02 4.046009299958924998e+02 4.044272921226585140e+02 4.042779180180586991e+02 4.041084629237842591e+02 4.039793411245616994e+02
3.859679362504220080e+03 3.984711695110507890e+02 3.998709796840730633e+02 4.040379688072903832e+02 4.059362583437371654e+02 4.056835019520090668e+02 4.054341689396391075e+02 4.052161982144572221e+02 4.050244011613233965e+02 4.048508332445659903e+02 4.046890867476063818e+02 4.045420633685217240e+02 4.044020818426248525e+02 4.042824574252160232e+02 4.041457508253284914e+02 4.040207438486845035e+02
3.909679362504220080e+03 3.923370975997926848e+02 3.934978913276576691e+02 3.971567373281903883e+02 4.013286494162962867e+02 4.044986954628602689e+02 4.054088228917551078e+02 4.053061777273015878e+02 4.050652639349030437e+02 4.048341647522083235e+02 4.046219590281231717e+02 4.044289960842149299e+02 4.042498593305413124e+02 4.040952521771250758e+02 4.039148473059188973e+02 4.037843643320013598e+02
3.959679362504220080e+03 3.927425816170545545e+02 3.956650776740432889e+02 3.999300513049119559e+02 4.035269529317485535e+02 4.049689934737137946e+02 4.050138476602994615e+02 4.047566644397714413e+02 4.045273137281849927e+02 4.043294394096654401e+02 4.041527238988124395e+02 4.039969712587216577e+02 4.038530891409912442e+02 4.037311280966858931e+02 4.036018397565857185e+02 4.034796200101001773e+02
4.009679362504220080e+03 3.946728102202486639e+02 3.957318994335586808e+02 3.996333428205912810e+02 4.031245108174879306e+02 4.048746700564300340e+02 4.050927064115338112e+02 4.048564141102280018e+02 4.046223200463632566e+02 4.044115093027915577e+02 4.042203403604192999e+02 4.040483300108146523e+02 4.038880554905420013e+02 4.037508178215805970e+02 4.035770328901111270e+02 4.033016264197752321e+02
4.059679362504220080e+03 3.897903179667102336e+02 3.912011802995369862e+02 3.945261111869738784e+02 3.987697486929147885e+02 4.022346638160744874e+02 4.041899413112116122e+02 4.046180705463816594e+02 4.044413095684319046e+02 4.041815931275705225e+02 4.039417206139669361e+02 4.037298241205425029e+02 4.035365990674437739e+02 4.033737791109020350e+02 4.031911841505335019e+02 4.029965999013642772e+02
4.109679362504220080e+03 3.902174132015784380e+02 3.911659061332494502e+02 3.962272486539072247e+02 4.029547162237565203e+02 4.050967831861271407e+02 4.048960051658335715e+02 4.046398725549958613e+02 4.044205581510054799e+02 4.042264973450352841e+02 4.040498904552054569e+02 4.038904748318199154e+02 4.037418485075202739e+02 4.036134436775979566e+02 4.034717961394837857e+02 4.033495189241740491e+02
4.159679362504220080e+03 3.908862702512640226e+02 3.920461812424211416e+02 3.968706609558780087e+02 4.032564583383226022e+02 4.049102401710784989e+02 4.046609671720244137e+02 4.044034804483165999e+02 4.041830213342655611e+02 4.039881441185330573e+02 4.038107077087103676e+02 4.036506500980450483e+02 4.035012934935002136e+02 4.033725453692546807e+02 4.032290031967879145e+02 4.031069265803128019e+02
4.209679362504220080e+03 3.903598145248856781e+02 3.919744442987696971e+02 3.969360014662417484e+02 4.029326986650977460e+02 4.047498919927244287e+02 4.045673048394583589e+02 4.043076176817468195e+02 4.040880649381460330e+02 4.038957644964690985e+02 4.037223027970487124e+02 4.035671401158060121e+02 4.034233849051470315e+02 4.032998399626357013e+02 4.031643111346817250e+02 4.030405851563269266e+02
4.259679362504220080e+03 3.896746342994792371e+02 3.905522353438282153e+02 3.941233188403070926e+02 3.997400338670956330e+02 4.034298372888841300e+02 4.043759949288762527e+02 4.042574334260765454e+02 4.039964704348440705e+02 4.037623800691893621e+02 4.035528696074788968e+02 4.033673528570748772e+02 4.031950718179360820e+02 4.030506937642476259e+02 4.028861922937399527e+02 4.026554713741505793e+02
4.309679362504220080e+03 3.903861076541559783e+02 3.902723993179143349e+02 3.935915893069955018e+02 4.000882523943524802e+02 4.045039586080889080e+02 4.049096688286906556e+02 4.046367267139503383e+02 4.043892349907972061e+02 4.041689560042264020e+02 4.039692548431093542e+02 4.037890969681711795e+02 4.036213496245084684e+02 4.034777277476106292e+02 4.033139193475016668e+02 4.031836413196696185e+02
4.359679362504220080e+03 3.917549804395077899e+02 3.914795263538443351e+02 3.948280956104566144e+02 4.016178036946579368e+02 4.050722729750822282e+02 4.052175067157733679e+02 4.049448704677622004e+02 4.047083942105068104e+02 4.044978460113655387e+02 4.043064891370432292e+02 4.041338090884617031e+02 4.039726503065298857e+02 4.038346059361347784e+02 4.036784176629495846e+02 4.035501079513186369e+02
4.409679362504220080e+03 3.930355919205784403e+02 3.927071964641155546e+02 3.961685767760887984e+02 4.032950320445845023e+02 4.054290987969704361e+02 4.053560382942118849e+02 4.050910168026716747e+02 4.048613994516243224e+02 4.046561817070400480e+02 4.044689641216688187e+02 4.042997314333983923e+02 4.041413122814803955e+02 4.040056631432245240e+02 4.038514832911654935e+02 4.037244307293239558e+02
4.459679362504220080e+03 3.944222003422318039e+02 3.940084476212859386e+02 3.975464723852520024e+02 4.045131104313803121e+02 4.057550088359739675e+02 4.055244673297552822e+02 4.052693641742691852e+02 4.050465336295015959e+02 4.048470930108919106e+02 4.046640812360026302e+02 4.044986433283808651e+02 4.043430773829439886e+02 4.042101833516275065e+02 4.040578923416409225e+02 4.039321734367998715e+02
4.509679362504220080e+03 3.955992526326551229e+02 3.952339270199561838e+02 3.987966785396378100e+02 4.050393830326238458e+02 4.058972195031876140e+02 4.056196396942571596e+02 4.053710324421612086e+02 4.051526233736498739e+02 4.049570619925116262e+02 4.047769775859102879e+02 4.046142161649159448e+02 4.044607527794921680e+02 4.043298375245707916e+02 4.041792677431953962e+02 4.040546515116550381e+02
4.559679362504220080e+03 3.968918885955929454e+02 3.964311031307256030e+02 4.000724851756438625e+02 4.055058113608092754e+02 4.060463873692148127e+02 4.057677285008605850e+02 4.055260190988265663e+02 4.053127002695243846e+02 4.051215982600351708e+02 4.049450110964214105e+02 4.047853814378485140e+02 4.046345212733876906e+02 4.045058095002451068e+02 4.043577875844563891e+02 4.042343107673879672e+02
4.609679362504220080e+03 3.979765839237415435e+02 3.975453259319103267e+02 4.012673300615658150e+02 4.057766459429966517e+02 4.060971036231369453e+02 4.058237183149557836e+02 4.055875327188657025e+02 4.053784435353352933e+02 4.051908357726278496e+02 4.050170214762976570e+02 4.048596530093940942e+02 4.047107347719533550e+02 4.045833163580779797e+02 4.044374199253825282e+02 4.043152180508376432e+02
4.659679362504220080e+03 3.989164120094433201e+02 3.984766244752016178e+02 4.023549968591647712e+02 4.060146095929541161e+02 4.061532052070620580e+02 4.058841832334977084e+02 4.056522532902310445e+02 4.054461319129234198e+02 4.052607843814853368e+02 4.050886185358899638e+02 4.049327703463177954e+02 4.047848411880384560e+02 4.046587705790586824e+02 4.045128064607289389e+02 4.043909832252446677e+02
4.709679362504220080e+03 3.998000037823542243e+02 3.993665071072774708e+02 4.033657378942504579e+02 4.061690732376014239e+02 4.061855995869819935e+02 4.059209494050001581e+02 4.056922116486347818e+02 4.054887364885265129e+02 4.053055944538507447e+02 4.051352900001544981e+02 4.049811073363039782e+02 4.048346182128598798e+02 4.047098221302584307e+02 4.045654461722473343e+02 4.044439734337470895e+02
4.759679362504220080e+03 4.006208098412993195e+02 4.001708988853392839e+02 4.045160053790734196e+02 4.063944531375253746e+02 4.062517056858952174e+02 4.059922746931072197e+02 4.057675427918570108e+02 4.055671595571330386e+02 4.053863298820303953e+02 4.052178106686233718e+02 4.050650754625513059e+02 4.049196608805718256e+02 4.047958524449020388e+02 4.046518094115269832e+02 4.045310099322249471e+02
4.809679362504220080e+03 4.012817552917923081e+02 4.008847581549260894e+02 4.051180725599360812e+02 4.065403087915815945e+02 4.063069649828448178e+02 4.060525635531572561e+02 4.058308296565468822e+02 4.056333271672185674e+02 4.054545970959775332e+02 4.052879942050628870e+02 4.051367127844486049e+02 4.049927042361177882e+02 4.048698131468916017e+02 4.047273647341469882e+02 4.046071757587405386e+02
4.859679362504220080e+03 4.017988042581359309e+02 4.014516202102728357e+02 4.055788710941944260e+02 4.066561170383486683e+02 4.063783945733135852e+02 4.061277706911861287e+02 4.059085015824940683e+02 4.057132349842820531e+02 4.055361106905073711e+02 4.053709239655270835e+02 4.052207784642502020e+02 4.050777541025954633e+02 4.049557057964482851e+02 4.048140323652206689e+02 4.046940858052880117e+02
4.909679362504220080e+03 4.021964724122681787e+02 4.018931887180067406e+02 4.058988945883103838e+02 4.067455546039453225e+02 4.064636363362541260e+02 4.062156914878298153e+02 4.059981921082595591e+02 4.058045158622852000e+02 4.056285262643187934e+02 4.054643320849734209e+02 4.053149793339323423e+02 4.051726369565768664e+02 4.050511627058689896e+02 4.049100034602872711e+02 4.047901560565126715e+02
4.959679362504220080e+03 4.025137158319805621e+02 4.022462505883704580e+02 4.061462989914802506e+02 4.068380244294208410e+02 4.065561121230737740e+02 4.063101899946533990e+02 4.060940658988591281e+02 4.059016116378405172e+02 4.057264999027260046e+02 4.055630707853819672e+02 4.054143258824250324e+02 4.052725139778166863e+02 4.051514663997044750e+02 4.050107216034584781e+02 4.048908996940853626e+02
5.009679362504220080e+03 4.027804877028971760e+02 4.025416847792744761e+02 4.063370317655914050e+02 4.069266180539398192e+02 4.066454994498153610e+02 4.064010045790109302e+02 4.061858483660863612e+02 4.059942350399546740e+02 4.058197280799808482e+02 4.056568223730659497e+02 4.055084801766981286e+02 4.053670326094397183e+02 4.052462420619773980e+02 4.051058057389090550e+02 4.049859988686031897e+02
5.059679362504220080e+03 4.030157044312907715e+02 4.027980389083482464e+02 4.065073673035282127e+02 4.070049790233002227e+02 4.067248674884917818e+02 4.064816649776573172e+02 4.062674524676447732e+02 4.060766315201790917e+02 4.059027216363020898e+02 4.057403206346317575e+02 4.055923900208017017e+02 4.054512895195882720e+02 4.053307826660345654e+02 4.051906078230722414e+02 4.050708657328900131e+02
5.109679362504220080e+03 4.032497248391336484e+02 4.030889787293944551e+02 4.061977969095033814e+02 4.069583271408301357e+02 4.066888262525679352e+02 4.064416145818639166e+02 4.062232931369751441e+02 4.060290053046576872e+02 4.058524047470199321e+02 4.056876703251227241e+02 4.055378567075368892e+02 4.053944869974848189e+02 4.052732427784766855e+02 4.051281983891366849e+02 4.050102688243668467e+02
5.159679362504220080e+03 4.034226760672320324e+02 4.032737180744574061e+02 4.065021757823477060e+02 4.068660628169755569e+02 4.065858978968051360e+02 4.063446897980127801e+02 4.061306912065977031e+02 4.059400189456040380e+02 4.057662528802410975e+02 4.056038151001185952e+02 4.054562166355751742e+02 4.053143461183224758e+02 4.051949526707186919e+02 4.050509988959918246e+02 4.049333801326693560e+02
5.209679362504220080e+03 4.035520712051171586e+02 4.033791584661148022e+02 4.070875110017189513e+02 4.070486875299289409e+02 4.067773930412748200e+02 4.065418260598460165e+02 4.063319376105528704e+02 4.061445898849904097e+02 4.059726839913111576e+02 4.058127400301885359e+02 4.056644256916507061e+02 4.055283563517198218e+02 4.054007105480407631e+02 4.052789933697562219e+02 4.051247262319121774e+02
5.259679362504220080e+03 4.058374027293561994e+02 4.064502454525874100e+02 4.075426148674249589e+02 4.072704722224378884e+02 4.070140054469613347e+02 4.067873637294929949e+02 4.065860009030885749e+02 4.064050727013995470e+02 4.062395747803849417e+02 4.060845048183884956e+02 4.059422592360347721e+02 4.058089644813304631e+02 4.056892138531387104e+02 4.055626094308055372e+02 4.053643026690850206e+02
5.309679362504220080e+03 4.059363325769148787e+02 4.068241368659640216e+02 4.073527336186880348e+02 4.070710063042740217e+02 4.068107612015872974e+02 4.065813855208157293e+02 4.063780118313041498e+02 4.061949717174696843e+02 4.060286842365356392e+02 4.058705716691204657e+02 4.057304470578817472e+02 4.055874613730616147e+02 4.054759820233603591e+02 4.054670090197736272e+02 4.054488491833901662e+02
5.359679362504220080e+03 4.065746001864657160e+02 4.069291222891599205e+02 4.071292982297342178e+02 4.068409631193750329e+02 4.065799761390332492e+02 4.063508710734637361e+02 4.061475270276548599e+02 4.059650598926926364e+02 4.057983341558814345e+02 4.056419855703915687e+02 4.054960811162544019e+02 4.054505765652996274e+02 4.054508972232784458e+02 4.054436535734331528e+02 4.054260732475441955e+02
5.409679362504220080e+03 4.065569061416305772e+02 4.066021790351381355e+02 4.064179700990482047e+02 4.061235436744025264e+02 4.058731963857557048e+02 4.056568227126004444e+02 4.054669181802900084e+02 4.052980070947550644e+02 4.052173803020970695e+02 4.052140601041496666e+02 4.052088048206339863e+02 4.052113990703371087e+02 4.052096162731504592e+02 4.052031349705844718e+02 4.051870511509408743e+02
5.459679362504220080e+03 4.044828826522577288e+02 4.044725400877231891e+02 4.044707180479633735e+02 4.044704140084207893e+02 4.044703298890561882e+02 4.044724418839516034e+02 4.044744164963373692e+02 4.044776077409129016e+02 4.044805975180404971e+02 4.044826221848979344e+02 4.044839142045339031e+02 4.044840022976349587e+02 4.044837710332424194e+02 4.044798002078715058e+02 4.044663787053709711e+02
5.509679362504220080e+03 4.038735317170555845e+02 4.038735267420244099e+02 4.038718366044453774e+02 4.038741261495125059e+02 4.038740160656936951e+02 4.038748852932853310e+02 4.038755440568976383e+02 4.038772146173139390e+02 4.038789295573297977e+02 4.038803792017561136e+02 4.038806663996336397e+02 4.038806036491997133e+02 4.038864019187487315e+02 4.038808054602828861e+02 4.038682520463059404e+02
5.559679362504220080e+03 4.038219901110462047e+02 4.038222022850480926e+02 4.038208819779586634e+02 4.038274536664935681e+02 4.038376899571228478e+02 4.038349968542193551e+02 4.038350682202190001e+02 4.038392134732816317e+02 4.038390257169298820e+02 4.038367441827734297e+02 4.038352549269318388e+02 4.038339588062156622e+02 4.038333915594439532e+02 4.038284493968729407e+02 4.038151004006363678e+02
5.609679362504220080e+03 4.021813696096181729e+02 4.021809011606267745e+02 4.021803503628157159e+02 4.021799383048120831e+02 4.021794968516409767e+02 4.021790121722471554e+02 4.021784879137505868e+02 4.021779514890270093e+02 4.021788945769137626e+02 4.021854053529480666e+02 4.021928677571361845e+02 4.021958190654408440e+02 4.021957741178477477e+02 4.021893198785098775e+02 4.021781196680212815e+02
5.659679362504220080e+03 4.018539591588815370e+02 4.018535319707573876e+02 4.018530775924540421e+02 4.018528263530355957e+02 4.018524879473408191e+02 4.018521108904193966e+02 4.018586774268927115e+02 4.018634628846355099e+02 4.018652430870030230e+02 4.018663884864283204e+02 4.018672438057238310e+02 4.018673382460352173e+02 4.018667623171618288e+02 4.018623884841017571e+02 4.018505166276660248e+02
5.709679362504220080e+03 4.018429601786514240e+02 4.018424112750586232e+02 4.018419035625144033e+02 4.018413827099284390e+02 4.018470884235297262e+02 4.018564906010034292e+02 4.018681268906165656e+02 4.018715589490665820e+02 4.018643627845391393e+02 4.018527262762273722e+02 4.018470844335539596e+02 4.018430883536266265e+02 4.018404949106307527e+02 4.018271482635852863e+02 4.017413625042973990e+02
5.759679362504220080e+03 4.010431098738179685e+02 4.011195396774324422e+02 4.010748566557301160e+02 4.009241682542752869e+02 4.009230661700372025e+02 4.009217902835929976e+02 4.009203577886350445e+02 4.009186996019391813e+02 4.009174805538302166e+02 4.009157099144345580e+02 4.009135878919972811e+02 4.009111774469237730e+02 4.009095981485726270e+02 4.009027283037018492e+02 4.008902765317740204e+02
5.809679362504220080e+03 4.003249636161413605e+02 4.000469604161087318e+02 3.996025158398419990e+02 3.992735163132510365e+02 3.991815124121075087e+02 3.991807483702580726e+02 3.991799893379928221e+02 3.991792099356433710e+02 3.991784574261171770e+02 3.991776891937843175e+02 3.991867614483797979e+02 3.991923691613054075e+02 3.991926000868939468e+02 3.991879743887802192e+02 3.991762086229375655e+02
5.859679362504220080e+03 3.991822610909322293e+02 3.991258031377630004e+02 3.988990441686567010e+02 3.985415339146405245e+02 3.983275403163860915e+02 3.983266782633725143e+02 3.983257724417555892e+02 3.983248101173437021e+02 3.983239407088123016e+02 3.983230105712857494e+02 3.983220813401548526e+02 3.983211177444946429e+02 3.983202478959077553e+02 3.983324587570642734e+02 3.983203000093166679e+02
5.909679362504220080e+03 3.986135281336623848e+02 3.985666048126820442e+02 3.983410305759447851e+02 3.979776514480398646e+02 3.977895916310312145e+02 3.977584550338481222e+02 3.977571993826349512e+02 3.977558432954553496e+02 3.977547096119886874e+02 3.977533804809204980e+02 3.977520564870857243e+02 3.977506697041629309e+02 3.977495561787567340e+02 3.977482080076674720e+02 3.977510499487727316e+02
5.959679362504220080e+03 3.974323729946288495e+02 3.973525576502449894e+02 3.970777876537852080e+02 3.967493862713487260e+02 3.964486939145950828e+02 3.963308480319317937e+02 3.963297839426792279e+02 3.963285660597647393e+02 3.963274813192023771e+02 3.963262831564255180e+02 3.963250902453274307e+02 3.963238349362603685e+02 3.963227720784842631e+02 3.963215553428071871e+02 3.963251489530485401e+02
6.009679362504220080e+03 3.964279418790942486e+02 3.963641036192475440e+02 3.961118445616252757e+02 3.957702672711762375e+02 3.954912110281211994e+02 3.954433329174403866e+02 3.954424171524149756e+02 3.954413599665031143e+02 3.954403863394487075e+02 3.954393474146027074e+02 3.954383134914536981e+02 3.954372223514283178e+02 3.954362665302835467e+02 3.954352010231187933e+02 3.954378785255815956e+02
6.059679362504220080e+03 3.957576431138749626e+02 3.956989819505016044e+02 3.954682568188708274e+02 3.951120708710178064e+02 3.949268619879782136e+02 3.949090707809434093e+02 3.949081272863514300e+02 3.949070024390398999e+02 3.949059694311803810e+02 3.949049120909362500e+02 3.949038672801769962e+02 3.949027559051379512e+02 3.949017639631458110e+02 3.949006981577685451e+02 3.949035307966079813e+02
6.109679362504220080e+03 3.955831429965830921e+02 3.954947801373896255e+02 3.952903028097763922e+02 3.948917749313535523e+02 3.946200150182358470e+02 3.945837175574935145e+02 3.945823960110446933e+02 3.945807333408854447e+02 3.945792655056450258e+02 3.945777253300323082e+02 3.945761843848387684e+02 3.945744965615089086e+02 3.945730349179100926e+02 3.945714541862953979e+02 3.945749013875832816e+02
6.159679362504220080e+03 3.954810535953919839e+02 3.952588523867260051e+02 3.951158679175760540e+02 3.947215677934503333e+02 3.944679968447731540e+02 3.944309496297485111e+02 3.944278190215092650e+02 3.944239473261875446e+02 3.944196002908375931e+02 3.944148853355264350e+02 3.944100529626069829e+02 3.944045428868840304e+02 3.943998856831807984e+02 3.943971203036852557e+02 3.944181855430887822e+02
6.209679362504220080e+03 3.952690043625625549e+02 3.950646628859824432e+02 3.949448053946478581e+02 3.945631827577813624e+02 3.942460841232673374e+02 3.942451989838019699e+02 3.942412506056092525e+02 3.942349502785937148e+02 3.942279529765287975e+02 3.942209830795331982e+02 3.942142738194638696e+02 3.942073694796963537e+02 3.942004640767144110e+02 3.942023265745622211e+02 3.942355454880252523e+02
6.259679362504220080e+03 3.951086343881004268e+02 3.949226534460374864e+02 3.948389259299120795e+02 3.944517137890753702e+02 3.942227834497542176e+02 3.942010147586108815e+02 3.941960992806168065e+02 3.941884779144313029e+02 3.941800201971001343e+02 3.941713706162555013e+02 3.941626147559208562e+02 3.941527111475268725e+02 3.941424455578074344e+02 3.941359844165974664e+02 3.941335182990973180e+02
6.309679362504220080e+03 3.947698609592398498e+02 3.946947021522848900e+02 3.945130595646542702e+02 3.941201452372857830e+02 3.939353877860054354e+02 3.939318258018090546e+02 3.939217389162042195e+02 3.939037334708558546e+02 3.938817055805160408e+02 3.938586598755229602e+02 3.938362734954832263e+02 3.938136468347722712e+02 3.937898959971420254e+02 3.938066729915695987e+02 3.939195071215719395e+02
6.359679362504220080e+03 3.945555928032034103e+02 3.944999852607154480e+02 3.943407442758766592e+02 3.939636021764948737e+02 3.938358608991987353e+02 3.938305716325494359e+02 3.938133110432505077e+02 3.937832641140363990e+02 3.937478603178437879e+02 3.937141535811290396e+02 3.936829827244450257e+02 3.936512363821117333e+02 3.936156576294353613e+02 3.936275109477102774e+02 3.937060645681592064e+02
6.409679362504220080e+03 3.943881074129916442e+02 3.943375371210733533e+02 3.942247784405147968e+02 3.938083538761296154e+02 3.936059358191403135e+02 3.935971245575640864e+02 3.935734816583156999e+02 3.935314315105048308e+02 3.934811131212686064e+02 3.934300850833069489e+02 3.933799862439487924e+02 3.933266458149372511e+02 3.932655567581074934e+02 3.932708097835551371e+02 3.934018886207795163e+02
6.459679362504220080e+03 3.942986696331311123e+02 3.941731934660445518e+02 3.940395790704710635e+02 3.936556894084955616e+02 3.934684963552713839e+02 3.934593406427632090e+02 3.934284521093177887e+02 3.933699488269897415e+02 3.932973483017725584e+02 3.932240771946563314e+02 3.931481393522277017e+02 3.930526566094185910e+02 3.929590907100954951e+02 3.929155246137100335e+02 3.931284264864960392e+02
6.504679362504220080e+03 3.940682518184628975e+02 3.940083255801025643e+02 3.939251595295957031e+02 3.935439608258395765e+02 3.933461590395499456e+02 3.933329158759246411e+02 3.932860209801837641e+02 3.931861566905458290e+02 3.930638969698314895e+02 3.929682091748931612e+02 3.928521330867778261e+02 3.926179174598808572e+02 3.925106101377700156e+02 3.924679081790848727e+02 3.924567227885334546e+02
6.509679362504220080e+03 3.941641399863042352e+02 3.940069259287721479e+02 3.939246987087571483e+02 3.935379033500913692e+02 3.933475175348189055e+02 3.933337368868580484e+02 3.932859080329465087e+02 3.931849192858734909e+02 3.930615003262255982e+02 3.929638134475814013e+02 3.928431741143224940e+02 3.925982638380741037e+02 3.924876409265997950e+02 3.924411750713654783e+02 3.924249420237069330e+02
6.559679362504220080e+03 3.939939029838795932e+02 3.939038862160873009e+02 3.938299764670066452e+02 3.934296458750496868e+02 3.932844485284072675e+02 3.932644030727295785e+02 3.931945885694793219e+02 3.930468039026399651e+02 3.928627860156515794e+02 3.927050764563823009e+02 3.925038534921881705e+02 3.921319426782466735e+02 3.919755855859262397e+02 3.919158772570064571e+02 3.919129454731692590e+02
6.609679362504220080e+03 3.938223076445851802e+02 3.937778141852811018e+02 3.937074353351756031e+02 3.933337398799313291e+02 3.932277161459975900e+02 3.932014159143905090e+02 3.931122251139050263e+02 3.929230816503964547e+02 3.926799968080804319e+02 3.924748067166254373e+02 3.922066123681359500e+02 3.916915908273816171e+02 3.914400410143001068e+02 3.913074249220725846e+02 3.912697142355289088e+02
6.659679362504220080e+03 3.937318398626118210e+02 3.936877265724781410e+02 3.936207878895486374e+02 3.933007870442543208e+02 3.932551791782091186e+02 3.932168824592023384e+02 3.930858743319241171e+02 3.928043680907988460e+02 3.924450787458175682e+02 3.921314212894055800e+02 3.918006535321879369e+02 3.914224000518417483e+02 3.899625963859074886e+02 3.895862274598327417e+02 3.894638437804778732e+02
6.709679362504220080e+03 3.938214982934038630e+02 3.936916328111142320e+02 3.936099117343499074e+02 3.932291905359280690e+02 3.931280546147417567e+02 3.930778730287186704e+02 3.929177379482525794e+02 3.925676926217753930e+02 3.921391320618931786e+02 3.918066447192867940e+02 3.914698357383527991e+02 3.910857601583314818e+02 3.895558903163429818e+02 3.893855266141563334e+02 3.894939592817129892e+02
6.759679362504220080e+03 3.936798349546770055e+02 3.936059146879292143e+02 3.935272177310459938e+02 3.932087615951759290e+02 3.931695676473235039e+02 3.930976097648095333e+02 3.928667984472602939e+02 3.923591929803938569e+02 3.917794408050810375e+02 3.912981711794220701e+02 3.907969509105549264e+02 3.902146839697726364e+02 3.873776672817121494e+02 3.870695395774978920e+02 3.872370701035249567e+02
6.809679362504220080e+03 3.936209752240537227e+02 3.935563758340327354e+02 3.934617508091372997e+02 3.931642503105169908e+02 3.931314841127774002e+02 3.930422510509030758e+02 3.927547691222466710e+02 3.921515560485887590e+02 3.916049272367180265e+02 3.909609467408052978e+02 3.902738734831468150e+02 3.894504945150677599e+02 3.839623258123591540e+02 3.833000604270156373e+02 3.834519155178305141e+02
6.859679362504220080e+03 3.936087253859755606e+02 3.934868996467026818e+02 3.934541018967098012e+02 3.931291159775340702e+02 3.930719578282339626e+02 3.929889033331588735e+02 3.927173459676313882e+02 3.921154991053894605e+02 3.915659768286630538e+02 3.908516797577652255e+02 3.900575329915400857e+02 3.890441340048145094e+02 3.773381583888477735e+02 3.755711837409091913e+02 3.747920224574809822e+02
6.909679362504220080e+03 3.935249732910493776e+02 3.933987849598501043e+02 3.933634292802419736e+02 3.930127292676987167e+02 3.929465966331178493e+02 3.928543957276348806e+02 3.925382847160363440e+02 3.916365048477521782e+02 3.909003737336461199e+02 3.899148105399090127e+02 3.888308100353181089e+02 3.863651412658494451e+02 3.048783943981023867e+02 3.004447441366582439e+02 3.008292767815933075e+02
6.959679362504220080e+03 3.933107691082031465e+02 3.932675100082191193e+02 3.932067425043091475e+02 3.929468114085607908e+02 3.929112678342744402e+02 3.927462682147562987e+02 3.922693503432093962e+02 3.907869868888069504e+02 3.892559715269861158e+02 3.873213559884756023e+02 3.851597738085771994e+02 3.810354944683226677e+02 2.851173321535094374e+02 2.813679508117549517e+02 2.813284466074208581e+02
7.009679362504220080e+03 3.932442015472981893e+02 3.932264272365131887e+02 3.932348990204657184e+02 3.929603106795062786e+02 3.929221180450218185e+02 3.927571546157559510e+02 3.921855110010342855e+02 3.905403154077173440e+02 3.888785790839549463e+02 3.862607865140124659e+02 3.831580353599089790e+02 3.769708055461637741e+02 2.966478512792141373e+02 2.845933456122799612e+02 2.839984226571074828e+02
7.059679362504220080e+03 3.932754894261865388e+02 3.932199957585324910e+02 3.932570652215540576e+02 3.929400842673960028e+02 3.928924324899439284e+02 3.927579608055530116e+02 3.919472892924213170e+02 3.893942361245909183e+02 3.869838921863095607e+02 3.834106398441270471e+02 3.786316610645112632e+02 3.619805851132761632e+02 2.917788675557845295e+02 2.802021216544297317e+02 2.800781913162248316e+02
7.109679362504220080e+03 3.933780195763523011e+02 3.933359443989681381e+02 3.931920637187778311e+02 3.929569006476739901e+02 3.929226571264526910e+02 3.926924405951003791e+02 3.914498491845270109e+02 3.885572424036632242e+02 3.841873533347552438e+02 3.745381757338850548e+02 3.587769768846056309e+02 3.143398476604188545e+02 2.806812879405111971e+02 2.799999999999863007e+02 2.799999999999863007e+02
7.159679362504220080e+03 3.932741276715877348e+02 3.932524616693317512e+02 3.931923365256006377e+02 3.929846399106907597e+02 3.929482561963079092e+02 3.926921826612632458e+02 3.912582865173091022e+02 3.876997785283830353e+02 3.800663088597396495e+02 3.611676562589473178e+02 3.241338904055671719e+02 2.862338309081780494e+02 2.799999999999890292e+02 2.799999999999890292e+02 2.799999999999890292e+02
7.209679362504220080e+03 3.932500016362307065e+02 3.932314665658215063e+02 3.931959979292025764e+02 3.929999220409952727e+02 3.929583318694438958e+02 3.926245319458631684e+02 3.907682358761031765e+02 3.859981627396060162e+02 3.367582298199890261e+02 2.881115808672893195e+02 2.801097250960494307e+02 2.799999999999981242e+02 2.799999999999981810e+02 2.799999999999981810e+02 2.799999999999981810e+02
7.259679362504220080e+03 3.932192909818044768e+02 3.932053055997797060e+02 3.931540644241663358e+02 3.929237470805918520e+02 3.928397666504503718e+02 3.903357512871961603e+02 3.889428063452863285e+02 3.832003025543226045e+02 3.016321291613569429e+02 2.799747573198270629e+02 2.799999981488585945e+02 2.799999982241441785e+02 2.799999992242715621e+02 2.799999986148982885e+02 2.799999999013611500e+02
7.309679362504220080e+03 3.931771422578764827e+02 3.931657020392600543e+02 3.931313119154298761e+02 3.928778421554861779e+02 3.913431936283420782e+02 3.854429440823383857e+02 3.818568122500336131e+02 3.459633562727174763e+02 2.809637405524571250e+02 2.800000000083996952e+02 2.799999994973150024e+02 2.799999997469032564e+02 2.799999999409865836e+02 2.799999999762720222e+02 2.799999999988028208e+02
7.359679362504220080e+03 3.932596629437826437e+02 3.932261546121206379e+02 3.931156555777479298e+02 3.928753657310457470e+02 3.922680573501548906e+02 3.912276467663235735e+02 3.782118716516667405e+02 3.189717082192398152e+02 2.799130016276804440e+02 2.799999999697008093e+02 2.799999999505008077e+02 2.799999999060834739e+02 2.799999998886508479e+02 2.799999993861798657e+02 2.799541676186480572e+02
7.409679362504220080e+03 3.934305177094038299e+02 3.934327189121759716e+02 3.934182483885043666e+02 3.933493188907741569e+02 3.928203217040320396e+02 3.924551046911985850e+02 3.830969783862092868e+02 3.176369002549562310e+02 2.835061463718567438e+02 2.800000029134469628e+02 2.799999975908772853e+02 2.799999985001426239e+02 2.799213662145044736e+02 2.799999977427086151e+02 2.824787971517352503e+02
7.459679362504220080e+03 3.933495834839563372e+02 3.932566280529443361e+02 3.931300646966797103e+02 3.929469902529280034e+02 3.918659459261996290e+02 3.898771207834674897e+02 3.551685034217413204e+02 2.838851569643408652e+02 2.800000000004380354e+02 2.800000000000026148e+02 2.800000000000026148e+02 2.800000000000026148e+02 2.800000000002460183e+02 2.800000000000026148e+02 3.339802127940536707e+02
7.509679362504220080e+03 3.933067477037353683e+02 3.931966312891284474e+02 3.931399631305691287e+02 3.929900939081321098e+02 3.918009139615088543e+02 3.889643458937256355e+02 3.209508544312122353e+02 2.803124064019400521e+02 2.800000000000082991e+02 2.799999999999992042e+02 2.799999999999992610e+02 2.799999999999992610e+02 2.799650293978010041e+02 2.799999999999992610e+02 3.359594983292597021e+02
7.559679362504220080e+03 3.936327654927040385e+02 3.935738225620579556e+02 3.931539282210731017e+02 3.929813287202828178e+02 3.927071252415499885e+02 3.904806944486687144e+02 2.983045720543884158e+02 2.800000000029171474e+02 2.800000000000193268e+02 2.800000000000192699e+02 2.800000000000192699e+02 2.800000000000192699e+02 2.799129938046292523e+02 2.800000000000192699e+02 2.800000000000192131e+02
7.609679362504220080e+03 3.937282726889802120e+02 3.936452487127855875e+02 3.931192462420394804e+02 3.930001476952952544e+02 3.926770305998656454e+02 3.891421909494935107e+02 2.914524297617970205e+02 2.800000000013170620e+02 2.800000000000018190e+02 2.800000000000018190e+02 2.800000000000018190e+02 2.800000000000018190e+02 2.800000000000018190e+02 2.800000000000017621e+02 2.799844097199438124e+02
7.659679362504220080e+03 3.933949236043261521e+02 3.933639780975673830e+02 3.931458361955586156e+02 3.930318027970465096e+02 3.925512940016531616e+02 3.843068451936525776e+02 2.872788585937067865e+02 2.800000000001629132e+02 2.800000000000010800e+02 2.800000000000010800e+02 2.800000000000010800e+02 2.800000000000051159e+02 2.800000000000010800e+02 2.800000000000010800e+02 2.799611899861716324e+02
7.709679362504220080e+03 3.933546666584114178e+02 3.933309418424076966e+02 3.931071326460532305e+02 3.929638993761332699e+02 3.924639290330376866e+02 3.682014502701759966e+02 2.856879076565966216e+02 2.800000000000014779e+02 2.800000000000014779e+02 2.800000000000014779e+02 2.800000000000014779e+02 2.800000000000014779e+02 2.800000000000244995e+02 2.800000000000014779e+02 3.250122871655840413e+02
7.759679362504220080e+03 3.937178706091124809e+02 3.935812696398890580e+02 3.931315817338029888e+02 3.930072895827616435e+02 3.924516045267164941e+02 3.666784767179858591e+02 2.815477848100847496e+02 2.800000000000025580e+02 2.799999999999871534e+02 2.799999999999871534e+02 2.799999999999871534e+02 2.799999999999871534e+02 2.799999999999871534e+02 2.799999999999871534e+02 3.345995353276227888e+02
7.809679362504220080e+03 3.933491505052700177e+02 3.933064304653954082e+02 3.931510181181845951e+02 3.929806501796260818e+02 3.923489372074724315e+02 3.164698610819926898e+02 2.799999999999996021e+02 2.799999999999996021e+02 2.799999999999996021e+02 2.799999999999996021e+02 2.799999999999996021e+02 2.799999999999996021e+02 2.799999999999996021e+02 2.800000000000487717e+02 3.071200671857455404e+02
7.859679362504220080e+03 3.932684925220627861e+02 3.932536993336080400e+02 3.931431799044389095e+02 3.929020160948247167e+02 3.921995369593934697e+02 3.025169901903768164e+02 2.800000000005014726e+02 2.800000000000026148e+02 2.800000000000026148e+02 2.800000000000026148e+02 2.800000000000026148e+02 2.800000000000026148e+02 2.800000000000026148e+02 2.800000000000026148e+02 2.909026973122830100e+02
7.909679362504220080e+03 3.933041536439810670e+02 3.932749189476828064e+02 3.931788549958783392e+02 3.928886797610330746e+02 3.907184019996066127e+02 2.970427830791481369e+02 2.800000000005880452e+02 2.800000000000080149e+02 2.800000000000080149e+02 2.800000000000080149e+02 2.800000000000080149e+02 2.800000000000079012e+02 2.799980468464402747e+02 2.800000000000080149e+02 3.508931621787232302e+02
7.959679362504220080e+03 3.933309836821487693e+02 3.933250898523207866e+02 3.931675075602017841e+02 3.928442824821790396e+02 3.491858442489953518e+02 2.910816206664738957e+02 2.800000000000302975e+02 2.800000000000004547e+02 2.800000000000004547e+02 2.800000000000004547e+02 2.800000000000004547e+02 2.800000000000004547e+02 2.800000000000004547e+02 2.800000000000004547e+02 3.548897970683666472e+02
8.009679362504220080e+03 3.939016402361637574e+02 3.938714406357640883e+02 3.933885432726784188e+02 3.931245422907144871e+02 3.069877442003474357e+02 2.810043964164703425e+02 2.799999999999794227e+02 2.799999999999794795e+02 2.799999999999794795e+02 2.799999999999795364e+02 2.799999999999795932e+02 2.800000000000790692e+02 2.991802609133670785e+02 2.800000000001055582e+02 3.185237867308818522e+02
8.059679362504220080e+03 3.934460959640555870e+02 3.933629777813935675e+02 3.932040846499699001e+02 3.928777573448288081e+02 3.037378419042544806e+02 2.809739927103054811e+02 2.799999999999672013e+02 2.799999999999672013e+02 2.799999999999672013e+02 2.799999999999672013e+02 2.799999999999672013e+02 2.799999999999757279e+02 2.913005469071970310e+02 2.799999999999672013e+02 3.062688583680989041e+02
8.109679362504220080e+03 3.933567324174931059e+02 3.932646028581766018e+02 3.932031453638636549e+02 3.925616760518278170e+02 3.069019971793973696e+02 2.810756839220064194e+02 2.800000000000000568e+02 2.800000000000000568e+02 2.800000000000000568e+02 2.800000000000000568e+02 2.800000000000000568e+02 2.800000000000000568e+02 3.001269226908721635e+02 2.800000000000000000e+02 3.420685781326577057e+02
8.159679362504220080e+03 3.932686050576526782e+02 3.932517876475707226e+02 3.932267718041268836e+02 3.906854702842909433e+02 2.980376451192377090e+02 2.800000000058303726e+02 2.800000000000018758e+02 2.800000000000018758e+02 2.800000000157652380e+02 2.800000000000018758e+02 2.800000000000018758e+02 2.800000000000018758e+02 3.068772896463719917e+02 2.800000000000174509e+02 3.539696047569781285e+02
8.209679362504219171e+03 3.932726271918319298e+02 3.932553144586162830e+02 3.932509606962835846e+02 3.874218479969050009e+02 2.939341392103486328e+02 2.800000000005704237e+02 2.800000000000054001e+02 2.800000000000054001e+02 2.800000000000054570e+02 2.800000000000054570e+02 2.800000000000054570e+02 2.800000000000054570e+02 3.013031335998483087e+02 2.800000000000054570e+02 3.512591141118018072e+02
8.259679362504219171e+03 3.932635785006992251e+02 3.932514148733111483e+02 3.932359872680540889e+02 3.847226630905498155e+02 2.906621877780649470e+02 2.800000000001902549e+02 2.800000000000027853e+02 2.800000000000027853e+02 2.800000000001784315e+02 2.800000000000027853e+02 2.800000000000027853e+02 2.800000000000027853e+02 2.957991074755364025e+02 2.800000000000173372e+02 3.481176162126074587e+02
8.309679362504219171e+03 3.932566290085021024e+02 3.932458147881994819e+02 3.932465709025212846e+02 3.828052569699538594e+02 2.880976105987296023e+02 2.800000000001145395e+02 2.799999999999968736e+02 2.799999999999968736e+02 2.800000000006373284e+02 2.799999999999968168e+02 2.799999999999968168e+02 2.799999999999968168e+02 2.960911155562051249e+02 2.800000000000036948e+02 3.431604218061397091e+02
8.359679362504219171e+03 3.932811581320555661e+02 3.932809007190575699e+02 3.932441697102302669e+02 3.770252399136812187e+02 2.815294214714709824e+02 2.800000000000227942e+02 2.800000000000244427e+02 2.800000000000242153e+02 2.800000000040507189e+02 2.800000000001031140e+02 2.800000000000242721e+02 2.800000000000242721e+02 2.866034111382997480e+02 2.800000000000346176e+02 3.388419597683736129e+02
8.409679362504219171e+03 3.933378895134339359e+02 3.933262782783269245e+02 3.932222402385600617e+02 3.784068978826313128e+02 3.410242391230679573e+02 2.799357051050756127e+02 2.800000000000010800e+02 2.800000000002099796e+02 2.800000000015000410e+02 2.802296766196016620e+02 2.800000000005562129e+02 2.800000000000010800e+02 2.800000000000010800e+02 2.800000000000010800e+02 3.236759828560369670e+02
8.459679362504219171e+03 3.934983057452517414e+02 3.936122280494508345e+02 3.940463392946111298e+02 3.731732999459260327e+02 3.684028671774931922e+02 3.271817959448227953e+02 2.990465553326098984e+02 2.800000000000326850e+02 2.800000000001604690e+02 2.827905190745628943e+02 2.800000000001148805e+02 2.799999999999894271e+02 2.799999999999894271e+02 2.799999999999894271e+02 3.282199697070522006e+02
8.509679362504219171e+03 3.935792275430228528e+02 3.937063522660881176e+02 3.939934632936285084e+02 3.752532271018145593e+02 3.703674177778988224e+02 3.367322849965926821e+02 3.063355393822841393e+02 2.800000000555697852e+02 2.800000000425842472e+02 2.867027533194791999e+02 2.800000000131089450e+02 2.800000000000004547e+02 2.800000000000004547e+02 2.800000000000001705e+02 3.264343012153335053e+02
8.559679362504219171e+03 3.936289388768880713e+02 3.937786689252478709e+02 3.940229727095085082e+02 3.660799338088813215e+02 3.615255975575725529e+02 3.541620742594536182e+02 3.243244265845402765e+02 2.800000007418830137e+02 2.800000005900878932e+02 2.917563071453676002e+02 2.800000003075730888e+02 2.799999999999613465e+02 2.799999999997525606e+02 2.799999999993773372e+02 3.204567036655645325e+02
8.609679362504219171e+03 3.937777604156152051e+02 3.938918331265246593e+02 3.940009016105248065e+02 3.359983595617001129e+02 3.320114976054321687e+02 3.309740638105196808e+02 3.152892162148609714e+02 2.800000000336498260e+02 2.800000000801562123e+02 2.803098772987852954e+02 2.799999999892963274e+02 2.810991250473186369e+02 2.799999999821954475e+02 2.800000001215305474e+02 2.800000000000026148e+02
8.659679362504219171e+03 3.937423083748004160e+02 3.938237220019855727e+02 3.941308458970908077e+02 3.200710749276047977e+02 3.189609180728645015e+02 3.789387906181274843e+02 3.700181038181054873e+02 2.800000001328389772e+02 2.799999999999567422e+02 2.972335035879055454e+02 2.799999999999581064e+02 2.892413381976504070e+02 2.799999999951566565e+02 2.799451321383026539e+02 2.853637290132301700e+02
8.709679362504219171e+03 3.937694645539496605e+02 3.937806610436887240e+02 3.938793721774262053e+02 3.140529763543871127e+02 3.106584828465543069e+02 2.800000001315324880e+02 2.943395712776905384e+02 2.831943583203972707e+02 2.799905301509447781e+02 2.819979004969265475e+02 2.800000000000275691e+02 2.941612626590460309e+02 2.799999999974864409e+02 2.800000002762471354e+02 2.911290592502899131e+02
8.759679362504219171e+03 3.937902885561979360e+02 3.937994480561153523e+02 3.937996562446064104e+02 2.994910062190829194e+02 2.978255742763090552e+02 2.887991464998296465e+02 2.852785649530901537e+02 2.946888120345662401e+02 3.023275268357259051e+02 2.808885729115331173e+02 2.799999999999751026e+02 2.799999999993927418e+02 2.799999999983327825e+02 2.800000000764093784e+02 2.799999999999309921e+02
8.809679362504219171e+03 3.938099734984244265e+02 3.938446790410808376e+02 3.937933256523079422e+02 2.916567455557473636e+02 2.901396492461361163e+02 2.843459751129865367e+02 2.800000000115429089e+02 2.823644610574416447e+02 2.828223244868824509e+02 3.045241046486190726e+02 2.800000000000044906e+02 2.799908733900696234e+02 2.799999999988131663e+02 2.800000000965467848e+02 2.799999999999477041e+02
8.859679362504219171e+03 3.938296890491984072e+02 3.938428766322535921e+02 3.937327639668973802e+02 2.898520050266787962e+02 2.887214518719720786e+02 2.843195947020698782e+02 2.887387275937657591e+02 2.834350362227890514e+02 2.802633320681630380e+02 3.081979648933437943e+02 2.914422885399566212e+02 2.843420518263685040e+02 2.799999999999654960e+02 2.800000000015243700e+02 2.807581909632262978e+02
8.909679362504219171e+03 3.938488623705655982e+02 3.938599974835449871e+02 3.937515605676364316e+02 2.877196904419748194e+02 2.865786333311755811e+02 2.834824602568154432e+02 2.905427370454074207e+02 3.039878320403498719e+02 2.841075612482773636e+02 3.301342958557535781e+02 3.047302738366046242e+02 2.926703078293259637e+02 2.871599459649131063e+02 2.800000040202509126e+02 3.028810745833288820e+02
8.959679362504219171e+03 3.938670017142287065e+02 3.938772240893693493e+02 3.937178255502471416e+02 2.862873160500814151e+02 2.853137790806040357e+02 2.825523545771218892e+02 2.926374634298497881e+02 3.051087026217709877e+02 2.846781552863517959e+02 3.402088702854838402e+02 3.125234074855370636e+02 2.992867481220262675e+02 2.912035824669658268e+02 2.800000018374379920e+02 2.996249699468397694e+02
9.009679362504219171e+03 3.938846162776711139e+02 3.938918168937734094e+02 3.936821498756154938e+02 2.866577148599644147e+02 2.858543552804222259e+02 2.824570040584650314e+02 3.067193409583038033e+02 2.991378491062599210e+02 2.842901493094745433e+02 3.476360852844708234e+02 3.138944685622929569e+02 2.990122222966358549e+02 2.919400418684776923e+02 2.800000020298774075e+02 3.032540264724239591e+02
9.059679362504219171e+03 3.938782380407498636e+02 3.938261595767956464e+02 3.935705095437991758e+02 2.926350276434785087e+02 2.927573813837551597e+02 2.856035196151088371e+02 2.977488401940145195e+02 3.059521362045271644e+02 3.009539708308595323e+02 3.498175194348175410e+02 3.215465581645166253e+02 3.056063910852617482e+02 2.958525762994360662e+02 2.800000016683225681e+02 2.998505562692570834e+02
9.109679362504219171e+03 3.938297128345298574e+02 3.937321911022990548e+02 3.947875962709422879e+02 2.818066475996672580e+02 2.802565837241054396e+02 2.799388217618601971e+02 3.001718319510682136e+02 3.273734766709907831e+02 2.993518474490033441e+02 3.416766964429500035e+02 3.299915642413065484e+02 3.089126883647796262e+02 2.976256289377212170e+02 2.799999990975244941e+02 3.242460786956650622e+02
9.159679362504219171e+03 3.938468675060528881e+02 3.938707736538908080e+02 3.936193736185270495e+02 3.257411906406982780e+02 3.302556841413028792e+02 2.957397466170491498e+02 2.954254807857372498e+02 3.082490846029695035e+02 2.998085186632043246e+02 3.520312922400117372e+02 3.245831567191168006e+02 3.127310716079814483e+02 3.045503441732486749e+02 2.800000033197779885e+02 2.911711043665197849e+02
9.209679362504219171e+03 3.938560219749326166e+02 3.939009278051539695e+02 3.936468607429773670e+02 3.935889093439089947e+02 3.928656788207581485e+02 3.875119312790787944e+02 3.229480903661837488e+02 3.618280994385366967e+02 3.728835802609866050e+02 3.715318703589313145e+02 3.622636686106709476e+02 3.518449175254288548e+02 3.306968993006182700e+02 2.800000002095634954e+02 3.132748569718634712e+02
9.259679362504219171e+03 3.938702479756247499e+02 3.939142005873468406e+02 3.936122173234205661e+02 3.935507877712212235e+02 3.927239640813636470e+02 3.922216648542629400e+02 3.387250806587779834e+02 3.814670176626594298e+02 3.769196306830905883e+02 3.769913583089615372e+02 3.674093667202541269e+02 3.579899930714474863e+02 3.375781733198752477e+02 2.800000012019282849e+02 3.233263222352341586e+02
9.309679362504219171e+03 3.938837593221976476e+02 3.938626124654896330e+02 3.935910283094067950e+02 3.935287944844551475e+02 3.921780999598401536e+02 3.918927673048314091e+02 3.254315497747697350e+02 3.861915713239317256e+02 3.700806474228667184e+02 3.631310906606723847e+02 3.555198447379169693e+02 3.441660001380985818e+02 3.363958938191211132e+02 2.800000073051438676e+02 3.082648044294268743e+02
9.359679362504219171e+03 3.938918757231111272e+02 3.938364740905453232e+02 3.935289060771494292e+02 3.934903262525733112e+02 3.921006358474339777e+02 3.918838068573652436e+02 3.555467046938356930e+02 3.808676780356182690e+02 3.620593377454488291e+02 3.554227090134040168e+02 3.506491468761544752e+02 3.422826527511488166e+02 3.365463966269240927e+02 2.800000045716348609e+02 3.093826101183568085e+02
9.409679362504219171e+03 3.938943224929078610e+02 3.938162453818047197e+02 3.935157762341399348e+02 3.935106248751269504e+02 3.922045396543559264e+02 3.919467477070681412e+02 3.862193642452832023e+02 3.822621271101945126e+02 3.532362641578741318e+02 3.482461192485199035e+02 3.459480075107900348e+02 3.397300352915224266e+02 3.358812720100473825e+02 2.800000002484576953e+02 3.089879788886050846e+02
9.459679362504219171e+03 3.938935620971893172e+02 3.937896375762005050e+02 3.934743114094611656e+02 3.929045779071536799e+02 3.923065399422230257e+02 3.920549745482143180e+02 3.898842547663675191e+02 3.587188739328113911e+02 3.509129811376333237e+02 3.490913061823924863e+02 3.473781693243740847e+02 3.430733370419587800e+02 3.385513676809217714e+02 2.800000014054652411e+02 3.102856678321345498e+02
9.509679362504219171e+03 3.938903407768485749e+02 3.937618537498150886e+02 3.932038574513136382e+02 3.926890197495390566e+02 3.920581294730893092e+02 3.918468729058077997e+02 3.916615266965291084e+02 3.586212289045732859e+02 3.369289046912149388e+02 3.395232854894488241e+02 3.404488407157845700e+02 3.384833455949452627e+02 3.369182494872852089e+02 2.800000004942124292e+02 3.103908482559463096e+02
9.559679362504219171e+03 3.938846375232770356e+02 3.937298825421132733e+02 3.918238379355954066e+02 3.920303774292831918e+02 3.913940743657869916e+02 3.912342680517883764e+02 3.912677338432450824e+02 3.597397565324241668e+02 3.380383490796116348e+02 3.388527859293084816e+02 3.390970744050902681e+02 3.379663597571520768e+02 3.405771296433387079e+02 2.800000004326223007e+02 3.175058835665296897e+02
9.609679362504219171e+03 3.938815632932595463e+02 3.937044517242241000e+02 3.842626523921807689e+02 3.892872995996019654e+02 3.887957245245785316e+02 3.886133798682588463e+02 3.888572095471762395e+02 3.592189051783586820e+02 3.466101810781166819e+02 3.462949818340591719e+02 3.461532276762755487e+02 3.446952566281290729e+02 3.458117136458868686e+02 2.800000001104742751e+02 3.206178940034674270e+02
9.659679362504219171e+03 3.938807889234348636e+02 3.936765348885924709e+02 3.731698307903591854e+02 3.861028918835356194e+02 3.855093389972664113e+02 3.853977228010523390e+02 3.854014755564584789e+02 3.578067914154810296e+02 3.524168665001337217e+02 3.516028226813605784e+02 3.511790240681842761e+02 3.494817666878302589e+02 3.488658942681161648e+02 2.800000000312941779e+02 3.216665717196811443e+02
9.709679362504219171e+03 3.938631934035240079e+02 3.936451905450978757e+02 3.495334705714031429e+02 3.825290400648167974e+02 3.817746327763529735e+02 3.815189016486546052e+02 3.778298914670205022e+02 3.560957642780481933e+02 3.544484030531974099e+02 3.541716788644894223e+02 3.537030446116795019e+02 3.525453788260782630e+02 3.508713828401720889e+02 2.800000000076416313e+02 3.224639186372244239e+02
9.759679362504219171e+03 3.938322838007973132e+02 3.936338161851135737e+02 3.003740124536212761e+02 3.804614641910582122e+02 3.795954109799595813e+02 3.789333080447389079e+02 3.739670845601399378e+02 3.534748028085687679e+02 3.524890290270543005e+02 3.524125576254350563e+02 3.520749611109338844e+02 3.513955749696467592e+02 3.496135271671838041e+02 2.800000000005954348e+02 3.215393964495025330e+02
9.809679362504219171e+03 3.938543786723361109e+02 3.936231835385199247e+02 2.837913657940043208e+02 3.814659360062183282e+02 3.810265627011730203e+02 3.805423708257972066e+02 3.742847691336056073e+02 3.555406181388771643e+02 3.542192220706474473e+02 3.539228489565749101e+02 3.536162102292410623e+02 3.531319729136623096e+02 3.516500680983181155e+02 2.800000000383660677e+02 3.223797039613589277e+02
9.859679362504219171e+03 3.938624992337066715e+02 3.936428651165107340e+02 2.799132130164894079e+02 3.824495131460963080e+02 3.810291722099260028e+02 3.806226691393746364e+02 3.719947682673398504e+02 3.549176815662652302e+02 3.546550618287803331e+02 3.545254587253822933e+02 3.540422775727055864e+02 3.536733895790269457e+02 3.517437925215047585e+02 2.800000004245161449e+02 3.218788536970564564e+02
9.909835612504219171e+03 3.938166309875099955e+02 3.937173318318537554e+02 3.934476195395690752e+02 3.930325909365111556e+02 3.928460421294330445e+02 3.925110426918877238e+02 3.855522445640226579e+02 3.848280104371981452e+02 3.786791364620706304e+02 3.717928993495760324e+02 3.707723692187013285e+02 3.698106837390312762e+02 3.690870532966503106e+02 2.799919731089057677e+02 3.323009012144605094e+02
9.959835612504219171e+03 3.938592108466847321e+02 3.937426370879604178e+02 3.935264604511793891e+02 3.933481626316152528e+02 3.933231674931238899e+02 3.932275850749926462e+02 3.931830683659732131e+02 3.923640353403783934e+02 3.894670080600020583e+02 3.885982210752802075e+02 3.885132516445839883e+02 3.877666867322253097e+02 3.872633922394372803e+02 2.842156390650102367e+02 3.450131663860607318e+02
1.000983561250421917e+04 3.938156713739284100e+02 3.936750017429168906e+02 3.934204087713326885e+02 3.930942117461951852e+02 3.929529062312218457e+02 3.927862015549489456e+02 3.928697159296912105e+02 3.910612435812905687e+02 3.899368046290102257e+02 3.887326152943978741e+02 3.887158219622531874e+02 3.885079194462650776e+02 3.880235544351531871e+02 2.830926029488055633e+02 3.443529591356211768e+02
1.005983561250421917e+04 3.938309487382589964e+02 3.938411474820728699e+02 3.937727404436423058e+02 3.936069841567467051e+02 3.935397986393920746e+02 3.933856873294057550e+02 3.933493553184609368e+02 3.933625915755994242e+02 3.928843355619180215e+02 3.924889873496769610e+02 3.919931321694209601e+02 3.910867442968335013e+02 3.907829831618559524e+02 2.799130931528814017e+02 3.375245654394780672e+02
1.010983561250421917e+04 3.938170316278191194e+02 3.936652115222015595e+02 3.931172594415995150e+02 3.930459642334662931e+02 3.929495098500306653e+02 3.928572239433882487e+02 3.929437293513594227e+02 3.922031484892582966e+02 3.907664542877561189e+02 3.895872227312744940e+02 3.893565901914917049e+02 3.888940072927193228e+02 3.884534191997731796e+02 2.799766024156011213e+02 3.300770278880997921e+02
1.015983561250421917e+04 3.938152331699283195e+02 3.936885974161698414e+02 3.932026922062584049e+02 3.931342814602386397e+02 3.930190867104125800e+02 3.928339970617139443e+02 3.930640570561386653e+02 3.930274645577284218e+02 3.928680352376969722e+02 3.824107999867811714e+02 3.826544269210674543e+02 3.817194719866717492e+02 3.826667120171416059e+02 3.409538074784487094e+02 3.399514026441346459e+02
1.020983561250421917e+04 3.938265127226750337e+02 3.936725681617862165e+02 3.932540786689217498e+02 3.932231158743229571e+02 3.931527152763637218e+02 3.929665593949713411e+02 3.931349277944355549e+02 3.930967042732521577e+02 3.896620275887875664e+02 3.827745095227073193e+02 3.825845535006661180e+02 3.782062401440840063e+02 3.777187110454829622e+02 3.647673018435449990e+02 3.640199925268035486e+02
1.025983561250421917e+04 3.938302213100843119e+02 3.936776464688898614e+02 3.932719566106947013e+02 3.932585698298138936e+02 3.932198020079480898e+02 3.930421571190943837e+02 3.931754840638686233e+02 3.930833247415026790e+02 3.857907840221562310e+02 3.832296974342434623e+02 3.826512072987416104e+02 3.809882763256139810e+02 3.806395169049100105e+02 3.766049860132980598e+02 3.764372597585559674e+02
1.030983561250421917e+04 3.938222565142105509e+02 3.936360340216311897e+02 3.933149904526554224e+02 3.932937101854503794e+02 3.932506025086137811e+02 3.930763316294383571e+02 3.931334660414742075e+02 3.930733807684981116e+02 3.877666266417643328e+02 3.861549475820423822e+02 3.855139356232676278e+02 3.843275803871829339e+02 3.840040587289520317e+02 3.822365967876986019e+02 3.821626938057760299e+02
1.035983561250421917e+04 3.937856677107961900e+02 3.936134025575815940e+02 3.932755367252531755e+02 3.932653383229610995e+02 3.932280749247238987e+02 3.931360523007934944e+02 3.929856055443381138e+02 3.913610758575574664e+02 3.854138391224476550e+02 3.842100730992255535e+02 3.837750481712541273e+02 3.837019845938231128e+02 3.834413812153885601e+02 3.825014131245394537e+02 3.824681783635261354e+02
1.040983561250421917e+04 3.937314157440931126e+02 3.935812776857997619e+02 3.932081780885753801e+02 3.932007307102314826e+02 3.931619473687569553e+02 3.930730094111238486e+02 3.930508643757557934e+02 3.927153400437982214e+02 3.820256490026054621e+02 3.818631396347761893e+02 3.814952604923033732e+02 3.812854542196307648e+02 3.815762251175551114e+02 3.813525548224581598e+02 3.814017283097019799e+02
1.045983561250421917e+04 3.936699354575611096e+02 3.935958951510179418e+02 3.932610001308633514e+02 3.932593883364734779e+02 3.932354733066694621e+02 3.931725161055305762e+02 3.931480397242344225e+02 3.927851861668879110e+02 3.857812192312396746e+02 3.851083885392682191e+02 3.844698290413419386e+02 3.839273429745173871e+02 3.840085128547317481e+02 3.837516428148433647e+02 3.836776530668238365e+02
1.050983561250421917e+04 3.936593580565719321e+02 3.935457934518639149e+02 3.931413724797697569e+02 3.931210499347848781e+02 3.930918937073529378e+02 3.930260191670965924e+02 3.929992610330639877e+02 3.928247783103861934e+02 3.882536622842613383e+02 3.878282496150933412e+02 3.874351998068532907e+02 3.871283430382502502e+02 3.871032442514639911e+02 3.868774631157338604e+02 3.869126294120542298e+02
1.055983561250421917e+04 3.936443061841467284e+02 3.936135776055064071e+02 3.934538464551475840e+02 3.933811246458199093e+02 3.933729910718452629e+02 3.933270835771805309e+02 3.933396026399188941e+02 3.932851136835262196e+02 3.927018986110683727e+02 3.925537036498885186e+02 3.919373249763811486e+02 3.911034726725537212e+02 3.907381356080490491e+02 3.902513346753335099e+02 3.901076351277474146e+02
1.060983561250421917e+04 4.055737201671763046e+02 4.052767239664483441e+02 4.051898630340435261e+02 4.053870603986018750e+02 4.053737784641257917e+02 4.052545675522712827e+02 4.038562542149211936e+02 4.041582145346789048e+02 4.042145012164099285e+02 4.042933714798494407e+02 4.045897879335281573e+02 4.046174848296546429e+02 4.045910892795963605e+02 4.047012388697213510e+02 4.047091360948040801e+02
1.065983561250421917e+04 4.134773993141324695e+02 4.129736424347598813e+02 4.135556883768871899e+02 4.135459369366760143e+02 4.135465853213497667e+02 4.145203944296792997e+02 4.126546231812450287e+02 4.133545420878266441e+02 4.133499318274778034e+02 4.133396355365616728e+02 4.133259905798819887e+02 4.133197278591382542e+02 4.133124487097060182e+02 4.133065462034375059e+02 4.133049728499685216e+02
1.070983561250421917e+04 4.084055703341687149e+02 4.083884377919472399e+02 4.084093215904737804e+02 4.084041458151482971e+02 4.084805892591164138e+02 4.075041857578908662e+02 4.078586398644262090e+02 4.080830105840457236e+02 4.080999657176926689e+02 4.081167189192739784e+02 4.081273153356744388e+02 4.081451910029036299e+02 4.081457660378215451e+02 4.081548338920835022e+02 4.081602179044122636e+02
1.075983561250421917e+04 4.139333956785538362e+02 4.133233054145121628e+02 4.135622577440441887e+02 4.145667741301763840e+02 4.141212987293632750e+02 4.091676674904452398e+02 4.101456266626172464e+02 4.140317223493181586e+02 4.140297185834824063e+02 4.140269632647468825e+02 4.140249550697876089e+02 4.140243901272995117e+02 4.140220439460885586e+02 4.139623211987836839e+02 4.139993677571402486e+02
1.080983561250421917e+04 4.125539494302042272e+02 4.125329692272791249e+02 4.138964466279905423e+02 4.122988236880086106e+02 4.123015867872139779e+02 4.079488068488454360e+02 4.083253877886566556e+02 4.123045663902005913e+02 4.123039396906515321e+02 4.123028489620583628e+02 4.123017637208743622e+02 4.123003123947397626e+02 4.122997033624483265e+02 4.122988374208721893e+02 4.122981344375733670e+02
1.085983561250421917e+04 4.083074947153348830e+02 4.083434422704197004e+02 4.084748300693502188e+02 4.082919538667037500e+02 4.082657710621902538e+02 4.082907955441258423e+02 4.081149357139732956e+02 4.083271752404772883e+02 4.082585390818535416e+02 4.083147062118192139e+02 4.083047872931396682e+02 4.082907068902818537e+02 4.082841771397546040e+02 4.083251111553669830e+02 4.083361743115107743e+02
1.090983561250421917e+04 4.041976595942960557e+02 4.042584375087138824e+02 4.043768178853263180e+02 4.040766404010271344e+02 4.039743436175306215e+02 4.039864740602035909e+02 4.043564522152024665e+02 4.038881900111790628e+02 4.032779516492832954e+02 4.033826341611046473e+02 4.033724868317917185e+02 4.033577388195055278e+02 4.032648241131298619e+02 4.033289048290952223e+02 4.035041864625177936e+02
1.095983561250421917e+04 3.990792349327109036e+02 3.991771081110479713e+02 3.980469528675202469e+02 3.987894808337228483e+02 3.988111224491090638e+02 3.988463923121020684e+02 4.004489513143643649e+02 3.988833565971273174e+02 3.988943867706547053e+02 3.988995294779854817e+02 3.988998398519730699e+02 3.989098650359311478e+02 3.988709405460901962e+02 3.987864557164503481e+02 3.987805087365318286e+02
1.100983561250421917e+04 3.987572193565103476e+02 3.985507047400721490e+02 3.976304811367861021e+02 3.976096000638943906e+02 3.976033937575989512e+02 3.976965919504380054e+02 3.984148294840380231e+02 3.977011948247965165e+02 3.977315673938186933e+02 3.977687631921132265e+02 3.977867154999213994e+02 3.977836429820181934e+02 3.977797095110643113e+02 3.977692033623463885e+02 3.978215719874348792e+02
1.103882291640421499e+04 3.986141594384491214e+02 3.987132895682937033e+02 3.983501809120152757e+02 3.984865755333594848e+02 3.984050896205611707e+02 3.982941186931063271e+02 3.980031968271061373e+02 3.981836272489449016e+02 3.982064526941265399e+02 3.981739354252829912e+02 3.981729812538562783e+02 3.981737535814997386e+02 3.981635186208865207e+02 3.981499250624313504e+02 3.981428758131639825e+02
