TIME T_liq_Ch3_mesh1 T_liq_Ch3_mesh2 T_liq_Ch3_mesh3 T_liq_Ch3_mesh4 T_liq_Ch3_mesh5 T_liq_Ch3_mesh6 T_liq_Ch3_mesh7 T_liq_Ch3_mesh8 T_liq_Ch3_mesh9 T_liq_Ch3_mesh10 T_liq_Ch3_mesh11 T_liq_Ch3_mesh12 T_liq_Ch3_mesh13 T_liq_Ch3_mesh14 T_liq_Ch3_mesh15 
0.000000000000000000e+00 5.633130860106322189e+02 5.633119256685481560e+02 5.650952238518750619e+02 5.683905670249185960e+02 5.715776551754569255e+02 5.746080290779710822e+02 5.774862214199708887e+02 5.802887290773561517e+02 5.830192241278057281e+02 5.856402827312845147e+02 5.882199012647158725e+02 5.908681662554778313e+02 5.935659694537130235e+02 5.950788334933969281e+02 5.951010033598602149e+02
5.000040000000043960e+01 5.637541888992253689e+02 5.639618719984066502e+02 5.641405463590685940e+02 5.641986368236165390e+02 5.641944189881867260e+02 5.641681448152170333e+02 5.641387155743221911e+02 5.641125068829371685e+02 5.640902100357717472e+02 5.640690138642823968e+02 5.640495637898371797e+02 5.640332105390326660e+02 5.640160698482757198e+02 5.640007136698042132e+02 5.639689776265095134e+02
1.000003999999985922e+02 5.548821756841977049e+02 5.552512683251356975e+02 5.549399911694085858e+02 5.548160397292020889e+02 5.547584641521890489e+02 5.547135763031529905e+02 5.546808167277589519e+02 5.546606961404357889e+02 5.546454568381047920e+02 5.546318642332552145e+02 5.546186991448447543e+02 5.546098070579994328e+02 5.546033691449223397e+02 5.546008609700731995e+02 5.545813404119935512e+02
1.502405034099261059e+02 5.265221528261337198e+02 5.269888975186960351e+02 5.266740838800735673e+02 5.265433668471787314e+02 5.264718537448991356e+02 5.264098838457608736e+02 5.263495255702807754e+02 5.263075194717200702e+02 5.262707061355137057e+02 5.262542284222507760e+02 5.262070856912340560e+02 5.262298444565835780e+02 5.261447362906828857e+02 5.262929934170349497e+02 5.260719161739252741e+02
2.004200391960640388e+02 4.519393513077351940e+02 4.518977059157741678e+02 4.517764859066515442e+02 4.516876857001169583e+02 4.516072665523873866e+02 4.515823587239212316e+02 4.515334342963678864e+02 4.514437373310843782e+02 4.514410221003906827e+02 4.514365454444385932e+02 4.514318370343185052e+02 4.514267619489176582e+02 4.514236310166023145e+02 4.514183492711622421e+02 4.514157056988602221e+02
2.553043625042201370e+02 4.462342796308756192e+02 4.459505354696354402e+02 4.463954002957356124e+02 4.464526530195886380e+02 4.463609516603485758e+02 4.462654259228910405e+02 4.461781844869800011e+02 4.461010076491761538e+02 4.460326111011555668e+02 4.459688674441966327e+02 4.459087477654350096e+02 4.458610579694596368e+02 4.458124175975035541e+02 4.457795219228162296e+02 4.457349169803002269e+02
3.053043625042201370e+02 4.408091245507253575e+02 4.413923822361333009e+02 4.428562990733403240e+02 4.431498452018432204e+02 4.430898749852004812e+02 4.429915077988118242e+02 4.428992181893869997e+02 4.428179304796937572e+02 4.427450057129982497e+02 4.426767613540137063e+02 4.426144504544409983e+02 4.425559156906005569e+02 4.425080521831226861e+02 4.424368215879537161e+02 4.423742817082136298e+02
3.553043625042201370e+02 4.348021793276853941e+02 4.353785757433947197e+02 4.382812310395958662e+02 4.418381523257832555e+02 4.425326974074251325e+02 4.425102501756623496e+02 4.424067501708760233e+02 4.423130777878729418e+02 4.422305685283253638e+02 4.421552185594862294e+02 4.420862549760189495e+02 4.420233731040201519e+02 4.419696265134507485e+02 4.419002934350921805e+02 4.418367010836078066e+02
4.053043625042201370e+02 4.340058796786768767e+02 4.341913434108744809e+02 4.400535656331932728e+02 4.472319377810879928e+02 4.480527262040064329e+02 4.480047111902123333e+02 4.479150059722193191e+02 4.478333895956136530e+02 4.477593148462151476e+02 4.476893272157961974e+02 4.476264689172288627e+02 4.475671593746417329e+02 4.475183563680091083e+02 4.474304783697314178e+02 4.469719767260106096e+02
4.553043625042201370e+02 4.350566023508106355e+02 4.351161238843924934e+02 4.396170427482381911e+02 4.468228101292318684e+02 4.478912440846902996e+02 4.478544186243132685e+02 4.477541959729869632e+02 4.476665483792515943e+02 4.475888966199465813e+02 4.475176549708039033e+02 4.474526171731918680e+02 4.473936416521231649e+02 4.473415307188543011e+02 4.472799030960759410e+02 4.472055692482056202e+02
5.053043625042201370e+02 4.353258136151592907e+02 4.353868520717945216e+02 4.398650124228472009e+02 4.467409516529119173e+02 4.477280896575143174e+02 4.476786790189536873e+02 4.475779229495258278e+02 4.474897433325003249e+02 4.474115439997594308e+02 4.473396885385527071e+02 4.472740035857397629e+02 4.472143427116574799e+02 4.471615512555934515e+02 4.470993444506133869e+02 4.470306002596135500e+02
5.553043625042200802e+02 4.351464007783937973e+02 4.352610573149452762e+02 4.398022840760669965e+02 4.465010632350902711e+02 4.474201389179099806e+02 4.473535202841887326e+02 4.472518883060498069e+02 4.471630915313957075e+02 4.470842396768395020e+02 4.470117170324978133e+02 4.469452961802082882e+02 4.468849401381470443e+02 4.468313337529864953e+02 4.467688777468977150e+02 4.467020929497112434e+02
6.053043625042200802e+02 4.347183539542375570e+02 4.348593115533508922e+02 4.393500312143008841e+02 4.459735716156630474e+02 4.469178573165252715e+02 4.468514800745289222e+02 4.467482581716838013e+02 4.466580690426144997e+02 4.465779609820406790e+02 4.465043353890289382e+02 4.464368882063544106e+02 4.463756630548454041e+02 4.463211085031411471e+02 4.462584050586007152e+02 4.461912322712907439e+02
6.584293625042200802e+02 4.341974905624364851e+02 4.343492969977303346e+02 4.387866557288772356e+02 4.452700835956169954e+02 4.461939502371213280e+02 4.461204834620558017e+02 4.460155879983373666e+02 4.459239582050187209e+02 4.458425197192145788e+02 4.457676572616215367e+02 4.456990420772888228e+02 4.456367306586957966e+02 4.455811182245493569e+02 4.455177251483856367e+02 4.454501705959046944e+02
7.096793625042200802e+02 4.336540027815324265e+02 4.338148768498544428e+02 4.382040239724661319e+02 4.444989118078357819e+02 4.453834645651193682e+02 4.453023055006518121e+02 4.451958214049639082e+02 4.451027861320683314e+02 4.450200423296757890e+02 4.449439474820347300e+02 4.448741847636517832e+02 4.448107721994114172e+02 4.447541600743350045e+02 4.446899138157201605e+02 4.446218502153411691e+02
7.596793625042200802e+02 4.334240981549871776e+02 4.334404220041969324e+02 4.380704531447140084e+02 4.435868477922090847e+02 4.442164365203670968e+02 4.441098003534049212e+02 4.440042336870894246e+02 4.439121551595260371e+02 4.438303192297519786e+02 4.437549050141209932e+02 4.436857330766413270e+02 4.436230488914884518e+02 4.435664308525288106e+02 4.435044179976029568e+02 4.434355758302538106e+02
8.096793625042200802e+02 4.329094951290317113e+02 4.330767793049354850e+02 4.372715727734960183e+02 4.419269447491454912e+02 4.424704823861185901e+02 4.423630320136717273e+02 4.422538346690889739e+02 4.421583300417921691e+02 4.420733205575361922e+02 4.419949783418428524e+02 4.419230750470520093e+02 4.418576678266147155e+02 4.417990111153384305e+02 4.417340350171330670e+02 4.416649638785731327e+02
8.596793625042200802e+02 4.320332275353048317e+02 4.322607619774754539e+02 4.367772385633157910e+02 4.401392241927969735e+02 4.403913808173325606e+02 4.402714507160176254e+02 4.401624478401981833e+02 4.400669683817607165e+02 4.399817606123045834e+02 4.399029673879831535e+02 4.398306556575449235e+02 4.397647214375467115e+02 4.397055845568627319e+02 4.396403273390254185e+02 4.395701365744646978e+02
9.096793625042200802e+02 4.309795132540465374e+02 4.312829307486690595e+02 4.359879440207547532e+02 4.387323984639951959e+02 4.388965043992055826e+02 4.387727490714682972e+02 4.386618341281802600e+02 4.385644878377501641e+02 4.384774725150145969e+02 4.383968750865147399e+02 4.383229985004886089e+02 4.382553529053217289e+02 4.381950817558705467e+02 4.381276377327231444e+02 4.380562654399856797e+02
9.596793625042200802e+02 4.298410554050270207e+02 4.301518292749914849e+02 4.348004402945461493e+02 4.375107218211571194e+02 4.376771576082139745e+02 4.375505001348493010e+02 4.374368364695535547e+02 4.373369762173350068e+02 4.372476713107611772e+02 4.371649173946703968e+02 4.370891478484167578e+02 4.370195621485797233e+02 4.369578842808741115e+02 4.368882067799268611e+02 4.368158332029057647e+02
1.009679362504220080e+03 4.288823983333971341e+02 4.291799691238699097e+02 4.337952439226722277e+02 4.364982816399143530e+02 4.366608961053134408e+02 4.365314381739368059e+02 4.364154883296852745e+02 4.363135238356251762e+02 4.362222835139331778e+02 4.361376917295517046e+02 4.360603103043825399e+02 4.359890633724855320e+02 4.359261718803091412e+02 4.358545733522844898e+02 4.357812389324307105e+02
1.059679362504220080e+03 4.279114045619003264e+02 4.282215150256337779e+02 4.328292619612096246e+02 4.355555578492584345e+02 4.357191495234355330e+02 4.355870502864058267e+02 4.354688745927403488e+02 4.353649192266366867e+02 4.352718829954375792e+02 4.351856207837168427e+02 4.351067492056093329e+02 4.350340480865060613e+02 4.349699595056784460e+02 4.348970180182251966e+02 4.348228039452122857e+02
1.109679362504220080e+03 4.268905627479901455e+02 4.272162137604161671e+02 4.317654841150608149e+02 4.345647059667591066e+02 4.347384790689202987e+02 4.346036913523772682e+02 4.344830315484788912e+02 4.343768908358416638e+02 4.342819047984447138e+02 4.341938536759197973e+02 4.341133777019296076e+02 4.340391417799442024e+02 4.339737561510310115e+02 4.338994887242033656e+02 4.338244175115798953e+02
1.159679362504220080e+03 4.262322545927223132e+02 4.264811575524852856e+02 4.310362903255693254e+02 4.335750535397997965e+02 4.336985119556124459e+02 4.335606270641118272e+02 4.334382838071492756e+02 4.333306274325673826e+02 4.332342371966096835e+02 4.331448435282591163e+02 4.330631653458903543e+02 4.329877435204980998e+02 4.329213550034154991e+02 4.328461087654493440e+02 4.327701694433084754e+02
1.209679362504220080e+03 4.255426852670856306e+02 4.258026287855499277e+02 4.303679191657624301e+02 4.325697650353698123e+02 4.326397150830169380e+02 4.324989718733402810e+02 4.323747939669733000e+02 4.322654499709946663e+02 4.321674869825066594e+02 4.320765805983489258e+02 4.319935496869442204e+02 4.319167534912239717e+02 4.318492917015097987e+02 4.317726701592034715e+02 4.316958927554481420e+02
1.259679362504220080e+03 4.247511388607050549e+02 4.250263723696509146e+02 4.295926248683301765e+02 4.315984694951703773e+02 4.316368936924155832e+02 4.314934053748398810e+02 4.313671433142935712e+02 4.312559129297068239e+02 4.311562061628739571e+02 4.310636467768848661e+02 4.309791439972397598e+02 4.309008606685111999e+02 4.308322484302581756e+02 4.307540979158150662e+02 4.306764335996565478e+02
1.309679362504220080e+03 4.239082982472080516e+02 4.241934091802843341e+02 4.287534827933167776e+02 4.306726413487004379e+02 4.306953672162019302e+02 4.305491661211471524e+02 4.304207015429127523e+02 4.303074896534345726e+02 4.302059749677273999e+02 4.301117153267389881e+02 4.300257038639998655e+02 4.299459116919275630e+02 4.298761167852030098e+02 4.297964499313561646e+02 4.297178733650261506e+02
1.359679362504220080e+03 4.230510073273886178e+02 4.233415942134475927e+02 4.278842475862200558e+02 4.297820188057975770e+02 4.297987779649615163e+02 4.296498777358368670e+02 4.295191382576294359e+02 4.294038929772800657e+02 4.293005371625839643e+02 4.292045569937805567e+02 4.291170196051990615e+02 4.290357154643925242e+02 4.289647191277286993e+02 4.288835698627042916e+02 4.288040755565668292e+02
1.409679362504220080e+03 4.223706168882803240e+02 4.225721896701110722e+02 4.271623783635147902e+02 4.289009900072656478e+02 4.288760904072898938e+02 4.287252763797271200e+02 4.285931040540819481e+02 4.284766886003897071e+02 4.283722071465363115e+02 4.282751637473213009e+02 4.281867751138075278e+02 4.281045688137261891e+02 4.280329555685982541e+02 4.279510274069544948e+02 4.278703045538193805e+02
1.459679362504220080e+03 4.215390915094023399e+02 4.218163208633452541e+02 4.262182058788728796e+02 4.279108689438975262e+02 4.278756459421388740e+02 4.277217443451887107e+02 4.275869504882030583e+02 4.274682142665504898e+02 4.273616030970109705e+02 4.272625926789708615e+02 4.271723247823268252e+02 4.270883453879147282e+02 4.270151439809629892e+02 4.269316306488376540e+02 4.268503311632036343e+02
1.509679362504220080e+03 4.207486479018216414e+02 4.210358119641392136e+02 4.252847283499352216e+02 4.269058843106205927e+02 4.268696289911749204e+02 4.267130290673451896e+02 4.265755463746991154e+02 4.264545157076292412e+02 4.263458616423004059e+02 4.262449967968166789e+02 4.261530690210613557e+02 4.260675041731186639e+02 4.259930044376621368e+02 4.259081153728756703e+02 4.258259116502263169e+02
1.559679362504220080e+03 4.200483435091507545e+02 4.203068951718912558e+02 4.245084754728105736e+02 4.258881286496530265e+02 4.257877223544317076e+02 4.256290388221832472e+02 4.254902560829598883e+02 4.253680955855846264e+02 4.252582818835942362e+02 4.251562770599797432e+02 4.250633012589230475e+02 4.249766753478161831e+02 4.249012593596327179e+02 4.248155370868600471e+02 4.247323398456426276e+02
1.609679362504220080e+03 4.191963707706655669e+02 4.194863568682657160e+02 4.234770020768468157e+02 4.246753120040365275e+02 4.245455169170552381e+02 4.243840950489644115e+02 4.242428589049291645e+02 4.241185829920264609e+02 4.240067921677108416e+02 4.239029332572541762e+02 4.238083052457894837e+02 4.237200135845598084e+02 4.236433320896406372e+02 4.235559813353235086e+02 4.234717103183023141e+02
1.659679362504220080e+03 4.182969592424351504e+02 4.185966367829161072e+02 4.224687546105071192e+02 4.235768503203057094e+02 4.234317549479516174e+02 4.232673179944629851e+02 4.231234095350005191e+02 4.229967853439266605e+02 4.228828318107758832e+02 4.227769417613891392e+02 4.226805206888571433e+02 4.225904116082197106e+02 4.225123629804691063e+02 4.224231418437607317e+02 4.223377162932386000e+02
1.709679362504220080e+03 4.173849876849090492e+02 4.176906783639592504e+02 4.214883310222596151e+02 4.225404248792025328e+02 4.223826612684525230e+02 4.222151441296139751e+02 4.220685634356339619e+02 4.219395946585981960e+02 4.218235048896792136e+02 4.217156158372600885e+02 4.216174353159133830e+02 4.215255574587206411e+02 4.214461565559054179e+02 4.213551771365353602e+02 4.212686006291015701e+02
1.759679362504220080e+03 4.164999806100610158e+02 4.168027172385063182e+02 4.205412679642190596e+02 4.215437089071336345e+02 4.213755423003535725e+02 4.212049945904677202e+02 4.210557929601030196e+02 4.209245254621561116e+02 4.208063480727799970e+02 4.206965063273465830e+02 4.205966099783991581e+02 4.205030103544881968e+02 4.204222863647993904e+02 4.203296242051401919e+02 4.202419012908742388e+02
1.809679362504220080e+03 4.154913895825154668e+02 4.158272017682450610e+02 4.195367089465816548e+02 4.205672647212509787e+02 4.204038245161681289e+02 4.202295172401878744e+02 4.200770698972845025e+02 4.199429435392785308e+02 4.198222241511638231e+02 4.197100291847644939e+02 4.196080604490558699e+02 4.195124092020689659e+02 4.194300959116225727e+02 4.193353676371120287e+02 4.192464906514068161e+02
1.859679362504220080e+03 4.146234399985663686e+02 4.149306798542767183e+02 4.186463887494281835e+02 4.196632080775237910e+02 4.194916738766917774e+02 4.193142289004930490e+02 4.191591155932569563e+02 4.190226353091796909e+02 4.188997937730686658e+02 4.187856094688788744e+02 4.186819119894378218e+02 4.185845083333043704e+02 4.185008822694073842e+02 4.184043854225950554e+02 4.183143365760307120e+02
1.909679362504220080e+03 4.137784341116012001e+02 4.140731040943418293e+02 4.178784397848535264e+02 4.189444064320206280e+02 4.187760096531245040e+02 4.185953698792320097e+02 4.184375149107517018e+02 4.182985483054337692e+02 4.181734628758765666e+02 4.180571680686266518e+02 4.179516519656897344e+02 4.178523744469099483e+02 4.177673867091808120e+02 4.176688024845538507e+02 4.175775993013127732e+02
1.959679362504220080e+03 4.129092320149442799e+02 4.132150553340010219e+02 4.170497863139556785e+02 4.182476386384317379e+02 4.181018957973226406e+02 4.179174608270110411e+02 4.177564398011252251e+02 4.176147227025530810e+02 4.174872961298847258e+02 4.173688913494147528e+02 4.172614965005551539e+02 4.171604817581092561e+02 4.170739737591899825e+02 4.169739886212127544e+02 4.168817878897322089e+02
2.009679362504220080e+03 4.120772468662869414e+02 4.123698564600857139e+02 4.162576909404397156e+02 4.175168233815931558e+02 4.173745632236858114e+02 4.171868742722758157e+02 4.170231955351985107e+02 4.168791537176967950e+02 4.167497002371036388e+02 4.166294316747127482e+02 4.165204058080290110e+02 4.164178112279390120e+02 4.163300140446813202e+02 4.162286380237459866e+02 4.161353931712505414e+02
2.059679362504220080e+03 4.114936464458860996e+02 4.116053222597322474e+02 4.159095826982021435e+02 4.170749365679076277e+02 4.168813238032029744e+02 4.166934178708938248e+02 4.165298202760508275e+02 4.163859121801513083e+02 4.162564703929467100e+02 4.161361641971251402e+02 4.160271904662715770e+02 4.159245492165274527e+02 4.158367644137448451e+02 4.157355673245455137e+02 4.156412976027970672e+02
2.109679362504220080e+03 4.112478438480318346e+02 4.112896347596061446e+02 4.153668907470759564e+02 4.162872040370564832e+02 4.160793803121154610e+02 4.158908593405857914e+02 4.157265077301185556e+02 4.155820019286017555e+02 4.154519472625061098e+02 4.153310299156302108e+02 4.152215022584773578e+02 4.151183554040549097e+02 4.150299844686883262e+02 4.149290505924745389e+02 4.148336583741236154e+02
2.159679362504220080e+03 4.103983689442243872e+02 4.106616169268943395e+02 4.139647469477983464e+02 4.154786484979993588e+02 4.154550668944305585e+02 4.152564843475341831e+02 4.150808450821537008e+02 4.149264212484789596e+02 4.147879897920687995e+02 4.146596363397152913e+02 4.145432645495200745e+02 4.144338124123284501e+02 4.143402069420029079e+02 4.142322729140876163e+02 4.141360537552300229e+02
2.209679362504220080e+03 4.077582293425328999e+02 4.084330460728614867e+02 4.136001285934775638e+02 4.144480070089055630e+02 4.142205763868843178e+02 4.140278778615636384e+02 4.138603755237566020e+02 4.137124694630801969e+02 4.135795677907552772e+02 4.134556786224351868e+02 4.133438251082537818e+02 4.132380748751147053e+02 4.131477893590406438e+02 4.130446756405959832e+02 4.129456974933174251e+02
2.259679362504220080e+03 4.002473238366831083e+02 4.016650923054920099e+02 4.043333974808829794e+02 4.074751810074034779e+02 4.101762861096197526e+02 4.111414174979356631e+02 4.110768717305342079e+02 4.108585714150106014e+02 4.106656772551694985e+02 4.104925679561449670e+02 4.103361200051774631e+02 4.101925211826648479e+02 4.100677463429634031e+02 4.099301587243662084e+02 4.098194451593549275e+02
2.309679362504220080e+03 4.053682052721222249e+02 4.064371071194015599e+02 4.105445711609582986e+02 4.104249564874247653e+02 4.101933238261923975e+02 4.099993091771402192e+02 4.098310750714373967e+02 4.096838096211376978e+02 4.095513076248616926e+02 4.094285600432856427e+02 4.093185177468511711e+02 4.092148639039642717e+02 4.091267802759485335e+02 4.089923291855005800e+02 4.087167412362863388e+02
2.359679362504220080e+03 4.027165946833591761e+02 4.027894205104995535e+02 4.073409372753862385e+02 4.110178415267951664e+02 4.107868315984578089e+02 4.105749686501448537e+02 4.103930146756725890e+02 4.102341614625784132e+02 4.100923844634871216e+02 4.099606206725944162e+02 4.098424077918273269e+02 4.097304358065595693e+02 4.096359074096091604e+02 4.095274718958073663e+02 4.094248294205253274e+02
2.409679362504220080e+03 4.047710300239043022e+02 4.045846086957005809e+02 4.080120157681293449e+02 4.092037537765856996e+02 4.090354052406049732e+02 4.088128535860390116e+02 4.086196823496329102e+02 4.084501764483470083e+02 4.082983663888953174e+02 4.081574011305282852e+02 4.080306857863598680e+02 4.079102509720025296e+02 4.078093711034449029e+02 4.076907405750810085e+02 4.075858164918832927e+02
2.459679362504220080e+03 4.027994269283699964e+02 4.034510264981032037e+02 4.072028201944738726e+02 4.086126850435354640e+02 4.085144269392316687e+02 4.082869012066614118e+02 4.080877956213814173e+02 4.079132757256027730e+02 4.077571429581460620e+02 4.076121994769627577e+02 4.074822182874060559e+02 4.073585363805771067e+02 4.072550372687855997e+02 4.071338304491129065e+02 4.070260192624573392e+02
2.509679362504220080e+03 4.033983325993661992e+02 4.033709986323812018e+02 4.074475836497697969e+02 4.091318573546351445e+02 4.090202206416146282e+02 4.087918685109675607e+02 4.085941875525605269e+02 4.084201694090072010e+02 4.082642731264555778e+02 4.081194440209112599e+02 4.079891498734716038e+02 4.078652631485663846e+02 4.077612572847770593e+02 4.076386697372440722e+02 4.075318891715340328e+02
2.559679362504220080e+03 4.037393904444095938e+02 4.037306239144321012e+02 4.076730778157681812e+02 4.089027296490995127e+02 4.086961375807927652e+02 4.084715850155639600e+02 4.082771150012808334e+02 4.081062512129068978e+02 4.079530116750012780e+02 4.078106376207317112e+02 4.076824193187619016e+02 4.075606507364669824e+02 4.074580442260788686e+02 4.073386857542479333e+02 4.072321780354257612e+02
2.609679362504220080e+03 4.029627372142230115e+02 4.032562982150610082e+02 4.067304732588768275e+02 4.080834628995689854e+02 4.079432727174237243e+02 4.077126690104046816e+02 4.075127258459925201e+02 4.073373423913934062e+02 4.071803781481689839e+02 4.070347701721590283e+02 4.069035408188351539e+02 4.067791984178435882e+02 4.066741858530294280e+02 4.065525946553170229e+02 4.064451669992977259e+02
2.659679362504220080e+03 4.021875477539755366e+02 4.023461645054099449e+02 4.060913110843446248e+02 4.073955618446204880e+02 4.072462248687737087e+02 4.070126478722212937e+02 4.068100023579865478e+02 4.066324067339439239e+02 4.064736181541964584e+02 4.063263211629361535e+02 4.061939611449286645e+02 4.060682840510631877e+02 4.059626107347905304e+02 4.058402295594236762e+02 4.057311614985410984e+02
2.709679362504220080e+03 4.013191277547956588e+02 4.015283873545592428e+02 4.053147632587170506e+02 4.068137811361152671e+02 4.066607776756339376e+02 4.064227834636028547e+02 4.062170742152292178e+02 4.060365004776444380e+02 4.058749089576134566e+02 4.057249290107076263e+02 4.055900731098288361e+02 4.054618852306422809e+02 4.053542064544487857e+02 4.052286982210124506e+02 4.051186060930904773e+02
2.759679362504220080e+03 4.004920151425997119e+02 4.007363145515934661e+02 4.048512194913355415e+02 4.063712850166871249e+02 4.062328734996162325e+02 4.059924871180042487e+02 4.057844657092989564e+02 4.056020665198787469e+02 4.054390483491138184e+02 4.052877815791533749e+02 4.051521285590799266e+02 4.050230020122288010e+02 4.049148482880004849e+02 4.047890709636635052e+02 4.046774321073315264e+02
2.809679362504220080e+03 3.995521204256825172e+02 3.997574954841314820e+02 4.036484692905702332e+02 4.060723283503201628e+02 4.060702960795849208e+02 4.058219630153306525e+02 4.056074970465797946e+02 4.054191838393635976e+02 4.052510473875076968e+02 4.050951819951995958e+02 4.049552472583849294e+02 4.048222125561808866e+02 4.047106239739194962e+02 4.045802999108947233e+02 4.044676842365379343e+02
2.859679362504220080e+03 3.994109482266274540e+02 3.995520663683385578e+02 4.034776528921893828e+02 4.060022655468511061e+02 4.060162315805442290e+02 4.057666996002524229e+02 4.055512497578887405e+02 4.053620558482641627e+02 4.051931606028232977e+02 4.050366127868941817e+02 4.048960550939185055e+02 4.047624622919871626e+02 4.046502985176674088e+02 4.045195683030430587e+02 4.044064627305119757e+02
2.909679362504220080e+03 3.990929969535548594e+02 3.992459331709515595e+02 4.031472598659674986e+02 4.058484479651418724e+02 4.058823539562863516e+02 4.056309393433396053e+02 4.054139123830788662e+02 4.052233228686566804e+02 4.050531817785709450e+02 4.048955088783156953e+02 4.047539021460559070e+02 4.046193396740097796e+02 4.045063053901058083e+02 4.043746332414326616e+02 4.042610218778087869e+02
2.959679362504220080e+03 3.988403388496512889e+02 3.989651960898031007e+02 4.028576073223534877e+02 4.056803661823793163e+02 4.057356573270919853e+02 4.054823502879158923e+02 4.052636889533924318e+02 4.050717111328299893e+02 4.049003878496208699e+02 4.047416728360332172e+02 4.045991565840010935e+02 4.044637605360502448e+02 4.043499901545364992e+02 4.042176861190893646e+02 4.041034518236306212e+02
3.009679362504220080e+03 3.987504620359225100e+02 3.988282566735469459e+02 4.027685166540665023e+02 4.055601947494481578e+02 4.056000505888075622e+02 4.053459659611597203e+02 4.051268453589035516e+02 4.049343499374181192e+02 4.047624909330266973e+02 4.046032220770858885e+02 4.044602035875813044e+02 4.043242618008092109e+02 4.042100602847086748e+02 4.040771869967026646e+02 4.039625000027227202e+02
3.059679362504220080e+03 3.988724248461318780e+02 3.988932951905748610e+02 4.029160604127897045e+02 4.055038147391181269e+02 4.055062002583764524e+02 4.052522040421940233e+02 4.050333200746837292e+02 4.048408418222792307e+02 4.046688766746929105e+02 4.045094015800830221e+02 4.043661862485107008e+02 4.042299524122832395e+02 4.041155468641134689e+02 4.039823136058560067e+02 4.038672594077205531e+02
3.109679362504220080e+03 3.980643736540311579e+02 3.989676666632802835e+02 4.008783166862944540e+02 4.029712010389530974e+02 4.044861168000852558e+02 4.049019262854915269e+02 4.047662029085591371e+02 4.045094048338365269e+02 4.042687102023882062e+02 4.040482303805820266e+02 4.038488557854232681e+02 4.036654128452241252e+02 4.035106019742252101e+02 4.033368081556099582e+02 4.032085184924846999e+02
3.159679362504220080e+03 3.968140965369993864e+02 3.973207929571631780e+02 3.989338472675478897e+02 4.007166273535827372e+02 4.022627576602073987e+02 4.035581557264482626e+02 4.043858594544668676e+02 4.045089131512069116e+02 4.043061077395120719e+02 4.040524473346899867e+02 4.038244197067486994e+02 4.036078372350647214e+02 4.034077192977268851e+02 4.031920344273518708e+02 4.030320411648210097e+02
3.209679362504220080e+03 4.016321882756190575e+02 4.021364238587784143e+02 4.035396099381158592e+02 4.037581446540833099e+02 4.036191193595210507e+02 4.035321109556340389e+02 4.034348589057033223e+02 4.033280521895784432e+02 4.032134770853640475e+02 4.031108923746444930e+02 4.030101255505130098e+02 4.029005875984892668e+02 4.028081335308438611e+02 4.027073807360285400e+02 4.025991176472527968e+02
3.259679362504220080e+03 3.940897674760319660e+02 3.947146469050533710e+02 3.966125913157160312e+02 3.992898775323517953e+02 4.018829253587609287e+02 4.029782187668001825e+02 4.029295196014704743e+02 4.026607566007220385e+02 4.024202185043067743e+02 4.022059007442085772e+02 4.020149795547486065e+02 4.018398814606729843e+02 4.016906437531718552e+02 4.015252618249595002e+02 4.013945313591398190e+02
3.309679362504220080e+03 3.939979879120268151e+02 3.946727676425583127e+02 3.974874424940151130e+02 4.010378950303417582e+02 4.032151991464343155e+02 4.033595777068252346e+02 4.031376476974107845e+02 4.028870169996529853e+02 4.026618682030673426e+02 4.024576167046230353e+02 4.022733323433158148e+02 4.021016815032509157e+02 4.019559749864296805e+02 4.017864940454138605e+02 4.016580973139656408e+02
3.359679362504220080e+03 3.962994854166113896e+02 3.974282788102882478e+02 4.012935766659903152e+02 4.043354688239149368e+02 4.044819804639507765e+02 4.042293076275739736e+02 4.039898666787118486e+02 4.037770677920913158e+02 4.035853227772159926e+02 4.034074879599998553e+02 4.032459215467271747e+02 4.030928313854960265e+02 4.029633344259233354e+02 4.028093660957333100e+02 4.026875365028360534e+02
3.409679362504220080e+03 3.970254042584590479e+02 3.988762343668481662e+02 4.027371934581366872e+02 4.043617174760269108e+02 4.042949066050287570e+02 4.040333344845449801e+02 4.038075232799465084e+02 4.036107395271685618e+02 4.034364250117046140e+02 4.032755113634977988e+02 4.031316920828649017e+02 4.029954729164476817e+02 4.028805746806879142e+02 4.027503391777549382e+02 4.026310828979333110e+02
3.459679362504220080e+03 3.947374495903897582e+02 3.954605341232756359e+02 3.985301053511954592e+02 4.025246737166768867e+02 4.042424482565069752e+02 4.042034989317110671e+02 4.039432103063594468e+02 4.037067136663428073e+02 4.034956571544050803e+02 4.033027396416733268e+02 4.031282607964410545e+02 4.029647972681556212e+02 4.028260868879006580e+02 4.026631322355086695e+02 4.025389531154758060e+02
3.509679362504220080e+03 3.979842405630504913e+02 3.990856942875732898e+02 4.027386359014066102e+02 4.045645302438207409e+02 4.044059235587328658e+02 4.041526717335877947e+02 4.039291046467855040e+02 4.037313232848756002e+02 4.035534014001013361e+02 4.033881011484207875e+02 4.032398304957730488e+02 4.030979899560714443e+02 4.029794279471167329e+02 4.028079276782102625e+02 4.023924175676364712e+02
3.559679362504220080e+03 3.941816114535440647e+02 3.963865778625546454e+02 4.015084440470454865e+02 4.043538351522767016e+02 4.043587790743227401e+02 4.040940706828765201e+02 4.038692648088355668e+02 4.036727736207827775e+02 4.034990926230927926e+02 4.033379418791615194e+02 4.031943841824827928e+02 4.030579898183528371e+02 4.029427889845325694e+02 4.028130164121851067e+02 4.026936531644313391e+02
3.609679362504220080e+03 3.941930616398868779e+02 3.952665060893965006e+02 3.992383529909574804e+02 4.028163371539200739e+02 4.042967205009589975e+02 4.042175128523674630e+02 4.039887874588025056e+02 4.037656212197994705e+02 4.035626194086083842e+02 4.033773038399409074e+02 4.032100628440104515e+02 4.030512777739510852e+02 4.029183178620532999e+02 4.027387438838061939e+02 4.025569991761455526e+02
3.659679362504220080e+03 3.908542568533960662e+02 3.924514558432589979e+02 3.959186458540419835e+02 3.998539265457243914e+02 4.025456489166613210e+02 4.036342999524031825e+02 4.036575039069812192e+02 4.034115047939805550e+02 4.031682234250838519e+02 4.029535973749431150e+02 4.027671806801594698e+02 4.025969480461745320e+02 4.024552475836029544e+02 4.023005824898712035e+02 4.021602384647830490e+02
3.709679362504220080e+03 3.968073340520357988e+02 3.978832915608759890e+02 4.012977894771411798e+02 4.037423449158183644e+02 4.040767217972344838e+02 4.038155027433961095e+02 4.035631259523001972e+02 4.033400017646732749e+02 4.031397159334535445e+02 4.029545919844302944e+02 4.027866809014203113e+02 4.026271573353062081e+02 4.024907822990302293e+02 4.023350880557276241e+02 4.020073971359861957e+02
3.759679362504220080e+03 3.891174328485426486e+02 3.903912104188713101e+02 3.941317428753391710e+02 3.984755349292129836e+02 4.018278703264334126e+02 4.035517039739490315e+02 4.036671621265811609e+02 4.034260803690914372e+02 4.031790663790304734e+02 4.029492948835798529e+02 4.027418513395784885e+02 4.025502022177698791e+02 4.023870303210542829e+02 4.021919494589879491e+02 4.020513646920955466e+02
3.809679362504220080e+03 3.898433767149995219e+02 3.911098683244090921e+02 3.953582961284595285e+02 4.007939803808508259e+02 4.033557037363557356e+02 4.036203023313348695e+02 4.033812419918102705e+02 4.031309918665710370e+02 4.029110013970613977e+02 4.027166738704661384e+02 4.025449515169584629e+02 4.023860599641951694e+02 4.022528169281620762e+02 4.020921302811839837e+02 4.018135112872971035e+02
3.859679362504220080e+03 3.901360243380011070e+02 3.904228266383436790e+02 3.941619203801895992e+02 4.002716555475677751e+02 4.035951767567147499e+02 4.036665073987107917e+02 4.033913781350081535e+02 4.031493127755348951e+02 4.029321240605799517e+02 4.027335877577999099e+02 4.025547939278366130e+02 4.023867643323050061e+02 4.022450151372797222e+02 4.020787275284449720e+02 4.019491881672730642e+02
3.909679362504220080e+03 3.904556194729714775e+02 3.907267880028937839e+02 3.941962271170146437e+02 4.002695876545246279e+02 4.035537788232656453e+02 4.037609094886807952e+02 4.035057792938991383e+02 4.032580756518754015e+02 4.030373508411494186e+02 4.028369336868070718e+02 4.026568992661367474e+02 4.024884597711861147e+02 4.023461545628755971e+02 4.021803408924360497e+02 4.020459655212335406e+02
3.959679362504220080e+03 3.901773969451024868e+02 3.905523265389034009e+02 3.951729264913363409e+02 4.022349705071241033e+02 4.037567335523323777e+02 4.035537414468321913e+02 4.032922580122192926e+02 4.030665982289779095e+02 4.028672307335353366e+02 4.026853134577945070e+02 4.025226048530889784e+02 4.023696598642595177e+02 4.022403518655492576e+02 4.020944144330680956e+02 4.019678476909988376e+02
4.009679362504220080e+03 3.914973784024864472e+02 3.911015048275993991e+02 3.946416365100291159e+02 4.019057870621276152e+02 4.042613468937802281e+02 4.042133867255594168e+02 4.039436981096138197e+02 4.037106604951558779e+02 4.035030295282779775e+02 4.033138621661397565e+02 4.031434101472686393e+02 4.029836731418808426e+02 4.028477639479202708e+02 4.026923396539944520e+02 4.025641848209867248e+02
4.059679362504220080e+03 3.935673839824989955e+02 3.930175833896530548e+02 3.965537781879455110e+02 4.035408109503670175e+02 4.046377253668235880e+02 4.043709401518850655e+02 4.041158868614033395e+02 4.038935528358020974e+02 4.036953375466025022e+02 4.035134137501085547e+02 4.033494955212656805e+02 4.031950828375942137e+02 4.030637483291818057e+02 4.029135706631672065e+02 4.027880146388063167e+02
4.109679362504220080e+03 3.954955288303791008e+02 3.948460759562858016e+02 3.986118412694751214e+02 4.043573819427097646e+02 4.048416322111398244e+02 4.045586453679136980e+02 4.043151162831543388e+02 4.041006657523881813e+02 4.039089344699111734e+02 4.037317157273403154e+02 4.035720712356836088e+02 4.034207279878291388e+02 4.032926571862764149e+02 4.031439142468457817e+02 4.030196919042864465e+02
4.159679362504220080e+03 3.971272411131890294e+02 3.965195992231599575e+02 4.003494423691371367e+02 4.046623383146371111e+02 4.048957169639893436e+02 4.046205850448355932e+02 4.043841752838299612e+02 4.041753678588034404e+02 4.039883990768802278e+02 4.038151573467596904e+02 4.036589307118126726e+02 4.035106536306007001e+02 4.033849079486781761e+02 4.032397146960568648e+02 4.031171755786924109e+02
4.209679362504220080e+03 3.984260467564139390e+02 3.978198949907694555e+02 4.020311995852008522e+02 4.049675272918979658e+02 4.049647811437139353e+02 4.046975165768959641e+02 4.044676108056324892e+02 4.042637835360632153e+02 4.040807632536030951e+02 4.039106423657031542e+02 4.037571222409238203e+02 4.036109831991429360e+02 4.034872349070641917e+02 4.033436047748518263e+02 4.032219891650984209e+02
4.259679362504220080e+03 3.993848496329957243e+02 3.988194958135018169e+02 4.035423533612113260e+02 4.052248221670499220e+02 4.050334507440391008e+02 4.047729617762280441e+02 4.045477478858502423e+02 4.043477370136528180e+02 4.041676423106866309e+02 4.039999219621320208e+02 4.038484183059011912e+02 4.037039373089289143e+02 4.035816567566057529e+02 4.034393105348847257e+02 4.033183524129127591e+02
4.309679362504220080e+03 4.001069429065937584e+02 3.996147611246987026e+02 4.042131633623631046e+02 4.054143725740234458e+02 4.051314739485089262e+02 4.048771980970569757e+02 4.046559635219223878e+02 4.044595804557110341e+02 4.042820523476372614e+02 4.041165972620084403e+02 4.039669093337666936e+02 4.038239920318528675e+02 4.037030671772491246e+02 4.035619302455688739e+02 4.034413471960351671e+02
4.359679362504220080e+03 4.006483329725635940e+02 4.002079224595331652e+02 4.046952041617002465e+02 4.055340798946755854e+02 4.052459267699057364e+02 4.049958114426801217e+02 4.047774244380011623e+02 4.045835605149774210e+02 4.044078802499857375e+02 4.042440294158370762e+02 4.040956658373339678e+02 4.039538764996218561e+02 4.038339398756562559e+02 4.036937063164556889e+02 4.035732332934264832e+02
4.409679362504220080e+03 4.010714480847431105e+02 4.006710170070647337e+02 4.050355379816778623e+02 4.056441401426272364e+02 4.053577477991901219e+02 4.051106456948357391e+02 4.048944109719537323e+02 4.047024216495070164e+02 4.045281471946727265e+02 4.043655055960093705e+02 4.042181552934781621e+02 4.040772256978685846e+02 4.039580391741718017e+02 4.038185162438043676e+02 4.036980491626918592e+02
4.459679362504220080e+03 4.014256079689292278e+02 4.010526840408156204e+02 4.052621317578323783e+02 4.057176065424128524e+02 4.054336035333163863e+02 4.051887121370032219e+02 4.049738141774785731e+02 4.047830686986804949e+02 4.046097479992472472e+02 4.044479659337749240e+02 4.043013333545526962e+02 4.041610158702602007e+02 4.040423817531404325e+02 4.039033792736375403e+02 4.037832461632138461e+02
4.509679362504220080e+03 4.017617897829239837e+02 4.015540720706083562e+02 4.049837021792008613e+02 4.056066303393852763e+02 4.053221691420559978e+02 4.050746554070549337e+02 4.048568605787292540e+02 4.046633108936397889e+02 4.044877931207923893e+02 4.043238264416667107e+02 4.041755556102131095e+02 4.040325498971433262e+02 4.039135882345491382e+02 4.037674375481688571e+02 4.036500097618163068e+02
4.559679362504220080e+03 4.020142381612405984e+02 4.017613859638910867e+02 4.053283286061359831e+02 4.055461173241641291e+02 4.052640410295837228e+02 4.050222671925247369e+02 4.048082543183912776e+02 4.046180189927627566e+02 4.044444956067159183e+02 4.042834894903683676e+02 4.041346542999175995e+02 4.039984496836463563e+02 4.038711989652546208e+02 4.037505201993836295e+02 4.036004709710791190e+02
4.609679362504220080e+03 4.018464968342985912e+02 4.018261716594696509e+02 4.059149010354692564e+02 4.056238811508415552e+02 4.053571721857842931e+02 4.051228217256829112e+02 4.049166596047389817e+02 4.047318909801382461e+02 4.045635529716916494e+02 4.044064442077134913e+02 4.042611870476118838e+02 4.041285375888515432e+02 4.040041797012526672e+02 4.038852547967394457e+02 4.037238888606207183e+02
4.659679362504220080e+03 4.041391355925474613e+02 4.048839437204350133e+02 4.058008380994426716e+02 4.055095711166574688e+02 4.052451724444429715e+02 4.050139152423288920e+02 4.048096043894236686e+02 4.046267175889738041e+02 4.044599207882176870e+02 4.043045588582062919e+02 4.041605131518463736e+02 4.040299088577760358e+02 4.039048396451103144e+02 4.037881473789118445e+02 4.037781093448043066e+02
4.709679362504220080e+03 4.045145215555294271e+02 4.050862336696969237e+02 4.053950840649276870e+02 4.051004358321486052e+02 4.048329962763852450e+02 4.045995607253223056e+02 4.043929680491511363e+02 4.042091430563684185e+02 4.040389321376225666e+02 4.038867020621448205e+02 4.037294658096983540e+02 4.036154564582971602e+02 4.035935478564881578e+02 4.035911957668539003e+02 4.035904413545283091e+02
4.759679362504220080e+03 4.046272464244722755e+02 4.049551561705512768e+02 4.051196413301811958e+02 4.048105694980083058e+02 4.045410969002262505e+02 4.043063031743221245e+02 4.040998793868556049e+02 4.039127515275621363e+02 4.037496132210583824e+02 4.035764303173709777e+02 4.034486516413720096e+02 4.034469133734930892e+02 4.034455672890583173e+02 4.034449086860227567e+02 4.034441165434483310e+02
4.809679362504220080e+03 4.041681954328470283e+02 4.047331541582443037e+02 4.050934493258557154e+02 4.047916087268621368e+02 4.045247347416411117e+02 4.042919390108941116e+02 4.040868623123782299e+02 4.039010657749413440e+02 4.037374593972971866e+02 4.035666885664482493e+02 4.034509345171994141e+02 4.034491886821581943e+02 4.034698986390848177e+02 4.034613647540511465e+02 4.034447098867910881e+02
4.859679362504220080e+03 4.044863808433730696e+02 4.047649040561365155e+02 4.049048532316751334e+02 4.046001543160297160e+02 4.043286466405978103e+02 4.040915593774241756e+02 4.038829250132557718e+02 4.036931830251244833e+02 4.035287260853377802e+02 4.033503785132496660e+02 4.032144735522817882e+02 4.032127119606812471e+02 4.032112887384576538e+02 4.032265010184080438e+02 4.032086581840929966e+02
4.909679362504220080e+03 4.045735755040148547e+02 4.047007423450046986e+02 4.047216040401486339e+02 4.044097476792427415e+02 4.041370434112740782e+02 4.038992755113952171e+02 4.036891865994330146e+02 4.035001593815879914e+02 4.033305840623485210e+02 4.031612153193945574e+02 4.030685720677626023e+02 4.030667719667455344e+02 4.030653196680868291e+02 4.030758492642898432e+02 4.030652956220059195e+02
4.959679362504220080e+03 4.040606428161208328e+02 4.045808643972632126e+02 4.052651764974224307e+02 4.049832963852080070e+02 4.047148212143430328e+02 4.044767258731038737e+02 4.042654055776911264e+02 4.040777821356809909e+02 4.039014704647149188e+02 4.037501797289445449e+02 4.037052828867884386e+02 4.037287918877518678e+02 4.037234033515415490e+02 4.037145730280975613e+02 4.036993757978465283e+02
5.009679362504220080e+03 4.047283012581151525e+02 4.049531206672742769e+02 4.050754791608881078e+02 4.047739297066128188e+02 4.045026829908927652e+02 4.042655108961743053e+02 4.040561377454101262e+02 4.038671175517275174e+02 4.036991594261347132e+02 4.035270715785120501e+02 4.034281476373363375e+02 4.034263268591141696e+02 4.034451468164268135e+02 4.034391243168622054e+02 4.034230325722106159e+02
5.059679362504220080e+03 4.048452800615415867e+02 4.049009138113732433e+02 4.048667108098995868e+02 4.045528635491527893e+02 4.042826108639247309e+02 4.040477527979183492e+02 4.038388916518864562e+02 4.036563772516252016e+02 4.034769120166292851e+02 4.033378085262498303e+02 4.033080008692027150e+02 4.033061485239763329e+02 4.033161303111165239e+02 4.033195363350978937e+02 4.033026271490016939e+02
5.109679362504220080e+03 4.046675542132003898e+02 4.048688636669297125e+02 4.052253753281028708e+02 4.049350372970175727e+02 4.046653928999384107e+02 4.044287045619761898e+02 4.042191152839457686e+02 4.040299498533613587e+02 4.038562818387129596e+02 4.037897475736780848e+02 4.037883125739638217e+02 4.038179341161188631e+02 4.038038329089479817e+02 4.037961104274908735e+02 4.037752749059383177e+02
5.159679362504220080e+03 4.047637741729143954e+02 4.048628707517959242e+02 4.048661357929523774e+02 4.045765032739915910e+02 4.043031387167969228e+02 4.040634815865260521e+02 4.038485894290366787e+02 4.036645918489596170e+02 4.034683481649728947e+02 4.033262139548212986e+02 4.033248252682122938e+02 4.033472000264912936e+02 4.033413427501628234e+02 4.033349891857665739e+02 4.033199858888993958e+02
5.209679362504220080e+03 4.048490513375496676e+02 4.049024587220345666e+02 4.049497616439227272e+02 4.046539636754821458e+02 4.043811312524782124e+02 4.041426036650927358e+02 4.039288036039809526e+02 4.037456269608412640e+02 4.035516411340867649e+02 4.034077182193115618e+02 4.034061837288118113e+02 4.034123294046265755e+02 4.034240213522182898e+02 4.034178698907766716e+02 4.034008798695477367e+02
5.259679362504220080e+03 4.048060801143490153e+02 4.048180970654123598e+02 4.047648834710282699e+02 4.044601251979246399e+02 4.041866766910861770e+02 4.039482763833273680e+02 4.037346214961869464e+02 4.035516705964411699e+02 4.033579727339365490e+02 4.032137087794280319e+02 4.032122856402922935e+02 4.032105685865064402e+02 4.032217338608071486e+02 4.032244876676397212e+02 4.032075767627011942e+02
5.309679362504220080e+03 4.045465999434574087e+02 4.048341937151354273e+02 4.050638733516608454e+02 4.047775954026329259e+02 4.045027602289944753e+02 4.042595813562748504e+02 4.040459865556828163e+02 4.038373686073134081e+02 4.037471631430334469e+02 4.037241517584350845e+02 4.037226529583697925e+02 4.037405993548954939e+02 4.037408867665482717e+02 4.037334813031758927e+02 4.037170707182330034e+02
5.359679362504220080e+03 4.039886243842084923e+02 4.038328337187384705e+02 4.033965581885186111e+02 4.031547108531293588e+02 4.030936948653569516e+02 4.030751544101058812e+02 4.030742944034772677e+02 4.030734347722192297e+02 4.030726223505550365e+02 4.030834709852575770e+02 4.030813220914936892e+02 4.030902871056389358e+02 4.030882250747667968e+02 4.030830034683325493e+02 4.030691770450692957e+02
5.409679362504220080e+03 4.027034660285075347e+02 4.027038518034284493e+02 4.027022958600766742e+02 4.027042802907549799e+02 4.027057271567082353e+02 4.027091519365332033e+02 4.027126617919337264e+02 4.027155325742354535e+02 4.027167947953456633e+02 4.027174541710558060e+02 4.027068085846566419e+02 4.027162245934124485e+02 4.027155609671374918e+02 4.027107788938010913e+02 4.026981973479382191e+02
5.459679362504220080e+03 4.027255885229020578e+02 4.027260860524610848e+02 4.027393877040796610e+02 4.027443792394831235e+02 4.027386754663180568e+02 4.027346867507266097e+02 4.027309358137184176e+02 4.027269712162785140e+02 4.027242557199699604e+02 4.027202591638700255e+02 4.027167203937322597e+02 4.027107483057085915e+02 4.027069595614003674e+02 4.026945425947535000e+02 4.026286046114473152e+02
5.509679362504220080e+03 4.013709128119092497e+02 4.013689955675452552e+02 4.013788476560088725e+02 4.013816211172558042e+02 4.013807735751844348e+02 4.013793673223870542e+02 4.013780229965398689e+02 4.013765946311627886e+02 4.013756053814382199e+02 4.013742451096900368e+02 4.013682784059939195e+02 4.013708359868063553e+02 4.013695324674527569e+02 4.013628932418490081e+02 4.013475709661017845e+02
5.559679362504220080e+03 4.012835750279810441e+02 4.012825131047199534e+02 4.012849717869243023e+02 4.012952628022039789e+02 4.013050548743131571e+02 4.013060962782638512e+02 4.012983941870149351e+02 4.012959341275665111e+02 4.012948402892054673e+02 4.012935346741960529e+02 4.012868391985783205e+02 4.012903607043081138e+02 4.012892833384428855e+02 4.012823355301155175e+02 4.012565043837321355e+02
5.609679362504220080e+03 4.009905507226665122e+02 4.009878208458267750e+02 4.010004335375269875e+02 4.010187766352029826e+02 4.010293181155341813e+02 4.010084697544583605e+02 4.009976259860641790e+02 4.009896929936903121e+02 4.009874272274385589e+02 4.009835401238867689e+02 4.009841210239641214e+02 4.009692463012614212e+02 4.009642554135394334e+02 4.009354101099847298e+02 4.007807369860226459e+02
5.659679362504220080e+03 3.980227829065861442e+02 3.986001626668580116e+02 3.988784692492639010e+02 3.985161693504666118e+02 3.981867572295398645e+02 3.980023876991244833e+02 3.980015133767734596e+02 3.980006075513237533e+02 3.979997702275164215e+02 3.979988758446276051e+02 3.979980051421827625e+02 3.980120692453668880e+02 3.980141333106117258e+02 3.980088106685598746e+02 3.979969901779971906e+02
5.709679362504220080e+03 3.978917320223101797e+02 3.983635208834155605e+02 3.983297631067565590e+02 3.979930672721699807e+02 3.976591525937972733e+02 3.975006130836908369e+02 3.974747447888440206e+02 3.974665208469448885e+02 3.974653673327989623e+02 3.974637964260080594e+02 3.974623702068685134e+02 3.974605484230992261e+02 3.974673454861880373e+02 3.974727476115400577e+02 3.974586264264322608e+02
5.759679362504220080e+03 3.968671083546745422e+02 3.966356708186247033e+02 3.962034424115470870e+02 3.958275732082094578e+02 3.955106231132071457e+02 3.952515583677362088e+02 3.952122284744497165e+02 3.952109206539459478e+02 3.952097884072782108e+02 3.952084916968813673e+02 3.952060372887090693e+02 3.952043617438519618e+02 3.952030509303097574e+02 3.952015841302341528e+02 3.952008759638612787e+02
5.809679362504220080e+03 3.959651132159061149e+02 3.959196627768441203e+02 3.958108078095154951e+02 3.954527763069351636e+02 3.951088948848147311e+02 3.948965124735585164e+02 3.948791450307567175e+02 3.948779015814124023e+02 3.948767614442114109e+02 3.948754559849893440e+02 3.948728173161257473e+02 3.948710490335187160e+02 3.948696780172257377e+02 3.948681651728982160e+02 3.948674968645829040e+02
5.859679362504220080e+03 3.958335121026275374e+02 3.957940265194544622e+02 3.956929904188896785e+02 3.953380168832017603e+02 3.950076900326166651e+02 3.948525235120908974e+02 3.948376576957447242e+02 3.948364541365257310e+02 3.948353300796256349e+02 3.948340404897330131e+02 3.948309241451264029e+02 3.948291405714280700e+02 3.948277657332165518e+02 3.948262739141442239e+02 3.948256669075575473e+02
5.909679362504220080e+03 3.955531799537640723e+02 3.955145010716699403e+02 3.952780879157140248e+02 3.948981705318176409e+02 3.945460130529294247e+02 3.943655769113829024e+02 3.943646579057034387e+02 3.943635394774119618e+02 3.943624427227117621e+02 3.943612300739512193e+02 3.943561873553634314e+02 3.943543235549104793e+02 3.943529339493680368e+02 3.943515090441545112e+02 3.943509470724130210e+02
5.959679362504220080e+03 3.952880805968937352e+02 3.952425802248212108e+02 3.950250638333664597e+02 3.946639596553884530e+02 3.943271939821586898e+02 3.942096730727592444e+02 3.942087507986145170e+02 3.942075598681640827e+02 3.942064067814233113e+02 3.942051370947417013e+02 3.941976941474488854e+02 3.941912156093367230e+02 3.941866758067824321e+02 3.941851571234794278e+02 3.941846087650284858e+02
6.009679362504220080e+03 3.950937102583572482e+02 3.950700902022844616e+02 3.949394579139364510e+02 3.945666882427634050e+02 3.942503106950778715e+02 3.941922330359098510e+02 3.941912071462687663e+02 3.941898351182647389e+02 3.941861370188524347e+02 3.941821421436378046e+02 3.941713296967578231e+02 3.941608667721784514e+02 3.941539777443935577e+02 3.941522261835052063e+02 3.941518134771977770e+02
6.059679362504220080e+03 3.949657934973201918e+02 3.949453994162298613e+02 3.948748202267548777e+02 3.945071712691687367e+02 3.942010240517151374e+02 3.941506249723800011e+02 3.941496316732576588e+02 3.941459489877009332e+02 3.941407172159066477e+02 3.941347563305664607e+02 3.941197710529980327e+02 3.941037212646491525e+02 3.940928720815005022e+02 3.940879231608280975e+02 3.940874626370289775e+02
6.109679362504220080e+03 3.948879994933233775e+02 3.948741506456893831e+02 3.948053166031012324e+02 3.944468421766396773e+02 3.941568306636199850e+02 3.941212505717701333e+02 3.941182335793952234e+02 3.941127479123694570e+02 3.941046943679526180e+02 3.940952506242753657e+02 3.940735321444044530e+02 3.940477966624921464e+02 3.940295377242629797e+02 3.940226031810595373e+02 3.940228662604318401e+02
6.159679362504220080e+03 3.948241952217409789e+02 3.948140636989639916e+02 3.947620348489990079e+02 3.943865785745686594e+02 3.941219492589661400e+02 3.941001403436388841e+02 3.940968462939226811e+02 3.940892774328231098e+02 3.940775110243097288e+02 3.940631567912575406e+02 3.940320555840785914e+02 3.939915923515291070e+02 3.939619448107781068e+02 3.939502115063808105e+02 3.939506734032099189e+02
6.209679362504220080e+03 3.947659195194728454e+02 3.947573405344394928e+02 3.947162646748963084e+02 3.943223234970714088e+02 3.940780358578412574e+02 3.940571502912941355e+02 3.940523950838114047e+02 3.940409379408720838e+02 3.940226831907848464e+02 3.939995876281025744e+02 3.939539023403041824e+02 3.938879028745913615e+02 3.938432944484226823e+02 3.938239827147166920e+02 3.938251346821349443e+02
6.234679362504220080e+03 3.947359533484144549e+02 3.947291777175996117e+02 3.946985856498358203e+02 3.942914477014228396e+02 3.940583037764421874e+02 3.940414572705830665e+02 3.940362271806312719e+02 3.940235474543529222e+02 3.940026559381502125e+02 3.939739039497503086e+02 3.939166359640381643e+02 3.938198069116727424e+02 3.937726040688970670e+02 3.937511146246332032e+02 3.937519672582632211e+02
6.239679362504220080e+03 3.947364022516333080e+02 3.947269435784228335e+02 3.946872487098224269e+02 3.942679497232705330e+02 3.940351755974247681e+02 3.940156468806367229e+02 3.940104617773475866e+02 3.939977714576729113e+02 3.939767538880130360e+02 3.939472691063470506e+02 3.938890197959797206e+02 3.937895218084145199e+02 3.937397384982790527e+02 3.937137939162094540e+02 3.937106593195316577e+02
6.289679362504220080e+03 3.946391437528660617e+02 3.946172563557408921e+02 3.945396982695214092e+02 3.941188608300120109e+02 3.938886503615059382e+02 3.938838843082621111e+02 3.938757800524638810e+02 3.938543991737687406e+02 3.938174842158272781e+02 3.937631635706820816e+02 3.936615754701675201e+02 3.934893978720355108e+02 3.934017046935376811e+02 3.933607205449599178e+02 3.933633332299946233e+02
6.339679362504220080e+03 3.943990315581439177e+02 3.943760867671094275e+02 3.942057483591918299e+02 3.937822528426233362e+02 3.935736790565445631e+02 3.935689829361839998e+02 3.935540465992114605e+02 3.935139716791924229e+02 3.934439634704555147e+02 3.933395024541832186e+02 3.931466142206849099e+02 3.928183176556941021e+02 3.926102717044823862e+02 3.925247921162778653e+02 3.925227059824704270e+02
6.389679362504220080e+03 3.942775516585538753e+02 3.942577200029155051e+02 3.941003112084476925e+02 3.936813121484536282e+02 3.935012530741435057e+02 3.934966294085581922e+02 3.934741952544389392e+02 3.934164831546175947e+02 3.933190401509648950e+02 3.931817380173286551e+02 3.929275751001572985e+02 3.924756560018620917e+02 3.920863946997821472e+02 3.919507423114788480e+02 3.919450750609473744e+02
6.439679362504220080e+03 3.941798851422752250e+02 3.941630597786219141e+02 3.940342173878216272e+02 3.936236196831112011e+02 3.934726512547748030e+02 3.934662790995369051e+02 3.934342235902427660e+02 3.933557994775811153e+02 3.932271201916855148e+02 3.930555086644657194e+02 3.927891648894898253e+02 3.923189973483607673e+02 3.905315302986347206e+02 3.902745023621881728e+02 3.902597715715966729e+02
6.489679362504220080e+03 3.940932970105371282e+02 3.940797601579345155e+02 3.939912727896077058e+02 3.935864497918654479e+02 3.934638581333139769e+02 3.934543941466653791e+02 3.934113028684890310e+02 3.933087257320584627e+02 3.931398618119299613e+02 3.929120742223848310e+02 3.925865442569378843e+02 3.919682469185158880e+02 3.900903199271512563e+02 3.897509606453412516e+02 3.897332119410221480e+02
6.539679362504220080e+03 3.940139914791836304e+02 3.939953846039394421e+02 3.939300483704256521e+02 3.935357939944448731e+02 3.934373408833323538e+02 3.934242076759613269e+02 3.933662214617162931e+02 3.932305049186883252e+02 3.930061930184728567e+02 3.927108288228985202e+02 3.923094802645841241e+02 3.915484364016198242e+02 3.888689548720234370e+02 3.883846166617857421e+02 3.883659167531365028e+02
6.589679362504220080e+03 3.939604608367459377e+02 3.939532113436948748e+02 3.938972705837048807e+02 3.935166094140106452e+02 3.934325129435428607e+02 3.934127859358328010e+02 3.933334100661252251e+02 3.931549415993729895e+02 3.928737889056769745e+02 3.925125517863166920e+02 3.920247290835943090e+02 3.912321209969062465e+02 3.859305017521824084e+02 3.853788969644754161e+02 3.854563218623249554e+02
6.639679362504220080e+03 3.939108757330764661e+02 3.938994246937365915e+02 3.938390997299215996e+02 3.934706799636663277e+02 3.934123086977083972e+02 3.933878597423716883e+02 3.932868086531803442e+02 3.930545412657814381e+02 3.927101844812747231e+02 3.922625375379843149e+02 3.916460845519769691e+02 3.903307509364010457e+02 3.742930203032422583e+02 3.724808528535639880e+02 3.723825205106261365e+02
6.689679362504220080e+03 3.938533579716710165e+02 3.938350933072451880e+02 3.937689879232607382e+02 3.934049808035688898e+02 3.933592448926895599e+02 3.933236720207056578e+02 3.931924854775784866e+02 3.929021074854849189e+02 3.925022465620456273e+02 3.919626900304113519e+02 3.911447560423232517e+02 3.886951217053064056e+02 2.965569324270209108e+02 2.906137877003611720e+02 2.907326820296158303e+02
6.739679362504220080e+03 3.937946604476914558e+02 3.937850520115164841e+02 3.937237555747582292e+02 3.933721442996446171e+02 3.933359790117366401e+02 3.932888027430138322e+02 3.931252200821970177e+02 3.927837842741959093e+02 3.922925614277701811e+02 3.915442662610547018e+02 3.897236423366217082e+02 3.859417294780877796e+02 2.821026127981700711e+02 2.799441632325554110e+02 2.799484881575168060e+02
6.789679362504220080e+03 3.937594931856692142e+02 3.937521456747896309e+02 3.937025212577855200e+02 3.933693682738472717e+02 3.933400756534845755e+02 3.932722006591736772e+02 3.930613088553469083e+02 3.926879250136930182e+02 3.920261248557934550e+02 3.909027700243644858e+02 3.881665162327147982e+02 3.808095406279223312e+02 2.932553990867157836e+02 2.827127046386713118e+02 2.825352143382861527e+02
6.839679362504220080e+03 3.937618847527996877e+02 3.937635138551285650e+02 3.937053379863305054e+02 3.933764217071525309e+02 3.933461165085533366e+02 3.932773635046196432e+02 3.930401185823405967e+02 3.926173084948189853e+02 3.917846570729236646e+02 3.903339229573128932e+02 3.867504326629294269e+02 3.657032860700893480e+02 2.938316248789726615e+02 2.800382326293619712e+02 2.799432469206288943e+02
6.889679362504220080e+03 3.938051677127291441e+02 3.937989860937159392e+02 3.937150531053208624e+02 3.934266033857781508e+02 3.933969846347854968e+02 3.932941481260277214e+02 3.929831171794969578e+02 3.924259420150850701e+02 3.912298782473212100e+02 3.889689824174934643e+02 3.835789467398651595e+02 3.010888116980806899e+02 2.799144695131753338e+02 2.800000000000092086e+02 2.800000000000092086e+02
6.939679362504220080e+03 3.938030533243978653e+02 3.937987697219284087e+02 3.937185247849607777e+02 3.934261409240296530e+02 3.933949799139321613e+02 3.932874701331077176e+02 3.929929599645667508e+02 3.923347483658185979e+02 3.908316569500356081e+02 3.875994599693336795e+02 3.796655180271608288e+02 2.915816856210863648e+02 2.799142744589560721e+02 2.800000000000015916e+02 2.800000000000025011e+02
6.989679362504220080e+03 3.937928475366281873e+02 3.937651894685822072e+02 3.937533215048333659e+02 3.934647259482652544e+02 3.934276909504940249e+02 3.932920943559621492e+02 3.929157293498997774e+02 3.920752572383451593e+02 3.900119166903412520e+02 3.833266316199472499e+02 3.363858844090366347e+02 2.810823843612428163e+02 2.800000000000094929e+02 2.800000000000094929e+02 2.800000000000094929e+02
7.039679362504220080e+03 3.938588392966473180e+02 3.938572123162813341e+02 3.937630889786752277e+02 3.935264818015887727e+02 3.934956327085640737e+02 3.933344737077546256e+02 3.929113553317421292e+02 3.917654620627963595e+02 3.887261599148437199e+02 3.781581313663306219e+02 3.029931726484659293e+02 2.799999999999973284e+02 2.799999999999973284e+02 2.799999999999973284e+02 2.800000000000026148e+02
7.089679362504220080e+03 3.938980385467629048e+02 3.938866010505175268e+02 3.937555523299876086e+02 3.935039475077525140e+02 3.934662635216233753e+02 3.931500339921136629e+02 3.918496387732245125e+02 3.892100496745589453e+02 3.815010366752565005e+02 3.248005446468364426e+02 2.800046854348177021e+02 2.800000000000125056e+02 2.800000000000124487e+02 2.800000000000124487e+02 2.800000000000853220e+02
7.139679362504220080e+03 3.939878964742430867e+02 3.939618429459305275e+02 3.938041728774817898e+02 3.935381395153356152e+02 3.934552884095970740e+02 3.925266209034983262e+02 3.858053641890635390e+02 3.812795833393912517e+02 3.535430919399199752e+02 2.881285930001918132e+02 2.799996781293161803e+02 2.799993325398215802e+02 2.799998013155771446e+02 2.799809095438610029e+02 3.077479215000846011e+02
7.189679362504220080e+03 3.938797269692379359e+02 3.938756421287419585e+02 3.937868026986835162e+02 3.935455343995088242e+02 3.934083749847932268e+02 3.915707793786858133e+02 3.867205801111950336e+02 3.797943499033452781e+02 3.261462172456174926e+02 2.810132432843175820e+02 2.799998986664691074e+02 2.799997550254540215e+02 2.799998963150976579e+02 2.799999110012403776e+02 3.010653195889482276e+02
7.239679362504220080e+03 3.940628637601450919e+02 3.940843219173012812e+02 3.943289373790023546e+02 3.940614744099258360e+02 3.940024473854163034e+02 3.935231649938015153e+02 3.924512505125161397e+02 3.849141163718566645e+02 3.175938758279573904e+02 2.856066858135690723e+02 2.800000000000352998e+02 2.800000000000352998e+02 2.800000000000352429e+02 2.800000000000351861e+02 2.800000000000351861e+02
7.289679362504220080e+03 3.938814961326314119e+02 3.938725611457919058e+02 3.938498840319146552e+02 3.936391798870899947e+02 3.933739083025419063e+02 3.899991596301071013e+02 3.843392678859140688e+02 3.371405979121947780e+02 2.821645215085997620e+02 2.800000000000819114e+02 2.800000000000072760e+02 2.800000003090724476e+02 2.826665008065818370e+02 2.799999899546544384e+02 2.831494892672423020e+02
7.339679362504220080e+03 3.938375708452691129e+02 3.938249124068235005e+02 3.937707133364412471e+02 3.935760350789721542e+02 3.932033458763280578e+02 3.882881448345334547e+02 3.793967226866172382e+02 3.009073586550074424e+02 2.799135559021273139e+02 2.799999999997776285e+02 2.799999999999179749e+02 2.800000000000028990e+02 2.800000000000028990e+02 2.800000000000046612e+02 3.423561327236066631e+02
7.389679362504220080e+03 3.939003005620449471e+02 3.939125538509239846e+02 3.937675315607331186e+02 3.936024622289726835e+02 3.931408464355919250e+02 3.880401209093452053e+02 3.759070495724089938e+02 2.904905426076282993e+02 2.800000000008508323e+02 2.800000000000006253e+02 2.800000000000006253e+02 2.800000000000006253e+02 2.799134777188089060e+02 2.800000000000006253e+02 3.592178021177572305e+02
7.439679362504220080e+03 3.942022945443852677e+02 3.941151806918081206e+02 3.937460619450986314e+02 3.936151241549042652e+02 3.930768615932526586e+02 3.873224559262191065e+02 3.622968016781154006e+02 2.826387242608030306e+02 2.800000000003690275e+02 2.800000000000014779e+02 2.800000000000014779e+02 2.800000000000014779e+02 2.800000000000014779e+02 2.800000000000014779e+02 3.551174743924798918e+02
7.489679362504220080e+03 3.939748643677780251e+02 3.939162150603840473e+02 3.937621668806639832e+02 3.936151947249189220e+02 3.928838866544180064e+02 3.859816540670851737e+02 3.265968487422460385e+02 2.799144942088476569e+02 2.799999999999989768e+02 2.800000000000009663e+02 2.800000000000009663e+02 2.800000000000009663e+02 2.800000000000009663e+02 2.800000000000009095e+02 3.536681558234194540e+02
7.539679362504220080e+03 3.939186204666607409e+02 3.939129777498521889e+02 3.937531222928669763e+02 3.936314013161239131e+02 3.925918074298317038e+02 3.836259164849168428e+02 3.042211198004621906e+02 2.800000000012813643e+02 2.799999999999969305e+02 2.799999999999969305e+02 2.799999999999969305e+02 2.799999999999969305e+02 2.906448912583563811e+02 2.800000000000341629e+02 3.438033975030681972e+02
7.589679362504220080e+03 3.942306234506334022e+02 3.941110824263198538e+02 3.937813303090543968e+02 3.936418596750619372e+02 3.918266869521924605e+02 3.806500723849973724e+02 2.887213084947651964e+02 2.800000000002589786e+02 2.799999999999995453e+02 2.799999999999995453e+02 2.799999999999995453e+02 2.799999999999995453e+02 3.044839398434406235e+02 2.800000000015446631e+02 3.218816631070658900e+02
7.639679362504220080e+03 3.939781728442164876e+02 3.939780030394576897e+02 3.937123094881673069e+02 3.935846407122132291e+02 3.914911367911315665e+02 3.656187884781799653e+02 2.859012050552005917e+02 2.800000000008232064e+02 2.799999999999690772e+02 2.799999999999690203e+02 2.799999999999690203e+02 2.799999999999690203e+02 2.949016935644812634e+02 2.799999999999882334e+02 3.492676808551026397e+02
7.689679362504220080e+03 3.940552094871219992e+02 3.940566430528676278e+02 3.937654983705730274e+02 3.936576766433020111e+02 3.910350052900844844e+02 3.411289976280846759e+02 2.810086595558747149e+02 2.800000000000432578e+02 2.800000000000079012e+02 2.800000000000079012e+02 2.800000000000079012e+02 2.800000000000078444e+02 3.181650246580785506e+02 2.800000000000230784e+02 3.549351097926593752e+02
7.739679362504220080e+03 3.942124551405912598e+02 3.940345204722480617e+02 3.937766226887467269e+02 3.936589899257423895e+02 3.893467788044316649e+02 3.214261383285803504e+02 2.799176621604212301e+02 2.800000000000010232e+02 2.800000000000015916e+02 2.800000000000015916e+02 2.800000000000015916e+02 2.800000000000015916e+02 3.300821023815173589e+02 2.800000000000015916e+02 3.437973756703676713e+02
7.789679362504220080e+03 3.944379496284512925e+02 3.943198251516899973e+02 3.938037078527024164e+02 3.936836969133617572e+02 3.886365127385409437e+02 3.014155229967630021e+02 2.800000000019912250e+02 2.800000000000194973e+02 2.800000000000195541e+02 2.800000000000195541e+02 2.800000000000195541e+02 3.268082808494011147e+02 3.152017380255233547e+02 2.800000000003981881e+02 2.838182918101909991e+02
7.839679362504220080e+03 3.940171164392526748e+02 3.939388467650496750e+02 3.938068362227293164e+02 3.937260113697871589e+02 3.789740455998795596e+02 2.917606929236177393e+02 2.800000000001726335e+02 2.799999999999994316e+02 2.799999999999994316e+02 2.799999999999994316e+02 2.799999999999994316e+02 3.033844976327056884e+02 2.929997252304021913e+02 2.800000000000003979e+02 3.294886611070460845e+02
7.889679362504220080e+03 3.939289484383325544e+02 3.939201968199052430e+02 3.938000789624576896e+02 3.936906138822666321e+02 3.430501890983744033e+02 2.809937825213131077e+02 2.800000000000532054e+02 2.799999999999996589e+02 2.799999999999996589e+02 2.799999999999996589e+02 2.799999999999996589e+02 3.175171959679263409e+02 3.015050081679954133e+02 2.800000000000188152e+02 3.327902904585874353e+02
7.939679362504220080e+03 3.945090137150819487e+02 3.950118640513515516e+02 3.966084488111641804e+02 3.964606026593467050e+02 3.968118068587807556e+02 3.967991921229630066e+02 3.967937695943896870e+02 3.967431238251749051e+02 2.799699917593513874e+02 2.799999999725190492e+02 2.800000000003157083e+02 2.983834516372628514e+02 3.914574872398555385e+02 2.799959707591624465e+02 3.586387224232071844e+02
7.989679362504220080e+03 3.939973380005518493e+02 3.939543379881445730e+02 3.938134765908922077e+02 3.930378635402162786e+02 3.318607509703415985e+02 2.799131761724067928e+02 2.799999999999924398e+02 2.799999999999924398e+02 2.799999999999924398e+02 2.799999999999924398e+02 2.799999999999924967e+02 2.927881226619291510e+02 2.922581914373113250e+02 2.799999999999924398e+02 2.942433622018515962e+02
8.039679362504220080e+03 3.939069874925211820e+02 3.938983453790357316e+02 3.938446049664859743e+02 3.931976970122741477e+02 3.246213603480866823e+02 2.827041182284996239e+02 2.799999999999732836e+02 2.799999999999732267e+02 2.799999999999732267e+02 2.799999999999731131e+02 2.799999999999733404e+02 2.873802667842477376e+02 2.893594445505014505e+02 2.799999999999739657e+02 2.827110889791520094e+02
8.089679362504220080e+03 3.939700202081903058e+02 3.939736773721943450e+02 3.939196661884825517e+02 3.931607120714265875e+02 3.290323316371825513e+02 2.830206277969307962e+02 2.800000000000426326e+02 2.799999999999930083e+02 2.799999999967868689e+02 2.799999999987808792e+02 2.801645690351465419e+02 3.282025050325761413e+02 3.098169999386855693e+02 2.800000000001249987e+02 2.910362725225440954e+02
8.139679362504220080e+03 3.939810490295768659e+02 3.939740698889055466e+02 3.939092361461325709e+02 3.912313840727808270e+02 3.161040012093046130e+02 2.811929669629502655e+02 2.800000000000077875e+02 2.800000000000039790e+02 2.800000000000039790e+02 2.800000000000039222e+02 3.188571935495457979e+02 3.040170222576859373e+02 3.169456334170958485e+02 2.800000000001602984e+02 2.898864958794302424e+02
8.189679362504220080e+03 3.943171064207125482e+02 3.942100273518215090e+02 3.939840787104863580e+02 3.627282058299686582e+02 2.868363590556949134e+02 2.799996859275124734e+02 2.799999999999960778e+02 2.799999999999960778e+02 2.799999999999960778e+02 2.799999999999960778e+02 3.129279556909750113e+02 3.015249005732446221e+02 2.930931193995665467e+02 2.800000000021748860e+02 3.225725769805065397e+02
8.239679362504219171e+03 3.940613848611434378e+02 3.940550877108830718e+02 3.940297188018249130e+02 3.841585942944480507e+02 2.903467444614268516e+02 2.799629314994994616e+02 2.800000000000074465e+02 2.800000000000074465e+02 2.800000000000074465e+02 2.800000000000074465e+02 2.865420008415365487e+02 2.813659795566114212e+02 2.964703970629851710e+02 2.800000000000724754e+02 2.936053308991108111e+02
8.289679362504219171e+03 3.941572289139276108e+02 3.942336826666140155e+02 3.948155609583466799e+02 3.732326080868830331e+02 2.799265762657632308e+02 2.799999999999963052e+02 2.799999999999963620e+02 2.799999999980071834e+02 2.799999999999963052e+02 2.799999999999963620e+02 2.883531173812833686e+02 2.870932314447080671e+02 2.847568010030748269e+02 2.800000000000268301e+02 2.854677801561814476e+02
8.339679362504219171e+03 3.942881845283977782e+02 3.943763115412360776e+02 3.948196770647615494e+02 3.935155853727319482e+02 3.913091661151169660e+02 2.962154760963070430e+02 2.799999999999723173e+02 2.799999999999723173e+02 2.799999999999697025e+02 2.883024549211296517e+02 3.257982932790797008e+02 3.617460860801057265e+02 3.437645406646173001e+02 2.800000000060343268e+02 2.960792448154685417e+02
8.389679362504219171e+03 3.973490315032146896e+02 3.993998500424326608e+02 4.091877830962098415e+02 4.113457919579339546e+02 4.113451365137603375e+02 3.204048597122262549e+02 2.817712380207042315e+02 2.817819690712211695e+02 3.292322353169079747e+02 3.137597504905621122e+02 3.126384935533491785e+02 4.111148395706874794e+02 4.113144234363027749e+02 3.485482293374626011e+02 4.113182736837378570e+02
8.439679362504219171e+03 3.949978126764879107e+02 3.946139711470515863e+02 3.944374467884670139e+02 3.775385855270898787e+02 3.775835937404934839e+02 2.863524172677878710e+02 2.799999999932363721e+02 2.800000079484976823e+02 3.193436947695616368e+02 3.035031518689082191e+02 2.838345044490868077e+02 3.574862363559635128e+02 3.008740906093885314e+02 2.800000872356487776e+02 3.693957834902763011e+02
8.489679362504219171e+03 3.950300736604518761e+02 3.946491965047752615e+02 3.944532616249447301e+02 3.738164763026077253e+02 3.776082493927535779e+02 3.343840762399368600e+02 2.799999999993359552e+02 2.800118356144209315e+02 2.829764711806448645e+02 2.799129976639979986e+02 2.802695409519787404e+02 2.887404336301300418e+02 2.849417557427784686e+02 2.799999996856251983e+02 3.301340199994811542e+02
8.539679362504219171e+03 3.949250689158063778e+02 3.945158978371854914e+02 3.942042108418864927e+02 3.722995036953923318e+02 3.746524847429220699e+02 3.460357804242375437e+02 2.800000041941068503e+02 2.799534577767250880e+02 2.824489565332934262e+02 2.807107854511463643e+02 2.800872123536959180e+02 2.873622990542258435e+02 2.850039047804272627e+02 2.799999997552847617e+02 3.174499580523230406e+02
8.589679362504219171e+03 3.949172949410673255e+02 3.944609996582225904e+02 3.940923502970742902e+02 3.321020040827953608e+02 3.315862518614410419e+02 3.120298226728931468e+02 2.977952862292028158e+02 2.925671785390023274e+02 2.847229845970254019e+02 2.843999469856459541e+02 2.802398236605541229e+02 2.879838311830905013e+02 2.844145518100150412e+02 2.800000112598706892e+02 3.327746324947801213e+02
8.639679362504219171e+03 3.948434783725447232e+02 3.944307412706224341e+02 3.939800756216892523e+02 3.368040589021942424e+02 3.336294891821332271e+02 3.123000745145247379e+02 3.043978862360183371e+02 3.023931357122352779e+02 2.898791255271365230e+02 2.848669672659904677e+02 2.801424232817698794e+02 2.843317515096553052e+02 2.834889652434821983e+02 2.800000019151831339e+02 3.139462416222243064e+02
8.689679362504219171e+03 3.948174392265075880e+02 3.943885953864418070e+02 3.934572126139354395e+02 3.302115592356583420e+02 3.283997803098551458e+02 3.081129500461430553e+02 3.067266413830316196e+02 2.967707850666810145e+02 2.882419159460593505e+02 2.853613557545825188e+02 2.801849157543819047e+02 2.855638744619813565e+02 2.842549874929109706e+02 2.800000071111143143e+02 3.157070255766744253e+02
8.739679362504219171e+03 3.948095539218342083e+02 3.943616909637094636e+02 3.930425023728527663e+02 3.600847907428508847e+02 3.559904686400299738e+02 3.235449384254710594e+02 3.112454651902756382e+02 2.946312097395769456e+02 2.875824006609224739e+02 2.866067412329028343e+02 2.804508664450498827e+02 2.882205337587672602e+02 2.861665583979624330e+02 2.800000024148023385e+02 3.194198348791215949e+02
8.789679362504219171e+03 3.947904946685524123e+02 3.943426302467173059e+02 3.919849939613516767e+02 3.570506853723317136e+02 3.571586570990046994e+02 3.259486517130946481e+02 3.136000744311957078e+02 2.974088096427951200e+02 2.948982110621211632e+02 2.933641837080836581e+02 2.816162111428661206e+02 2.916397008069360481e+02 2.898426468923931338e+02 2.800000024560223437e+02 3.307989039495986958e+02
8.839679362504219171e+03 3.947693487623222381e+02 3.943230121452621120e+02 3.900359293137589134e+02 3.881168212967701834e+02 3.849034942167305076e+02 3.459451197394207043e+02 3.223970362146143884e+02 3.046066439424623695e+02 3.015901636912554409e+02 2.991393733020254331e+02 2.825120165603139526e+02 2.977688580449278675e+02 2.943261400849244751e+02 2.800000004319666687e+02 3.331843170286847453e+02
8.889679362504219171e+03 3.947451292811314829e+02 3.942981311514375875e+02 3.881064148418154787e+02 3.877688844552263276e+02 3.865102570237443729e+02 3.616198494431245081e+02 3.581289719511929093e+02 3.261547620690644749e+02 3.174395127906824996e+02 3.136947374113932483e+02 2.847981093322756578e+02 3.054067213785756394e+02 3.032615886880018365e+02 2.800000015002006535e+02 3.266113935278857525e+02
8.939679362504219171e+03 3.947285945690111930e+02 3.942773720292163944e+02 3.878975799961717144e+02 3.872409229073549000e+02 3.868644742033016541e+02 3.744456388883736508e+02 3.303340200416583343e+02 3.109955588396684334e+02 3.086623712289802484e+02 3.064564461401354833e+02 2.839593687374199362e+02 3.008525965988020516e+02 2.990444058048294664e+02 2.800000013414319255e+02 3.151419239510372563e+02
8.989679362504219171e+03 3.946997087161382183e+02 3.942454812780936209e+02 3.876703482614243512e+02 3.874477799116784240e+02 3.859004040951788852e+02 3.781014372439209410e+02 3.391484609107484403e+02 3.179713433436742207e+02 3.151636885714548271e+02 3.127914244304124622e+02 2.850375310181466375e+02 3.042414337301545970e+02 3.035057704858853072e+02 2.800000018977895024e+02 2.941796971465717547e+02
9.039679362504219171e+03 3.946804468764899525e+02 3.942247370011055523e+02 3.870788157227688089e+02 3.869256473892204440e+02 3.861592819440711537e+02 3.808545857276291144e+02 3.450882292840046830e+02 3.243955724004576382e+02 3.220833918545741312e+02 3.194782605585810984e+02 2.863311383999403006e+02 3.079879147190933963e+02 3.085132911819697483e+02 2.800000022624918756e+02 2.959944272313500733e+02
9.089679362504219171e+03 3.946642982178977945e+02 3.942113484468085858e+02 3.867449583274654970e+02 3.865517420797301611e+02 3.858411456619178921e+02 3.821689568704246653e+02 3.505414951096189498e+02 3.294452387470385020e+02 3.275717474591194787e+02 3.253716398296283501e+02 2.879404862271843513e+02 3.123908132926976009e+02 3.135317148075272939e+02 2.800000023300074190e+02 3.002692443330564060e+02
9.139679362504219171e+03 3.946393170970628717e+02 3.941813454777148422e+02 3.866312701353747912e+02 3.862827372089091114e+02 3.850680275907879491e+02 3.823496458706014778e+02 3.556239697348348727e+02 3.351330933483532135e+02 3.330951232614000901e+02 3.309125652035118037e+02 2.894006181250590544e+02 3.192666229178870481e+02 3.198345262538445013e+02 2.800000027702948842e+02 3.025839671229791179e+02
9.189679362504219171e+03 3.946205870833073277e+02 3.941676336864484256e+02 3.853567728976995568e+02 3.852609512533866223e+02 3.840442539021550488e+02 3.815833453965967692e+02 3.551445659535736468e+02 3.373645009979152860e+02 3.362728054783353286e+02 3.345062544426189675e+02 2.901813333373547721e+02 3.222270225843776075e+02 3.231949336649936981e+02 2.800000027364480388e+02 3.031585699645079330e+02
9.239679362504219171e+03 3.945979857442442267e+02 3.941463022487796479e+02 3.844714100788333440e+02 3.841420003503826592e+02 3.830145119009484915e+02 3.808648272814595543e+02 3.569811748949703656e+02 3.389809532882969734e+02 3.378551060422075238e+02 3.364754841168671646e+02 2.906013286801381241e+02 3.247502576348841217e+02 3.256296269151990828e+02 2.800000029427068853e+02 3.054235363213462051e+02
9.289679362504219171e+03 3.945847410059975573e+02 3.941297721145292599e+02 3.833250437638254198e+02 3.829843173629619173e+02 3.819740680576253453e+02 3.797951601962150221e+02 3.573105370654913031e+02 3.397021663268301950e+02 3.386321555134870209e+02 3.372367087425188288e+02 2.909467403828998613e+02 3.248291060662610903e+02 3.267023888199838098e+02 2.800000029381483841e+02 3.066793270416332575e+02
9.339679362504219171e+03 3.945609015155375801e+02 3.941059254072644080e+02 3.827661679754892816e+02 3.824358339417387924e+02 3.813172238772450555e+02 3.787742346248244303e+02 3.577451740697624132e+02 3.406350622905794125e+02 3.397769608450986993e+02 3.385826596184523964e+02 2.919348712084640738e+02 3.256588840692798499e+02 3.278000167289255842e+02 2.800000037632162275e+02 3.083556421627971531e+02
9.389679362504219171e+03 3.945234119611412780e+02 3.940756680671701702e+02 3.822093438316318270e+02 3.818051189807002856e+02 3.804099735039206394e+02 3.773710943910607511e+02 3.582084895112258209e+02 3.413055850734959904e+02 3.404570792566659634e+02 3.391606863537318759e+02 2.920884405279683733e+02 3.261798321320626997e+02 3.283170928038970828e+02 2.800000036632728211e+02 3.092477540291060905e+02
9.439679362504219171e+03 3.945144738160979614e+02 3.940653701668539952e+02 3.801406199935060499e+02 3.796766897366835565e+02 3.792201153002768024e+02 3.757871202862677933e+02 3.564725683342264233e+02 3.402454469551434499e+02 3.394906264168080270e+02 3.386522944405316480e+02 2.921275866687723806e+02 3.263289295878045664e+02 3.285987349734634790e+02 2.800000036924798792e+02 3.093483523554543808e+02
9.489679362504219171e+03 3.945157596419949186e+02 3.940663343484585539e+02 3.794872713770403152e+02 3.786149942760944782e+02 3.855197694812097211e+02 3.843828594237637049e+02 3.716084123911900861e+02 3.562232144260605651e+02 3.541753381255304589e+02 3.527031941448587418e+02 2.968459648793594283e+02 3.351015956801349489e+02 3.367835875831844419e+02 2.800000051808154353e+02 3.194094172962784910e+02
9.539679362504219171e+03 3.985558543113713768e+02 3.985362271014354860e+02 3.975958878541549097e+02 3.978462712496133236e+02 3.958087794006610238e+02 3.956632189880882038e+02 3.957274778463341818e+02 3.951539970199921186e+02 3.941762348536273066e+02 3.924964784961578061e+02 3.199992764972113832e+02 3.880245859187853057e+02 3.871790163759632719e+02 2.819191798652402099e+02 3.510610870438729307e+02
9.589679362504219171e+03 3.936603088788872356e+02 3.924532313799146550e+02 3.858960429189980346e+02 3.902538142511307342e+02 3.904806175229310838e+02 3.884742263792002177e+02 3.742365899062704671e+02 3.759336448428168751e+02 3.727702000263072932e+02 3.751182190446719460e+02 3.054601727241425237e+02 3.685956669030550188e+02 3.663315023006185811e+02 2.799919895947689383e+02 3.384666740510773479e+02
9.639679362504219171e+03 3.867533783193729278e+02 3.760743331359330455e+02 2.870748171453144550e+02 3.572640953468887801e+02 3.543481696823204743e+02 3.471789704687027438e+02 3.291443763096079920e+02 3.271732945685074583e+02 3.283673206681565944e+02 3.289173637699573760e+02 2.913086715756587637e+02 3.241474924077077731e+02 3.244456681215513640e+02 2.800000029555750416e+02 3.034485184917676293e+02
9.689679362504219171e+03 3.904013100908871934e+02 3.859569538715190902e+02 3.032410739050233701e+02 3.793812240066891377e+02 3.798284144332926076e+02 3.788086758861744556e+02 3.755179810082304357e+02 3.687458463870443666e+02 3.620227736209802174e+02 3.624709550923128063e+02 3.026517472712397421e+02 3.377646053693211456e+02 3.387843745370812485e+02 2.800000023054724352e+02 3.278058003840162087e+02
9.739679362504219171e+03 3.872795110274336139e+02 3.804597970970439746e+02 2.835153445192782442e+02 3.705702360202324144e+02 3.710460468298256842e+02 3.677305232301762317e+02 3.398048530815941035e+02 3.376848296529814206e+02 3.403901671980554511e+02 3.407293285335953783e+02 2.942441097771589966e+02 3.312570203177764938e+02 3.327609955886767352e+02 2.800000016802559912e+02 3.128785570403674114e+02
9.789679362504219171e+03 3.917123597034030809e+02 3.859951881741534407e+02 2.865281728006931417e+02 3.724859162426367334e+02 3.787074136295023550e+02 3.764123787388602977e+02 3.628335261698630347e+02 3.492699569518511566e+02 3.462812469225975747e+02 3.432341188132741081e+02 2.932178553254904614e+02 3.322408948158482644e+02 3.337607920910951975e+02 2.800000010059745819e+02 3.162608777954580432e+02
9.839679362504219171e+03 3.913344546682345140e+02 3.841780804104142817e+02 2.983422109522610981e+02 3.697925932151524648e+02 3.770578313965702364e+02 3.743990095304114902e+02 3.564928974335168164e+02 3.486288260360960294e+02 3.490172009866379881e+02 3.496323226269880138e+02 2.987354882955457924e+02 3.365153200502930986e+02 3.368626103827958218e+02 2.800000010276530134e+02 3.203433986148308463e+02
9.889679362504219171e+03 3.912324782317755876e+02 3.869273813903374162e+02 2.842106956127843773e+02 3.683148975451881597e+02 3.828855746044568491e+02 3.803623151374770259e+02 3.582668924695454962e+02 3.490250005975916565e+02 3.488530525146607602e+02 3.466056768895974187e+02 2.957358597333397370e+02 3.333309380902601333e+02 3.346933893644959426e+02 2.800000007557346180e+02 3.176479558601453164e+02
9.939679362504219171e+03 3.922033864940614194e+02 3.865432658917656568e+02 2.877431064678059442e+02 3.489280425730206048e+02 3.824340344799476270e+02 3.803234656099223230e+02 3.572957251353996639e+02 3.454682415159422249e+02 3.446337795330935592e+02 3.454104571225587961e+02 2.967717351529408916e+02 3.337695486840975718e+02 3.356108272768098573e+02 2.800000007709458032e+02 3.177294208834306346e+02
9.989679362504219171e+03 3.924926171721846799e+02 3.868069453376497790e+02 2.817277475248241672e+02 3.376483522113531990e+02 3.821928156567748260e+02 3.802314074721273300e+02 3.606808794528062663e+02 3.471398260891775749e+02 3.438667608644078655e+02 3.422261824933313505e+02 2.949940221428852283e+02 3.328608462783878394e+02 3.344243216663063549e+02 2.800000006409238154e+02 3.157018733965820161e+02
1.003967936250421917e+04 3.924846251503431631e+02 3.872636094021818280e+02 2.799282791274391116e+02 3.403442163120486157e+02 3.828861939805785255e+02 3.810638802225523705e+02 3.582293231354324803e+02 3.481148404054239904e+02 3.467266238914256178e+02 3.451239797443367934e+02 2.958070992324518897e+02 3.345837325205197885e+02 3.362033706728800553e+02 2.800000006769048468e+02 3.170214450095299981e+02
1.008967936250421917e+04 3.922487518841294332e+02 3.870232521046033298e+02 2.799547193085996923e+02 3.342500273409578426e+02 3.832497754488597934e+02 3.814769627783431929e+02 3.568823044832374762e+02 3.471560676389797209e+02 3.471456703707860356e+02 3.450999510015732881e+02 2.964535579761502504e+02 3.314722832311932166e+02 3.335187419874475268e+02 2.800000006777631825e+02 3.149932003763437365e+02
1.013967936250421917e+04 3.923658073880294523e+02 3.881354512682565883e+02 2.923335098547285611e+02 3.530444516265114316e+02 3.836088175821211621e+02 3.815565757818868065e+02 3.629568894010935765e+02 3.527102084115942375e+02 3.503190249167502657e+02 3.509205871808060806e+02 2.995661419230008846e+02 3.381158161628165431e+02 3.392988641093361366e+02 2.800000008314017919e+02 3.226841697699074416e+02
1.018967936250421917e+04 3.924610474242890064e+02 3.889880129945908607e+02 2.912496730200610955e+02 3.476055894394597203e+02 3.828371574735998593e+02 3.819213475669243962e+02 3.689918470304756397e+02 3.601856898271410614e+02 3.562932210966715729e+02 3.543981192056087934e+02 2.982587305545613390e+02 3.394423670350256543e+02 3.397946570503301018e+02 2.800000006619262649e+02 3.253928899903393699e+02
1.023967936250421917e+04 3.894020394724985294e+02 3.831605419723496766e+02 2.891215592167126260e+02 3.621952081500215286e+02 3.775766279250722164e+02 3.747476812636991212e+02 3.614063151334978556e+02 3.527407153243692051e+02 3.510169022389285374e+02 3.506530183427952920e+02 3.023057857178393988e+02 3.386477829904861210e+02 3.398915403043365586e+02 2.800000021117607503e+02 3.212390581344692464e+02
1.028967936250421917e+04 3.912298231546573675e+02 3.823411101380634136e+02 2.854610384123955669e+02 3.622148466062117222e+02 3.710041132082301942e+02 3.673476416897720469e+02 3.465235730437145776e+02 3.575811187589560518e+02 3.445838220274381456e+02 3.430129699515243260e+02 2.964084741233671707e+02 3.389896587441834868e+02 3.399969695969480767e+02 2.800000010890818203e+02 3.212094050511657315e+02
1.033967936250421917e+04 4.121530355441632878e+02 3.916035844402300654e+02 3.613778950442713835e+02 4.184901150876965517e+02 4.070637568948180274e+02 4.120023079724635977e+02 4.128577991538011815e+02 4.084125064736496142e+02 4.075004686870791488e+02 4.084019082282003978e+02 3.385137655395877800e+02 4.088267487070971811e+02 4.095979072385017048e+02 2.951233232150341337e+02 2.948204262217640235e+02
1.038967936250421917e+04 4.019230038544903323e+02 4.034115000300258771e+02 4.033116910459825704e+02 4.033145273860593534e+02 4.022733025585944233e+02 4.022575377576765163e+02 4.138088146077373040e+02 4.080567191601796821e+02 4.019718758057421724e+02 4.018600550342087558e+02 3.269544564374386368e+02 4.016034169110646417e+02 4.071409891520199835e+02 4.012957127961028050e+02 4.052530808840990630e+02
1.043967936250421917e+04 3.693260887280811176e+02 3.699762833518011576e+02 3.304170010312296313e+02 3.866331282975385193e+02 3.865486100449963942e+02 3.865843542171578520e+02 3.979736422159464269e+02 3.870852112551025925e+02 3.865029457113126909e+02 3.850712582912956918e+02 3.143530115045865045e+02 3.857587440301616653e+02 3.859233866145146408e+02 3.860023519485060888e+02 3.859731939795113931e+02
1.048967936250421917e+04 3.767166412480990516e+02 3.774511889165313505e+02 3.023967172353699198e+02 3.909293223905908121e+02 3.900295492203056824e+02 3.895495503983595995e+02 3.958209041026083810e+02 3.883532618474067135e+02 3.878220183388274904e+02 3.877634608016251718e+02 3.085438253095395567e+02 3.872884748935113635e+02 3.874723305569719969e+02 3.870078601394224052e+02 3.863938350062710470e+02
1.053967936250421917e+04 3.792921833437328019e+02 3.790356073873567766e+02 2.846278962432980961e+02 3.865789911914088179e+02 3.867656909342024960e+02 3.869836928184354861e+02 3.959137955181111010e+02 3.878692276996896453e+02 3.861413443289413294e+02 3.860900670008483644e+02 3.067286444784213586e+02 3.864161357541862571e+02 3.869629582757378330e+02 3.866491760591558773e+02 3.866598686071983479e+02
1.058967936250421917e+04 3.827166395490135642e+02 3.808322468681831765e+02 2.832553942740598814e+02 3.829154081938957006e+02 3.830007005229336983e+02 3.830473224233063547e+02 3.830688748861056183e+02 3.831208133136059928e+02 3.831068148069534800e+02 3.832716997290351628e+02 3.062902547352381930e+02 3.838262000344838043e+02 3.838679492954604484e+02 3.840464279889376371e+02 3.849155069690893356e+02
1.063343194675421910e+04 3.928554664659505420e+02 3.921335649701665034e+02 2.895545707560954725e+02 3.808119625978652039e+02 3.810488182556250649e+02 3.815153966460782158e+02 3.815447797950884592e+02 3.816122198099278080e+02 3.814927851558389875e+02 3.817789915520799582e+02 3.078375349104774159e+02 3.825941891580460492e+02 3.825137643719480138e+02 3.824646152085950916e+02 3.838513572954770439e+02
1.063344444675421983e+04 3.813796251681692979e+02 3.806390439163623114e+02 3.771174451630276963e+02 3.792956390074427873e+02 3.796907552138215465e+02 3.800524848213839277e+02 3.801366360528772361e+02 3.801970632102375589e+02 3.800806895851549712e+02 3.795630659989309947e+02 3.497594995526215484e+02 3.814368853752489485e+02 3.813998863254022922e+02 3.815778547166489716e+02 3.828100812090155500e+02
1.063354444675422019e+04 3.882239023520862702e+02 3.853920283219280236e+02 3.372616833908809895e+02 3.816033712424290343e+02 3.813234760494403872e+02 3.814658890134789431e+02 3.815254415067327045e+02 3.813948466190743147e+02 3.811583199694912309e+02 3.810060384677977936e+02 3.551589852583969673e+02 3.824213594045098716e+02 3.830705478820415806e+02 3.843505101623282485e+02 3.866612509683345138e+02
1.068380279757354765e+04 3.815943909300892187e+02 3.805632452611361032e+02 2.799245790205030744e+02 3.812924543274113489e+02 3.814700372612721821e+02 3.813756311459732729e+02 3.812725855622843483e+02 3.812558004110567254e+02 3.808639677591677923e+02 3.808378429652440786e+02 3.064333366916181944e+02 3.809192329847664951e+02 3.828938392347570243e+02 3.806393358472276987e+02 3.806999434118010299e+02
1.073508109924219389e+04 3.827200445894902714e+02 3.815678221065191451e+02 2.831592969639028183e+02 3.803296653312596618e+02 3.802647278524955823e+02 3.801987405610116753e+02 3.801813406105186459e+02 3.802971784160422999e+02 3.800647422982158332e+02 3.800362421219476232e+02 3.050429528816208062e+02 3.802602135231141460e+02 3.823514389295691558e+02 3.799686769839934755e+02 3.800348682625854622e+02
1.078508109924219389e+04 3.854970177866778727e+02 3.788873791436155898e+02 3.746256905753654678e+02 3.762909004068388299e+02 3.763008893898210658e+02 3.761337426121347107e+02 3.759994282736579407e+02 3.760880635618826204e+02 3.759128290573635809e+02 3.758040938525359707e+02 3.038271665242699555e+02 3.764867286213943771e+02 3.784428472965888659e+02 3.755220848946117371e+02 3.754756421905046295e+02
1.083508109924219389e+04 3.817719403406302376e+02 3.788570760371282518e+02 3.729366638819961963e+02 3.756174766222983408e+02 3.758149471063662759e+02 3.758611692600015317e+02 3.758742237451922392e+02 3.758670698104849635e+02 3.755877855621407093e+02 3.755135171333556059e+02 3.055177633416611798e+02 3.760778920029999313e+02 3.780493402881590441e+02 3.752505335751678217e+02 3.752327711362881359e+02
1.088508109924219389e+04 3.867107073672614206e+02 3.840967998979942877e+02 3.777330237388915748e+02 3.757676632904962162e+02 3.756845178508392564e+02 3.755808103105457008e+02 3.753818057480899597e+02 3.751484996344618708e+02 3.749716349910549411e+02 3.748994494761951728e+02 3.026471225308580983e+02 3.750469393494908559e+02 3.775879776502437153e+02 3.745538369710459392e+02 3.745579462319414574e+02
1.093508109924219389e+04 3.897324884451230105e+02 3.856166373052972745e+02 3.826156638649192701e+02 3.758591422903452326e+02 3.751837246529744334e+02 3.751374099302814784e+02 3.750265942202181009e+02 3.747814240868819411e+02 3.744585618434144862e+02 3.743133386061301735e+02 3.063232854413973314e+02 3.745703677818807478e+02 3.767298072416884906e+02 3.741314188120925337e+02 3.740713840251546003e+02
1.097504444674924889e+04 3.910797667790025116e+02 3.875207872972317773e+02 3.850950851598264535e+02 3.768922469638425241e+02 3.760439068921324974e+02 3.753833700309097594e+02 3.749892967807735431e+02 3.746116033104952407e+02 3.743094932105296948e+02 3.741487582164883747e+02 3.034439143497534133e+02 3.740634551544142141e+02 3.763718500133940665e+02 3.738194990445988992e+02 3.737939119330251287e+02
1.097514444674924925e+04 3.910092129076167566e+02 3.875591724397538655e+02 3.851062440450962754e+02 3.768933133647790328e+02 3.760824636919271029e+02 3.754185463540967476e+02 3.750029112623425362e+02 3.746113560110899243e+02 3.743123169319046610e+02 3.741527205278951556e+02 3.036876147266484054e+02 3.740517406302912491e+02 3.763685714967625131e+02 3.738165316161626492e+02 3.737941371042085166e+02
1.127297416302726197e+04 3.918266201105411142e+02 3.912728208230561791e+02 3.901658230448157383e+02 3.886430966818611523e+02 3.874230993373903971e+02 3.859947644191450422e+02 3.766436707546338312e+02 3.739208249378264668e+02 3.739832812337481300e+02 3.731281279809034572e+02 3.057264990433070579e+02 3.730948109014925649e+02 3.754583585232356882e+02 3.732716267862175528e+02 3.732446649218802577e+02
1.127298666302726269e+04 3.894124024386665610e+02 3.893207864185222320e+02 3.880502962227088801e+02 3.873353776962339907e+02 3.858596807549621417e+02 3.831656581676440965e+02 3.752738583507841099e+02 3.731413970575786152e+02 3.730887152660183119e+02 3.723171589889839197e+02 3.159086029860024496e+02 3.724502863498524903e+02 3.747212309374922938e+02 3.726307055536894381e+02 3.728741497452361955e+02
1.127308666302726306e+04 3.920239619869867624e+02 3.906168184913628920e+02 3.893054627717041285e+02 3.879146855113667129e+02 3.862050945335543588e+02 3.828871502319855153e+02 3.755080558057464941e+02 3.737288719155170611e+02 3.735661318023452964e+02 3.729890763697305829e+02 3.324627999438760071e+02 3.728306628989564047e+02 3.746037891134953952e+02 3.733592082312558773e+02 3.743825323428993102e+02
1.197873593060527492e+04 3.902555746841655946e+02 3.890181974247711878e+02 3.884170600696255633e+02 3.858260159827902953e+02 3.824250188366427778e+02 3.783454481047626814e+02 3.765463493474671282e+02 3.716560852406571485e+02 3.704765220087804778e+02 3.702460772342971040e+02 3.122847715540340801e+02 3.698808712557239460e+02 3.701886056624211960e+02 3.701640609973488836e+02 3.701174177557559233e+02
1.287873593060527492e+04 3.871748304085735413e+02 3.869171093326025357e+02 3.855563087560638564e+02 3.836772036797244709e+02 3.805308903960324187e+02 3.774621135737162376e+02 3.722803833685875361e+02 3.690611821260845886e+02 3.687119984929265684e+02 3.686201562578206676e+02 3.240594721218128029e+02 3.680259889482858284e+02 3.684520356555433978e+02 3.684405027546671931e+02 3.684020411972745705e+02
1.377873593060527492e+04 3.862911241066421439e+02 3.858386442896431276e+02 3.845541793159251824e+02 3.828154887565198692e+02 3.824124928318723846e+02 3.760230520082536714e+02 3.736631494448532180e+02 3.705142617983273112e+02 3.702306243086899258e+02 3.700135397048912864e+02 3.716012283923149084e+02 3.700350404078331508e+02 3.701920950606021847e+02 3.701879216365242087e+02 3.701503335166836450e+02
1.467873593060527492e+04 3.846375756771895453e+02 3.843043370484041361e+02 3.824651578875994460e+02 3.808364047477924146e+02 3.798660188711152159e+02 3.742006121613118239e+02 3.733479726307887745e+02 3.711922490857654680e+02 3.712709309749650401e+02 3.710393308193881694e+02 3.725879938879331803e+02 3.711324680632885133e+02 3.731675399557580590e+02 3.712245043049893525e+02 3.712062349936032888e+02
1.557873593060527492e+04 3.859753369757028167e+02 3.856608597175123236e+02 3.853734262803695287e+02 3.831985025369431241e+02 3.781331756817552332e+02 3.740149627317181853e+02 3.738482271746512993e+02 3.740204262489487519e+02 3.742468663477087034e+02 3.720984011881942024e+02 3.735476891026553972e+02 3.717786661234495682e+02 3.732873021861194616e+02 3.719354504354338360e+02 3.719078059719859652e+02
1.647873593060527492e+04 3.856586687656080699e+02 3.855970629922128978e+02 3.849207110100250588e+02 3.834766816804434484e+02 3.784320443362555011e+02 3.742474836792226824e+02 3.742325790836600845e+02 3.744215367532754044e+02 3.745450885058875770e+02 3.725463172046723344e+02 3.739339449193558380e+02 3.721866433660565008e+02 3.735860898877640466e+02 3.723115940558755597e+02 3.722892334236104830e+02
1.737873593060527492e+04 3.856579942084926529e+02 3.856526858905381800e+02 3.849783502835654190e+02 3.837027415026207109e+02 3.780666221178968840e+02 3.756830686439248552e+02 3.757572018555183604e+02 3.757620706140451148e+02 3.757755220966882348e+02 3.736248147388448615e+02 3.751178449516056617e+02 3.734812662040563396e+02 3.745618143118922490e+02 3.736255956773644016e+02 3.736101855377610832e+02
1.827873593060527492e+04 3.849643971455701603e+02 3.848762447520958290e+02 3.840417710205092021e+02 3.829443662324811157e+02 3.783009673648598437e+02 3.752659371886663848e+02 3.753107315140808282e+02 3.754458045693156691e+02 3.755962742358448168e+02 3.737259813060146030e+02 3.750918412799834414e+02 3.734855708128636138e+02 3.749779426734022536e+02 3.735471220396880767e+02 3.735248796908460349e+02
1.917873593060527492e+04 3.856410161790825555e+02 3.855966202819103614e+02 3.849586496719361435e+02 3.839557208188787740e+02 3.798890470737174496e+02 3.770733404404778639e+02 3.769499318442116191e+02 3.770618136784435137e+02 3.773108255079388869e+02 3.751585412118736258e+02 3.765170370928872217e+02 3.749418489227176678e+02 3.762008498487654720e+02 3.750222485449942837e+02 3.750017696227473607e+02
2.007873593060527492e+04 3.840840846367052563e+02 3.839279574490010418e+02 3.832124780543107363e+02 3.813456734139531363e+02 3.767356440445551584e+02 3.752542224019412629e+02 3.753246047520421484e+02 3.754044383218258076e+02 3.754600491879854758e+02 3.741096339739526684e+02 3.755667648609907019e+02 3.738803931083142515e+02 3.751603519969599461e+02 3.738199701107837427e+02 3.738274653306058894e+02
2.097873593060527492e+04 3.832614572983674179e+02 3.821378980161225059e+02 3.799066411152075489e+02 3.761007258969887062e+02 3.759108888961539492e+02 3.749788775032985768e+02 3.750518733796723154e+02 3.750207619690297633e+02 3.750454900358557211e+02 3.736377784118917589e+02 3.751745911306518906e+02 3.735310440505328415e+02 3.752188677050914976e+02 3.734880436223719471e+02 3.734767885856475118e+02
2.187873593060527492e+04 3.830909389257532212e+02 3.811706422927605900e+02 3.793820016154143104e+02 3.753733577576725793e+02 3.750095122293698751e+02 3.749743372488603086e+02 3.750490531337618449e+02 3.750622122255964541e+02 3.753218652410033656e+02 3.738147606873918676e+02 3.751408364267143156e+02 3.733509245018921092e+02 3.751859613866549239e+02 3.734315868076292304e+02 3.734039422593518225e+02
2.277873593060527492e+04 3.834652599797009316e+02 3.806394252326613810e+02 3.797111665408459089e+02 3.754679851066851484e+02 3.746521495001854873e+02 3.746349465722420859e+02 3.746736257431378476e+02 3.745941587571621767e+02 3.747992118800475509e+02 3.735806663259039055e+02 3.749036169582809634e+02 3.731432345350770561e+02 3.749929243187730208e+02 3.731957534181289589e+02 3.731478505371991332e+02
2.368335026738495799e+04 3.885136051340086283e+02 3.854326631777311150e+02 3.838380533890243100e+02 3.799804753125293360e+02 3.797856522273650057e+02 3.796732419948021402e+02 3.795807348843742943e+02 3.793673088931383290e+02 3.796470260933997452e+02 3.784211312224455810e+02 3.798355476841410905e+02 3.782113075558588662e+02 3.801853205688983053e+02 3.781358897848642755e+02 3.781028631455993718e+02
2.458335026738495799e+04 3.850342504093774778e+02 3.845697129263361376e+02 3.860492496439533170e+02 3.813326233515235799e+02 3.762653444382243606e+02 3.744787848980433296e+02 3.738837916976703468e+02 3.733877608245964552e+02 3.732482512440743676e+02 3.732515159861159759e+02 3.749276190022122250e+02 3.725994650369990495e+02 3.757954068726031096e+02 3.724953006751959492e+02 3.724822744397308156e+02
2.506335026738495799e+04 3.876485529901347036e+02 3.844368852987751666e+02 3.827025796085530942e+02 3.740117400738217270e+02 3.728746231610739414e+02 3.730292598157187172e+02 3.731910202062844633e+02 3.725265205317002142e+02 3.722992117726369088e+02 3.721121378692201347e+02 3.734597555936596223e+02 3.703663211824877521e+02 3.745805220568061031e+02 3.705217113614064601e+02 3.704773396708336577e+02
