TIME T_sat_Ch1_mesh1 T_sat_Ch1_mesh2 T_sat_Ch1_mesh3 T_sat_Ch1_mesh4 T_sat_Ch1_mesh5 T_sat_Ch1_mesh6 T_sat_Ch1_mesh7 T_sat_Ch1_mesh8 T_sat_Ch1_mesh9 T_sat_Ch1_mesh10 T_sat_Ch1_mesh11 T_sat_Ch1_mesh12 T_sat_Ch1_mesh13 T_sat_Ch1_mesh14 T_sat_Ch1_mesh15 
0.000000000000000000e+00 6.201577508435348136e+02 6.201154560771565230e+02 6.200256869340228150e+02 6.199272356863775713e+02 6.198868697618241868e+02 6.197896829874275682e+02 6.196917704582767783e+02 6.195906865304851863e+02 6.195499869164539177e+02 6.194500745966395243e+02 6.193493758701907836e+02 6.192453401632849364e+02 6.192041922614075702e+02 6.190987716049615983e+02 6.190346507473204838e+02
5.000040000000043960e+01 5.655657303912021234e+02 5.655484438445795377e+02 5.655251756647177217e+02 5.655023061160770794e+02 5.654819899664678360e+02 5.654602260821404798e+02 5.654388974095346612e+02 5.654178251551846870e+02 5.653994469140779984e+02 5.653791210361822550e+02 5.653591106453867496e+02 5.653392408206553910e+02 5.653223427947303890e+02 5.653025184475598053e+02 5.652881741013452483e+02
1.000003999999985922e+02 5.616143792870781226e+02 5.615966948480480596e+02 5.615782274693228828e+02 5.615680984810064729e+02 5.615611089044084565e+02 5.615561686934223644e+02 5.615521523681594545e+02 5.615483618969251438e+02 5.615444062498711446e+02 5.615403096357197228e+02 5.615365488048034877e+02 5.615325484183741764e+02 5.615289130026070552e+02 5.615229521895626021e+02 5.615187239412701956e+02
1.502405034099261059e+02 5.523658944436841693e+02 5.523472679576320843e+02 5.523236083174133455e+02 5.523033266966192514e+02 5.522852603204464685e+02 5.522688602997454836e+02 5.522539706279727625e+02 5.522403685919599639e+02 5.522276944849320444e+02 5.522158014080969224e+02 5.522046634419884867e+02 5.521942901691151064e+02 5.521845118255522493e+02 5.521745325787062484e+02 5.521636210108964633e+02
2.004200391960640388e+02 5.297451741190061512e+02 5.297229891662141199e+02 5.296941927917996509e+02 5.296701729495367772e+02 5.296490796355474231e+02 5.296301604570612653e+02 5.296130164706560208e+02 5.295979075104025924e+02 5.295830704907633617e+02 5.295722590505313292e+02 5.295694140472214713e+02 5.295681828078777471e+02 5.295670656223252308e+02 5.295658618974450746e+02 5.295649349222638875e+02
2.553043625042201370e+02 4.638767128826984276e+02 4.638282524917798924e+02 4.637528385453634314e+02 4.637004786282226405e+02 4.636587878156760212e+02 4.636201691367636499e+02 4.635843819544644475e+02 4.635515327028737147e+02 4.635339461987674667e+02 4.635310614316488227e+02 4.635275413172120125e+02 4.635235476316106542e+02 4.635209541135993732e+02 4.635164915569880577e+02 4.635141713024214027e+02
3.053043625042201370e+02 4.470945665968587264e+02 4.469626109072271447e+02 4.467968643936711146e+02 4.466360350811972353e+02 4.464769235206275084e+02 4.463321047423448249e+02 4.462139369416287309e+02 4.461176546646538554e+02 4.460355636288704773e+02 4.459630475033790731e+02 4.458997575810581679e+02 4.458408173689508658e+02 4.457947116248029147e+02 4.457381969573370952e+02 4.456945406867398560e+02
3.553043625042201370e+02 4.512465661987720296e+02 4.511291137604379742e+02 4.509773483793492801e+02 4.508293217911796091e+02 4.506822625333996939e+02 4.505376420181153776e+02 4.504034259993076716e+02 4.502864953877646030e+02 4.501865762023597313e+02 4.500996104715531487e+02 4.500243570644050237e+02 4.499575283923704774e+02 4.499026747689614467e+02 4.498423927855218381e+02 4.497956060108733141e+02
4.053043625042201370e+02 4.516377594766011043e+02 4.515162446433535024e+02 4.513647677549703303e+02 4.512177147668741100e+02 4.510782195426260728e+02 4.509553920696296245e+02 4.508494607901968720e+02 4.507564134594088046e+02 4.506731356415205596e+02 4.505967611911351014e+02 4.505275965603548229e+02 4.504630564662800225e+02 4.504072630530337165e+02 4.503459316883528345e+02 4.502961465712145923e+02
4.553043625042201370e+02 4.552504345721704908e+02 4.551368695186320110e+02 4.549953573298723768e+02 4.548583288288143649e+02 4.547319633911910159e+02 4.546242689191199702e+02 4.545317216559938061e+02 4.544504996643743766e+02 4.543777766410929075e+02 4.543108822267528808e+02 4.542504064563124757e+02 4.541936498752222633e+02 4.541450865818799230e+02 4.540908878271708886e+02 4.540463056883356785e+02
5.053043625042201370e+02 4.557115358837064605e+02 4.555990311842004417e+02 4.554588722040724065e+02 4.553230685370051560e+02 4.551978384925980095e+02 4.550911372134652311e+02 4.549994682770204122e+02 4.549190495267421852e+02 4.548470324714184017e+02 4.547807818964867579e+02 4.547208528208076928e+02 4.546646313823841297e+02 4.546164405575779028e+02 4.545626765671738099e+02 4.545184621308866326e+02
5.553043625042200802e+02 4.556338594664294419e+02 4.555212910369801875e+02 4.553810529770041171e+02 4.552453241611199246e+02 4.551205386521427272e+02 4.550142334519869109e+02 4.549226583917395601e+02 4.548421822057406416e+02 4.547699828475106187e+02 4.547034908328590745e+02 4.546432723539831500e+02 4.545867599149073612e+02 4.545382234072134793e+02 4.544841192269769863e+02 4.544396613357944261e+02
6.053043625042200802e+02 4.554478371298782804e+02 4.553349204831088741e+02 4.551942500331817882e+02 4.550583216126543675e+02 4.549335093317324663e+02 4.548270130653061187e+02 4.547350911606068848e+02 4.546541882835520028e+02 4.545815120296520604e+02 4.545145254999129065e+02 4.544538003729820161e+02 4.543967963433429418e+02 4.543477563842762379e+02 4.542931385220773564e+02 4.542482996536490418e+02
6.591793625042200802e+02 4.551132627322985513e+02 4.549996510109731389e+02 4.548581117162052010e+02 4.547213296993674589e+02 4.545955972064911634e+02 4.544881266180540820e+02 4.543952610145994981e+02 4.543134561023077822e+02 4.542399171490295089e+02 4.541721122714509988e+02 4.541106023618962126e+02 4.540528617000297800e+02 4.540031150277621350e+02 4.539477697860523904e+02 4.539023897996265191e+02
7.091793625042200802e+02 4.547557541805983874e+02 4.546413770824270841e+02 4.544988797025082476e+02 4.543610866067784286e+02 4.542342040168063590e+02 4.541255559314320180e+02 4.540315787619118737e+02 4.539487286065397029e+02 4.538742028212460013e+02 4.538054698610458786e+02 4.537430765576207250e+02 4.536845094430693166e+02 4.536339773333335756e+02 4.535778256313722068e+02 4.535318467225896484e+02
7.591793625042200802e+02 4.543745109201371974e+02 4.542593099231044675e+02 4.541157810613815400e+02 4.539769736264790936e+02 4.538490615250673272e+02 4.537394076287113194e+02 4.536444820608292616e+02 4.535607409592859085e+02 4.534853728210529198e+02 4.534158446913172611e+02 4.533526998130637935e+02 4.532934221945426430e+02 4.532422282893761007e+02 4.531853811036879733e+02 4.531388792183075793e+02
8.091793625042200802e+02 4.531310784506577534e+02 4.530133261038151886e+02 4.528666050056527865e+02 4.527270788034766156e+02 4.526014513454227313e+02 4.524942761115521535e+02 4.524012743903443834e+02 4.523191141249899374e+02 4.522450255246025108e+02 4.521764923391069715e+02 4.521142496274489986e+02 4.520556339763856499e+02 4.520051972143497778e+02 4.519487956904279145e+02 4.519024696590599888e+02
8.591793625042200802e+02 4.511635652243398340e+02 4.510416066714341810e+02 4.508895159737894005e+02 4.507461967118054531e+02 4.506186446484989006e+02 4.505099691544601228e+02 4.504156731551015582e+02 4.503323858035038256e+02 4.502572793949924517e+02 4.501877467315958370e+02 4.501246146228607472e+02 4.500651147046461347e+02 4.500140090894130935e+02 4.499566511758532101e+02 4.499094974037221277e+02
9.091793625042200802e+02 4.488960581675119670e+02 4.487691931656111706e+02 4.486107964113595585e+02 4.484665314812597217e+02 4.483427551677821157e+02 4.482365898204891437e+02 4.481437837996620033e+02 4.480614171095019174e+02 4.479868070888256284e+02 4.479173893517312308e+02 4.478543408742584688e+02 4.477945706440015670e+02 4.477435370120257403e+02 4.476857061291262880e+02 4.476378798768453748e+02
9.591793625042200802e+02 4.468703221473151643e+02 4.467385260400071161e+02 4.465738668639837670e+02 4.464250228116530366e+02 4.462983842306504130e+02 4.461895909416057293e+02 4.460943774192348315e+02 4.460097963304008886e+02 4.459331287772106407e+02 4.458617298781244926e+02 4.457968750042061856e+02 4.457353344371065873e+02 4.456828392875271447e+02 4.456232210292259879e+02 4.455739503741677936e+02
1.009179362504220080e+03 4.450351505991129670e+02 4.448985800063315992e+02 4.447278923420957426e+02 4.445744190912509453e+02 4.444446588202587805e+02 4.443331259661719628e+02 4.442354670304463298e+02 4.441486732540645903e+02 4.440699638899844217e+02 4.439966154759521828e+02 4.439299931537481712e+02 4.438667146473774778e+02 4.438127886264133508e+02 4.437514280818425050e+02 4.437007426187456076e+02
1.059179362504220080e+03 4.429772450876803305e+02 4.428347622198897966e+02 4.426608182247629202e+02 4.425108882269119022e+02 4.423859343141276668e+02 4.422776648243116142e+02 4.421825459483706595e+02 4.420977184307498646e+02 4.420206490113933455e+02 4.419484535475028792e+02 4.418831485885531833e+02 4.418205514478650571e+02 4.417679994117181650e+02 4.417072892804716844e+02 4.416567341950420200e+02
1.109179362504220080e+03 4.405725651825979412e+02 4.404236369314955937e+02 4.402404525408733207e+02 4.400816674371356498e+02 4.399497303589022295e+02 4.398360133369054097e+02 4.397364277014416984e+02 4.396478005161574742e+02 4.395673818177612020e+02 4.394921763354429913e+02 4.394240869695330503e+02 4.393590259715655293e+02 4.393041008976052808e+02 4.392407556980072059e+02 4.391888921018364726e+02
1.159179362504220080e+03 4.382101583597104764e+02 4.380539933896953926e+02 4.378642264756680333e+02 4.377025716092879861e+02 4.375684954917659297e+02 4.374526958296216890e+02 4.373512266199007854e+02 4.372608328763818122e+02 4.371788300565481222e+02 4.371019632671059867e+02 4.370325977878378580e+02 4.369659922586060929e+02 4.369102540710889002e+02 4.368456011093912821e+02 4.367923707483979570e+02
1.209179362504220080e+03 4.354634957163789295e+02 4.352987202529392334e+02 4.350996658262301935e+02 4.349314094903825776e+02 4.347916652377958826e+02 4.346708645756083911e+02 4.345649281588775352e+02 4.344704891058042335e+02 4.343848513676182392e+02 4.343045031603729740e+02 4.342320626270985713e+02 4.341623815594782627e+02 4.341043344674475293e+02 4.340365269445910030e+02 4.339809527347983931e+02
1.259179362504220080e+03 4.337154843228259438e+02 4.335434951530741046e+02 4.333372027278544465e+02 4.331643143500421047e+02 4.330217378408010518e+02 4.328988609148333921e+02 4.327914773487459001e+02 4.326959104711166901e+02 4.326094082118479491e+02 4.325282058191695569e+02 4.324551829021016260e+02 4.323847873628957927e+02 4.323264028742665914e+02 4.322579521680184484e+02 4.322014488085151243e+02
1.309179362504220080e+03 4.321443376182439806e+02 4.319667048739258348e+02 4.317492741949386073e+02 4.315626985108289659e+02 4.314087064104076035e+02 4.312762987966399919e+02 4.311605293191228157e+02 4.310575397534474860e+02 4.309641976729071757e+02 4.308768628821694620e+02 4.307978160559343905e+02 4.307221872047235252e+02 4.306585913617670371e+02 4.305847846386272977e+02 4.305239109876680459e+02
1.359179362504220080e+03 4.311221995217995868e+02 4.309394743518926703e+02 4.307110648003475148e+02 4.305023543606526459e+02 4.303236050114355749e+02 4.301710394861431723e+02 4.300384162289195729e+02 4.299212121510574320e+02 4.298156699151667226e+02 4.297177174206087216e+02 4.296290375517043572e+02 4.295451009458097360e+02 4.294739003410908253e+02 4.293927590860906776e+02 4.293270958186706139e+02
1.409179362504220080e+03 4.313718548621496893e+02 4.311918478222425506e+02 4.309654320395173954e+02 4.307677435050276813e+02 4.306072509527992338e+02 4.304709548390326290e+02 4.303524258130374847e+02 4.302473007168033519e+02 4.301520255074217403e+02 4.300629584355861539e+02 4.299823385447543842e+02 4.299050969073883834e+02 4.298399731112231166e+02 4.297645202207663715e+02 4.297023286105052762e+02
1.459179362504220080e+03 4.287494504086349139e+02 4.285563987603752594e+02 4.283181980063951642e+02 4.281104125526531448e+02 4.279400643213992339e+02 4.277954908594086874e+02 4.276701934255262927e+02 4.275594761626174432e+02 4.274597881206261718e+02 4.273668027172354300e+02 4.272831867086380271e+02 4.272031044195130107e+02 4.271364886556597753e+02 4.270587369753083635e+02 4.269947104583863506e+02
1.509179362504220080e+03 4.267870985239436550e+02 4.265868989614084512e+02 4.263432124147662989e+02 4.261358247612604373e+02 4.259655894178937956e+02 4.258197554166463306e+02 4.256926186432502277e+02 4.255797540067155751e+02 4.254778232370663318e+02 4.253823414433544485e+02 4.252968789623186581e+02 4.252142248679254521e+02 4.251463642441304955e+02 4.250666455723211925e+02 4.250006611969870960e+02
1.559179362504220080e+03 4.245770531984066452e+02 4.243601103020092751e+02 4.241110681245349383e+02 4.239077788954308517e+02 4.237419448875930357e+02 4.236008702694811632e+02 4.234788439731802328e+02 4.233712316112945473e+02 4.232741062789825719e+02 4.231833697031844963e+02 4.231027034604261416e+02 4.230242425430608364e+02 4.229623333225554234e+02 4.228844513246367569e+02 4.228214808422503665e+02
1.609179362504220080e+03 4.223752204627836022e+02 4.221572006909100310e+02 4.218960222831331635e+02 4.216797274304927328e+02 4.215016032393205023e+02 4.213482006409979022e+02 4.212140659835800420e+02 4.210945483620283198e+02 4.209865096273881591e+02 4.208849288155162753e+02 4.207937492599264715e+02 4.207054667367652883e+02 4.206328746341425813e+02 4.205467101953210545e+02 4.204753392449251237e+02
1.659179362504220080e+03 4.206350993046731901e+02 4.204100592011471917e+02 4.201296742851391741e+02 4.198879322054342538e+02 4.196892097782946394e+02 4.195193735493843405e+02 4.193716470225435273e+02 4.192405748838045270e+02 4.191225824776109903e+02 4.190122214514356074e+02 4.189129107190121317e+02 4.188177016415998537e+02 4.187387347800759017e+02 4.186458865121338704e+02 4.185708391277605074e+02
1.709179362504220080e+03 4.186610871051681215e+02 4.184185607227329911e+02 4.181342828076651585e+02 4.179007706958792596e+02 4.177100525921732697e+02 4.175472530567154763e+02 4.174054165173635056e+02 4.172796953013080383e+02 4.171662978337731715e+02 4.170598714340047763e+02 4.169648304889401516e+02 4.168725235043864359e+02 4.167973316721662513e+02 4.167074576517658784e+02 4.166326841557257126e+02
1.759179362504220080e+03 4.170188220402706634e+02 4.167743859224680705e+02 4.164705215795951290e+02 4.162110243939308702e+02 4.159997215759260598e+02 4.158200852570111579e+02 4.156644813691273725e+02 4.155268654947874438e+02 4.154032937573368258e+02 4.152877908786975922e+02 4.151849319114940045e+02 4.150852627863910129e+02 4.150044557788795601e+02 4.149081038836701509e+02 4.148280600544807726e+02
1.809179362504220080e+03 4.155455717162597011e+02 4.152912250646933217e+02 4.149728306102655324e+02 4.146973853894038484e+02 4.144734147855091919e+02 4.142839899568596138e+02 4.141204468987390328e+02 4.139759967266960530e+02 4.138459154418623029e+02 4.137244579384153553e+02 4.136145847563286679e+02 4.135091558879533409e+02 4.134210446027219064e+02 4.133162577861361342e+02 4.132314191789074584e+02
1.859179362504220080e+03 4.143314211922724439e+02 4.140702308363707971e+02 4.137447376551130560e+02 4.134699157340031093e+02 4.132464850975896979e+02 4.130546891774458231e+02 4.128893713355233217e+02 4.127428642496662405e+02 4.126118073754963689e+02 4.124889981079717245e+02 4.123806502045601974e+02 4.122748240559369606e+02 4.121906842115765812e+02 4.120889728512962051e+02 4.120060100096378051e+02
1.909179362504220080e+03 4.129765364385750672e+02 4.126974364746729407e+02 4.123499590138249005e+02 4.120321505391518144e+02 4.117648718498288645e+02 4.115429207696836329e+02 4.113532709898082658e+02 4.111876450177031188e+02 4.110397078484337499e+02 4.109026535696826272e+02 4.107789796643481282e+02 4.106613981127845250e+02 4.105631829325785134e+02 4.104476008111739134e+02 4.103570906632761535e+02
1.959179362504220080e+03 4.120779673729772981e+02 4.118125597224902776e+02 4.114665467444090723e+02 4.111535611641002674e+02 4.108862326094833861e+02 4.106627722477189764e+02 4.104720890605491945e+02 4.103048458391129998e+02 4.101548507083201685e+02 4.100160726566281255e+02 4.098911249893652666e+02 4.097719499475653606e+02 4.096721648904626250e+02 4.095560843264678397e+02 4.094626328507204676e+02
2.009179362504220080e+03 4.111595073618136666e+02 4.108666393159614927e+02 4.105036312606639513e+02 4.101812307592915658e+02 4.099173321193044330e+02 4.096980106306056655e+02 4.095099691706080876e+02 4.093445273343555755e+02 4.091956690060411006e+02 4.090572144078950032e+02 4.089314236167697914e+02 4.088113107631266985e+02 4.087098450269602381e+02 4.085899387823434381e+02 4.084937854787833658e+02
2.059179362504220080e+03 4.103874583266359082e+02 4.100856361977207030e+02 4.097150017303421805e+02 4.093950696447005839e+02 4.091384623917538761e+02 4.089196915638817131e+02 4.087298808843779625e+02 4.085636961749697775e+02 4.084139392380991467e+02 4.082739912475599340e+02 4.081492844281489170e+02 4.080290741092352391e+02 4.079301535051217797e+02 4.078135460257587397e+02 4.077198161623127817e+02
2.109179362504220080e+03 4.094216189817516351e+02 4.091150083723009629e+02 4.087260322517454938e+02 4.083412007694680597e+02 4.079594593768273398e+02 4.075758288049693192e+02 4.072238303768554601e+02 4.069259739951659753e+02 4.066808249442261740e+02 4.064632664099044064e+02 4.062698852994594745e+02 4.060941035322867947e+02 4.059465036286612758e+02 4.057795133817788837e+02 4.056588118812853736e+02
2.159179362504220080e+03 4.083951575568653425e+02 4.080943595928767991e+02 4.077079169320983283e+02 4.073293733170315249e+02 4.069825552414121148e+02 4.066898356945746400e+02 4.064405561503817808e+02 4.062244387770518301e+02 4.060336365068289979e+02 4.058606184374494319e+02 4.057030998101558339e+02 4.055544229523375748e+02 4.054284415691142840e+02 4.052828904975983733e+02 4.051712290620088766e+02
2.209179362504220080e+03 4.078082003497320329e+02 4.074912321946476368e+02 4.070961519540191489e+02 4.067156262559008155e+02 4.063779642147351865e+02 4.061033724568483194e+02 4.058736745021851107e+02 4.056757580809259593e+02 4.054997098691116548e+02 4.053386374602735032e+02 4.051944009121770591e+02 4.050573642478898364e+02 4.049428342609907077e+02 4.048114874426336200e+02 4.047054050166912020e+02
2.259179362504220080e+03 4.077893364278263562e+02 4.074824251503063124e+02 4.070914009071624378e+02 4.067138718511891398e+02 4.063781942346232086e+02 4.061069032026854870e+02 4.058798216007777455e+02 4.056832409580842409e+02 4.055072431290203099e+02 4.053454146117181836e+02 4.052000655071098549e+02 4.050617665689838418e+02 4.049455939096493466e+02 4.048125227811557352e+02 4.047051743184059660e+02
2.309179362504220080e+03 4.082946784279663461e+02 4.079812196529636594e+02 4.075900617254416147e+02 4.072505287861155807e+02 4.069814246084319507e+02 4.067555715401692851e+02 4.065591836249490711e+02 4.063843847472618336e+02 4.062290834981471335e+02 4.060852246633291998e+02 4.059575552370226319e+02 4.058326839983208174e+02 4.057321121186328128e+02 4.056149940234997757e+02 4.055183760639839647e+02
2.359179362504220080e+03 4.086876285910065008e+02 4.083751029200136031e+02 4.079878279867122615e+02 4.076425243343264242e+02 4.073625158807413982e+02 4.071310343644820477e+02 4.069334343446747653e+02 4.067617691628855709e+02 4.066087314232783001e+02 4.064673343248474566e+02 4.063418344531613116e+02 4.062212257357847989e+02 4.061226127597503819e+02 4.060070123781703160e+02 4.059105084073162288e+02
2.409179362504220080e+03 4.087795234398175808e+02 4.084680253729031278e+02 4.080814878804691261e+02 4.077446141288147032e+02 4.074773638816643029e+02 4.072557966280544974e+02 4.070658019698718135e+02 4.068995430325513212e+02 4.067500589249587506e+02 4.066107434547635648e+02 4.064870984301207386e+02 4.063664021769308192e+02 4.062672881641100844e+02 4.061518923156586425e+02 4.060565042960262190e+02
2.459179362504220080e+03 4.088875941574178228e+02 4.085764314425957764e+02 4.081905113879971623e+02 4.078369507627277244e+02 4.075429636451125361e+02 4.073013040504346804e+02 4.070946486298164473e+02 4.069149477931695742e+02 4.067540079742976786e+02 4.066052359547577453e+02 4.064712644087215381e+02 4.063433729000736321e+02 4.062363744700990651e+02 4.061113864470521548e+02 4.060115015203385838e+02
2.509179362504220080e+03 4.089667852271425090e+02 4.086577925877864459e+02 4.082721188545518771e+02 4.079030205949709966e+02 4.075750966805205167e+02 4.073098090400363844e+02 4.070955895526201971e+02 4.069113689571600503e+02 4.067487565144688233e+02 4.066005870686790900e+02 4.064695798892398670e+02 4.063442698294105639e+02 4.062428026896356528e+02 4.061244822149843685e+02 4.060265226968047045e+02
2.559179362504220080e+03 4.089974587588697545e+02 4.086890788791787372e+02 4.083037778229198125e+02 4.079288401537137929e+02 4.075917610651084715e+02 4.073169072645634969e+02 4.070888138571035597e+02 4.068943398021003759e+02 4.067237258574099315e+02 4.065684012006811372e+02 4.064318031233927968e+02 4.063012413965915357e+02 4.061957844368519659e+02 4.060733521212044934e+02 4.059742117720587089e+02
2.609179362504220080e+03 4.092983252060018913e+02 4.089947777728840492e+02 4.086140552447578784e+02 4.082702440506089943e+02 4.079815448798904072e+02 4.077384781077040543e+02 4.075287848776813462e+02 4.073439739226711822e+02 4.071775418114486911e+02 4.070231185231008340e+02 4.068834568329798458e+02 4.067501491524640187e+02 4.066378282196494069e+02 4.065074388334924151e+02 4.064043135633225461e+02
2.659179362504220080e+03 4.098137403377385226e+02 4.095126557007158681e+02 4.091364932163551202e+02 4.087974382688620381e+02 4.085158843028431193e+02 4.082807057495597292e+02 4.080786754810700359e+02 4.079017547596389477e+02 4.077431065103143624e+02 4.075961032953963468e+02 4.074650759674137817e+02 4.073384813067066830e+02 4.072350926342539310e+02 4.071132156657624819e+02 4.070150685574729437e+02
2.709179362504220080e+03 4.104861832766479210e+02 4.101914438500579081e+02 4.098220318647451563e+02 4.094838332297894112e+02 4.091967336958571195e+02 4.089562150082484777e+02 4.087493456973474508e+02 4.085678126666304024e+02 4.084048502909310514e+02 4.082540900430221882e+02 4.081188639109975043e+02 4.079892864416291332e+02 4.078816822433384459e+02 4.077566109774774077e+02 4.076569513591414307e+02
2.759179362504220080e+03 4.111737785554095126e+02 4.108842002856898716e+02 4.105214737528175419e+02 4.101973453245068413e+02 4.099287051640064306e+02 4.097016018578296439e+02 4.095049447404300054e+02 4.093315372182490819e+02 4.091753231869014371e+02 4.090301657961128967e+02 4.089000255460439917e+02 4.087745830409783139e+02 4.086710065096868902e+02 4.085495847515105652e+02 4.084525413728466106e+02
2.809179362504220080e+03 4.117735474838339655e+02 4.114883482691813015e+02 4.111329907295159956e+02 4.108216893517449080e+02 4.105665361330995324e+02 4.103492877146452997e+02 4.101604583017946197e+02 4.099931731761670335e+02 4.098421596261647437e+02 4.097012873158596449e+02 4.095750115714724302e+02 4.094527544310656140e+02 4.093521943032715171e+02 4.092333797972482330e+02 4.091384192132313729e+02
2.859179362504220080e+03 4.121028245936294638e+02 4.118201113223479979e+02 4.114713699560696227e+02 4.111708545851295753e+02 4.109240319482205450e+02 4.107125972505787104e+02 4.105285275528872262e+02 4.103650398966568105e+02 4.102168074959600972e+02 4.100795931514377344e+02 4.099532833991005418e+02 4.098381260032174964e+02 4.097299481465289546e+02 4.096326218474556526e+02 4.095004601774551247e+02
2.909179362504220080e+03 4.125854748472983147e+02 4.123057631336121176e+02 4.119767140705823181e+02 4.117040176625901040e+02 4.114767432276221371e+02 4.112804705161818219e+02 4.111078310615044984e+02 4.109535884329142732e+02 4.108134436712571755e+02 4.106816032200800919e+02 4.105634968279656505e+02 4.104479799185491515e+02 4.103540752919739703e+02 4.102415067453845836e+02 4.101655807210050853e+02
2.959179362504220080e+03 4.120194826647437480e+02 4.117381404261523130e+02 4.114012683512750073e+02 4.111206221551005910e+02 4.108883882178045042e+02 4.106881456437086513e+02 4.105127111145173444e+02 4.103576497412507820e+02 4.102136662750751839e+02 4.100870767153023735e+02 4.100575981390402944e+02 4.100558561945558722e+02 4.100545127796178804e+02 4.100527018267738981e+02 4.100516481602123235e+02
3.009179362504220080e+03 4.108393759014953162e+02 4.105492335328049762e+02 4.102137402671986592e+02 4.099452983841553646e+02 4.097261577717046066e+02 4.095438153450680261e+02 4.093733808029560919e+02 4.093054621547100851e+02 4.093042908971167435e+02 4.093030942021972578e+02 4.093018770923345073e+02 4.093006145517996970e+02 4.092995808849273089e+02 4.092982633048129628e+02 4.092974737056805452e+02
3.059179362504220080e+03 4.095576785179061972e+02 4.092504373919663294e+02 4.089021131470566388e+02 4.086235257843322870e+02 4.083921774952163446e+02 4.082192268265171151e+02 4.081952563366919549e+02 4.081939101400548680e+02 4.081929093683503993e+02 4.081917287781908499e+02 4.081905276782066494e+02 4.081892683874937120e+02 4.081882377102230066e+02 4.081868985623981985e+02 4.081861289320058290e+02
3.109179362504220080e+03 4.101120978773800516e+02 4.098224090270256852e+02 4.094610024323250173e+02 4.091439860694052868e+02 4.088757336461241039e+02 4.086423842763374523e+02 4.084128329657681888e+02 4.082532792473789414e+02 4.082427234480211951e+02 4.082411863300411028e+02 4.082396006929178611e+02 4.082378930069881449e+02 4.082365709270562775e+02 4.082346462287901545e+02 4.082335751410932403e+02
3.159179362504220080e+03 4.106441970633268284e+02 4.103558267640651707e+02 4.100037932914119665e+02 4.097035762236981782e+02 4.094542996275753239e+02 4.092372989522036164e+02 4.090516165524646794e+02 4.088587923990628497e+02 4.087458259355130394e+02 4.087434371092833203e+02 4.087407133540471591e+02 4.087373412129749113e+02 4.087348234934841571e+02 4.087307753644867603e+02 4.087288641501585289e+02
3.209179362504220080e+03 4.119432275841244291e+02 4.116651703976104955e+02 4.113052615650385064e+02 4.109532005336186558e+02 4.105985682170895643e+02 4.102426781574618531e+02 4.098849398003268334e+02 4.095254588606362631e+02 4.091633169084895485e+02 4.087994907121556594e+02 4.084326770346169155e+02 4.080944297538624141e+02 4.078768771159688526e+02 4.077077996509617606e+02 4.075772927296053467e+02
3.259179362504220080e+03 4.097291578984659282e+02 4.094267907554963131e+02 4.090417178012154977e+02 4.086634127365361451e+02 4.082863139402123807e+02 4.079056327163106062e+02 4.075261359743412868e+02 4.071780332101664044e+02 4.068897248818988146e+02 4.066474251843080765e+02 4.064438358392822011e+02 4.062639609727222023e+02 4.061182022106556246e+02 4.059622840452174160e+02 4.058453944673280489e+02
3.309179362504220080e+03 4.085495913177722400e+02 4.082406625996935077e+02 4.078499282720330257e+02 4.074674997537589434e+02 4.070834433990075922e+02 4.066975650567624143e+02 4.063384710172114183e+02 4.060341340791967468e+02 4.057746262673803699e+02 4.055466756838395668e+02 4.053451423499545285e+02 4.051612494858712807e+02 4.050032517211880077e+02 4.048328525620056553e+02 4.047044842243637390e+02
3.359179362504220080e+03 4.075381823090949638e+02 4.072264108027874272e+02 4.068277156269074339e+02 4.064371778735959424e+02 4.060449966190375903e+02 4.056604618543026390e+02 4.053134579339031234e+02 4.050202108556535450e+02 4.047693225213198502e+02 4.045482933550946427e+02 4.043539223931410334e+02 4.041759208131479113e+02 4.040259519433735704e+02 4.038620442294685517e+02 4.037375709001304358e+02
3.409179362504220080e+03 4.078042347114477479e+02 4.074897202776515996e+02 4.070917679001029796e+02 4.067015302861417467e+02 4.063102004861016781e+02 4.059330809527762085e+02 4.056037334539385597e+02 4.053301171905605997e+02 4.050969364098069150e+02 4.048912059867569724e+02 4.047091644179992613e+02 4.045416415181077809e+02 4.043988788383303472e+02 4.042416843969081697e+02 4.041203285028716436e+02
3.459179362504220080e+03 4.077608689913512308e+02 4.074429491965946681e+02 4.070460769923671478e+02 4.066686822865467548e+02 4.063285797243849515e+02 4.060415281098585751e+02 4.057963716259346256e+02 4.055807164298550447e+02 4.053872060711780136e+02 4.052092762287347227e+02 4.050484921584535982e+02 4.048962843084665337e+02 4.047671410082801913e+02 4.046208840627751329e+02 4.045059428565855342e+02
3.509179362504220080e+03 4.077948727935629449e+02 4.074721085391350925e+02 4.070717930967574603e+02 4.066788297317085608e+02 4.062837888001712372e+02 4.059054441003787588e+02 4.055772645434468586e+02 4.052998225578631377e+02 4.050597140969218799e+02 4.048443600450592044e+02 4.046533415578842323e+02 4.044780595368932268e+02 4.043283584602098131e+02 4.041649029478614921e+02 4.040401045175509580e+02
3.559179362504220080e+03 4.079997481170597666e+02 4.076818583168152941e+02 4.072860144327478338e+02 4.068988211515230660e+02 4.065417730106846648e+02 4.062432889673497129e+02 4.059909025928734536e+02 4.057716909520623858e+02 4.055769216159291091e+02 4.053986477307016685e+02 4.052385827152689899e+02 4.050871683575372231e+02 4.049592861728609705e+02 4.048144374338607463e+02 4.047011252383721853e+02
3.609179362504220080e+03 4.083877260718917341e+02 4.080787074755122603e+02 4.076882574270573514e+02 4.073057404501805649e+02 4.069258991532032610e+02 4.065760663195252391e+02 4.062787580818521178e+02 4.060244864837263208e+02 4.058020921770793734e+02 4.056023002210402524e+02 4.054243550046769542e+02 4.052589844715230356e+02 4.051192167901814400e+02 4.049642303676348547e+02 4.048452437229761358e+02
3.659179362504220080e+03 4.080783653451120472e+02 4.077647304017467604e+02 4.073711321344255794e+02 4.069857671223222155e+02 4.066254615228050966e+02 4.063189642642425383e+02 4.060605137666078690e+02 4.058369349455384736e+02 4.056388949450904420e+02 4.054582532981331724e+02 4.052961421831485040e+02 4.051435444381866091e+02 4.050143166980828937e+02 4.048688266018045852e+02 4.047549601185887695e+02
3.709179362504220080e+03 4.085411399223249305e+02 4.082310993385897859e+02 4.078421296147350290e+02 4.074614495965208789e+02 4.071092034095524923e+02 4.068123722558135569e+02 4.065607693410628372e+02 4.063421650638617848e+02 4.061477474745609015e+02 4.059699314469096976e+02 4.058100509630573924e+02 4.056592479064868257e+02 4.055313843076979765e+02 4.053872492882060783e+02 4.052744049747933559e+02
3.759179362504220080e+03 4.089571355279130671e+02 4.086505216126946038e+02 4.082658853343172041e+02 4.078939613851696322e+02 4.075575216139521331e+02 4.072759990539632895e+02 4.070356904904429030e+02 4.068258969436549251e+02 4.066383794006194421e+02 4.064662090723250003e+02 4.063111254293873458e+02 4.061643352821082544e+02 4.060399808319377826e+02 4.058992424159400798e+02 4.057886064844163911e+02
3.809179362504220080e+03 4.092967829554712580e+02 4.089930793694289264e+02 4.086121432375864515e+02 4.082506174333098556e+02 4.079306677987141256e+02 4.076623823454119133e+02 4.074318639594692968e+02 4.072297177874531826e+02 4.070482653049332384e+02 4.068810643255447417e+02 4.067302289735150111e+02 4.065869891688250846e+02 4.064657613235132203e+02 4.063280113479473812e+02 4.062193303011913486e+02
3.859179362504220080e+03 4.095984317164489994e+02 4.092973870485993757e+02 4.089198416806324872e+02 4.085691167106559760e+02 4.082653513347837588e+02 4.080090331904730192e+02 4.077874362891278679e+02 4.075922486180949136e+02 4.074163737789102697e+02 4.072537393532467718e+02 4.071068345462352909e+02 4.069668715338981997e+02 4.068485464244886884e+02 4.067135709242470512e+02 4.066066898543244292e+02
3.909179362504220080e+03 4.098924022186337766e+02 4.095938412687305572e+02 4.092195089502128553e+02 4.088782264198683833e+02 4.085879962172267028e+02 4.083414413889792627e+02 4.081271655336647655e+02 4.079376973565700837e+02 4.077664446916732004e+02 4.076075970569454512e+02 4.074639817486199149e+02 4.073267438896538124e+02 4.072108646988597798e+02 4.070782263457604131e+02 4.069728721084804874e+02
3.959179362504220080e+03 4.102105460558348113e+02 4.099145382263203032e+02 4.095434997198225915e+02 4.092095553746253245e+02 4.089291101646334710e+02 4.086896060131383592e+02 4.084806467956714755e+02 4.082953559335315958e+02 4.081275001224436778e+02 4.079714542915153288e+02 4.078302664608935970e+02 4.076950677158242229e+02 4.075809760376281474e+02 4.074501129348658424e+02 4.073459438207537460e+02
4.009179362504220080e+03 4.105109409237715568e+02 4.102172761122706106e+02 4.098524524235343733e+02 4.095319294801653882e+02 4.092654145473971994e+02 4.090360144033153347e+02 4.088351070711319721e+02 4.086560129014015956e+02 4.084933746473150791e+02 4.083415313915820093e+02 4.082041625583951827e+02 4.080720051704378193e+02 4.079608478083065393e+02 4.078327050810115679e+02 4.077302673973548508e+02
4.059179362504220080e+03 4.107471860240444812e+02 4.104552082786917708e+02 4.100945188403372299e+02 4.097797652647437303e+02 4.095181615351237951e+02 4.092927653569948347e+02 4.090952198815765541e+02 4.089189982341778773e+02 4.087589306936034745e+02 4.086093129535969410e+02 4.084740965834582767e+02 4.083436453676190467e+02 4.082344582848251093e+02 4.081073721964667698e+02 4.080063946711534300e+02
4.109179362504220080e+03 4.112882384673184788e+02 4.110002276448159364e+02 4.106533661042537915e+02 4.103588267566079253e+02 4.101114656765975610e+02 4.098959947408933431e+02 4.097058535161722261e+02 4.095353034181015346e+02 4.093793415174967549e+02 4.092341031711100072e+02 4.090997501134605159e+02 4.089763223409395323e+02 4.088602180376839215e+02 4.087542716754225580e+02 4.086170806454497324e+02
4.159179362504220080e+03 4.116420921664615662e+02 4.113563176193983963e+02 4.110157944482122048e+02 4.107294309075952015e+02 4.104885009186203888e+02 4.102785773425248408e+02 4.100933078976914885e+02 4.099272422690862072e+02 4.097751440114876686e+02 4.096340290169504215e+02 4.095019942766050463e+02 4.093840375485366394e+02 4.092660438483801499e+02 4.091719630890201529e+02 4.091658846269582455e+02
4.209179362504220080e+03 4.114473404048766838e+02 4.111608650446848969e+02 4.108218324493274167e+02 4.105388411692593991e+02 4.103012813286565006e+02 4.100947079618468365e+02 4.099117000948258465e+02 4.097485135821672202e+02 4.095974852283297878e+02 4.094616573787963034e+02 4.093230864271325800e+02 4.092249599354809106e+02 4.092170515150470465e+02 4.092149687595267551e+02 4.092137684989946820e+02
4.259179362504220080e+03 4.104027754499978755e+02 4.101093470139304600e+02 4.097631037629732873e+02 4.094745436977815416e+02 4.092326986662238824e+02 4.090218293691393683e+02 4.088395262156415129e+02 4.086627847855135656e+02 4.085385439959319456e+02 4.085307129460329634e+02 4.085293627833739265e+02 4.085279617693018395e+02 4.085268341684280244e+02 4.085253779842935842e+02 4.085245092507348090e+02
4.309179362504220080e+03 4.095742069854304646e+02 4.092742681510817988e+02 4.089192262867521208e+02 4.086235263917718612e+02 4.083758514997431917e+02 4.081640511981100872e+02 4.079650917699366914e+02 4.078760176622119502e+02 4.078750987373280168e+02 4.078740641086791925e+02 4.078730292971893618e+02 4.078719442042790888e+02 4.078710136384785301e+02 4.078698783323733892e+02 4.078691985339008852e+02
4.359179362504220080e+03 4.088702307204730459e+02 4.085655187812780014e+02 4.082065281743724654e+02 4.079080527279771218e+02 4.076583736570462975e+02 4.074411035661672713e+02 4.072526842227691759e+02 4.072012612684318356e+02 4.072003564478212638e+02 4.071993239893022860e+02 4.071982710136671813e+02 4.071971417102289479e+02 4.071961667364970481e+02 4.071949692501017921e+02 4.071943170294044876e+02
4.409179362504220080e+03 4.085610804477950637e+02 4.082544625279111301e+02 4.078908985254225286e+02 4.075868939856724182e+02 4.073321794091240236e+02 4.071096768293136847e+02 4.069175959194289476e+02 4.068666062964431376e+02 4.068657017766556692e+02 4.068646542519834384e+02 4.068635720607537110e+02 4.068623936470289664e+02 4.068613680854405175e+02 4.068601169975958101e+02 4.068595110415309364e+02
4.459179362504220080e+03 4.082841913029382113e+02 4.079715021269939825e+02 4.076059610421094135e+02 4.073024830535781007e+02 4.070490465089494023e+02 4.068308698802048866e+02 4.066335178954949470e+02 4.065649244543195664e+02 4.065639947736434010e+02 4.065628854931006231e+02 4.065617221144088944e+02 4.065604327951568280e+02 4.065593089342987128e+02 4.065579221158996006e+02 4.065573031380272369e+02
4.509179362504220080e+03 4.083414378876731234e+02 4.080375416489517875e+02 4.076686158778937283e+02 4.073537233343307662e+02 4.070873125201935636e+02 4.068649857559174734e+02 4.066402323684019393e+02 4.065111077245211391e+02 4.065099210853760496e+02 4.065086254114626172e+02 4.065073143848791233e+02 4.065058478509456563e+02 4.065045770812937462e+02 4.065029828990213900e+02 4.065023153740315820e+02
4.559179362504220080e+03 4.084605544112968118e+02 4.081520677765643654e+02 4.077869758089215111e+02 4.074801454187692116e+02 4.072185748665078222e+02 4.069904782464888058e+02 4.067647078091711705e+02 4.066457863194087849e+02 4.066448143221670080e+02 4.066436313248234455e+02 4.066423462210005937e+02 4.066408644323153112e+02 4.066395524568215478e+02 4.066379016550695269e+02 4.066372366619357308e+02
4.609179362504220080e+03 4.088079880038487772e+02 4.085033278867500712e+02 4.081407646189247771e+02 4.078365544691102400e+02 4.075795998634421267e+02 4.073621296119516728e+02 4.071435613282431518e+02 4.070198208469286669e+02 4.070187797426605130e+02 4.070175051366037451e+02 4.070160334908723030e+02 4.070142625275722139e+02 4.070126991512099153e+02 4.070106238849230067e+02 4.070098131568176996e+02
4.659179362504220080e+03 4.087750204014717497e+02 4.084701226385282098e+02 4.081075052792087945e+02 4.078031140223961870e+02 4.075464060956325625e+02 4.073262482757382372e+02 4.071172829152939130e+02 4.070223118484124711e+02 4.070214383089016792e+02 4.070203405401153987e+02 4.070190922030749334e+02 4.070176068769058020e+02 4.070162252688703006e+02 4.070145221011526928e+02 4.070138904272729405e+02
4.709179362504220080e+03 4.088786197606348196e+02 4.085744730066992361e+02 4.082128472720878563e+02 4.079090624169494959e+02 4.076532909688125983e+02 4.074305414837948547e+02 4.072329272275470657e+02 4.071717360327800179e+02 4.071708571229892755e+02 4.071697313389465762e+02 4.071684392832240178e+02 4.071668839150470376e+02 4.071654146165316206e+02 4.071636036078216421e+02 4.071629593212369969e+02
4.759179362504220080e+03 4.092958123536804464e+02 4.089948035283068180e+02 4.086372574199240262e+02 4.083364321220707325e+02 4.080861563048605944e+02 4.078511986626074872e+02 4.077053237979367282e+02 4.077014251853121323e+02 4.077005485355948622e+02 4.076994153044410041e+02 4.076981024994364589e+02 4.076965031787891576e+02 4.076949552966417514e+02 4.076930468754042067e+02 4.076923951771432257e+02
4.809179362504220080e+03 4.091988250257464870e+02 4.088971000401433002e+02 4.085385407319584488e+02 4.082369998899766301e+02 4.079815494463114760e+02 4.077637185566476319e+02 4.077012830437869297e+02 4.077004033375515064e+02 4.076995873638313697e+02 4.076985895851629493e+02 4.076974538349997488e+02 4.076960783282609100e+02 4.076946830761280580e+02 4.076930317690639072e+02 4.076924881311064155e+02
4.859179362504220080e+03 4.097250216788484067e+02 4.094265419608636307e+02 4.090723223644540099e+02 4.087747325143409967e+02 4.085088009890538387e+02 4.083819927488539179e+02 4.083809807540109205e+02 4.083801086321968796e+02 4.083792754589246101e+02 4.083782602813107019e+02 4.083771010762778815e+02 4.083756704177482106e+02 4.083741470374476421e+02 4.083723554232934134e+02 4.083718028331121559e+02
4.894179362504220080e+03 4.098869325209672070e+02 4.095911809682659168e+02 4.092403403338943235e+02 4.089418855381155140e+02 4.087221738101754340e+02 4.086927881317120637e+02 4.086920070237052869e+02 4.086912345034095324e+02 4.086904908573064859e+02 4.086896355068841444e+02 4.086886787954440479e+02 4.086874767200872611e+02 4.086859943888690054e+02 4.086843031312018297e+02 4.086837034718412269e+02
4.899179362504220080e+03 4.099047104852982670e+02 4.096072399244698659e+02 4.092551783055515102e+02 4.089505495268999198e+02 4.087454435568600957e+02 4.087316579559078491e+02 4.087309146802444957e+02 4.087301819786032411e+02 4.087294766612866397e+02 4.087286838035583969e+02 4.087278066014243336e+02 4.087267169302464254e+02 4.087253597059910817e+02 4.087238284325440532e+02 4.087232861029683590e+02
4.949179362504220080e+03 4.105126630631355056e+02 4.102208355274760265e+02 4.098709020650996990e+02 4.096492634243188604e+02 4.096333099492068754e+02 4.096326290909249792e+02 4.096319994878051602e+02 4.096313946112932740e+02 4.096308209637326172e+02 4.096302351264394588e+02 4.096296340098983251e+02 4.096289722362058114e+02 4.096278279182136544e+02 4.096266865705232476e+02 4.096262011604672466e+02
4.999179362504220080e+03 4.107646077932313347e+02 4.105922734349139205e+02 4.105864798773725965e+02 4.105857839079856149e+02 4.105851200732602706e+02 4.105844866859807780e+02 4.105837987421803064e+02 4.105827823666597851e+02 4.105818284356387267e+02 4.105804057147181538e+02 4.105787440519406459e+02 4.105766536770794914e+02 4.105724003232239738e+02 4.105669173600401791e+02 4.105659600372965770e+02
5.049179362504220080e+03 4.091311518965252958e+02 4.088199499251431916e+02 4.086084408924750733e+02 4.086070054316307392e+02 4.086063176264864865e+02 4.086056901176630163e+02 4.086050746489747780e+02 4.086044951824287637e+02 4.086039612879494598e+02 4.086034309132967905e+02 4.086028779765969148e+02 4.086022835731856730e+02 4.086012882000801483e+02 4.086002911440464231e+02 4.086000148823287077e+02
5.099179362504220080e+03 4.109758358048384252e+02 4.107042240446135111e+02 4.103479656136207154e+02 4.101372021016552480e+02 4.101326086065877803e+02 4.101318144412725815e+02 4.101309940799737319e+02 4.101301676341311122e+02 4.101293354444659371e+02 4.101282364221189027e+02 4.101269308592130756e+02 4.101253124766130895e+02 4.101219290754750091e+02 4.101178821679227440e+02 4.101172772490706393e+02
5.149179362504220080e+03 4.101509353497001484e+02 4.098489391456369049e+02 4.095160561930513268e+02 4.094304706161293552e+02 4.094298294063831918e+02 4.094292195327493005e+02 4.094285832326380614e+02 4.094279810735227443e+02 4.094273799458704843e+02 4.094267244975081326e+02 4.094259815572997354e+02 4.094251143196661360e+02 4.094234242435135798e+02 4.094210825117981472e+02 4.094206565055623059e+02
5.199179362504220080e+03 4.093335971161221778e+02 4.090314884481450690e+02 4.087272808555066490e+02 4.086824458704468839e+02 4.086817709212892851e+02 4.086811731490910233e+02 4.086805473324457694e+02 4.086799546837451658e+02 4.086793715391356727e+02 4.086787649475692774e+02 4.086781161439149628e+02 4.086773987014435079e+02 4.086760911515479506e+02 4.086746963836836812e+02 4.086743451646178187e+02
5.249179362504220080e+03 4.105324837559763864e+02 4.102441172141364518e+02 4.098815108992351384e+02 4.096793241978571700e+02 4.096752373455122438e+02 4.096744790333542596e+02 4.096736410218427409e+02 4.096727338046962359e+02 4.096717852681284171e+02 4.096705331437328255e+02 4.096690779662066006e+02 4.096673182610783215e+02 4.096636959535462665e+02 4.096591832725017639e+02 4.096584851865932251e+02
5.299179362504220080e+03 4.099211991207930623e+02 4.096177436466477957e+02 4.093337332402586526e+02 4.093080784820125473e+02 4.093074289151562084e+02 4.093068581026599304e+02 4.093062463044079777e+02 4.093056244584216756e+02 4.093049711110194266e+02 4.093042279017577698e+02 4.093034075544832149e+02 4.093024472031363530e+02 4.093004840800718966e+02 4.092980704683674844e+02 4.092976525755900639e+02
5.349179362504220080e+03 4.106621871202525540e+02 4.103681132435079917e+02 4.100095662903308380e+02 4.097649662839364737e+02 4.097358182754222753e+02 4.097351458324585565e+02 4.097343975328213901e+02 4.097336251022818487e+02 4.097327663475521149e+02 4.097317501485193816e+02 4.097305456307657323e+02 4.097290945208875996e+02 4.097260865000775993e+02 4.097224605819413910e+02 4.097219075228607608e+02
5.399179362504220080e+03 4.101422420761292074e+02 4.098499540520803066e+02 4.094864334564541650e+02 4.091886973852530218e+02 4.090802095079436072e+02 4.090795776129157275e+02 4.090788580438201052e+02 4.090780610885948363e+02 4.090771648897289765e+02 4.090759341990905682e+02 4.090744135628501681e+02 4.090723785511186179e+02 4.090677592947475887e+02 4.090617809461355705e+02 4.090608416126710836e+02
5.449179362504220080e+03 4.085743192211076575e+02 4.082074834058804527e+02 4.078345335210372014e+02 4.076776074595840100e+02 4.076757173621568882e+02 4.076750373507218228e+02 4.076743121506606826e+02 4.076736054182484850e+02 4.076728233305726690e+02 4.076719421495250799e+02 4.076709341340880428e+02 4.076697348927568783e+02 4.076673444644890196e+02 4.076648980662595250e+02 4.076645013197264120e+02
5.499179362504220080e+03 4.076147275497694409e+02 4.073168510058579841e+02 4.072016746320945231e+02 4.072009935373250755e+02 4.072003073823754562e+02 4.071997396808786789e+02 4.071991993451127314e+02 4.071986139751787732e+02 4.071979629393052846e+02 4.071972116058837514e+02 4.071963433840934954e+02 4.071952169278126803e+02 4.071923957729666768e+02 4.071887421691187683e+02 4.071881914677397845e+02
5.549179362504220080e+03 4.057593836302204409e+02 4.054310414065202508e+02 4.052183825771411989e+02 4.052172354142470567e+02 4.052162915818194051e+02 4.052154024752604755e+02 4.052143393583198758e+02 4.052133020789154330e+02 4.052121654927874488e+02 4.052106620271594579e+02 4.052087978245274940e+02 4.052064870335273099e+02 4.052016469982237368e+02 4.051966633300148146e+02 4.051960462131124814e+02
5.599179362504220080e+03 4.033757921769947643e+02 4.031141603964239835e+02 4.030187233969755312e+02 4.030180822147135586e+02 4.030174567925078577e+02 4.030169286667748452e+02 4.030163528733881435e+02 4.030158066569567268e+02 4.030152068416194879e+02 4.030145376207469781e+02 4.030137810876469757e+02 4.030128748004001409e+02 4.030109557911595175e+02 4.030089087715309688e+02 4.030085946950982816e+02
5.649179362504220080e+03 4.026036822894531042e+02 4.026031357265687234e+02 4.026024745944795882e+02 4.026019301304468172e+02 4.026014350727496094e+02 4.026010318029984774e+02 4.026006374336458862e+02 4.026002209782674868e+02 4.025997500630829791e+02 4.025992441470688163e+02 4.025986712884334793e+02 4.025978491559945951e+02 4.025954447764655697e+02 4.025921217381052770e+02 4.025916403639835721e+02
5.699179362504220080e+03 4.050438485380823863e+02 4.050433482339649345e+02 4.050428257711523656e+02 4.050425425646380972e+02 4.050422069857009433e+02 4.050415363180707118e+02 4.050407572484282355e+02 4.050398906181757184e+02 4.050388046852650632e+02 4.050371659589102364e+02 4.050348799405503541e+02 4.050314487976108921e+02 4.050231829623726298e+02 4.050117481569594702e+02 4.050098958109227283e+02
5.749179362504220080e+03 4.046551345366147530e+02 4.043191836346001082e+02 4.041016126506887076e+02 4.040978211530295994e+02 4.040947161779927228e+02 4.040904069692408029e+02 4.040839647360513709e+02 4.040772848349306514e+02 4.040722783327779553e+02 4.040637467369377873e+02 4.040527970164088174e+02 4.040393858495598352e+02 4.040178452873500419e+02 4.039701530368216140e+02 4.039621148306970895e+02
5.799179362504220080e+03 4.034422167390241043e+02 4.030836996144863633e+02 4.026524017624055887e+02 4.022807324246738858e+02 4.019585280127719216e+02 4.017897922794830947e+02 4.017881698931356595e+02 4.017862204789881844e+02 4.017842283484145014e+02 4.017815408708182758e+02 4.017781109663266079e+02 4.017737038010756123e+02 4.017642739306352269e+02 4.017542799937751852e+02 4.017532239173611970e+02
5.849179362504220080e+03 4.035006228732293039e+02 4.031663164735629721e+02 4.027454152582914162e+02 4.023855794996226223e+02 4.020663030832428149e+02 4.018902435226533498e+02 4.018859549107521048e+02 4.018834338286168304e+02 4.018808461433599177e+02 4.018767306810337914e+02 4.018714535061429842e+02 4.018643921989104228e+02 4.018495561048887339e+02 4.018321859168825085e+02 4.018299382746637320e+02
5.899179362504220080e+03 4.012756644600806339e+02 4.008912389593377839e+02 4.004509826158686678e+02 4.000874001055075837e+02 3.997771432204652342e+02 3.995206439092949608e+02 3.994922869812804720e+02 3.994907568692203199e+02 3.994889660177016708e+02 3.994866212815501854e+02 3.994836875529721851e+02 3.994798481864476116e+02 3.994711178618906047e+02 3.994619988128471277e+02 3.994610807516856994e+02
5.949179362504220080e+03 3.999803350560666786e+02 3.995937141823515049e+02 3.991438388379510229e+02 3.987861332049661769e+02 3.984928491499109668e+02 3.982300023007574623e+02 3.981921333148436588e+02 3.981908565122383834e+02 3.981891163408455441e+02 3.981868147407588481e+02 3.981839105568647028e+02 3.981800657498482110e+02 3.981711471254953949e+02 3.981617731662518054e+02 3.981608862142573457e+02
5.999179362504220080e+03 3.986362985135137365e+02 3.982686111985735806e+02 3.978210640917753267e+02 3.974548532251241113e+02 3.971316110261189465e+02 3.968400540680657969e+02 3.967967897464213820e+02 3.967949535672976253e+02 3.967928240000136952e+02 3.967900413837546694e+02 3.967865732953480347e+02 3.967819605576613640e+02 3.967713638777374285e+02 3.967603698418538443e+02 3.967594757410163311e+02
6.049179362504220080e+03 3.976495955199541186e+02 3.972760568156787713e+02 3.968325435809902615e+02 3.964416379681395028e+02 3.960964264404149162e+02 3.958075818297965043e+02 3.957851880215496294e+02 3.957833171841663216e+02 3.957811294177087689e+02 3.957782504858734001e+02 3.957746366169226349e+02 3.957697081722653820e+02 3.957583058689194218e+02 3.957460661525441878e+02 3.957451571479805352e+02
6.099179362504220080e+03 3.971720829913468265e+02 3.967899265238420412e+02 3.963249838226274164e+02 3.959261041790350077e+02 3.955692191319341191e+02 3.953198807592275443e+02 3.952912308686175038e+02 3.952894292822296620e+02 3.952871500026238891e+02 3.952839981054158329e+02 3.952799387313916100e+02 3.952744050637781470e+02 3.952623668343409236e+02 3.952495608094803856e+02 3.952489091571897006e+02
6.149179362504220080e+03 3.968515368951772757e+02 3.964469658256151092e+02 3.959672731218346371e+02 3.955775146372242261e+02 3.952342776709252803e+02 3.950175788232953096e+02 3.950137416012609606e+02 3.950120080534673548e+02 3.950097928911153531e+02 3.950068775005658495e+02 3.950033309974622284e+02 3.949981394401718262e+02 3.949871402622211463e+02 3.949743280185786602e+02 3.949735086678495009e+02
6.199179362504220080e+03 3.966480891313840402e+02 3.962243245249230199e+02 3.957403798676027691e+02 3.953573563310613963e+02 3.950208492206838855e+02 3.948495516313463440e+02 3.948486546478076207e+02 3.948471427166731473e+02 3.948451705936269036e+02 3.948428251135748610e+02 3.948407087880299855e+02 3.948278464432866031e+02 3.948167087806355084e+02 3.948083364409596925e+02 3.948037091992349588e+02
6.249179362504220080e+03 3.962093474896982457e+02 3.957681681366955786e+02 3.952770769327636344e+02 3.948980544163674722e+02 3.945437592193928822e+02 3.943692484596971894e+02 3.943684716407877886e+02 3.943673814872268508e+02 3.943661742455389003e+02 3.943651844768517094e+02 3.943649354472501614e+02 3.943443986002989163e+02 3.943235266408146913e+02 3.943212609805905231e+02 3.943201510951227533e+02
6.299179362504220080e+03 3.959564254329429787e+02 3.955548681302698242e+02 3.950603851278914931e+02 3.946458767223837185e+02 3.942938618883588333e+02 3.942122434559005342e+02 3.942113627281628396e+02 3.942102173436389876e+02 3.942089739775659609e+02 3.942079755490570960e+02 3.942077774292895356e+02 3.941920309573010854e+02 3.941743530515543625e+02 3.941696378671696834e+02 3.941674654359679835e+02
6.349179362504220080e+03 3.957472087362921229e+02 3.953358507343136807e+02 3.948356165899076018e+02 3.944133100009271402e+02 3.940825785926579101e+02 3.940480455971561469e+02 3.940470551813790507e+02 3.940454135219557088e+02 3.940431300683117115e+02 3.940418031778181103e+02 3.940414714594000998e+02 3.940298209411728863e+02 3.940187377976845369e+02 3.940074212780563130e+02 3.940017342294041214e+02
6.399179362504220080e+03 3.953291720190388787e+02 3.949054784970871879e+02 3.944001137766015290e+02 3.939812585148371227e+02 3.936522020102640909e+02 3.936226423174602473e+02 3.936215399815426963e+02 3.936194513231840233e+02 3.936165709345668233e+02 3.936138973642760561e+02 3.936116589005742981e+02 3.936092709930761657e+02 3.936076815785177132e+02 3.935972982572142200e+02 3.935917553827879374e+02
6.449179362504220080e+03 3.954755446995746979e+02 3.950450516399473031e+02 3.945369278613499091e+02 3.941168219223194455e+02 3.938366790466296266e+02 3.938289649204286889e+02 3.938282130922938222e+02 3.938268489716788281e+02 3.938249997252574985e+02 3.938239221847681506e+02 3.938235565992831084e+02 3.938120654861166940e+02 3.937905179052002040e+02 3.937876665999718284e+02 3.937875851757938790e+02
6.499179362504220080e+03 3.960716429148907309e+02 3.956443244013056528e+02 3.951342894260686762e+02 3.946894512414199880e+02 3.944423514367243229e+02 3.944400765408046254e+02 3.944391953025345856e+02 3.944376902364593889e+02 3.944356281025994804e+02 3.944344838102755375e+02 3.944341318920448884e+02 3.944246257012634942e+02 3.944089221239709673e+02 3.944072690223599693e+02 3.944072252906470339e+02
6.549179362504220080e+03 3.954024250495385786e+02 3.949755625096769336e+02 3.944776730671125051e+02 3.940539694702510474e+02 3.938098644031540516e+02 3.938072304705035549e+02 3.938062897614800590e+02 3.938045852019787958e+02 3.938022372137132834e+02 3.938009184115244352e+02 3.938005612587801352e+02 3.937883668466257063e+02 3.937679176499626692e+02 3.937655664440785017e+02 3.937655226612200750e+02
6.599179362504220080e+03 3.965406038192201095e+02 3.962179758657665047e+02 3.957276762929419647e+02 3.952763836056727769e+02 3.949767692953809046e+02 3.949699968080012695e+02 3.949692238102739452e+02 3.949679392007462297e+02 3.949661834931766862e+02 3.949651881632419759e+02 3.949649473003103139e+02 3.949588366708518379e+02 3.949497298078723020e+02 3.949489181314374946e+02 3.949488560240888546e+02
6.649179362504220080e+03 3.957337602057657477e+02 3.953221877114797280e+02 3.948384921695749767e+02 3.944240263164016937e+02 3.942156892399985395e+02 3.942144963853178297e+02 3.942136323737342991e+02 3.942121357256932015e+02 3.942096419725227747e+02 3.942078297356615053e+02 3.942073207439758562e+02 3.941984487300881597e+02 3.941859422706612577e+02 3.941847969849593483e+02 3.941847244982387792e+02
6.699179362504220080e+03 3.952448192288042605e+02 3.948288598444811441e+02 3.943330574133182154e+02 3.939013346957156614e+02 3.936925799439684397e+02 3.936919748803805419e+02 3.936914796722812753e+02 3.936910055804173112e+02 3.936905106726621284e+02 3.936901507399558113e+02 3.936898629171386119e+02 3.936818391170686482e+02 3.936755603965236787e+02 3.936737314944878108e+02 3.936734956075668492e+02
6.749179362504220080e+03 3.950153305346672141e+02 3.945825600115666703e+02 3.940951882958225951e+02 3.936885485110071841e+02 3.935264355701147565e+02 3.935258220738166415e+02 3.935252558761471278e+02 3.935246086733422999e+02 3.935238185912119775e+02 3.935233951516623847e+02 3.935230851508608794e+02 3.935147294194422329e+02 3.935072041719818117e+02 3.935053351223275513e+02 3.935048099268676083e+02
6.799179362504220080e+03 3.950312090463781942e+02 3.945965337498217309e+02 3.941006385166297150e+02 3.937096776503250339e+02 3.935954364472572706e+02 3.935948198326710212e+02 3.935941763949518872e+02 3.935932576161874294e+02 3.935919761051942487e+02 3.935914846971937777e+02 3.935912020441777486e+02 3.935835640604165064e+02 3.935772597851658361e+02 3.935756922019432977e+02 3.935751934064350053e+02
6.849179362504220080e+03 3.949738236784249921e+02 3.945454433706820510e+02 3.940437447118856085e+02 3.936586007557798439e+02 3.935742684891688441e+02 3.935735849854610819e+02 3.935728437667887647e+02 3.935716844619765311e+02 3.935700948503310883e+02 3.935695796668409798e+02 3.935692800572264787e+02 3.935620618263832284e+02 3.935560611434909788e+02 3.935546782548461806e+02 3.935541809624727421e+02
6.899179362504220080e+03 3.948885547977493502e+02 3.944475175754396332e+02 3.939442220999997062e+02 3.935730739597405545e+02 3.935083514417616470e+02 3.935077113509112223e+02 3.935069787940295782e+02 3.935058048758149880e+02 3.935036855601407524e+02 3.935029309620501294e+02 3.935025537426730011e+02 3.934943943311500334e+02 3.934901319734421463e+02 3.934895364265125863e+02 3.934892649641468552e+02
6.949179362504220080e+03 3.950135623865192542e+02 3.946117247293179844e+02 3.941218395569901531e+02 3.937365148335384220e+02 3.936415033330866322e+02 3.936409209052657729e+02 3.936404094675915530e+02 3.936400604906779108e+02 3.936366303388318784e+02 3.936312065471919936e+02 3.936307251992483316e+02 3.936262251841743591e+02 3.936216732681421036e+02 3.936215891489611636e+02 3.936215144683581002e+02
6.999179362504220080e+03 3.948750636292411968e+02 3.945351063755446148e+02 3.940629161272947840e+02 3.936962795490742906e+02 3.936168603189339592e+02 3.936163142628271885e+02 3.936158818072033228e+02 3.936157379511481054e+02 3.936143839236095232e+02 3.936021104368642227e+02 3.935991899675203172e+02 3.935977680639659866e+02 3.935964760036886787e+02 3.935964219535210304e+02 3.935963762558437793e+02
7.049179362504220080e+03 3.949215476096316024e+02 3.944983050169001331e+02 3.939993302824884722e+02 3.936557162659808000e+02 3.936244347723367127e+02 3.936237994484233127e+02 3.936233266108110911e+02 3.936231777789904527e+02 3.936212570526895433e+02 3.936061432304795744e+02 3.936025163152889377e+02 3.936012846313863633e+02 3.936000942190193541e+02 3.936000739681866207e+02 3.936000568253575693e+02
7.099179362504220080e+03 3.948579177151338513e+02 3.943680233759940279e+02 3.938490740249188775e+02 3.935612734798513088e+02 3.935533279893199392e+02 3.935527536829653741e+02 3.935523074461561350e+02 3.935521981497445836e+02 3.935510241876929740e+02 3.935347770181357419e+02 3.935319303653956240e+02 3.935312602550879433e+02 3.935304710364085281e+02 3.935304390333452034e+02 3.935304105518748656e+02
7.149179362504220080e+03 3.948257345656948019e+02 3.943619345569223924e+02 3.938320622648036533e+02 3.935891122924985552e+02 3.935885719394249236e+02 3.935881371387321792e+02 3.935878486757060273e+02 3.935877921405851794e+02 3.935716076824222114e+02 3.934482878141798778e+02 3.934314418543120269e+02 3.934273084601002211e+02 3.934229797106887077e+02 3.934229050138233106e+02 3.934228367842479201e+02
7.199179362504220080e+03 3.946426719386458331e+02 3.942063957787544268e+02 3.936959713757217401e+02 3.934927145512392030e+02 3.934922012044741564e+02 3.934917744399037360e+02 3.934915166137191704e+02 3.934914874993543776e+02 3.934870262899393083e+02 3.934721754590452178e+02 3.934710315346752054e+02 3.934121699969681458e+02 3.933762356680913399e+02 3.933761701962453685e+02 3.933761163177616709e+02
7.249179362504220080e+03 3.945304656677139974e+02 3.940876475586054539e+02 3.935840237619970026e+02 3.933986332424315719e+02 3.933981174612193854e+02 3.933976714505341761e+02 3.933974135057500803e+02 3.933973895345186520e+02 3.933934256920848043e+02 3.933883089437638318e+02 3.933870697855857088e+02 3.933560798866660662e+02 3.933334605344000465e+02 3.933333967962350926e+02 3.933333373605276506e+02
7.299179362504220080e+03 3.944820716673460765e+02 3.940428796086825969e+02 3.935405906667434124e+02 3.933756915789829236e+02 3.933752015680388467e+02 3.933747762315579735e+02 3.933745348523604548e+02 3.933745142060683975e+02 3.933705845986529539e+02 3.933678693232521937e+02 3.933537122174147953e+02 3.933395794400655063e+02 3.933281196441342900e+02 3.933280579394781853e+02 3.933280038446756635e+02
7.349179362504220080e+03 3.944532524102400544e+02 3.940120204408251539e+02 3.935038186023658113e+02 3.933195308804423007e+02 3.933190422118364040e+02 3.933186068476233572e+02 3.933183594099486982e+02 3.933183397535896120e+02 3.933097917569502897e+02 3.933042970729486569e+02 3.932950515914888001e+02 3.932835645594525431e+02 3.932755786840409655e+02 3.932755253671546143e+02 3.932754792080468178e+02
7.399179362504220080e+03 3.944637854679540396e+02 3.940210910537842892e+02 3.935191314163335505e+02 3.933561987185258886e+02 3.933557102620716250e+02 3.933552792556379814e+02 3.933550412748118674e+02 3.933550229441364081e+02 3.933482824547870678e+02 3.933438630556271391e+02 3.933428366506418570e+02 3.933417537775266055e+02 3.933416622232857662e+02 3.933416349089580422e+02 3.933415970218006237e+02
7.449179362504220080e+03 3.944162423564495157e+02 3.939745216629769970e+02 3.934682414637399575e+02 3.932792939685695046e+02 3.932787688040553462e+02 3.932782864156076243e+02 3.932780135103885186e+02 3.932779960784764057e+02 3.932675800948850338e+02 3.932579716200079929e+02 3.932562803825314290e+02 3.932548455562802587e+02 3.932548254907954970e+02 3.932547983606863227e+02 3.932547754159708120e+02
7.499179362504220080e+03 3.944032955250818304e+02 3.939689618027636016e+02 3.934707975778171658e+02 3.933078526689813543e+02 3.933073412625066680e+02 3.933069005289083293e+02 3.933066796942018186e+02 3.933066628651091605e+02 3.932945107409985894e+02 3.932871035136864748e+02 3.932857567553742228e+02 3.932841561873755154e+02 3.932841289561160920e+02 3.932840922923453491e+02 3.932840615820788912e+02
7.549179362504220080e+03 3.943719548124226435e+02 3.939268268323663165e+02 3.934231602234763727e+02 3.932471869261839856e+02 3.932466205097246075e+02 3.932461302766939752e+02 3.932458835881823802e+02 3.932458684129846347e+02 3.932436538466378693e+02 3.932403444729462763e+02 3.932402088821422126e+02 3.932401838605707098e+02 3.932401444893183111e+02 3.932400957838530076e+02 3.932400549209061182e+02
7.599179362504220080e+03 3.943565343527382083e+02 3.939153121561429884e+02 3.934198207306293398e+02 3.932763362350063971e+02 3.932758094566081013e+02 3.932753911106891564e+02 3.932751896368653206e+02 3.932751746020020960e+02 3.932724796132400797e+02 3.932711047304691760e+02 3.932710911518797730e+02 3.932710712588132083e+02 3.932710423082659190e+02 3.932710054623874498e+02 3.932709762111618375e+02
7.649179362504220080e+03 3.943666571976336854e+02 3.939206802835636267e+02 3.934322829187384514e+02 3.933037834527143559e+02 3.933032316072905132e+02 3.933028093083819954e+02 3.933025624539964156e+02 3.933021669600707924e+02 3.932989473369584061e+02 3.932976330786200378e+02 3.932976195933328540e+02 3.932976006086107077e+02 3.932975743506955268e+02 3.932975406208269646e+02 3.932975138299475475e+02
7.699179362504220080e+03 3.943424444153600916e+02 3.938992172983569162e+02 3.934155290067931219e+02 3.932997818523235765e+02 3.932989177354175467e+02 3.932977044119598986e+02 3.932954519731576966e+02 3.932923418221589600e+02 3.932880805272345697e+02 3.932880092585661487e+02 3.932879803795635780e+02 3.932879461520959694e+02 3.932879275078117871e+02 3.932878956161468409e+02 3.932878740780724343e+02
7.749179362504220080e+03 3.943449675979775861e+02 3.939008936580292470e+02 3.934140117689618705e+02 3.932939163723567617e+02 3.932930572047372948e+02 3.932918149114813673e+02 3.932893616127624909e+02 3.932863638722901669e+02 3.932825083686238372e+02 3.932824484936504632e+02 3.932824215051591068e+02 3.932823928888415139e+02 3.932823775876312311e+02 3.932823549983212956e+02 3.932823388458047020e+02
7.799179362504220080e+03 3.943487308007069601e+02 3.939040454336856669e+02 3.934122585885130547e+02 3.932801112766567257e+02 3.932791579598829230e+02 3.932776923574888315e+02 3.932750228803967616e+02 3.932713029505698614e+02 3.932667134118597687e+02 3.932666007438583620e+02 3.932665445844654073e+02 3.932664881747151640e+02 3.932664592834735231e+02 3.932664242781605139e+02 3.932663967390785729e+02
7.849179362504220080e+03 3.943636032011563088e+02 3.939193721623068996e+02 3.934346971153798904e+02 3.933239505669448590e+02 3.933227679192526693e+02 3.933204253350104409e+02 3.933151092085257119e+02 3.933093654071964806e+02 3.933043209829365878e+02 3.933040241774893957e+02 3.933039340473807783e+02 3.933038427877927461e+02 3.933038110705371082e+02 3.933037675827018234e+02 3.933037359671071727e+02
7.899179362504220080e+03 3.943827655011194793e+02 3.939468409556668007e+02 3.934563436548970685e+02 3.933292248957996549e+02 3.933284851632349728e+02 3.933277098212229816e+02 3.933269910947421408e+02 3.933260937760026081e+02 3.933250207118539947e+02 3.933249990471293813e+02 3.933249836621242252e+02 3.933249638288518781e+02 3.933249415563227558e+02 3.933249082598044311e+02 3.933248841599242382e+02
7.949179362504220080e+03 3.943821287129990196e+02 3.939508879670540296e+02 3.934556262805071469e+02 3.933035202842989975e+02 3.933029760384365545e+02 3.933023868388162327e+02 3.933017822512912289e+02 3.933009914932830497e+02 3.932973725227301429e+02 3.932973023749717640e+02 3.932972889518110833e+02 3.932972677410615461e+02 3.932972404686896652e+02 3.932972050916939111e+02 3.932971779480263876e+02
7.999179362504220080e+03 3.944459272866940296e+02 3.940020610300476847e+02 3.935066658116168128e+02 3.933590495808184642e+02 3.933588013902210605e+02 3.933582771369988791e+02 3.933577289108362720e+02 3.933516785164115390e+02 3.933515443349792804e+02 3.933515045742624352e+02 3.933514646929687615e+02 3.933514235718188274e+02 3.933513822806220901e+02 3.933513312305209411e+02 3.933512905964232118e+02
8.049179362504220080e+03 3.944065779762435113e+02 3.939647836881958938e+02 3.934676251244905529e+02 3.933272762565084122e+02 3.933268970974809804e+02 3.933268611602921965e+02 3.933256532659893878e+02 3.933200909606516689e+02 3.933200707317332672e+02 3.933200430113828361e+02 3.933200142434282043e+02 3.933199845969073181e+02 3.933199523083142140e+02 3.933199199731504905e+02 3.933198944512208755e+02
8.099179362504220080e+03 3.943955465318225038e+02 3.939541225430154441e+02 3.934673961826916866e+02 3.933443957957758812e+02 3.933439294521409693e+02 3.933438817144468089e+02 3.933421562168919650e+02 3.933355106036991629e+02 3.933354967575569390e+02 3.933354809366090876e+02 3.933354617395809782e+02 3.933354431066178449e+02 3.933354213591643429e+02 3.933353936614466875e+02 3.933353723549126357e+02
8.149179362504220080e+03 3.944069194009501871e+02 3.939592407234711686e+02 3.934757933340753766e+02 3.933628535585331178e+02 3.933623084002118162e+02 3.933622642734776491e+02 3.933604785472282401e+02 3.933546412966857702e+02 3.933546278503039275e+02 3.933546118170337422e+02 3.933545918978683176e+02 3.933545723577831268e+02 3.933545493401699105e+02 3.933545190687500508e+02 3.933544962915530050e+02
8.199179362504219171e+03 3.944222406333592517e+02 3.939651790106412363e+02 3.935050175289664480e+02 3.934462954304708546e+02 3.934415095256057384e+02 3.934379922577145408e+02 3.934377814344055082e+02 3.934369551168954899e+02 3.934368849214961301e+02 3.934368008232420379e+02 3.934367142637563006e+02 3.934366172031946007e+02 3.934365013243157705e+02 3.934363853905342694e+02 3.934362957404624694e+02
8.249179362504219171e+03 3.943996606723076184e+02 3.939588711105855054e+02 3.935079096987888647e+02 3.934914431296869566e+02 3.934612914818211493e+02 3.934442680368515539e+02 3.934345063954810371e+02 3.934344625444110193e+02 3.934344105229725983e+02 3.934343556938428037e+02 3.934343003924157074e+02 3.934342518939536149e+02 3.934341915730138908e+02 3.934341325303469716e+02 3.934340869413152859e+02
8.299179362504219171e+03 3.944350992524308595e+02 3.939903077907455327e+02 3.935494430401720365e+02 3.935290016458520199e+02 3.934964990357976831e+02 3.934890716056359565e+02 3.934851403898780404e+02 3.934851089992687889e+02 3.934850730365070035e+02 3.934850423366569885e+02 3.934850103909761856e+02 3.934849742240585329e+02 3.934849276872487280e+02 3.934848831647946099e+02 3.934848483490209787e+02
8.349179362504219171e+03 3.946621591829286331e+02 3.942208452253852329e+02 3.938446973414002628e+02 3.938430907887030230e+02 3.938385127321487857e+02 3.936898813913663844e+02 3.935527743443943791e+02 3.935527515929380797e+02 3.935527191656238415e+02 3.935526846387576256e+02 3.935526472751693063e+02 3.935526018814742883e+02 3.935525634619507969e+02 3.935525158123593314e+02 3.935524798407671483e+02
8.399179362504219171e+03 3.947380135742020002e+02 3.942992705742256589e+02 3.939474102156170829e+02 3.939466140367575804e+02 3.939443471446541594e+02 3.939072767859198052e+02 3.936226348175509884e+02 3.936036952680120748e+02 3.936036650578757872e+02 3.936036307646302816e+02 3.936035902473484498e+02 3.936035381111906304e+02 3.936035022228919615e+02 3.936034564901632962e+02 3.936034231035483799e+02
8.449179362504219171e+03 3.947740277822139205e+02 3.943374909306685936e+02 3.940073602900619107e+02 3.940067904192179640e+02 3.940045185324667045e+02 3.939631655193455231e+02 3.936510184388691869e+02 3.936261220811854287e+02 3.936260907738738979e+02 3.936260539992115355e+02 3.936260139777561449e+02 3.936259654328817419e+02 3.936259291069574147e+02 3.936258834209599513e+02 3.936258497414526687e+02
8.499179362504219171e+03 3.948508312970857332e+02 3.944135502255484198e+02 3.941398262637616767e+02 3.941376071611888392e+02 3.941339951199764187e+02 3.940149445287406138e+02 3.936005206002305385e+02 3.935258540249003545e+02 3.935257604687081994e+02 3.935256420814709486e+02 3.935255137563030985e+02 3.935253439479749886e+02 3.935252348441873664e+02 3.935251097205465385e+02 3.935250149895782101e+02
8.549179362504219171e+03 3.948163277916513607e+02 3.943786138287337621e+02 3.941044771178943620e+02 3.941023584114457208e+02 3.940988943327793095e+02 3.939937198728466115e+02 3.936375457471925188e+02 3.935720291947303622e+02 3.935719316354865782e+02 3.935718014734378585e+02 3.935716554626977768e+02 3.935714457326281490e+02 3.935713263089256202e+02 3.935711779348329173e+02 3.935710711058003994e+02
8.599179362504219171e+03 3.948271338067302736e+02 3.943895139108877288e+02 3.941150974779612284e+02 3.941136693616263642e+02 3.941111989767715613e+02 3.940566223999042563e+02 3.937047988529212148e+02 3.936364634069793738e+02 3.936363751775473929e+02 3.936362745828957941e+02 3.936361603172133528e+02 3.936360333761660399e+02 3.936359200238697440e+02 3.936357888604438813e+02 3.936356835320326581e+02
8.649179362504219171e+03 3.947958084102555176e+02 3.943579626727145069e+02 3.940833339057459170e+02 3.940826446332687851e+02 3.940816677564517931e+02 3.939242613114296319e+02 3.936926872264535291e+02 3.936607133360498096e+02 3.936606143336589980e+02 3.936605023177373823e+02 3.936603675067228210e+02 3.936601980892277197e+02 3.936600810540934958e+02 3.936599359348755343e+02 3.936598300956135290e+02
8.699179362504219171e+03 3.947486521786635194e+02 3.943101558094779193e+02 3.940356208333304266e+02 3.940349913810271119e+02 3.940339952955897047e+02 3.938615722169092805e+02 3.936874774582511805e+02 3.936622742058707445e+02 3.936621656419289366e+02 3.936620322259590239e+02 3.936618944240423161e+02 3.936617252482595859e+02 3.936616070831723846e+02 3.936614628541108232e+02 3.936613565793121552e+02
8.749179362504219171e+03 3.947762421398181232e+02 3.943364941959600856e+02 3.940499038584837876e+02 3.940490467144874742e+02 3.940017509716749373e+02 3.938218822054715815e+02 3.936754858627904810e+02 3.936551500466399034e+02 3.936550396266081862e+02 3.936549042039744677e+02 3.936547636134624213e+02 3.936545879642432055e+02 3.936544675326176161e+02 3.936543222743964066e+02 3.936542151871822739e+02
8.799179362504219171e+03 3.947184792752494786e+02 3.942794229298283426e+02 3.939894563919920643e+02 3.939892694620497764e+02 3.939805099722321984e+02 3.938313585167427391e+02 3.936854739551052944e+02 3.936653043938323435e+02 3.936651983053369008e+02 3.936650684101200568e+02 3.936649333141662055e+02 3.936647649259014656e+02 3.936646482927668558e+02 3.936645090467399655e+02 3.936644061468521159e+02
8.849179362504219171e+03 3.946855002105053813e+02 3.942463261432739046e+02 3.939697876994736134e+02 3.939695620503064220e+02 3.936886742972383217e+02 3.936745564605075174e+02 3.936625533797989647e+02 3.936606986867080877e+02 3.936605971236281221e+02 3.936604754388339416e+02 3.936603482771193967e+02 3.936601862442537936e+02 3.936600770640186511e+02 3.936599426378081716e+02 3.936598444837398461e+02
8.899179362504219171e+03 3.946486996453610345e+02 3.942090517877384173e+02 3.939320115768028927e+02 3.939317975579967879e+02 3.936973224943305354e+02 3.936887540087442972e+02 3.936822817491230921e+02 3.936813718544001972e+02 3.936812860000557066e+02 3.936811839758769338e+02 3.936810764237936837e+02 3.936809397058068498e+02 3.936808450505636188e+02 3.936807277117135868e+02 3.936806421937276923e+02
8.949179362504219171e+03 3.946069623625478471e+02 3.941666535754102370e+02 3.938801574501713958e+02 3.938799630994026302e+02 3.936832561119431375e+02 3.936776327499843546e+02 3.936738810521757159e+02 3.936734496942944475e+02 3.936733911768117196e+02 3.936733238121585146e+02 3.936732536963895086e+02 3.936731674709035360e+02 3.936731036115413644e+02 3.936730260045616774e+02 3.936729689776316263e+02
8.999179362504219171e+03 3.945787255794379007e+02 3.941387316499056510e+02 3.938612917929872879e+02 3.938611051842065081e+02 3.936774449316671394e+02 3.936725560500336769e+02 3.936694199563369239e+02 3.936690704124619060e+02 3.936690180756241944e+02 3.936689585693277422e+02 3.936688968779428706e+02 3.936688220793142250e+02 3.936687653154407940e+02 3.936686945073225274e+02 3.936686436610015676e+02
9.049179362504219171e+03 3.945429591073956317e+02 3.941021149528236265e+02 3.938239234862673470e+02 3.938237500335024492e+02 3.936960442496174437e+02 3.936930363454650887e+02 3.936911855279520296e+02 3.936909300272153587e+02 3.936908722869202961e+02 3.936908043925935772e+02 3.936907318387193300e+02 3.936906385513271402e+02 3.936905756004229033e+02 3.936905036916835456e+02 3.936904494189101342e+02
9.099179362504219171e+03 3.945110281421929130e+02 3.940698277299100027e+02 3.937914746745221350e+02 3.937913153735734113e+02 3.936713248139992629e+02 3.936695893719946753e+02 3.936685621707046039e+02 3.936684007695174614e+02 3.936683475118137494e+02 3.936682846672393907e+02 3.936682165055841551e+02 3.936681290148598578e+02 3.936680695939866155e+02 3.936680016199373995e+02 3.936679501393159626e+02
9.149179362504219171e+03 3.944846973135411758e+02 3.940434109614892577e+02 3.937647977147125857e+02 3.937642655404761172e+02 3.936921392989756328e+02 3.936917338011904803e+02 3.936914000897709229e+02 3.936912708996044898e+02 3.936912114520121690e+02 3.936911417398947037e+02 3.936910669057832024e+02 3.936909735592332709e+02 3.936909071428539164e+02 3.936908327856687606e+02 3.936907762582873147e+02
9.199179362504219171e+03 3.944272605201398392e+02 3.939847834401058435e+02 3.936857312396445536e+02 3.936829791719187597e+02 3.936716960376209045e+02 3.936711223961010546e+02 3.936707666171789697e+02 3.936706557686326278e+02 3.936706017098381380e+02 3.936705423778652744e+02 3.936704831127827333e+02 3.936704131914001437e+02 3.936703610273717686e+02 3.936703043391811434e+02 3.936702606435862322e+02
9.249179362504219171e+03 3.944054365038890069e+02 3.939541452350354120e+02 3.936440821788130506e+02 3.936240014391145792e+02 3.936232595838287693e+02 3.936218672515617527e+02 3.936207631583423563e+02 3.936205591920571578e+02 3.936204696335752260e+02 3.936203670379442769e+02 3.936202647209249221e+02 3.936201377164807127e+02 3.936200556613569006e+02 3.936199606358335927e+02 3.936198906670681481e+02
9.299179362504219171e+03 3.943655677007224085e+02 3.939230257290493000e+02 3.936438115194659986e+02 3.936424696772637049e+02 3.936422606045720158e+02 3.936418257849418296e+02 3.936413377270761202e+02 3.936411816614125883e+02 3.936410966348462352e+02 3.936410006279617733e+02 3.936408997386488409e+02 3.936407811464915767e+02 3.936406904390703403e+02 3.936405907177627910e+02 3.936405149638593457e+02
9.349179362504219171e+03 3.943149890748671282e+02 3.938728785087349138e+02 3.936097644906284359e+02 3.936068445213094833e+02 3.936065357548445718e+02 3.936058115244086366e+02 3.936050261041928024e+02 3.936047762182489009e+02 3.936046604641488216e+02 3.936045287948210785e+02 3.936043976201891041e+02 3.936042504704885800e+02 3.936041339118174847e+02 3.936040099765053810e+02 3.936039151200397441e+02
9.399179362504219171e+03 3.942602299026654009e+02 3.938179248500155722e+02 3.935762490606351776e+02 3.935675857910408695e+02 3.935670786445739395e+02 3.935658025572445240e+02 3.935644909041671440e+02 3.935641710514213969e+02 3.935640500397028063e+02 3.935639107021690961e+02 3.935637689496440998e+02 3.935636037046728006e+02 3.935634783713160800e+02 3.935633418707388955e+02 3.935632385826186237e+02
9.449179362504219171e+03 3.942364784901001258e+02 3.937949620743272021e+02 3.936071458339196170e+02 3.936006421061519518e+02 3.936001842458987312e+02 3.935990235997619493e+02 3.935977746708637142e+02 3.935976116448034077e+02 3.935974920789299176e+02 3.935973559553190739e+02 3.935972170852240879e+02 3.935970550742477485e+02 3.935969303394583676e+02 3.935967951638521072e+02 3.935966924243961103e+02
9.499179362504219171e+03 3.941872608856571105e+02 3.937471139296524143e+02 3.935493745875765512e+02 3.935414964818151589e+02 3.935413029904508448e+02 3.935406495523807280e+02 3.935400413086330218e+02 3.935399340453761283e+02 3.935398029969842355e+02 3.935396566688263533e+02 3.935395135359300411e+02 3.935393540278641922e+02 3.935392266415420863e+02 3.935390910757719212e+02 3.935389882661036722e+02
9.549179362504219171e+03 3.941721653212262026e+02 3.937376678910020473e+02 3.935659875738358551e+02 3.935600428789626335e+02 3.935598762209407369e+02 3.935592889225617910e+02 3.935586545843106023e+02 3.935585299792473961e+02 3.935583726633812489e+02 3.935582000149076407e+02 3.935580294134394421e+02 3.935578421687086461e+02 3.935576859071279614e+02 3.935575220849085554e+02 3.935573965062530419e+02
9.599179362504219171e+03 3.941450446880772915e+02 3.937109938962861406e+02 3.935407795886750364e+02 3.935332366745814170e+02 3.935330506595758493e+02 3.935324444858215429e+02 3.935317800140742293e+02 3.935316536814370920e+02 3.935314921751458428e+02 3.935313152459098092e+02 3.935311402674201418e+02 3.935309472574584788e+02 3.935307864352973866e+02 3.935306169338392124e+02 3.935304872597881740e+02
9.649179362504219171e+03 3.940968958400189877e+02 3.936647920462089587e+02 3.935039713979491580e+02 3.934844297763144141e+02 3.934842739046468978e+02 3.934836952302172222e+02 3.934830721218203280e+02 3.934829461134440294e+02 3.934827848963744259e+02 3.934826089128718536e+02 3.934824345617520862e+02 3.934822423933638902e+02 3.934820814710119521e+02 3.934819118207188353e+02 3.934817818875232547e+02
9.699179362504219171e+03 3.941136410856053089e+02 3.936846334871550539e+02 3.935534264672311906e+02 3.935393764796903042e+02 3.935392649424302363e+02 3.935388417562147652e+02 3.935384035789859354e+02 3.935382798037895782e+02 3.935381222592225754e+02 3.935379504265230253e+02 3.935377802994549370e+02 3.935375938442086294e+02 3.935374357217659167e+02 3.935372692430076995e+02 3.935371415274881883e+02
9.749179362504219171e+03 3.941342446302618896e+02 3.937121685036355530e+02 3.936816940488328100e+02 3.935050512371086029e+02 3.935044804929000293e+02 3.935028619779568544e+02 3.935018776672189915e+02 3.935017602520444484e+02 3.935016152355069607e+02 3.935014499534888728e+02 3.935012857628775578e+02 3.935010990093468308e+02 3.935009481118250960e+02 3.935007856435764779e+02 3.935006616813023470e+02
9.799179362504219171e+03 3.940679274870535664e+02 3.936466261159308715e+02 3.935163000766049208e+02 3.934714025572097853e+02 3.934711317496462470e+02 3.934704415907923476e+02 3.934700322451823240e+02 3.934699192420827103e+02 3.934697814846809933e+02 3.934696261197833564e+02 3.934694704889355990e+02 3.934692928135941656e+02 3.934691496829955213e+02 3.934689943885816774e+02 3.934688762240936057e+02
9.849179362504219171e+03 3.940641540550221862e+02 3.936447023176260700e+02 3.935269119828622024e+02 3.934640176257199755e+02 3.934637094737890948e+02 3.934629027262252521e+02 3.934624607064928341e+02 3.934623552652436729e+02 3.934622307590956325e+02 3.934620901968784779e+02 3.934619493102546244e+02 3.934617885946248066e+02 3.934616599581671039e+02 3.934615205160355345e+02 3.934614143571637896e+02
9.899179362504219171e+03 3.940722980013064785e+02 3.936547133059373209e+02 3.934829424434333873e+02 3.934823224199142260e+02 3.934821036130967968e+02 3.934815395839635244e+02 3.934811912547759221e+02 3.934810780237221479e+02 3.934809502128200620e+02 3.934808079449283582e+02 3.934806671141089396e+02 3.934805107531869908e+02 3.934803794690717496e+02 3.934802405133909815e+02 3.934801335923331749e+02
9.949179362504219171e+03 3.940460939295389835e+02 3.936269516924023719e+02 3.934358915512075328e+02 3.934357981617329187e+02 3.934356861057953552e+02 3.934353324485661574e+02 3.934350942474169983e+02 3.934349746935495205e+02 3.934348450151964585e+02 3.934346990446843506e+02 3.934345544208433694e+02 3.934343926753537062e+02 3.934342580165529739e+02 3.934341144961040300e+02 3.934340042878706072e+02
9.999179362504219171e+03 3.940420923362059398e+02 3.936311134589569178e+02 3.934330768631769502e+02 3.934327671211199231e+02 3.934325989080170416e+02 3.934319376436801008e+02 3.934315468135228002e+02 3.934313989753370606e+02 3.934312442932144904e+02 3.934310738364328586e+02 3.934309055921359004e+02 3.934307190567389512e+02 3.934305613552705267e+02 3.934303946365031379e+02 3.934302658844152347e+02
1.004917936250421917e+04 3.940333555645073602e+02 3.936248888458372903e+02 3.934305330190180712e+02 3.934302206473791443e+02 3.934300555211063966e+02 3.934294013871844413e+02 3.934289651798711702e+02 3.934288061195687760e+02 3.934286400147970539e+02 3.934284562663275437e+02 3.934282751934365479e+02 3.934280729258127849e+02 3.934279048308480924e+02 3.934277254296424644e+02 3.934275878427602606e+02
1.009917936250421917e+04 3.940177667033249236e+02 3.936076141723760315e+02 3.933898534765744444e+02 3.933893797696098886e+02 3.933892077581160720e+02 3.933885415501167699e+02 3.933880724205826596e+02 3.933879078427136164e+02 3.933877366200621282e+02 3.933875481713236013e+02 3.933873620681176817e+02 3.933871539123013008e+02 3.933869802437436078e+02 3.933867958634524484e+02 3.933866546484028959e+02
1.014917936250421917e+04 3.940075266849741524e+02 3.936035968003481571e+02 3.934269213869136479e+02 3.934267527508468447e+02 3.934265970183277545e+02 3.934259600788499256e+02 3.934255133790356922e+02 3.934253453306787378e+02 3.934251711232475373e+02 3.934249817037452885e+02 3.934247950444060393e+02 3.934245899132844784e+02 3.934244152494832178e+02 3.934242306816013866e+02 3.934240888802091831e+02
1.019917936250421917e+04 3.939869831292363642e+02 3.935833532548018638e+02 3.933913211022423866e+02 3.933910416989892838e+02 3.933908121365448096e+02 3.933900872247093048e+02 3.933897226589228353e+02 3.933895517365173760e+02 3.933893749212779198e+02 3.933891847903561256e+02 3.933889971060871176e+02 3.933887924952716730e+02 3.933886158675379079e+02 3.933884304611065659e+02 3.933882877085134737e+02
1.024917936250421917e+04 3.939737798120671073e+02 3.935730802293242050e+02 3.934051387277680760e+02 3.934049688506136135e+02 3.934047401320232211e+02 3.934039994160993388e+02 3.934036867358574909e+02 3.934035125273614995e+02 3.934033326666467474e+02 3.934031417381317510e+02 3.934029529987819842e+02 3.934027496573826284e+02 3.934025701751737643e+02 3.934023838739660164e+02 3.934022400865081863e+02
1.029917936250421917e+04 3.939248846694248982e+02 3.935245267065733970e+02 3.933399615626863124e+02 3.933396571931011749e+02 3.933393798953449050e+02 3.933385715585881712e+02 3.933382556336251810e+02 3.933380833880651153e+02 3.933379051077164945e+02 3.933377161961923321e+02 3.933375291126602633e+02 3.933373285558926682e+02 3.933371504601484503e+02 3.933369652023581580e+02 3.933368219204398883e+02
1.034917936250421917e+04 3.939203179272572015e+02 3.935226866773734855e+02 3.933512470843005531e+02 3.933510221757509839e+02 3.933507829466769863e+02 3.933500523606094248e+02 3.933497496687315333e+02 3.933495771106133816e+02 3.933493983899254545e+02 3.933492101875353910e+02 3.933490234435209913e+02 3.933488239432091405e+02 3.933486452118357874e+02 3.933484601625041819e+02 3.933483170243481482e+02
1.039917936250421917e+04 3.939094159862483480e+02 3.935125758681621164e+02 3.933467404455451515e+02 3.933465534218487960e+02 3.933463242284456101e+02 3.933456063543255254e+02 3.933453028587235849e+02 3.933451288880847301e+02 3.933449490581194254e+02 3.933447609401093814e+02 3.933445741091508125e+02 3.933443753974485162e+02 3.933441955680970636e+02 3.933440103973449595e+02 3.933438669986335299e+02
1.044917936250421917e+04 3.939004167532704059e+02 3.935064051452088734e+02 3.933240381421155689e+02 3.933237116684750276e+02 3.933234243910887358e+02 3.933225922852036547e+02 3.933222555876743627e+02 3.933220735377880146e+02 3.933218871956137264e+02 3.933216960769794923e+02 3.933215068870309210e+02 3.933213074884096159e+02 3.933211239574476394e+02 3.933209375611965015e+02 3.933207928345240703e+02
1.049917936250421917e+04 3.939007286438449569e+02 3.935139310905390744e+02 3.933304615420746586e+02 3.933301459940478253e+02 3.933298399905071392e+02 3.933288479053317133e+02 3.933284384109888947e+02 3.933282337862833629e+02 3.933280270548759177e+02 3.933278199181629589e+02 3.933276204056287497e+02 3.933274211275992798e+02 3.933272276547156707e+02 3.933270354935847877e+02 3.933268863442064003e+02
1.054917936250421917e+04 3.939318140789649760e+02 3.935544417485031659e+02 3.933455856671689617e+02 3.933451512564779478e+02 3.933447961571797578e+02 3.933435719387180711e+02 3.933430339204955999e+02 3.933427968087555087e+02 3.933425582332978365e+02 3.933423225235519567e+02 3.933420994999258369e+02 3.933418811031959308e+02 3.933416698469971493e+02 3.933414640986363793e+02 3.933413070185468996e+02
1.059917936250421917e+04 4.139895529612566634e+02 4.139890120757885370e+02 4.139778852090958594e+02 4.139601338567181870e+02 4.139558255826213440e+02 4.137396249675132935e+02 4.130863808563129851e+02 4.129454150557539833e+02 4.128056801063671628e+02 4.127059724277883106e+02 4.127047867884684820e+02 4.127038694078039498e+02 4.127031838512177160e+02 4.127024200046562328e+02 4.127018443912834869e+02
1.064917936250421917e+04 4.121453815623344781e+02 4.121451110881409932e+02 4.121388230013105840e+02 4.121344598207935519e+02 4.121322901794469544e+02 4.119187446813922406e+02 4.117279400758382053e+02 4.116744284036818726e+02 4.116733478618385789e+02 4.116725809542483603e+02 4.116719016695586788e+02 4.116712820417127432e+02 4.116706382533398028e+02 4.116700383152015092e+02 4.116695942673405852e+02
1.069917936250421917e+04 4.130283996993922528e+02 4.130279825680769363e+02 4.130181875819818060e+02 4.125768355716778615e+02 4.124286830071047234e+02 4.124256772507936830e+02 4.124245734501103016e+02 4.124237606174970097e+02 4.124230381503410854e+02 4.124222980193628700e+02 4.124215683048390702e+02 4.124208496809146709e+02 4.124200964524109168e+02 4.124193886638463482e+02 4.124188642753676959e+02
1.074917936250421917e+04 4.111092160102170965e+02 4.111083037524296060e+02 4.111075941337434188e+02 4.111068971951679032e+02 4.111061380598588926e+02 4.111054632007338796e+02 4.111047878695210329e+02 4.111041199041796972e+02 4.111033568210428371e+02 4.111026928075963269e+02 4.111020073377030712e+02 4.111013286993465954e+02 4.111005224273345107e+02 4.110998582834581612e+02 4.110993092619958134e+02
1.079917936250421917e+04 4.066884587099438022e+02 4.065028387103130854e+02 4.065020287324954893e+02 4.065013458574869105e+02 4.065006652664288822e+02 4.065000007285473771e+02 4.064993324488019084e+02 4.064986833309704934e+02 4.064979786957139254e+02 4.064973646595991568e+02 4.064967276114194306e+02 4.064961032570839166e+02 4.064953893521295640e+02 4.064947783766323255e+02 4.064943085490973544e+02
1.084917936250421917e+04 4.026349982288279534e+02 4.024510884786546967e+02 4.024469670519882243e+02 4.024462954393152359e+02 4.024456330213679394e+02 4.024449773665360226e+02 4.024443256128229223e+02 4.024436953225797993e+02 4.024430331241936756e+02 4.024424217113104305e+02 4.024417962916895135e+02 4.024411824019284154e+02 4.024405436014965858e+02 4.024399686750735441e+02 4.024395369630358914e+02
1.089917936250421917e+04 4.014511729983910300e+02 4.011678331583785280e+02 4.009303185671891470e+02 4.009293252472634776e+02 4.009286431270046478e+02 4.009279921121479902e+02 4.009273448768001913e+02 4.009267100970786259e+02 4.009260159337537175e+02 4.009254030468945871e+02 4.009247762379524147e+02 4.009241650558392962e+02 4.009234501785472844e+02 4.009228484458531625e+02 4.009223875034160756e+02
1.094917936250421917e+04 3.998365050678697230e+02 3.995417842906325632e+02 3.992175853369329843e+02 3.992066519772000674e+02 3.992059804159140413e+02 3.992053250999147167e+02 3.992046709930351653e+02 3.992040282117708330e+02 3.992033548599557093e+02 3.992027276489250198e+02 3.992020996233092092e+02 3.992014838822335605e+02 3.992008405360346615e+02 3.992002615788109097e+02 3.991998257507889889e+02
1.096582485910421929e+04 3.996351804794852569e+02 3.992771519483632119e+02 3.989113890119965617e+02 3.989102065325257627e+02 3.989089487337182618e+02 3.989080438440298053e+02 3.989072576562582526e+02 3.989065300921974995e+02 3.989058029022559140e+02 3.989051187638675628e+02 3.989044355204149497e+02 3.989037584975721416e+02 3.989030708358335460e+02 3.989024490872226352e+02 3.989019639760617792e+02
1.096583735910422001e+04 3.964029758191734345e+02 3.990748337180551175e+02 3.989140618476436089e+02 3.989128317589793369e+02 3.989117497491995437e+02 3.989110090356720093e+02 3.989103741577723667e+02 3.989097834740670692e+02 3.989091791995009544e+02 3.989086052014225743e+02 3.989080213351545012e+02 3.989074338232948662e+02 3.989068233801126553e+02 3.989062663723466358e+02 3.989058297712574017e+02
1.096593735910422038e+04 3.980527208290627641e+02 3.987863491404537513e+02 3.988552043334907466e+02 3.988508995563862527e+02 3.988501682179517047e+02 3.988497813660766838e+02 3.988494913066865024e+02 3.988492521609432515e+02 3.988489699163563387e+02 3.988487511464863928e+02 3.988485122691409401e+02 3.988482873534494502e+02 3.988480099805457826e+02 3.988477876519342544e+02 3.988476544066899692e+02
1.101619570992354784e+04 3.953080694730765003e+02 3.953077873003313698e+02 3.953073482728989347e+02 3.953069398982680696e+02 3.953065251053461111e+02 3.953061230220644120e+02 3.953057237902477254e+02 3.953053306987026758e+02 3.953049301536536859e+02 3.953045480822702871e+02 3.953041697304481090e+02 3.953037993892924646e+02 3.953034492883795110e+02 3.953031344961719924e+02 3.953029047749222400e+02
1.106747401159219407e+04 3.951721762402853528e+02 3.951718525463120386e+02 3.951714361999507901e+02 3.951710524725510822e+02 3.951706567830727295e+02 3.951702790677646817e+02 3.951699013965568383e+02 3.951695273254109679e+02 3.951691407052956038e+02 3.951687723611300385e+02 3.951684029413003145e+02 3.951680394383024577e+02 3.951676864761207639e+02 3.951673523973977353e+02 3.951671094852739543e+02
1.107555798641183173e+04 3.951411106105480258e+02 3.951404768392731057e+02 3.951399439871726145e+02 3.951394994223362573e+02 3.951390790293369264e+02 3.951386651861844825e+02 3.951382549102364692e+02 3.951378508348579999e+02 3.951374491874867090e+02 3.951370524276757124e+02 3.951366593763603987e+02 3.951362756827560361e+02 3.951359083544525674e+02 3.951355557184385816e+02 3.951352874678798912e+02
1.107611392737563438e+04 3.951683233361216026e+02 3.951684725643750653e+02 3.951681003652601589e+02 3.951677518976925398e+02 3.951674156104674012e+02 3.951670847484842284e+02 3.951667524816767809e+02 3.951664220535324148e+02 3.951660865245659124e+02 3.951657586837328040e+02 3.951654302605255680e+02 3.951651086806427315e+02 3.951647977161746326e+02 3.951645000386943707e+02 3.951642788449921682e+02
1.161249293016792581e+04 3.947352843718591089e+02 3.947350578042493794e+02 3.947348648644866671e+02 3.947346461972474003e+02 3.947343956726803071e+02 3.947341446687211715e+02 3.947338974463490331e+02 3.947336526578970961e+02 3.947333939914997814e+02 3.947331513980362843e+02 3.947329072901602558e+02 3.947326719112543856e+02 3.947324216258929255e+02 3.947321756426446200e+02 3.947319799869660528e+02
1.161250543016792653e+04 3.926449085590419372e+02 3.938410145925961956e+02 3.938657808355947054e+02 3.938763762890698672e+02 3.938902868660291574e+02 3.939097842546602237e+02 3.939299301559362334e+02 3.939494692461031491e+02 3.939653379002842257e+02 3.939826758435707461e+02 3.939992291145484842e+02 3.940163996078861146e+02 3.940290858677574874e+02 3.940413003162841505e+02 3.940512106740970353e+02
1.161260543016792690e+04 3.946068036107941452e+02 3.946071600893293976e+02 3.946086834534904142e+02 3.946086479160913996e+02 3.946085238652764815e+02 3.946083530364494436e+02 3.946081429948922050e+02 3.946078948765684800e+02 3.946075541936305626e+02 3.946072222464829906e+02 3.946068507348333583e+02 3.946065463501778936e+02 3.946060410162832568e+02 3.946055540794153558e+02 3.946050990346507774e+02
1.207825469774593876e+04 3.948131474088717141e+02 3.948129279910900777e+02 3.948125009208965821e+02 3.948122716642743626e+02 3.948120433307469739e+02 3.948117940103201136e+02 3.948115434267898536e+02 3.948112901680920004e+02 3.948110514584147381e+02 3.948107956299711532e+02 3.948105439962205310e+02 3.948102928448086573e+02 3.948100353050334093e+02 3.948097769634058523e+02 3.948095696354001802e+02
1.297825469774593876e+04 3.948413744326605297e+02 3.948409099499816648e+02 3.948403097226553768e+02 3.948399079459273366e+02 3.948393770463831061e+02 3.948389169709121802e+02 3.948384685212594150e+02 3.948380224493126320e+02 3.948375274751618917e+02 3.948370757289771973e+02 3.948366241897704185e+02 3.948362090478679534e+02 3.948356801656488528e+02 3.948352734056838926e+02 3.948349367265451519e+02
1.387825469774593876e+04 3.943021027913192711e+02 3.942874437497602003e+02 3.942860662456341743e+02 3.942856624821126843e+02 3.942852274711631821e+02 3.942847568038193913e+02 3.942842892108303658e+02 3.942838208092690024e+02 3.942833644142620528e+02 3.942828899365528059e+02 3.942824159500525525e+02 3.942819489036845084e+02 3.942814687031312815e+02 3.942809958331671965e+02 3.942806161954215440e+02
1.477825469774593876e+04 3.926330229791929582e+02 3.926338287325816623e+02 3.926337613859191720e+02 3.926333870030099433e+02 3.926329877294371613e+02 3.926325774878200718e+02 3.926321697431394000e+02 3.926317636831937534e+02 3.926313551400944561e+02 3.926309483498893655e+02 3.926305434361405560e+02 3.926301450746107093e+02 3.926297254098767553e+02 3.926293194166266858e+02 3.926290004607669744e+02
1.567825469774593876e+04 3.914160437758629314e+02 3.914141376701119270e+02 3.914131386431468513e+02 3.914127510306096838e+02 3.914123379848330728e+02 3.914118999020454908e+02 3.914114616006606866e+02 3.914110216063205598e+02 3.914105864352667936e+02 3.914101413251368058e+02 3.914096966979672629e+02 3.914092621169172617e+02 3.914088127036212654e+02 3.914083734322676378e+02 3.914080236149225129e+02
1.657825469774593876e+04 3.906759880435371315e+02 3.906578638264420533e+02 3.906525594804298862e+02 3.906521746515772406e+02 3.906517972123705249e+02 3.906513524418754741e+02 3.906509087201083048e+02 3.906504589985910343e+02 3.906500719335760436e+02 3.906496167801236652e+02 3.906491600872673189e+02 3.906487170650376015e+02 3.906483131675868208e+02 3.906478803638228783e+02 3.906475310234615108e+02
1.748106719774593876e+04 3.898049870486720465e+02 3.898042669565638221e+02 3.898035487971356474e+02 3.898030543391658966e+02 3.898025314928874536e+02 3.898020100546418689e+02 3.898014977726408574e+02 3.898009944559227051e+02 3.898004769410513859e+02 3.897999778578706582e+02 3.897994749007524433e+02 3.897989798816941516e+02 3.897984559917862839e+02 3.897979527203479506e+02 3.897975630957097906e+02
1.837925764526856074e+04 3.891157019533314951e+02 3.891145207726711419e+02 3.891136725185523346e+02 3.891131865406705401e+02 3.891126820470726670e+02 3.891121711526345734e+02 3.891116637914800549e+02 3.891111597865058798e+02 3.891106432090522844e+02 3.891101419421299852e+02 3.891096368311310130e+02 3.891091361354031051e+02 3.891086154669064854e+02 3.891081114045426830e+02 3.891077160314163166e+02
1.927925764526856074e+04 3.889809461377777779e+02 3.889794958037970218e+02 3.889785427163608347e+02 3.889780790379267046e+02 3.889775937009923155e+02 3.889770961658044826e+02 3.889766014974253494e+02 3.889761098067435228e+02 3.889756050581328282e+02 3.889751104351411755e+02 3.889746084788813505e+02 3.889741104357090080e+02 3.889735979103022601e+02 3.889731005754077842e+02 3.889727071675907268e+02
2.017925764526856074e+04 3.888720888116203014e+02 3.888716027129923418e+02 3.888710399667108959e+02 3.888705755467430549e+02 3.888700992796094056e+02 3.888696237266708522e+02 3.888691536702425537e+02 3.888686861273728255e+02 3.888682063300086611e+02 3.888677393592448652e+02 3.888672691915281803e+02 3.888668043398104714e+02 3.888663209312663867e+02 3.888658520513432109e+02 3.888654852463919269e+02
2.107925764526856074e+04 3.889305850192785670e+02 3.889293388765048007e+02 3.889284321111713325e+02 3.889279540312802510e+02 3.889274569707148999e+02 3.889269540032095165e+02 3.889264559776221404e+02 3.889259614054011536e+02 3.889254564000174241e+02 3.889249588894947465e+02 3.889244562002511998e+02 3.889239602300120850e+02 3.889234477539908994e+02 3.889229492361617986e+02 3.889225534177228383e+02
2.197925764526856074e+04 3.889465061305166387e+02 3.889461790022385799e+02 3.889457105421981851e+02 3.889452581875208352e+02 3.889447889955508231e+02 3.889443204964284178e+02 3.889438569340415484e+02 3.889433973551853114e+02 3.889429267666899932e+02 3.889424675014428203e+02 3.889420058304607437e+02 3.889415498087874994e+02 3.889410751084771505e+02 3.889406141382725650e+02 3.889402535239405552e+02
2.287925764526856074e+04 3.890674856183516113e+02 3.890669386061274508e+02 3.890663659896346189e+02 3.890659214108695778e+02 3.890654558487138388e+02 3.890649772156010613e+02 3.890645037049359871e+02 3.890640315973968200e+02 3.890635597550494822e+02 3.890630852249778400e+02 3.890626111840516614e+02 3.890621472485653953e+02 3.890616679813526844e+02 3.890611991655980546e+02 3.890608278074428199e+02
2.377925764526856074e+04 3.891381216260459723e+02 3.891360370204619130e+02 3.891348642027990650e+02 3.891344030784597408e+02 3.891339195445226551e+02 3.891334112217339225e+02 3.891328970576611823e+02 3.891323788113101614e+02 3.891318774064602621e+02 3.891313550865187949e+02 3.891308330551171366e+02 3.891303233928165923e+02 3.891298078688776059e+02 3.891292945421706122e+02 3.891288794195653509e+02
2.467925764526856074e+04 3.891368179278363186e+02 3.891356650808119753e+02 3.891348397570079669e+02 3.891343949930997042e+02 3.891339217472448127e+02 3.891334316525808390e+02 3.891329360416795566e+02 3.891324396990625019e+02 3.891319457621763718e+02 3.891314476079676297e+02 3.891309474173710328e+02 3.891304557756702707e+02 3.891299535521557118e+02 3.891294595580874329e+02 3.891290646219692917e+02
2.538925764526856074e+04 3.891356375867868564e+02 3.891347280622701987e+02 3.891339492537655360e+02 3.891334671196685235e+02 3.891329598890443435e+02 3.891324496671411453e+02 3.891319515324113354e+02 3.891314580387760884e+02 3.891309585347548818e+02 3.891304599672722588e+02 3.891299606538576086e+02 3.891294684527011896e+02 3.891289576622943400e+02 3.891284594014236973e+02 3.891280636198068805e+02
