TIME T_sat_Ch1_mesh1 T_sat_Ch1_mesh2 T_sat_Ch1_mesh3 T_sat_Ch1_mesh4 T_sat_Ch1_mesh5 T_sat_Ch1_mesh6 T_sat_Ch1_mesh7 T_sat_Ch1_mesh8 T_sat_Ch1_mesh9 T_sat_Ch1_mesh10 T_sat_Ch1_mesh11 T_sat_Ch1_mesh12 T_sat_Ch1_mesh13 T_sat_Ch1_mesh14 T_sat_Ch1_mesh15 
0.000000000000000000e+00 6.201577508435348136e+02 6.201154560771565230e+02 6.200256869340228150e+02 6.199272356863775713e+02 6.198868697618241868e+02 6.197896829874275682e+02 6.196917704582767783e+02 6.195906865304851863e+02 6.195499869164539177e+02 6.194500745966395243e+02 6.193493758701907836e+02 6.192453401632849364e+02 6.192041922614075702e+02 6.190987716049615983e+02 6.190346507473204838e+02
5.000040000000043960e+01 5.636546039700629080e+02 5.636380953662019238e+02 5.636176140029289172e+02 5.636001323190355379e+02 5.635845756231484529e+02 5.635703247726968357e+02 5.635571904219568751e+02 5.635449394202528310e+02 5.635333546496859753e+02 5.635221564379875190e+02 5.635115136602734083e+02 5.635012811868231211e+02 5.634918333752366379e+02 5.634814579268809211e+02 5.634728844103507299e+02
1.000003999999985922e+02 5.516309755204993053e+02 5.516135329125696671e+02 5.515911133713750587e+02 5.515727152927109955e+02 5.515567661987167867e+02 5.515422271778215872e+02 5.515290761386498843e+02 5.515176082055719462e+02 5.515071575453628157e+02 5.514978830174738960e+02 5.514895261449191821e+02 5.514820639016660380e+02 5.514763505197040558e+02 5.514680515476998153e+02 5.514615046985718436e+02
1.502405034099261059e+02 5.043600710685744843e+02 5.043592092432686513e+02 5.043581724498531003e+02 5.043572029039419249e+02 5.043562430431862822e+02 5.043552978166258072e+02 5.043543414602906978e+02 5.043533912469079041e+02 5.043524473094979612e+02 5.043515088792008783e+02 5.043505755331993896e+02 5.043496482477372638e+02 5.043487318731310438e+02 5.043478169257753052e+02 5.043470866774548540e+02
2.004200391960640388e+02 4.460464460781372509e+02 4.459561151715747087e+02 4.458373036128983813e+02 4.457422853429705469e+02 4.456638493647674295e+02 4.456004745113991703e+02 4.455456422187771750e+02 4.455154303464641430e+02 4.455130557469351515e+02 4.455085202677506686e+02 4.455035659292698256e+02 4.454980679602343798e+02 4.454945952136744722e+02 4.454886331929367316e+02 4.454856928635445001e+02
2.553043625042201370e+02 4.426691274082749032e+02 4.425273644180811061e+02 4.423618813855528060e+02 4.422282150433234165e+02 4.421189171380589187e+02 4.420240708216192616e+02 4.419399867116988503e+02 4.418638581916136445e+02 4.417947633861189161e+02 4.417284452089833167e+02 4.416659082080395820e+02 4.416065046843204414e+02 4.415573728800851541e+02 4.415006662662991062e+02 4.414476515618081294e+02
3.053043625042201370e+02 4.413691450009459913e+02 4.412219171122603143e+02 4.410385086933555954e+02 4.408743135863942939e+02 4.407367389680797487e+02 4.406195242423407876e+02 4.405178799008828605e+02 4.404281877920443549e+02 4.403477890330391347e+02 4.402729386107142773e+02 4.402051604121103878e+02 4.401411751061793893e+02 4.400871971613557889e+02 4.400247434818547276e+02 4.399740384249230942e+02
3.553043625042201370e+02 4.411055980059151125e+02 4.409570526279914020e+02 4.407711772876782561e+02 4.405906090917886786e+02 4.404236158906882110e+02 4.402810941944526348e+02 4.401598744464253059e+02 4.400544797156231880e+02 4.399611060218172156e+02 4.398755779392282648e+02 4.397985489441112463e+02 4.397267201690308411e+02 4.396655609967527880e+02 4.395968847940961837e+02 4.395417593517066734e+02
4.053043625042201370e+02 4.451753100176583757e+02 4.450390780333287921e+02 4.448685350755671379e+02 4.447139660767869032e+02 4.445813680963474894e+02 4.444676308156978166e+02 4.443685712779918049e+02 4.442804885343045953e+02 4.442002934367002922e+02 4.441254237652204893e+02 4.440566964534135650e+02 4.439916551896130272e+02 4.439352774321142192e+02 4.438713288485606085e+02 4.438196851781344208e+02
4.553043625042201370e+02 4.456703911371814684e+02 4.455380211861195221e+02 4.453695492573878596e+02 4.452076458762868469e+02 4.450604671916035500e+02 4.449361287583976718e+02 4.448296433976665867e+02 4.447365360281481799e+02 4.446534529957239670e+02 4.445770832265799868e+02 4.445084180534139477e+02 4.444439688699986277e+02 4.443895100690359072e+02 4.443282610699498036e+02 4.442781263665591496e+02
5.053043625042201370e+02 4.457676719849305869e+02 4.456318590584235153e+02 4.454625254069374591e+02 4.453026840474266805e+02 4.451613663706680768e+02 4.450428126051799609e+02 4.449411784071495504e+02 4.448522833623823090e+02 4.447727810784158464e+02 4.446995030071867063e+02 4.446335177703819568e+02 4.445713338139448751e+02 4.445187753125590007e+02 4.444591592975117464e+02 4.444099289928607277e+02
5.553043625042200802e+02 4.455405447607507767e+02 4.454042651262059280e+02 4.452342215117317323e+02 4.450736876160591464e+02 4.449315742504336981e+02 4.448121472271940320e+02 4.447096363596298829e+02 4.446198913997908448e+02 4.445395733756253094e+02 4.444655233295355856e+02 4.443988088451280305e+02 4.443359374183449972e+02 4.442827392660825012e+02 4.442224718950378701e+02 4.441727686504930261e+02
6.053043625042200802e+02 4.450663197844153274e+02 4.449285934437953074e+02 4.447568777886713178e+02 4.445947387124654711e+02 4.444511816213858992e+02 4.443305085659062001e+02 4.442269048593057050e+02 4.441361736502507256e+02 4.440549358722449824e+02 4.439800209894117984e+02 4.439124886590133769e+02 4.438488360549695244e+02 4.437949130046819732e+02 4.437338522631042110e+02 4.436835352371347199e+02
6.584293625042200802e+02 4.443676821148209797e+02 4.442280442438076875e+02 4.440539345292893358e+02 4.438896078651700350e+02 4.437441238990659826e+02 4.436217122162054238e+02 4.435165343558650761e+02 4.434243680676134431e+02 4.433417998848707384e+02 4.432656362370104830e+02 4.431969440922571266e+02 4.431321894911229720e+02 4.430772815517435106e+02 4.430151381384723663e+02 4.429639955941883613e+02
7.096793625042200802e+02 4.435949696258518316e+02 4.434531891284210019e+02 4.432763926600554214e+02 4.431097476150805505e+02 4.429623729380248278e+02 4.428382526103563919e+02 4.427315109969774767e+02 4.426379118304015492e+02 4.425540093674072182e+02 4.424765849068086823e+02 4.424067250008421865e+02 4.423408509978933125e+02 4.422849582363697323e+02 4.422217105267899342e+02 4.421697171089811604e+02
7.596793625042200802e+02 4.425883259150816116e+02 4.424435685672207228e+02 4.422632793922437600e+02 4.420977188799282658e+02 4.419554075940093298e+02 4.418351234357462545e+02 4.417310674869320906e+02 4.416394357630515515e+02 4.415569549728363654e+02 4.414805158454231560e+02 4.414114424727110872e+02 4.413460519035689913e+02 4.412906669170882878e+02 4.412275826506772773e+02 4.411755427980704667e+02
8.096793625042200802e+02 4.408869754974860484e+02 4.407375453246236248e+02 4.405511335858095663e+02 4.403789250499136756e+02 4.402300434583199831e+02 4.401044154387735148e+02 4.399960449382076604e+02 4.399008114667612972e+02 4.398152807376361011e+02 4.397361329086642172e+02 4.396647156863303962e+02 4.395971583159681586e+02 4.395400367727877438e+02 4.394749592787802612e+02 4.394213724805703691e+02
8.596793625042200802e+02 4.390471275669880242e+02 4.388921597745805911e+02 4.386987336878164569e+02 4.385213999545495653e+02 4.383694978037686951e+02 4.382413579550768645e+02 4.381308234062242377e+02 4.380336666478180518e+02 4.379464035548701304e+02 4.378655819295681795e+02 4.377926671209454526e+02 4.377236292719385347e+02 4.376653477415386533e+02 4.375987062122862881e+02 4.375439092857562855e+02
9.096793625042200802e+02 4.376328216668498499e+02 4.374733906864485675e+02 4.372743720389150326e+02 4.370941158154658979e+02 4.369415779289376474e+02 4.368123402455696578e+02 4.367004375727891556e+02 4.366018278853121046e+02 4.365130676436715476e+02 4.364307022780767511e+02 4.363563899454203465e+02 4.362858380322851986e+02 4.362264079368922012e+02 4.361582767756315206e+02 4.361021246238628919e+02
9.596793625042200802e+02 4.365261317183055780e+02 4.363629156852986171e+02 4.361592143549646607e+02 4.359746894864962314e+02 4.358184987681150346e+02 4.356861283813888122e+02 4.355714874582259313e+02 4.354704488264393376e+02 4.353794885905577985e+02 4.352950823104058031e+02 4.352189178199062098e+02 4.351466005782885986e+02 4.350856657889755752e+02 4.350158272370566692e+02 4.349583554986830904e+02
1.009679362504220080e+03 4.356063955341606402e+02 4.354399844492498914e+02 4.352322990113306105e+02 4.350442768996667269e+02 4.348851989566689440e+02 4.347503040361459625e+02 4.346334188063052579e+02 4.345303647319021252e+02 4.344375573620202999e+02 4.343514239228832707e+02 4.342736884845796794e+02 4.341998568741420854e+02 4.341376345104697521e+02 4.340663286080603029e+02 4.340077155591529845e+02
1.059679362504220080e+03 4.347207006844499801e+02 4.345511310647555661e+02 4.343394895510880360e+02 4.341476806742597319e+02 4.339852393823395573e+02 4.338475507855628166e+02 4.337282824142139930e+02 4.336231480283021256e+02 4.335284799150982167e+02 4.334406359422458763e+02 4.333613603472813338e+02 4.332860674218485997e+02 4.332226069128308268e+02 4.331498998640046807e+02 4.330902040523175174e+02
1.109679362504220080e+03 4.338326847649897218e+02 4.336599181701627117e+02 4.334442436801585927e+02 4.332486953831669894e+02 4.330830285883828310e+02 4.329426115898589273e+02 4.328209786671385473e+02 4.327137569987867778e+02 4.326172024915388761e+02 4.325276126930451710e+02 4.324467615026202338e+02 4.323699594130687842e+02 4.323052257441105439e+02 4.322310635445423372e+02 4.321702458070021180e+02
1.159679362504220080e+03 4.328755070935122831e+02 4.326992551988853961e+02 4.324792078344436277e+02 4.322807498118094145e+02 4.321136344881050491e+02 4.319718988991015749e+02 4.318490450354278209e+02 4.317406876879247761e+02 4.316430706444790530e+02 4.315524309027524055e+02 4.314706497044206799e+02 4.313928797176100716e+02 4.313274166902660909e+02 4.312522746535919396e+02 4.311906224361344471e+02
1.209679362504220080e+03 4.318666724228922931e+02 4.316866498870870146e+02 4.314618615192707693e+02 4.312599770400061630e+02 4.310907876094890980e+02 4.309471773363907232e+02 4.308226097802375421e+02 4.307126769015583250e+02 4.306136005680199332e+02 4.305215504970461780e+02 4.304384983886574787e+02 4.303594555205366419e+02 4.302929725526867060e+02 4.302165508754046641e+02 4.301538641758948529e+02
1.259679362504220080e+03 4.308916985127394241e+02 4.307079083133701261e+02 4.304783817122902860e+02 4.302727648515959800e+02 4.301009513130322262e+02 4.299550359802458388e+02 4.298284104579718132e+02 4.297166159901167930e+02 4.296158347450899555e+02 4.295221658820814810e+02 4.294376518085588259e+02 4.293571733300341293e+02 4.292895119544381259e+02 4.292116678090009145e+02 4.291478571700725411e+02
1.309679362504220080e+03 4.299762418936925883e+02 4.297887957575464952e+02 4.295546754933925513e+02 4.293451987200102735e+02 4.291704023946479651e+02 4.290219193262683461e+02 4.288930469728524599e+02 4.287792452246549146e+02 4.286766426681739404e+02 4.285812653432738557e+02 4.284952118017134808e+02 4.284132375596615816e+02 4.283443375664949144e+02 4.282650301948539777e+02 4.282000751531255673e+02
1.359679362504220080e+03 4.291127933195518267e+02 4.289217933674083838e+02 4.286832089342925656e+02 4.284697684627446961e+02 4.282917165721714809e+02 4.281404840124218367e+02 4.280092352600205459e+02 4.278933342725400166e+02 4.277888403046270582e+02 4.276917055585890353e+02 4.276040719253122688e+02 4.275205746685139729e+02 4.274504074495152395e+02 4.273696235495601741e+02 4.273035219810460603e+02
1.409679362504220080e+03 4.282093245748549180e+02 4.280145407156477404e+02 4.277712192720218241e+02 4.275539960330585245e+02 4.273732204571902002e+02 4.272197114252576284e+02 4.270865287388199363e+02 4.269689101110486149e+02 4.268628808344726622e+02 4.267642940217331216e+02 4.266753601704718335e+02 4.265905885499561805e+02 4.265193921391040703e+02 4.264373192082207993e+02 4.263701910379520541e+02
1.459679362504220080e+03 4.272773998017135000e+02 4.270786128136921889e+02 4.268303809892888125e+02 4.266092777552209441e+02 4.264256065117463663e+02 4.262695758650151561e+02 4.261341859460161459e+02 4.260145866482746442e+02 4.259067606124283998e+02 4.258064780025033542e+02 4.257160460117253820e+02 4.256297846217811411e+02 4.255574078132298723e+02 4.254739110314435493e+02 4.254056377648244052e+02
1.509679362504220080e+03 4.263273443198827408e+02 4.261244476949905788e+02 4.258719945967379203e+02 4.256498616216673554e+02 4.254666531377760066e+02 4.253105572620530666e+02 4.251749690688891405e+02 4.250550551449771319e+02 4.249469181278018368e+02 4.248461980720122710e+02 4.247557044628818517e+02 4.246689670479000824e+02 4.245968333863909265e+02 4.245132376078686320e+02 4.244445685810074451e+02
1.559679362504220080e+03 4.251840834121305193e+02 4.249759422063451666e+02 4.247168215215632472e+02 4.244879779366989396e+02 4.242989927986509429e+02 4.241384612512426884e+02 4.239992100945459015e+02 4.238761628279577849e+02 4.237652648922593244e+02 4.236620296917648716e+02 4.235690287809102301e+02 4.234801595962755982e+02 4.234058297400517290e+02 4.233197303545289287e+02 4.232493410301910899e+02
1.609679362504220080e+03 4.240457028234050085e+02 4.238322632834136812e+02 4.235670613607286441e+02 4.233338773016139385e+02 4.231416963753757727e+02 4.229783324146741279e+02 4.228365750526443776e+02 4.227112427171413174e+02 4.225982617584072614e+02 4.224930268709289294e+02 4.223982430955667837e+02 4.223075848718200405e+02 4.222318358836072321e+02 4.221439580003104766e+02 4.220721231361520722e+02
1.659679362504220080e+03 4.229842395275940135e+02 4.227656666259250073e+02 4.224944070967892458e+02 4.222565064969177229e+02 4.220606934281090616e+02 4.218942337519354737e+02 4.217497966567254366e+02 4.216220741089920807e+02 4.215069472293475883e+02 4.213996835177559888e+02 4.213031019420705547e+02 4.212106629174494969e+02 4.211335028197197516e+02 4.210438747290897368e+02 4.209706341792607418e+02
1.709679362504220080e+03 4.219796984063116270e+02 4.217561055050215941e+02 4.214788224685460136e+02 4.212360842256396154e+02 4.210365225819356283e+02 4.208669116278256297e+02 4.207197668118611773e+02 4.205896468008308489e+02 4.204723759903683344e+02 4.203630960393943496e+02 4.202647348490030481e+02 4.201705355402287978e+02 4.200919846466840113e+02 4.200006406344157313e+02 4.199260190518318723e+02
1.759679362504220080e+03 4.210167537122088106e+02 4.207881608203904307e+02 4.205044237274721013e+02 4.202557019455766749e+02 4.200512346651058806e+02 4.198776173791714541e+02 4.197270858422414221e+02 4.195940249724533260e+02 4.194741461487357128e+02 4.193624664299812821e+02 4.192619578507564029e+02 4.191657067331564122e+02 4.190854569637921259e+02 4.189921151325197570e+02 4.189159595703680452e+02
1.809679362504220080e+03 4.201234316066405654e+02 4.198901115271731328e+02 4.196005577108463740e+02 4.193470277229284306e+02 4.191388559001383101e+02 4.189621699607196206e+02 4.188090222295104468e+02 4.186736640955903681e+02 4.185517384735508131e+02 4.184381444499703662e+02 4.183359661440819082e+02 4.182380522944807240e+02 4.181565118100670020e+02 4.180615858753244538e+02 4.179841306013876192e+02
1.859679362504220080e+03 4.192800815816582372e+02 4.190420420216081538e+02 4.187463869370690759e+02 4.184869714646238208e+02 4.182739127846321026e+02 4.180933062765203658e+02 4.179368857626666340e+02 4.177987284211755536e+02 4.176743564336427426e+02 4.175585320595097301e+02 4.174543811872271135e+02 4.173545905754027672e+02 4.172715267433519557e+02 4.171747899569736546e+02 4.170959551814634665e+02
1.909679362504220080e+03 4.186157889888128238e+02 4.183741372858110026e+02 4.180735059257900730e+02 4.178091720562402429e+02 4.175918494417654188e+02 4.174076075677508015e+02 4.172480158839822479e+02 4.171070479216247122e+02 4.169801110041904622e+02 4.168619291745903865e+02 4.167556420097307068e+02 4.166538057862176174e+02 4.165689855604459240e+02 4.164703435323910412e+02 4.163900216587299496e+02
1.959679362504220080e+03 4.180075724946642595e+02 4.177624046931206294e+02 4.174569041762677557e+02 4.171875954038256396e+02 4.169661550110075723e+02 4.167786956274993599e+02 4.166164554136093443e+02 4.164732450552630212e+02 4.163443419006183035e+02 4.162243830299215688e+02 4.161165170283048269e+02 4.160131865647658742e+02 4.159271231777886442e+02 4.158270562270063806e+02 4.157456345232914714e+02
2.009679362504220080e+03 4.173315811561084843e+02 4.170824525062739667e+02 4.167717126356187691e+02 4.164973628791782403e+02 4.162718093640744428e+02 4.160811072331421201e+02 4.159161906494894083e+02 4.157707033647643584e+02 4.156398092450966715e+02 4.155180371778081962e+02 4.154085793779149753e+02 4.153037187845745848e+02 4.152164258845361928e+02 4.151148997257810720e+02 4.150323356766506322e+02
2.059679362504220080e+03 4.168412874681388871e+02 4.165893782668811127e+02 4.162753897553623119e+02 4.159993631013057325e+02 4.157731226457274261e+02 4.155816577887654830e+02 4.154159562572962159e+02 4.152696576767915531e+02 4.151379438418179006e+02 4.150153198400187762e+02 4.149051311446195314e+02 4.147994185824420583e+02 4.147115080611418989e+02 4.146092001755230854e+02 4.145258537030616708e+02
2.109679362504220080e+03 4.160424489805519670e+02 4.157851879572696134e+02 4.154647775030380785e+02 4.151815980818443563e+02 4.149485945149249915e+02 4.147518762107535508e+02 4.145820285274936623e+02 4.144323995479775817e+02 4.142980246817345460e+02 4.141730973487349274e+02 4.140611148623357849e+02 4.139536982418013054e+02 4.138647550990935997e+02 4.137610652893133647e+02 4.136767106831972569e+02
2.159679362504220080e+03 4.152088050837559763e+02 4.149466018680786306e+02 4.146254359925526387e+02 4.143501297677382240e+02 4.141257611377960188e+02 4.139348807816499516e+02 4.137691936098954102e+02 4.136224408899535092e+02 4.134901600227488530e+02 4.133665482178121238e+02 4.132557597158991030e+02 4.131487893899926007e+02 4.130605567998233028e+02 4.129569900696678815e+02 4.128721661581612921e+02
2.209679362504220080e+03 4.148671458223244599e+02 4.146039970607453142e+02 4.142734032027836975e+02 4.139804432921359307e+02 4.137385122733518301e+02 4.135324444336785632e+02 4.133531702160522627e+02 4.131941894043418984e+02 4.130502307582283947e+02 4.129161753963429646e+02 4.127948029873045925e+02 4.126786499959633829e+02 4.125805698651212197e+02 4.124675639828988096e+02 4.123765120392877179e+02
2.259679362504220080e+03 4.121584404807981628e+02 4.118750507755488570e+02 4.115184653317529069e+02 4.111673631573114562e+02 4.108174346536518442e+02 4.105019639765530428e+02 4.102449852982891230e+02 4.100275200573055940e+02 4.098373960092735615e+02 4.096661670852212183e+02 4.095169921695373887e+02 4.093786965496285575e+02 4.092617109951582961e+02 4.091296188411794219e+02 4.090295328895534794e+02
2.309679362504220080e+03 4.101942076690530712e+02 4.098933226269421084e+02 4.095457070776502064e+02 4.092656276213253932e+02 4.090404915746363486e+02 4.088517221172234599e+02 4.086900633991423319e+02 4.085482210746607166e+02 4.084199202526314139e+02 4.083019984801308055e+02 4.081971910689512697e+02 4.080985250351714058e+02 4.080147369784855300e+02 4.079239438039662673e+02 4.078897566577795715e+02
2.359679362504220080e+03 4.104780193387950931e+02 4.101840165300244507e+02 4.098220059427797537e+02 4.095135080226345963e+02 4.092670358792431671e+02 4.090600350333302799e+02 4.088818417519125887e+02 4.087248293086611284e+02 4.085842416241547426e+02 4.084527966449495011e+02 4.083362075537919509e+02 4.082227190346559382e+02 4.081311583405317833e+02 4.080215405362438901e+02 4.079310649684218788e+02
2.409679362504220080e+03 4.091393640051858256e+02 4.088360601222310038e+02 4.084543941329687300e+02 4.080959036486747209e+02 4.077847789863991466e+02 4.075260222835607351e+02 4.073065038139228591e+02 4.071153273388447360e+02 4.069458178170172005e+02 4.067888070116433710e+02 4.066469360498348351e+02 4.065127139829988892e+02 4.064002255230165019e+02 4.062681948094451059e+02 4.061663609604948988e+02
2.459679362504220080e+03 4.087444994906992974e+02 4.084402448370803995e+02 4.080559218577663501e+02 4.076940997161551650e+02 4.073782198542950255e+02 4.071149269432889355e+02 4.068908006933423849e+02 4.066954914568123058e+02 4.065217427313067446e+02 4.063614658701910685e+02 4.062170841016377381e+02 4.060804527214959876e+02 4.059658442100584921e+02 4.058333545454074738e+02 4.057292169358557885e+02
2.509679362504220080e+03 4.093341542923018324e+02 4.090295907807345088e+02 4.086493182198812519e+02 4.082996695777263767e+02 4.080037140502708439e+02 4.077577663490059194e+02 4.075481721733493714e+02 4.073655229555114374e+02 4.072026774408660685e+02 4.070522347634720290e+02 4.069173052652731144e+02 4.067886463183317574e+02 4.066816522772272720e+02 4.065572132223826429e+02 4.064573959391037761e+02
2.559679362504220080e+03 4.090557114482302268e+02 4.087512495065894313e+02 4.083695076659060987e+02 4.080274338429845784e+02 4.077451721507000002e+02 4.075098451310557834e+02 4.073082604257823505e+02 4.071316440889100932e+02 4.069736349895893568e+02 4.068271326899567839e+02 4.066960928693266624e+02 4.065703425461169331e+02 4.064665082105933607e+02 4.063451496805257648e+02 4.062469354228809948e+02
2.609679362504220080e+03 4.083291974179799695e+02 4.080197116656219123e+02 4.076330354793100810e+02 4.072933705507670084e+02 4.070172992429634178e+02 4.067859021013566689e+02 4.065868948316193041e+02 4.064118282226924066e+02 4.062548954405693848e+02 4.061089126685643009e+02 4.059783393631898321e+02 4.058526077276910087e+02 4.057490436340589781e+02 4.056273939392462466e+02 4.055286166215022376e+02
2.659679362504220080e+03 4.076473959617989067e+02 4.073331289638783801e+02 4.069400860346478339e+02 4.065962719346188123e+02 4.063179364484688563e+02 4.060844671165231716e+02 4.058835666143145886e+02 4.057067062107068978e+02 4.055480837434592445e+02 4.054004455074925204e+02 4.052684787738646719e+02 4.051412159133387263e+02 4.050365403796030819e+02 4.049135278584644198e+02 4.048134047190495721e+02
2.709679362504220080e+03 4.071267770418742202e+02 4.068079560265553027e+02 4.064082906483156421e+02 4.060556804687594195e+02 4.057689592359715220e+02 4.055291417252667543e+02 4.053231333804366727e+02 4.051420850123818127e+02 4.049798548301797609e+02 4.048290684031223918e+02 4.046942522726386642e+02 4.045644439464900870e+02 4.044575244095667585e+02 4.043321206276043540e+02 4.042303023005937348e+02
2.759679362504220080e+03 4.067575046388512874e+02 4.064358323031456166e+02 4.060317683265693063e+02 4.056737568729431587e+02 4.053818934463770347e+02 4.051378701766084305e+02 4.049282320033215683e+02 4.047440629251655082e+02 4.045789726274931581e+02 4.044256421318691537e+02 4.042885186461168132e+02 4.041565393300723485e+02 4.040477042276106090e+02 4.039204184131069155e+02 4.038170760227429810e+02
2.809679362504220080e+03 4.066662959416613603e+02 4.063431129180659127e+02 4.059376030517798313e+02 4.055737084170471576e+02 4.052729886650940898e+02 4.050221926090773650e+02 4.048072188411561001e+02 4.046187893971954850e+02 4.044500744614925338e+02 4.042937079950792736e+02 4.041538345145654603e+02 4.040195143765362218e+02 4.039084955242263959e+02 4.037792351903855206e+02 4.036745789538577469e+02
2.859679362504220080e+03 4.066127578298696790e+02 4.062891829966786190e+02 4.058830732670937778e+02 4.055168840267620567e+02 4.052126597220033659e+02 4.049591851763730688e+02 4.047421061070718338e+02 4.045519608541061416e+02 4.043817698928068012e+02 4.042241492173063762e+02 4.040831011784052862e+02 4.039477948937860674e+02 4.038358060946242745e+02 4.037056401988432981e+02 4.036003979358567904e+02
2.909679362504220080e+03 4.064928304504153971e+02 4.061682192972992880e+02 4.057607933425712190e+02 4.053921539316642111e+02 4.050847664680218827e+02 4.048288599823210347e+02 4.046098429384341557e+02 4.044180998162960350e+02 4.042465213155024912e+02 4.040877000610346386e+02 4.039455592437977316e+02 4.038092819920892680e+02 4.036964043931062633e+02 4.035653580512232566e+02 4.034594938370245245e+02
2.959679362504220080e+03 4.063723461791840919e+02 4.060466962172073409e+02 4.056379494255496070e+02 4.052669764792980232e+02 4.049565928205206546e+02 4.046983167942231603e+02 4.044773631890957404e+02 4.042839918720758305e+02 4.041109759894084164e+02 4.039508964793909058e+02 4.038076039021141810e+02 4.036702892190795637e+02 4.035564614966110071e+02 4.034244769006642741e+02 4.033179391427795508e+02
3.009679362504220080e+03 4.062612280020142634e+02 4.059346432736025463e+02 4.055247127364874586e+02 4.051524523466738970e+02 4.048407481169472248e+02 4.045813057312868750e+02 4.043593004774521091e+02 4.041649804846142615e+02 4.039910805783659384e+02 4.038301888527702204e+02 4.036861482839549922e+02 4.035481173158772776e+02 4.034336510823330286e+02 4.033010165455503397e+02 4.031939720266079803e+02
3.059679362504220080e+03 4.061642756021412879e+02 4.058369400362922761e+02 4.054260593634181760e+02 4.050543133970749068e+02 4.047441547247955214e+02 4.044855581181465141e+02 4.042639545229553164e+02 4.040697841031860662e+02 4.038958791085458984e+02 4.037348741954895104e+02 4.035907069258341835e+02 4.034524503132049631e+02 4.033378123087544509e+02 4.032049638980973896e+02 4.030976579243654783e+02
3.109679362504220080e+03 4.059745979934870661e+02 4.056257964538422129e+02 4.052026615518651624e+02 4.047969104831705636e+02 4.044469380811938208e+02 4.041588445073494995e+02 4.039170205541406631e+02 4.037105514386896630e+02 4.035300309561683889e+02 4.033673470438287154e+02 4.032248861176897776e+02 4.030943670650271997e+02 4.029847171175595122e+02 4.028742623768468434e+02 4.028344555370508147e+02
3.159679362504220080e+03 4.058384403756571146e+02 4.055181963153696643e+02 4.051096379889326045e+02 4.047127125741300233e+02 4.043454718589040340e+02 4.040411224589970516e+02 4.037941477050238746e+02 4.035847914493273265e+02 4.033987955042794624e+02 4.032288761204259231e+02 4.030769503423202877e+02 4.029320999927918479e+02 4.028108934839426070e+02 4.026720603163821579e+02 4.025599290387091287e+02
3.209679362504220080e+03 4.061716908492927587e+02 4.058833507734813111e+02 4.054829739455739173e+02 4.050896747545709786e+02 4.046938093533761958e+02 4.042992472083924440e+02 4.039332151928875874e+02 4.036145306197613536e+02 4.033372570148018781e+02 4.030902072355579548e+02 4.028711174082192201e+02 4.026708148630999631e+02 4.024985087612600410e+02 4.023129316785253309e+02 4.021745529427325891e+02
3.259679362504220080e+03 4.050580226600810079e+02 4.047247064126862597e+02 4.043025698534416961e+02 4.038964479269382082e+02 4.035324696906593545e+02 4.032300985739394719e+02 4.029749385868391869e+02 4.027540656640639440e+02 4.025583908851015167e+02 4.023790663378641170e+02 4.022186148167373858e+02 4.020667209172978573e+02 4.019398355464571750e+02 4.017948583142585335e+02 4.016800445924508267e+02
3.309679362504220080e+03 4.047659616044059021e+02 4.044216447057103778e+02 4.039931903342291548e+02 4.035740283287050829e+02 4.031922718040450491e+02 4.028794827270256746e+02 4.026204978181788192e+02 4.023988349112751166e+02 4.022036702654845044e+02 4.020258076491948032e+02 4.018665751056877298e+02 4.017163759806132930e+02 4.015901250730657353e+02 4.014451204796972092e+02 4.013303534993767698e+02
3.359679362504220080e+03 4.052099072883274289e+02 4.048721669479717775e+02 4.044496240078462961e+02 4.040497039397318986e+02 4.037004980244270769e+02 4.034120281259474723e+02 4.031678500390885915e+02 4.029560395011720857e+02 4.027676314346336994e+02 4.025944499449938689e+02 4.024394857567044710e+02 4.022918670275442423e+02 4.021688426848023141e+02 4.020275584795322175e+02 4.019144384443865192e+02
3.409679362504220080e+03 4.047372936202564233e+02 4.044049191133972840e+02 4.039780958395245989e+02 4.035594092431031186e+02 4.031623203013670036e+02 4.028143775847061079e+02 4.025125588395612795e+02 4.022675080750258303e+02 4.020300351656770772e+02 4.017966402761985591e+02 4.015943596800181012e+02 4.014334930557695316e+02 4.013037558710830126e+02 4.011595143884862864e+02 4.010686695992859541e+02
3.459679362504220080e+03 4.047959980521998204e+02 4.044492866271225466e+02 4.040203021612683756e+02 4.036373943461027807e+02 4.033238761583412497e+02 4.030587267765378670e+02 4.028304715194981327e+02 4.026308229057091808e+02 4.024518490032929208e+02 4.022857962344797897e+02 4.021365794826492674e+02 4.019935264943878792e+02 4.018745563189543759e+02 4.017367498195636699e+02 4.016268691399495765e+02
3.509679362504220080e+03 4.051389869564824266e+02 4.048047038373401847e+02 4.043828113300521068e+02 4.039766157953443440e+02 4.036121267275115088e+02 4.033093384212060073e+02 4.030534756124760634e+02 4.028316997194621081e+02 4.026349863800579669e+02 4.024547409021099611e+02 4.022937565601057486e+02 4.021409218581251253e+02 4.020136670832343952e+02 4.018682207060846849e+02 4.017530422776433738e+02
3.559679362504220080e+03 4.051692633749507308e+02 4.048272813122700882e+02 4.044033918241935908e+02 4.040187908469385434e+02 4.037009187407817308e+02 4.034378680484975348e+02 4.032126923757198256e+02 4.030163067365729148e+02 4.028402983812388811e+02 4.026775820719482795e+02 4.025318779701461835e+02 4.023920105324052656e+02 4.022758187586388203e+02 4.021412531935944799e+02 4.020314237668407031e+02
3.609679362504220080e+03 4.054622170742632079e+02 4.051361258972495420e+02 4.047192396555676055e+02 4.043102464080648133e+02 4.039126273933921425e+02 4.035571587667756717e+02 4.032548958422435135e+02 4.029936324820872642e+02 4.027632823397412380e+02 4.025542127631850917e+02 4.023661432223403835e+02 4.021909410421633311e+02 4.020410297791394214e+02 4.018747012459417647e+02 4.017475236125341098e+02
3.659679362504220080e+03 4.049972681590828074e+02 4.046563368180942462e+02 4.042311967071478875e+02 4.038370928418917174e+02 4.035044395800071015e+02 4.032331843370582192e+02 4.030037126753699113e+02 4.028048714698369395e+02 4.026273936644078617e+02 4.024637878664676691e+02 4.023165142674746448e+02 4.021760807076561264e+02 4.020583777850687284e+02 4.019210971396616969e+02 4.018110035969748992e+02
3.709679362504220080e+03 4.053157010202000379e+02 4.049833879736652307e+02 4.045630499609370645e+02 4.041510536154659690e+02 4.037649804296793832e+02 4.034335864830044329e+02 4.031512243500674799e+02 4.029055828518040698e+02 4.026868995731402379e+02 4.024869397412563785e+02 4.023063510371531493e+02 4.021368073005546648e+02 4.019917791825914719e+02 4.018294673483685528e+02 4.017042977296583786e+02
3.759679362504220080e+03 4.051694312549054757e+02 4.048339319421476148e+02 4.044111996978213028e+02 4.040014054921064144e+02 4.036324822967889077e+02 4.033274362935640625e+02 4.030686302121580411e+02 4.028436583910527133e+02 4.026428724685995917e+02 4.024586989762046869e+02 4.022928532041408403e+02 4.021357676044599998e+02 4.020028437151022445e+02 4.018518422615436521e+02 4.017329195066922694e+02
3.809679362504220080e+03 4.052580677359088099e+02 4.049208576651672047e+02 4.044981733789854275e+02 4.040864308366634532e+02 4.037127127403340410e+02 4.034035778545456878e+02 4.031423170324224543e+02 4.029153075194597591e+02 4.027125025304741257e+02 4.025263010704955491e+02 4.023581204852047222e+02 4.021987676834636432e+02 4.020631869510540923e+02 4.019092023639635727e+02 4.017889143313603881e+02
3.859679362504220080e+03 4.050121133949376144e+02 4.046702859169502631e+02 4.042443050969731075e+02 4.038301018131072055e+02 4.034589393145478198e+02 4.031562481605261610e+02 4.029029294447935854e+02 4.026845193159612677e+02 4.024906856961591757e+02 4.023133400610166746e+02 4.021535157241496563e+02 4.020024864139902547e+02 4.018742996396745752e+02 4.017267636843092760e+02 4.016108448000808835e+02
3.909679362504220080e+03 4.052448359902163020e+02 4.049078316713229242e+02 4.044845790025979113e+02 4.040698164396709444e+02 4.036789096312812717e+02 4.033443629433510864e+02 4.030636656405242206e+02 4.028218746598980147e+02 4.026083988269018619e+02 4.024142082451478473e+02 4.022403880841451382e+02 4.020767846390704676e+02 4.019387428351012659e+02 4.017832521364954346e+02 4.016617784607389012e+02
3.959679362504220080e+03 4.057095518938427858e+02 4.053768902958008766e+02 4.049591638266575160e+02 4.045534895806064810e+02 4.041861511994754323e+02 4.038809670816939388e+02 4.036221185288139282e+02 4.033971033239032522e+02 4.031966521776320178e+02 4.030129397357528660e+02 4.028479594478836248e+02 4.026916228370927229e+02 4.025598925759326221e+02 4.024103734589174337e+02 4.022926551615126982e+02
4.009679362504220080e+03 4.057767066184978830e+02 4.054452517672709746e+02 4.050290510631047027e+02 4.046354567042362760e+02 4.042900308841814763e+02 4.040022967058239942e+02 4.037561437885486839e+02 4.035408982700693628e+02 4.033481227135599738e+02 4.031705955936917007e+02 4.030109450913631690e+02 4.028589467626335932e+02 4.027311908143028631e+02 4.025853371373796108e+02 4.024697995934262735e+02
4.059679362504220080e+03 4.058092588926404005e+02 4.054785787753588693e+02 4.050634015746719570e+02 4.046797995551300460e+02 4.043509740719294996e+02 4.040753070464820667e+02 4.038381265129550002e+02 4.036298176094843484e+02 4.034426104491147953e+02 4.032695706825990669e+02 4.031137964395338713e+02 4.029649780943479982e+02 4.028400713074512396e+02 4.026968611330723888e+02 4.025829015887518381e+02
4.109679362504220080e+03 4.058355595059883854e+02 4.055055024731599360e+02 4.050911493650742727e+02 4.047153559288507836e+02 4.043991485319735375e+02 4.041323603864122447e+02 4.039016733547446165e+02 4.036983088951296850e+02 4.035150494039791056e+02 4.033451485322872259e+02 4.031920934585059513e+02 4.030454542801894604e+02 4.029225363558705340e+02 4.027811389947727889e+02 4.026682459655517050e+02
4.159679362504220080e+03 4.058960870359537694e+02 4.055668453941169105e+02 4.051535918168754620e+02 4.047846100820374318e+02 4.044786607274068047e+02 4.042190284647236922e+02 4.039936813493051773e+02 4.037943251963843068e+02 4.036143030132427612e+02 4.034469463470128971e+02 4.032961095531809406e+02 4.031512262024498341e+02 4.030299125041257184e+02 4.028899806380268274e+02 4.027779588061807203e+02
4.209679362504220080e+03 4.059887992739306810e+02 4.056605155985719762e+02 4.052507861766102906e+02 4.048897923154766545e+02 4.045921074596805056e+02 4.043383396325259582e+02 4.041174386154764306e+02 4.039214392765787807e+02 4.037441716101441216e+02 4.035789913809412610e+02 4.034300913126727437e+02 4.032867335743520130e+02 4.031668483675998687e+02 4.030282408411152915e+02 4.029170331524846915e+02
4.259679362504220080e+03 4.060911583367660569e+02 4.057638650807097065e+02 4.053580322010234340e+02 4.050039743323343373e+02 4.047122377145090013e+02 4.044626834828541746e+02 4.042449931373018899e+02 4.040514374202008412e+02 4.038761839065065260e+02 4.037126031271792499e+02 4.035651417439625561e+02 4.034229083487754224e+02 4.033040972539812401e+02 4.031664861499945118e+02 4.030559066933076906e+02
4.309679362504220080e+03 4.061823336291787427e+02 4.058558780105148571e+02 4.054532834677482924e+02 4.051043561250936023e+02 4.048165023563157092e+02 4.045696865818503056e+02 4.043540955943054200e+02 4.041621349441928146e+02 4.039882097892519823e+02 4.038256682753696509e+02 4.036791808168016473e+02 4.035376274191639823e+02 4.034196245059351895e+02 4.032823809828767594e+02 4.031723146631881605e+02
4.359679362504220080e+03 4.061560469823479025e+02 4.058295263945561828e+02 4.054228678391507970e+02 4.050646392407168719e+02 4.047682690859197692e+02 4.045155638604477417e+02 4.042954910414956089e+02 4.041000489511049523e+02 4.039232970347702576e+02 4.037583304104999797e+02 4.036099165227327603e+02 4.034658436030182997e+02 4.033475323497752925e+02 4.032029875646542223e+02 4.030932290420413437e+02
4.409679362504220080e+03 4.060022229108527654e+02 4.056746842222605096e+02 4.052736015799167717e+02 4.049294617334623467e+02 4.046445429678857408e+02 4.043989897392378339e+02 4.041841472763410366e+02 4.039924510481290554e+02 4.038181376344701903e+02 4.036563196278341366e+02 4.035071208559728575e+02 4.033702341579620452e+02 4.032422516678527700e+02 4.031250740315498433e+02 4.029685573517842840e+02
4.459679362504220080e+03 4.060641849561301342e+02 4.057350243562826222e+02 4.053455590628963137e+02 4.050197320571341493e+02 4.047478177728960418e+02 4.045123238395731278e+02 4.043051522782727716e+02 4.041198883141185547e+02 4.039506934210405689e+02 4.037934011635680918e+02 4.036479369515735698e+02 4.035146566130065366e+02 4.033892997422411213e+02 4.032755390029977889e+02 4.031177173860014591e+02
4.509679362504220080e+03 4.059646880457104317e+02 4.056369743628241622e+02 4.052485187574198449e+02 4.049250988326335801e+02 4.046554585770246035e+02 4.044221852541790554e+02 4.042168333807211411e+02 4.040332089736684225e+02 4.038656691204539584e+02 4.037096592693463322e+02 4.035658870067209136e+02 4.034334905507331541e+02 4.033102069964304519e+02 4.031965823437188874e+02 4.031787249953596302e+02
4.559679362504220080e+03 4.055559720983147827e+02 4.052248624266568413e+02 4.048330256071615167e+02 4.045070321164566849e+02 4.042354243985138282e+02 4.040006685716607535e+02 4.037936637937514206e+02 4.036097725494532824e+02 4.034387105722956903e+02 4.032875590308211144e+02 4.031284462036508103e+02 4.030288333601483828e+02 4.030255676181328681e+02 4.030231323310371181e+02 4.030218127754047828e+02
4.609679362504220080e+03 4.052395136269519185e+02 4.049064078310852324e+02 4.045112916049739624e+02 4.041829237179742904e+02 4.039095507024885592e+02 4.036723407461747115e+02 4.034638532777171349e+02 4.032743532567593547e+02 4.031087397101719034e+02 4.029312344372980306e+02 4.028260637882714263e+02 4.028240585959782720e+02 4.028225915241110329e+02 4.028205246425028463e+02 4.028193918324578817e+02
4.659679362504220080e+03 4.050083889854769836e+02 4.046732373786070411e+02 4.042746620932982751e+02 4.039422387279737450e+02 4.036651313444974676e+02 4.034251010633319083e+02 4.032139495103338618e+02 4.030246779508585746e+02 4.028532425770944201e+02 4.026902741916368313e+02 4.026353949779700656e+02 4.026335881868562296e+02 4.026321757808142934e+02 4.026301612578226923e+02 4.026290584079172277e+02
4.709679362504220080e+03 4.049571041995536689e+02 4.046208289187870832e+02 4.042228947041347169e+02 4.038919463611576361e+02 4.036163743791510115e+02 4.033780118567641466e+02 4.031680729261125862e+02 4.029808619992149943e+02 4.028086180650548158e+02 4.026522332725086812e+02 4.026121478738232895e+02 4.026103011060350809e+02 4.026088433583425967e+02 4.026067064606165786e+02 4.026055631176006955e+02
4.759679362504220080e+03 4.054943518365296313e+02 4.051764696222409725e+02 4.047713094603325885e+02 4.044122913706244162e+02 4.041019419249220164e+02 4.038300799630088136e+02 4.035834171773379353e+02 4.033692055488422739e+02 4.031800382851802169e+02 4.029677277753261251e+02 4.028437258449706633e+02 4.028410521471251968e+02 4.028387408260585403e+02 4.028348427473603124e+02 4.028328426313246382e+02
4.809679362504220080e+03 4.059143249987284321e+02 4.055821274954861337e+02 4.051936164135924514e+02 4.048696452400994303e+02 4.045987324081088445e+02 4.043649024579102615e+02 4.041558318331626083e+02 4.039754767107561406e+02 4.037861719689727806e+02 4.036747693736265319e+02 4.036731820991189466e+02 4.036709387092544716e+02 4.036679192368529243e+02 4.036627425360637744e+02 4.036600235762597890e+02
4.859679362504220080e+03 4.051625511645117967e+02 4.048288923921957121e+02 4.044322904237329794e+02 4.041016134398261670e+02 4.038259011947864678e+02 4.035867712504045244e+02 4.033771550364480163e+02 4.031863712973960787e+02 4.030212287926302679e+02 4.028425374421692595e+02 4.027352816616883047e+02 4.027334046118896822e+02 4.027317614112359934e+02 4.027291536126182336e+02 4.027277964133679689e+02
4.909679362504220080e+03 4.050898212347032654e+02 4.047554057542491819e+02 4.043577852906624912e+02 4.040251485209751650e+02 4.037470289662529694e+02 4.035055694250089573e+02 4.032936173006876288e+02 4.031003446551109164e+02 4.029335825868844267e+02 4.027502460524690377e+02 4.026365858384486955e+02 4.026346272097302972e+02 4.026330616253499670e+02 4.026304410781908132e+02 4.026291407147659811e+02
4.959679362504220080e+03 4.049294207615195091e+02 4.045937579431012523e+02 4.041968805211292306e+02 4.038672438021925473e+02 4.035924254481923299e+02 4.033545170993080546e+02 4.031448714010329581e+02 4.029569840082334053e+02 4.027860017980918883e+02 4.026255797997300760e+02 4.025773172340674364e+02 4.025755034842217128e+02 4.025740318820757011e+02 4.025715774263395588e+02 4.025703410834682927e+02
5.009679362504220080e+03 4.050074438816695874e+02 4.046722099151324983e+02 4.042745782031010435e+02 4.039426684627310919e+02 4.036652837038661232e+02 4.034246886862416659e+02 4.032128413420106199e+02 4.030218180327480013e+02 4.028508958072455926e+02 4.026823668923510695e+02 4.026161453213109098e+02 4.026143382165055300e+02 4.026127777424760552e+02 4.026102161630028604e+02 4.026089520192558098e+02
5.059679362504220080e+03 4.049834331176231217e+02 4.046474954174060485e+02 4.042480559268346951e+02 4.039137159351651007e+02 4.036340296144605873e+02 4.033912004016493711e+02 4.031764669847187292e+02 4.029854838162477790e+02 4.028068079615262036e+02 4.026500727441621166e+02 4.026185107846591791e+02 4.026164958006436336e+02 4.026149149274421006e+02 4.026123482815536363e+02 4.026110973302784259e+02
5.109679362504220080e+03 4.051043691074525555e+02 4.047700040782503947e+02 4.043721725675681000e+02 4.040390873833665637e+02 4.037602282481988141e+02 4.035182552062252626e+02 4.033040732901777119e+02 4.031143721233983115e+02 4.029344570015051659e+02 4.027828091753573858e+02 4.027588746715165371e+02 4.027568989459578006e+02 4.027553450500939789e+02 4.027528043340777231e+02 4.027515864262377363e+02
5.159679362504220080e+03 4.051287697792151903e+02 4.047945677916676459e+02 4.043973523215234991e+02 4.040649199371746363e+02 4.037865404289294133e+02 4.035449183377393183e+02 4.033313133918915128e+02 4.031410599205844392e+02 4.029637220495405927e+02 4.028072464389844072e+02 4.027745005783868919e+02 4.027725248255563315e+02 4.027709592040347388e+02 4.027684149679581651e+02 4.027672527351443250e+02
5.209679362504220080e+03 4.049355874548041356e+02 4.046001819958577244e+02 4.041999822972277343e+02 4.038630070090516710e+02 4.035795087450734400e+02 4.033331874764354552e+02 4.031139326223283206e+02 4.029222799223107359e+02 4.027322279914025103e+02 4.026471415712660473e+02 4.026458118383270630e+02 4.026438656252736337e+02 4.026422996694523704e+02 4.026397453832587416e+02 4.026383121590886276e+02
5.259679362504220080e+03 4.051815710842494127e+02 4.048478099001542319e+02 4.044512347452508720e+02 4.041194834184559568e+02 4.038415616094616780e+02 4.036006607177292835e+02 4.033860088240489858e+02 4.032002345582531007e+02 4.030097436311118599e+02 4.029096443538312542e+02 4.029081552058847819e+02 4.029062163918193846e+02 4.029046554839208625e+02 4.029020418428186758e+02 4.029007776491724258e+02
5.309679362504220080e+03 4.050874740571320558e+02 4.047529624421777044e+02 4.043554214264473785e+02 4.040226091083546294e+02 4.037436372388341965e+02 4.035016870842322305e+02 4.032863486748547075e+02 4.030988906866992920e+02 4.029103401908468527e+02 4.028203198854997709e+02 4.028187949107127679e+02 4.028170549837607268e+02 4.028155880694199595e+02 4.028131865931773632e+02 4.028120792933726761e+02
5.359679362504220080e+03 4.035347931205897112e+02 4.035342452577867220e+02 4.035336127640222230e+02 4.035330918672347025e+02 4.035325518439922803e+02 4.035320257488334619e+02 4.035314869637361426e+02 4.035309560296092286e+02 4.035304117060181284e+02 4.035298782161216877e+02 4.035293122139343041e+02 4.035286761256806471e+02 4.035280005963309122e+02 4.035271323106835553e+02 4.035267006698377372e+02
5.409679362504220080e+03 4.031979176916486267e+02 4.031977160907783286e+02 4.031976356228002487e+02 4.031978466949114477e+02 4.031977817204399344e+02 4.031978223922701545e+02 4.031975727843649224e+02 4.031961659012033010e+02 4.031944894411748237e+02 4.031925503919839571e+02 4.031903338326029598e+02 4.031880117240596633e+02 4.031854860576204942e+02 4.031812352897867981e+02 4.031791550860135658e+02
5.459679362504220080e+03 4.027600045757011458e+02 4.027596355217756354e+02 4.027594731006993243e+02 4.027595158037204328e+02 4.027591296648710113e+02 4.027585451470248472e+02 4.027579234638387788e+02 4.027572239560977323e+02 4.027564380903257870e+02 4.027554521569406916e+02 4.027542463391216074e+02 4.027528521103253070e+02 4.027514039795974554e+02 4.027489493963497580e+02 4.027476803177821125e+02
5.509679362504220080e+03 4.010602770326408404e+02 4.010598432328609988e+02 4.010593785752793679e+02 4.010590442063966066e+02 4.010585656480876651e+02 4.010579861231635164e+02 4.010570011409827202e+02 4.010545954977196743e+02 4.010529373586558677e+02 4.010509013269353886e+02 4.010485718835499256e+02 4.010459044138842728e+02 4.010433093383536516e+02 4.010386847750773995e+02 4.010363821897252592e+02
5.559679362504220080e+03 4.001626220997320615e+02 4.001622172600748968e+02 4.001617761620098577e+02 4.001614558758702742e+02 4.001609654125540487e+02 4.001603323444582543e+02 4.001592129195319103e+02 4.001563128052699767e+02 4.001543841425101959e+02 4.001521638749914587e+02 4.001496175798170043e+02 4.001466552915309762e+02 4.001438624143304992e+02 4.001390297330258363e+02 4.001365696376474830e+02
5.609679362504220080e+03 3.993322733451991553e+02 3.989542577273279562e+02 3.985020632518448451e+02 3.981980779496636842e+02 3.981489298548908664e+02 3.981478820720818135e+02 3.981468252080671277e+02 3.981456935166455651e+02 3.981446379173825108e+02 3.981432838923939244e+02 3.981417632446444372e+02 3.981400518011942609e+02 3.981385376109685694e+02 3.981359040591236180e+02 3.981345486013042887e+02
5.659679362504220080e+03 3.985683504470345042e+02 3.981794130039159541e+02 3.977217702762979457e+02 3.973402668432495375e+02 3.970655730043726521e+02 3.970350685168905329e+02 3.970341621102019189e+02 3.970332189497656259e+02 3.970323540451103099e+02 3.970314334458255985e+02 3.970304784582738193e+02 3.970294364859388452e+02 3.970283584332478313e+02 3.970267989452285065e+02 3.970261608066734880e+02
5.709679362504220080e+03 3.977117087846537515e+02 3.973186231999898723e+02 3.968467776212410172e+02 3.964513862661424923e+02 3.961647872046200973e+02 3.961404700723115297e+02 3.961395790807748654e+02 3.961385775930426689e+02 3.961376561271222272e+02 3.961366644117890701e+02 3.961356617014446897e+02 3.961345956059444688e+02 3.961335588201743576e+02 3.961320213378837707e+02 3.961314294939794536e+02
5.759679362504220080e+03 3.964458458176974318e+02 3.960517005023025945e+02 3.955743098844220640e+02 3.951891818374057266e+02 3.948391913018755304e+02 3.946812720689522394e+02 3.946803034710094380e+02 3.946792454900240159e+02 3.946782781388398007e+02 3.946772509244528351e+02 3.946762116652537884e+02 3.946750927605244215e+02 3.946739812927299909e+02 3.946723725795141036e+02 3.946717823960020155e+02
5.809679362504220080e+03 3.971175369448568517e+02 3.966792445718791669e+02 3.962001236077849171e+02 3.958264605384414949e+02 3.955345204732045090e+02 3.954732395843975610e+02 3.954722760941394313e+02 3.954711416523589378e+02 3.954700822644478535e+02 3.954689433044004545e+02 3.954677909115321768e+02 3.954665729396569418e+02 3.954653736223527858e+02 3.954636099705467132e+02 3.954629753658024356e+02
5.859679362504220080e+03 3.966545760149706439e+02 3.962297326892460205e+02 3.957344616756546998e+02 3.953073671813351098e+02 3.950625779112835403e+02 3.950591603271242320e+02 3.950582745113763963e+02 3.950572514883718895e+02 3.950562630760059619e+02 3.950552538465422003e+02 3.950542371234997745e+02 3.950531512817881321e+02 3.950520347607828171e+02 3.950505421087450486e+02 3.950500079356399965e+02
5.909679362504220080e+03 3.962771877306690840e+02 3.958887870167140477e+02 3.954163781185800417e+02 3.950352631888761152e+02 3.947037339112870313e+02 3.946184942863472997e+02 3.946176091406427986e+02 3.946165180652591289e+02 3.946154722960251320e+02 3.946143742612044889e+02 3.946132671438205080e+02 3.946120711134372527e+02 3.946108640879523364e+02 3.946092040291887884e+02 3.946086386367944101e+02
5.959679362504220080e+03 3.962697892424023394e+02 3.957867474372975494e+02 3.952663280922487843e+02 3.948197204741964583e+02 3.945652032200599706e+02 3.945623666907920324e+02 3.945612650186445762e+02 3.945599057204100859e+02 3.945585742639378282e+02 3.945572083010671918e+02 3.945558272002838862e+02 3.945543053736202523e+02 3.945527123746761049e+02 3.945505980931066006e+02 3.945499299399836559e+02
6.009679362504220080e+03 3.960104916855589181e+02 3.956203719358493345e+02 3.951355222363510507e+02 3.947537658851432525e+02 3.944494734799263824e+02 3.944083701304094802e+02 3.944074376219863893e+02 3.944061356844056263e+02 3.944048189367070449e+02 3.944034214677456589e+02 3.944020085996784815e+02 3.944004522699225390e+02 3.943988486082374720e+02 3.943966599399138886e+02 3.943959972862194832e+02
6.059679362504220080e+03 3.959134168033979222e+02 3.954863392205797368e+02 3.949806407945742421e+02 3.945537608207255857e+02 3.942831927146670523e+02 3.942778995308516983e+02 3.942766870328265441e+02 3.942751845877972983e+02 3.942736848309679090e+02 3.942721304644683187e+02 3.942705530175171589e+02 3.942687953929255400e+02 3.942669032982088311e+02 3.942643781034418566e+02 3.942636535752323539e+02
6.109679362504220080e+03 3.958532395249017100e+02 3.954074197557789603e+02 3.949001554112043664e+02 3.944657850436319677e+02 3.942009664104451758e+02 3.941976652534431196e+02 3.941963667853962647e+02 3.941946046909223469e+02 3.941928138298341651e+02 3.941909418124305944e+02 3.941890268973092475e+02 3.941868185530117898e+02 3.941842373103375508e+02 3.941807423653987144e+02 3.941798330327779922e+02
6.124679362504220080e+03 3.958244023523422470e+02 3.953873007206370289e+02 3.948760025117875330e+02 3.944258290387792272e+02 3.941796437125756256e+02 3.941782204660835305e+02 3.941768699401064282e+02 3.941750437166269307e+02 3.941731948091785966e+02 3.941712448817215773e+02 3.941692438676662960e+02 3.941668947349011205e+02 3.941640386340654345e+02 3.941601418896127029e+02 3.941591525905494677e+02
6.129679362504220080e+03 3.957854547732815718e+02 3.953630491212478546e+02 3.948671926961537224e+02 3.944404404413788825e+02 3.942027960245384861e+02 3.942007003919289900e+02 3.941994932341842741e+02 3.941978378898379560e+02 3.941961506536861179e+02 3.941943743786256391e+02 3.941925494317034691e+02 3.941904015537514852e+02 3.941877659501783455e+02 3.941841656666871927e+02 3.941832634458050961e+02
6.179679362504220080e+03 3.957765727765391830e+02 3.953342693115399697e+02 3.948285720606929203e+02 3.944051259647289953e+02 3.942146088517856697e+02 3.942137837428321632e+02 3.942126063475380988e+02 3.942109727449561092e+02 3.942092660629896841e+02 3.942074734536564051e+02 3.942056200837207598e+02 3.942034151243957467e+02 3.942004935817546993e+02 3.941964946354781887e+02 3.941955645215272170e+02
6.229679362504220080e+03 3.957428728536515337e+02 3.953009205442929783e+02 3.947941424837185878e+02 3.943688844161262068e+02 3.941718284538146122e+02 3.941709546412530472e+02 3.941697068036100973e+02 3.941679077284690607e+02 3.941659840360613316e+02 3.941638993329440837e+02 3.941616680141800089e+02 3.941588693679518087e+02 3.941544350195675293e+02 3.941480311098179072e+02 3.941467519542442801e+02
6.279679362504220080e+03 3.962691405452571303e+02 3.958245168979247524e+02 3.953122530554177274e+02 3.949663157461719720e+02 3.949491590082303105e+02 3.949484613569978819e+02 3.949476735854940443e+02 3.949465936641713029e+02 3.949454058431789463e+02 3.949440406539868036e+02 3.949426684062644313e+02 3.949410972300850062e+02 3.949374163485272788e+02 3.949319652235278113e+02 3.949311072886147258e+02
6.329679362504220080e+03 3.956813210053470584e+02 3.952531368686643418e+02 3.947477470358142000e+02 3.943225431645656727e+02 3.941310042795895470e+02 3.941302521885837677e+02 3.941292229471194446e+02 3.941278004137757307e+02 3.941262585657273689e+02 3.941246490996097123e+02 3.941230337491630280e+02 3.941211987148741400e+02 3.941169251144208943e+02 3.941106236502586739e+02 3.941098666104242056e+02
6.379679362504220080e+03 3.954543214137866016e+02 3.950327435358561843e+02 3.945354572879586499e+02 3.941147416738665470e+02 3.939456180568362811e+02 3.939449212790757429e+02 3.939439801862696413e+02 3.939426973871442783e+02 3.939413067380154416e+02 3.939399121334678284e+02 3.939385080233421377e+02 3.939369209868903567e+02 3.939333466275056708e+02 3.939285250264451861e+02 3.939280030708812319e+02
6.429679362504220080e+03 3.953481611276026797e+02 3.949240118456685877e+02 3.944206180932230836e+02 3.940174862699250298e+02 3.939036791069810874e+02 3.939029787152535960e+02 3.939020027301058349e+02 3.939006560756023418e+02 3.938991970457082061e+02 3.938977495182957682e+02 3.938962960371097779e+02 3.938946449064680451e+02 3.938908461787540318e+02 3.938856262106881445e+02 3.938851239556242376e+02
6.479679362504220080e+03 3.952619171918695429e+02 3.948318836641115013e+02 3.943330969614822266e+02 3.939365462826291946e+02 3.938360787699435264e+02 3.938354275701139500e+02 3.938345107585299729e+02 3.938332490203272300e+02 3.938318775641455431e+02 3.938305235613118498e+02 3.938291470059615449e+02 3.938275439596303045e+02 3.938239133133777159e+02 3.938190214030165635e+02 3.938186078543868689e+02
6.529679362504220080e+03 3.952320809665095567e+02 3.947935340785973608e+02 3.942827681175791668e+02 3.938954506539659519e+02 3.938302803425892193e+02 3.938295767231341529e+02 3.938285509204248456e+02 3.938271276605580056e+02 3.938255816236408009e+02 3.938240488450766179e+02 3.938225277869045158e+02 3.938208200286576925e+02 3.938168726206515657e+02 3.938112664893984629e+02 3.938108906315816853e+02
6.579679362504220080e+03 3.951121001541151259e+02 3.946746436103290421e+02 3.941687007446622601e+02 3.937832453776221655e+02 3.937081432137385946e+02 3.937074126690871481e+02 3.937063645462248473e+02 3.937049091335994717e+02 3.937033232624791594e+02 3.937017610128642104e+02 3.937002567496969050e+02 3.936986491142042723e+02 3.936953065398137142e+02 3.936905425600002673e+02 3.936902235565163437e+02
6.629679362504220080e+03 3.951075347102649289e+02 3.946670227086066802e+02 3.941494349559151829e+02 3.937825221906717843e+02 3.937497634116485870e+02 3.937489598752084135e+02 3.937478444913759290e+02 3.937463043302790879e+02 3.937446061731031364e+02 3.937429416586302295e+02 3.937413473106855690e+02 3.937396700277599848e+02 3.937361311695977975e+02 3.937299412654343769e+02 3.937294511261522416e+02
6.679679362504220080e+03 3.951293178893039340e+02 3.947008370747113304e+02 3.941837230584330882e+02 3.938092907835417691e+02 3.937760413782777391e+02 3.937752052853729197e+02 3.937739069968690160e+02 3.937720354754249001e+02 3.937699213283329414e+02 3.937678693709132176e+02 3.937659888310012661e+02 3.937641030170993872e+02 3.937601522429863508e+02 3.937537674145276014e+02 3.937532387551767670e+02
6.729679362504220080e+03 3.952310567375317873e+02 3.948104488679593942e+02 3.942924901782366760e+02 3.939091699178250110e+02 3.938607503244667214e+02 3.938598258094179414e+02 3.938586130495028783e+02 3.938569683483815425e+02 3.938551818043063690e+02 3.938536335437277103e+02 3.938523130663696747e+02 3.938510406314883312e+02 3.938485159480643460e+02 3.938447941222530062e+02 3.938444800517845010e+02
6.779679362504220080e+03 3.951061176297164366e+02 3.946593606486263752e+02 3.941330935166630525e+02 3.938101590910363257e+02 3.938046595827137253e+02 3.938037223265706643e+02 3.938022756987524531e+02 3.938001935074250355e+02 3.937979301890111401e+02 3.937959769466349940e+02 3.937943250339495762e+02 3.937927240196967773e+02 3.937896425979179185e+02 3.937852373011326108e+02 3.937848506488491580e+02
6.829679362504220080e+03 3.950062182369278503e+02 3.945623237217111523e+02 3.940435179201850246e+02 3.937241517381064568e+02 3.937180480997142240e+02 3.937170774447680515e+02 3.937156355635653995e+02 3.937136216749356663e+02 3.937115504484517032e+02 3.937097264809199828e+02 3.937081271837840859e+02 3.937065688977345985e+02 3.937036772848447299e+02 3.936997598579733904e+02 3.936994188536560273e+02
6.879679362504220080e+03 3.949411000595807195e+02 3.944991330981721944e+02 3.939839103905904949e+02 3.936625283925569647e+02 3.936548536251773385e+02 3.936536942458974977e+02 3.936520031977873373e+02 3.936496022705458131e+02 3.936470296632826376e+02 3.936447751991499899e+02 3.936428784864612567e+02 3.936409165378144621e+02 3.936374955348478579e+02 3.936332000640926481e+02 3.936327907428674280e+02
6.929679362504220080e+03 3.950076971921591849e+02 3.945773317426837252e+02 3.940559326785457870e+02 3.937612783338869917e+02 3.937577659767026148e+02 3.937567006356392199e+02 3.937551084440804630e+02 3.937530931976475017e+02 3.937509211574707138e+02 3.937488734804742307e+02 3.937472585952314148e+02 3.937455778556247878e+02 3.937430770374666622e+02 3.937402961947198037e+02 3.937399983875174030e+02
6.979679362504220080e+03 3.950288024941294793e+02 3.945866522957516622e+02 3.940590332982725386e+02 3.937874236991899579e+02 3.937862118955711708e+02 3.937852184095254415e+02 3.937838232077839962e+02 3.937820338944169976e+02 3.937799026528111312e+02 3.937781268285019678e+02 3.937766521339311225e+02 3.937750689620281150e+02 3.937728185371532277e+02 3.937704611527904035e+02 3.937701940117090658e+02
7.029679362504220080e+03 3.950917881892710284e+02 3.946578656704530204e+02 3.941338837308294956e+02 3.938908083468925270e+02 3.938901623416129496e+02 3.938892665510310849e+02 3.938880145197534262e+02 3.938863799037952731e+02 3.938845616493789521e+02 3.938831101229541787e+02 3.938818748497097317e+02 3.938805270125563993e+02 3.938786479459815268e+02 3.938767389761273989e+02 3.938765140549154466e+02
7.079679362504220080e+03 3.949651730408135109e+02 3.945334442975113802e+02 3.940101268755744286e+02 3.937365256418440254e+02 3.937350000174195088e+02 3.937341364579544916e+02 3.937333056657951147e+02 3.937314162180229005e+02 3.937266530211186932e+02 3.937246965318270782e+02 3.937237489291628663e+02 3.937222640880636391e+02 3.937200605363099726e+02 3.937178219174076048e+02 3.937175524847827432e+02
7.129679362504220080e+03 3.949460682597341474e+02 3.945124273316495191e+02 3.939904991524613251e+02 3.937400431270826289e+02 3.937393959018877467e+02 3.937384505078242682e+02 3.937375637413588265e+02 3.937353524427309139e+02 3.937305672710757563e+02 3.937283810066048204e+02 3.937273707200955641e+02 3.937257430415987187e+02 3.937233766331710285e+02 3.937210097857407618e+02 3.937207211424407092e+02
7.179679362504220080e+03 3.949124279369740407e+02 3.944775438787593771e+02 3.939545511493197978e+02 3.937232432826196487e+02 3.937227634435653840e+02 3.937224768503253358e+02 3.937214906004614363e+02 3.937191585310119422e+02 3.937183146339070845e+02 3.937177647508900122e+02 3.937174960496097356e+02 3.937171152215063330e+02 3.937167508737283015e+02 3.937164441111718816e+02 3.937163905322892106e+02
7.229679362504220080e+03 3.948783257704850485e+02 3.944389964531897590e+02 3.939199869923500046e+02 3.937272570082908487e+02 3.937267780339887508e+02 3.937263161881008386e+02 3.937249414838719872e+02 3.937234625435566500e+02 3.937227394419975894e+02 3.937218841872030453e+02 3.937216907664636665e+02 3.937213762854793231e+02 3.937210708179352991e+02 3.937208307504304230e+02 3.937207880158618991e+02
7.279679362504220080e+03 3.950423591450180538e+02 3.946053020210876525e+02 3.940856443751974894e+02 3.938522982504882748e+02 3.938517891353363893e+02 3.938512224688139440e+02 3.938500374655892529e+02 3.938487842681441862e+02 3.938480043353718543e+02 3.938470350497274808e+02 3.938469299023337840e+02 3.938467474666255157e+02 3.938464596203279484e+02 3.938461281096101629e+02 3.938460675138448437e+02
7.329679362504220080e+03 3.949286409046932818e+02 3.945087917774628750e+02 3.940122653555687293e+02 3.938595225612868944e+02 3.938590330790099188e+02 3.938584956255425027e+02 3.938577609690361783e+02 3.938571745447032981e+02 3.938557219473174200e+02 3.938540604866896047e+02 3.938540051072266692e+02 3.938539372350481926e+02 3.938538564660506154e+02 3.938537726406308934e+02 3.938537374781283802e+02
7.379679362504220080e+03 3.949993940579062155e+02 3.945577813173530330e+02 3.940564035325772352e+02 3.939095807341186628e+02 3.939090569490080043e+02 3.939084797842872945e+02 3.939075566790129983e+02 3.939067815210506751e+02 3.939058739383164038e+02 3.939047106308764796e+02 3.939046647645723738e+02 3.939046162504535573e+02 3.939045684496732633e+02 3.939045233152390892e+02 3.939044933531019410e+02
7.429679362504220080e+03 3.949012884112834172e+02 3.944638072822292543e+02 3.939710831073309123e+02 3.938457637773104807e+02 3.938452076869767211e+02 3.938445323735101624e+02 3.938434572966284577e+02 3.938427501611869275e+02 3.938424339450327807e+02 3.938418066284846191e+02 3.938417805322513345e+02 3.938417343518041207e+02 3.938416511106064490e+02 3.938415553910705853e+02 3.938415207686370536e+02
7.479679362504220080e+03 3.950211912210872924e+02 3.945916282290718300e+02 3.940909962663075703e+02 3.939347750530914709e+02 3.939342093104631317e+02 3.939335071685229650e+02 3.939323322158249994e+02 3.939316186649017482e+02 3.939311963385346758e+02 3.939303731776326458e+02 3.939303385461272455e+02 3.939302497396785157e+02 3.939299958185772539e+02 3.939297083081785331e+02 3.939296625644252572e+02
7.529679362504220080e+03 3.949657527716904610e+02 3.945270902691373180e+02 3.940335512988096980e+02 3.939126335973699042e+02 3.939120624563097408e+02 3.939113576366240181e+02 3.939102028197667096e+02 3.939095749089933634e+02 3.939093183657859640e+02 3.939088650090200190e+02 3.939088449637127951e+02 3.939088130434830646e+02 3.939087347499506677e+02 3.939086476792069789e+02 3.939086243590956542e+02
7.579679362504220080e+03 3.949170210898535061e+02 3.944797215968446267e+02 3.940013840133600524e+02 3.939183548367749381e+02 3.939177917029288665e+02 3.939170800212022527e+02 3.939157773324825484e+02 3.939149978886120493e+02 3.939146969011039232e+02 3.939141095563614385e+02 3.939140807448247870e+02 3.939140544297617907e+02 3.939139661038852864e+02 3.939138792485001659e+02 3.939138390235000315e+02
7.629679362504220080e+03 3.949004379974029462e+02 3.944732854503580484e+02 3.939929666120481215e+02 3.939019823820424904e+02 3.939013656431624781e+02 3.939004953597909093e+02 3.938990062904224487e+02 3.938983451146457355e+02 3.938981613758284084e+02 3.938977182877321184e+02 3.938976894140772060e+02 3.938976579427302340e+02 3.938976084657200545e+02 3.938975580250729536e+02 3.938975162443366003e+02
7.679679362504220080e+03 3.949163078252429386e+02 3.944835036891788036e+02 3.939976782777135327e+02 3.938972572936067991e+02 3.938967655587970285e+02 3.938961450884635269e+02 3.938746597717387203e+02 3.938658012862854321e+02 3.938657158611794102e+02 3.938654589426270149e+02 3.938654317115668277e+02 3.938654027287656163e+02 3.938653504797550795e+02 3.938654303116279607e+02 3.938653776358218011e+02
7.729679362504220080e+03 3.949891712151312504e+02 3.945527657705198408e+02 3.940708720650000032e+02 3.939883028734144546e+02 3.939715535968207405e+02 3.939382200083293242e+02 3.939243374769324646e+02 3.939205960158860762e+02 3.939204145204980136e+02 3.939200250922168607e+02 3.939199948424431454e+02 3.939199665514111075e+02 3.939200137781081708e+02 3.939199780594124718e+02 3.939199341332152926e+02
7.779679362504220080e+03 3.949838718315060078e+02 3.945415062008385121e+02 3.940555753853359420e+02 3.939610550979494974e+02 3.939368266692030716e+02 3.939006762335887970e+02 3.939002633105036466e+02 3.939000294194054277e+02 3.938999137424801233e+02 3.938996205280744789e+02 3.938995942879548693e+02 3.938995540412552714e+02 3.938995454117218742e+02 3.938994448320312358e+02 3.938994298159306027e+02
7.829679362504220080e+03 3.949840744076836359e+02 3.945485571855362537e+02 3.940602432137857818e+02 3.939572825697686653e+02 3.939310997843219866e+02 3.938893215549528577e+02 3.938892451728952437e+02 3.938892105528894945e+02 3.938890599102584247e+02 3.938887172194895925e+02 3.938886744439532777e+02 3.938886224721536564e+02 3.938885621483543673e+02 3.938885262201235378e+02 3.938884715612845184e+02
7.879679362504220080e+03 3.950043567816061909e+02 3.945689648182216160e+02 3.940906341477575552e+02 3.939945620616499582e+02 3.939644941649186762e+02 3.939643681270680418e+02 3.939562421273184327e+02 3.939530733958353039e+02 3.939529815517827274e+02 3.939527584046309698e+02 3.939527139761050876e+02 3.939526535560066804e+02 3.939525199721256854e+02 3.939524785909760567e+02 3.939524410610018776e+02
7.929679362504220080e+03 3.954633540058313201e+02 3.950412299161905594e+02 3.946503878646139469e+02 3.945566524964314681e+02 3.942880032220004978e+02 3.942858360601480854e+02 3.941625139758713203e+02 3.941131288862804922e+02 3.941120564519164873e+02 3.941091751089221589e+02 3.941090213746509221e+02 3.941087442047631839e+02 3.941086101293166166e+02 3.941085646247097998e+02 3.941085038572144867e+02
7.979679362504220080e+03 3.957276869961772832e+02 3.953039594479362222e+02 3.950980521932550573e+02 3.950688786420711835e+02 3.946101126178512004e+02 3.945800189441076782e+02 3.944263360331284503e+02 3.943678992680548845e+02 3.943664442214521273e+02 3.943630597424275379e+02 3.943629210503116838e+02 3.943620222565026552e+02 3.943614495785514578e+02 3.943614102153567842e+02 3.943613728534782581e+02
8.029679362504220080e+03 3.954937936658765238e+02 3.950630770767877493e+02 3.947851167643370331e+02 3.947630729557679388e+02 3.944229512023354118e+02 3.944059600583639167e+02 3.943123451802758836e+02 3.942766442705701593e+02 3.942762595905259104e+02 3.942754455096143715e+02 3.942743497862010713e+02 3.942713431893638472e+02 3.942694734438949808e+02 3.942694093972265819e+02 3.942693538661720822e+02
8.079679362504220080e+03 3.955689596966295767e+02 3.951400945798715725e+02 3.948776745308258569e+02 3.948588158423244749e+02 3.945888652894973916e+02 3.945089412625650311e+02 3.944699029423109096e+02 3.944664868007654377e+02 3.944660689076508788e+02 3.944650030294612293e+02 3.944649518958304952e+02 3.944647461700980102e+02 3.944645771425625753e+02 3.944645007400037571e+02 3.944644227728346095e+02
8.129679362504220080e+03 3.954250448264268130e+02 3.949961055042160751e+02 3.947608844468617235e+02 3.947230490766519324e+02 3.946886052977845338e+02 3.945407810546950600e+02 3.943198589236505995e+02 3.943198169372489019e+02 3.943197291780304568e+02 3.943197044577025281e+02 3.943192730629269249e+02 3.943189019205560726e+02 3.943187745370136099e+02 3.943186558585267676e+02 3.943185520882203718e+02
8.179679362504220080e+03 3.953431922546847659e+02 3.949118193447737326e+02 3.946536345894137412e+02 3.946479191512188436e+02 3.945545212904238497e+02 3.943674512741945364e+02 3.943048159970707616e+02 3.943047848621958451e+02 3.943047111318247744e+02 3.943046729240055583e+02 3.943045200122365372e+02 3.943041187389720790e+02 3.943040144118355670e+02 3.943038892391854802e+02 3.943037825774750331e+02
8.229679362504219171e+03 3.953364035641239411e+02 3.949049050556921543e+02 3.946455724260184184e+02 3.946402338545813109e+02 3.945698147251822547e+02 3.944660697668302873e+02 3.943884857550572747e+02 3.943884364327255412e+02 3.943883354633697991e+02 3.943882754000806585e+02 3.943879680844228233e+02 3.943878088691269568e+02 3.943876785505317457e+02 3.943875490182707040e+02 3.943874381752767135e+02
8.279679362504219171e+03 3.953883060772983526e+02 3.949574109570110636e+02 3.946975206266164946e+02 3.946923704238995469e+02 3.946332053532547661e+02 3.945579205636329334e+02 3.945079992532208166e+02 3.945079078078463226e+02 3.945077852516538428e+02 3.945076145548232489e+02 3.945073360180977602e+02 3.945071675780899341e+02 3.945070489924089543e+02 3.945068919030559300e+02 3.945067649700598054e+02
8.329679362504219171e+03 3.953159925326197026e+02 3.948768265347692932e+02 3.946454836852028620e+02 3.946446445677730708e+02 3.945592710701906185e+02 3.944343137329170190e+02 3.943818419687750065e+02 3.943817403644857791e+02 3.943816151517533513e+02 3.943814770342341944e+02 3.943812813619193776e+02 3.943811627231496573e+02 3.943810689909719258e+02 3.943809449707963495e+02 3.943808447263866697e+02
8.379679362504219171e+03 3.953845645171469414e+02 3.949524232581390493e+02 3.947001915928804578e+02 3.946896685952603434e+02 3.945141147576416643e+02 3.944537875391670241e+02 3.944210295175176952e+02 3.944209159579033326e+02 3.944207935523374431e+02 3.944206629141319240e+02 3.944204913143713043e+02 3.944203606358213392e+02 3.944202437178506671e+02 3.944201127890031557e+02 3.944200084542108584e+02
8.429679362504219171e+03 3.953702996143196060e+02 3.949392441762610133e+02 3.946765071356371664e+02 3.946676742592102300e+02 3.944047139058231437e+02 3.944034116268740036e+02 3.944023748943277496e+02 3.944022657889717038e+02 3.944021468563229860e+02 3.944019952650286882e+02 3.944017515401823175e+02 3.944015920141946481e+02 3.944014776122784838e+02 3.944013196266474779e+02 3.944012113858391331e+02
8.479679362504219171e+03 3.952720775156308264e+02 3.948395979774384728e+02 3.945696536178527367e+02 3.945587842508175527e+02 3.943986266909175811e+02 3.943939134483446196e+02 3.943918137723570112e+02 3.943917119445681010e+02 3.943916038056942170e+02 3.943914622359171744e+02 3.943912483583072799e+02 3.943911047929487950e+02 3.943909915890714046e+02 3.943908420405990682e+02 3.943907362506996606e+02
8.529679362504219171e+03 3.952856049651260264e+02 3.948598382998732177e+02 3.945798481713866295e+02 3.945701309104926509e+02 3.944162146230124222e+02 3.944118769558040754e+02 3.944099361527584051e+02 3.944098038448191801e+02 3.944096614115649118e+02 3.944093918493642832e+02 3.944090683392857386e+02 3.944089180878482352e+02 3.944088057141080412e+02 3.944086657816239381e+02 3.944085614574374858e+02
8.579679362504219171e+03 3.957942381565985102e+02 3.956005914472164022e+02 3.955121597164483092e+02 3.953581849065436131e+02 3.944708730094126850e+02 3.944301381655454861e+02 3.944113949746260914e+02 3.944111451377107187e+02 3.944107629937779507e+02 3.944102672899208528e+02 3.944094644803373058e+02 3.944088564538840274e+02 3.944085305873939546e+02 3.944081804558745148e+02 3.944079137777277992e+02
8.629679362504219171e+03 3.953212702536284269e+02 3.949699174409921625e+02 3.950417852520228053e+02 3.949652123820113161e+02 3.944037945594714643e+02 3.943821219132717033e+02 3.943689861830581549e+02 3.943686665564486589e+02 3.943681467348025649e+02 3.943675179660050389e+02 3.943666389330811057e+02 3.943659390577126374e+02 3.943655774595822550e+02 3.943652009424810103e+02 3.943649080126284616e+02
8.679679362504219171e+03 3.952431857300072124e+02 3.948063520096633283e+02 3.945212862818691519e+02 3.945126264536131657e+02 3.943927357037920274e+02 3.943905389671821240e+02 3.943895735348921221e+02 3.943894254168908446e+02 3.943892741584245414e+02 3.943890526563668573e+02 3.943887934690846464e+02 3.943886414800355169e+02 3.943885218186911743e+02 3.943883764564451440e+02 3.943882681674929245e+02
8.729679362504219171e+03 3.951814515268404762e+02 3.947484197444402412e+02 3.944894984599053487e+02 3.944829518485321955e+02 3.944390865755739810e+02 3.944382205832197315e+02 3.944377078728337551e+02 3.944375642626331455e+02 3.944374196163726083e+02 3.944372165165990509e+02 3.944369877913502478e+02 3.944368431170942699e+02 3.944367199812154468e+02 3.944365693283227188e+02 3.944364595800117286e+02
8.779679362504219171e+03 3.951745840241225096e+02 3.947353890022636165e+02 3.944900615516289690e+02 3.944734145590036860e+02 3.944143956253786314e+02 3.944137500430587693e+02 3.944133768073982083e+02 3.944132463290492296e+02 3.944131199623395787e+02 3.944129419214667678e+02 3.944127386917851936e+02 3.944126130678930622e+02 3.944125041717904878e+02 3.944123680800739749e+02 3.944122699916837291e+02
8.829679362504219171e+03 3.951274285686862981e+02 3.946943732742597035e+02 3.944207581473651771e+02 3.943607010733213656e+02 3.943597412756282097e+02 3.943582308558064824e+02 3.943577599171437669e+02 3.943576623673496329e+02 3.943575669851794601e+02 3.943574338026401733e+02 3.943572827416438145e+02 3.943571940465532748e+02 3.943571142497698929e+02 3.943570141078170650e+02 3.943569427798208835e+02
8.879679362504219171e+03 3.951229755774816681e+02 3.946998150031955674e+02 3.945369567862172744e+02 3.944030922168788038e+02 3.944018319800076711e+02 3.943946044846977657e+02 3.943945544029282928e+02 3.943944795806202706e+02 3.943944142155517056e+02 3.943942635281613320e+02 3.943941074389401820e+02 3.943940346018745231e+02 3.943939709283596358e+02 3.943938913985116415e+02 3.943938325603604653e+02
8.929679362504219171e+03 3.950908697576028317e+02 3.946647235411750785e+02 3.945021331832917895e+02 3.943816487059096971e+02 3.943805185526180139e+02 3.943688480111585477e+02 3.943687883871235726e+02 3.943687103212570833e+02 3.943686407534561340e+02 3.943684799801925465e+02 3.943683304357090265e+02 3.943682545402074311e+02 3.943681826679043070e+02 3.943680972862206886e+02 3.943680330865300903e+02
8.979679362504219171e+03 3.950585741003825433e+02 3.946287957735931968e+02 3.944692326855338820e+02 3.944133629681928710e+02 3.944129501003822043e+02 3.943894022972589823e+02 3.943884562396631281e+02 3.943883554502255038e+02 3.943881828389278326e+02 3.943881194127737899e+02 3.943880503150235199e+02 3.943879687602116064e+02 3.943878951564707904e+02 3.943878066486573175e+02 3.943877414660001932e+02
9.029679362504219171e+03 3.950485257126462670e+02 3.946262865484525832e+02 3.945228312707622536e+02 3.944155079376065487e+02 3.944149837509202712e+02 3.943848691816159544e+02 3.943767076644320468e+02 3.943766151817901005e+02 3.943763936962860726e+02 3.943763240326167079e+02 3.943762506653472428e+02 3.943761639142037438e+02 3.943760838432932587e+02 3.943759887997827036e+02 3.943759182947305248e+02
9.079679362504219171e+03 3.950135049878958853e+02 3.945911879006333720e+02 3.944897949309989258e+02 3.943811003982982584e+02 3.943805735770394563e+02 3.943461718949864121e+02 3.943428976297660711e+02 3.943427625562017056e+02 3.943426166177663958e+02 3.943425454233531582e+02 3.943424713492943852e+02 3.943423845232748590e+02 3.943423026982497959e+02 3.943422065755134440e+02 3.943421345883817821e+02
9.129679362504219171e+03 3.949618452611906605e+02 3.945406045294084265e+02 3.944510296867765646e+02 3.943403424548688463e+02 3.943398370080687982e+02 3.943108496872769706e+02 3.943024850391063865e+02 3.943023884347865078e+02 3.943022939803829559e+02 3.943021557943021662e+02 3.943020600613008355e+02 3.943019722643233536e+02 3.943018878546441783e+02 3.943017974620847781e+02 3.943017254787438901e+02
9.179679362504219171e+03 3.950709278032191492e+02 3.946787565241850189e+02 3.945538948952530518e+02 3.944099228608632757e+02 3.944093528071743435e+02 3.943807845196607218e+02 3.943746087950501078e+02 3.943745396504997416e+02 3.943744805485400207e+02 3.943743962778013952e+02 3.943743339977286837e+02 3.943742757801569496e+02 3.943742166202723638e+02 3.943741558935265630e+02 3.943741073627305127e+02
9.229679362504219171e+03 3.950995545291410167e+02 3.947345949734821033e+02 3.947174407031703822e+02 3.945019131094259137e+02 3.945009435434158149e+02 3.944321101945434975e+02 3.944200483497937739e+02 3.944199981994845530e+02 3.944199491286500461e+02 3.944198668545425335e+02 3.944198117371549870e+02 3.944197615963921635e+02 3.944197128829397343e+02 3.944196614784227677e+02 3.944196199123633164e+02
9.279679362504219171e+03 3.950598177013877716e+02 3.946904260058192335e+02 3.946225692929583033e+02 3.944734975516670943e+02 3.944725145122790764e+02 3.943992024422828990e+02 3.943868443618105175e+02 3.943867969199586696e+02 3.943867492211522858e+02 3.943866691461237224e+02 3.943866149566059107e+02 3.943865657801128464e+02 3.943865172829583798e+02 3.943864671372957673e+02 3.943864262528472295e+02
9.329679362504219171e+03 3.988828632109741648e+02 3.987350633280238981e+02 3.986794047771504665e+02 3.986574772325699314e+02 3.986564951760252598e+02 3.985670313901300119e+02 3.985425116975736728e+02 3.985424044461012727e+02 3.985423246999058620e+02 3.985422238649099427e+02 3.985421417094873959e+02 3.985420708982713336e+02 3.985420073969381747e+02 3.985419492238610246e+02 3.985419060094766337e+02
9.379679362504219171e+03 3.974989431280795316e+02 3.973670007039760890e+02 3.973665340232889207e+02 3.969191358494866790e+02 3.969154875969826435e+02 3.960030674277011826e+02 3.957095807386068032e+02 3.957094396718093776e+02 3.957092845077624474e+02 3.957091012064117876e+02 3.957089538408965836e+02 3.957088258500793359e+02 3.957087073287099201e+02 3.957085884168462826e+02 3.957084848143607019e+02
9.429679362504219171e+03 3.952789113259933629e+02 3.952781648576126940e+02 3.952733037825665292e+02 3.952615264946148841e+02 3.952586846608464839e+02 3.950601026737696770e+02 3.947391511117997425e+02 3.947390311671967424e+02 3.947389090235855065e+02 3.947387746349279496e+02 3.947386508489385619e+02 3.947385413028225116e+02 3.947384273029269366e+02 3.947383151716999237e+02 3.947382198943566891e+02
9.479679362504219171e+03 3.946682178105956496e+02 3.945638478359633154e+02 3.945585476632227824e+02 3.945495956646181526e+02 3.945468429075422705e+02 3.945220436756801519e+02 3.945019583616112868e+02 3.945018001507874033e+02 3.945016323834557284e+02 3.945014494493438519e+02 3.945012708673895645e+02 3.945010949280214163e+02 3.945009362028418991e+02 3.945007660652120762e+02 3.945006348603320703e+02
9.529679362504219171e+03 3.945233968347898781e+02 3.944843429748756876e+02 3.944856710732801162e+02 3.944869390382999654e+02 3.944873965754129586e+02 3.944877773565895041e+02 3.944876643651359132e+02 3.944875123288740610e+02 3.944873565604939358e+02 3.944871820528123862e+02 3.944870109252423731e+02 3.944868381422345465e+02 3.944866812956179842e+02 3.944865148424170229e+02 3.944863877071271645e+02
9.579679362504219171e+03 3.945230860782786522e+02 3.945015693921084221e+02 3.945021853188665091e+02 3.945025891850059452e+02 3.945025651186649611e+02 3.945022140693439496e+02 3.945019684947926635e+02 3.945018247172023393e+02 3.945016768938717178e+02 3.945015077367301615e+02 3.945013375657873667e+02 3.945011640714665759e+02 3.945010068473338833e+02 3.945008387517805204e+02 3.945007106356035251e+02
9.629679362504219171e+03 3.945476190159018870e+02 3.944957601516311456e+02 3.944744622786948867e+02 3.944647437936675942e+02 3.944613272218568909e+02 3.944158981402014774e+02 3.943874383194670941e+02 3.943872853414997621e+02 3.943871289433232619e+02 3.943869476493448474e+02 3.943867798045941981e+02 3.943866137915804870e+02 3.943864573191554541e+02 3.943862955942088320e+02 3.943861695636563809e+02
9.679679362504219171e+03 3.945360848465766708e+02 3.944935134825808518e+02 3.944775978450179537e+02 3.944688709623051750e+02 3.944660214023824665e+02 3.943967192258811565e+02 3.943359930147356067e+02 3.943358273049712466e+02 3.943356652255760082e+02 3.943354760538455821e+02 3.943353033118615940e+02 3.943351321548483384e+02 3.943349731405446619e+02 3.943348067865368307e+02 3.943346778338051877e+02
9.729679362504219171e+03 3.944895339029843058e+02 3.944571189763034340e+02 3.944436498521035332e+02 3.944364121727258521e+02 3.944339166067647966e+02 3.944070676992041626e+02 3.943814356740671201e+02 3.943812667850653497e+02 3.943810990243110837e+02 3.943809051435712263e+02 3.943807268694218919e+02 3.943805499110367236e+02 3.943803835798116779e+02 3.943802105498856463e+02 3.943800756701442651e+02
9.779679362504219171e+03 3.944308154915929663e+02 3.944058362966032973e+02 3.943957453749683850e+02 3.943907158552262331e+02 3.943888227860767870e+02 3.943758944385081691e+02 3.943629448073691037e+02 3.943627708855055403e+02 3.943626036018061995e+02 3.943624298113580267e+02 3.943622587275903015e+02 3.943620881919723047e+02 3.943619253745823698e+02 3.943617574963042784e+02 3.943616263852262591e+02
9.829679362504219171e+03 3.944232998227856797e+02 3.943849083486489917e+02 3.943560456845121394e+02 3.943421185805614186e+02 3.943390778500930196e+02 3.942920709996525943e+02 3.942428172413536913e+02 3.942426441703246951e+02 3.942424803962423994e+02 3.942423115819275949e+02 3.942421465275623973e+02 3.942419826498437487e+02 3.942418262399918945e+02 3.942416651386702142e+02 3.942415398755000524e+02
9.879679362504219171e+03 3.943229979798708200e+02 3.942925803985876883e+02 3.942674709468769265e+02 3.942595924124028670e+02 3.942576282276564825e+02 3.942365550939211403e+02 3.942132777895044455e+02 3.942131016235248921e+02 3.942129346903395799e+02 3.942127634878942217e+02 3.942125953567914394e+02 3.942124279128850048e+02 3.942122665667252477e+02 3.942121009939556870e+02 3.942119710368074834e+02
9.929679362504219171e+03 3.943354878601501241e+02 3.943018926446056867e+02 3.942849844056798929e+02 3.942805043128208240e+02 3.942788181287844509e+02 3.942662441137168230e+02 3.942557860046503038e+02 3.942556229511875472e+02 3.942554607752026072e+02 3.942552929727490891e+02 3.942551276053303582e+02 3.942549626896012569e+02 3.942548042362933529e+02 3.942546411246574962e+02 3.942545133293186836e+02
9.979679362504219171e+03 3.944190436093662129e+02 3.943096670045927112e+02 3.942588971275222889e+02 3.942508389891926868e+02 3.942488200862284202e+02 3.941887035891056712e+02 3.941187519305364049e+02 3.941185770504013135e+02 3.941184126137687258e+02 3.941182414806928023e+02 3.941180737317982334e+02 3.941179067135662990e+02 3.941177493440950457e+02 3.941175846078651830e+02 3.941174552193863292e+02
1.002967936250421917e+04 3.943687181817495002e+02 3.942937618753401239e+02 3.942292558548301713e+02 3.942245056766205380e+02 3.942228679304998309e+02 3.941774045479689335e+02 3.941269230911810837e+02 3.941267646731173500e+02 3.941266153450328602e+02 3.941264621102629917e+02 3.941263120397892408e+02 3.941261629303562586e+02 3.941260210714525556e+02 3.941258743295817339e+02 3.941257603925253079e+02
1.007967936250421917e+04 3.942555292873215649e+02 3.941963724523702126e+02 3.941725910835469335e+02 3.941683915566752603e+02 3.941669157007390822e+02 3.941540565233035522e+02 3.941437138539104126e+02 3.941435715042432548e+02 3.941434354289746125e+02 3.941432929390380195e+02 3.941431522795160731e+02 3.941430114067784416e+02 3.941428772132835547e+02 3.941427376765120698e+02 3.941426287512267095e+02
1.012967936250421917e+04 3.943001122895520894e+02 3.942312683589744893e+02 3.941950134564680184e+02 3.941923878495987310e+02 3.941914438198734842e+02 3.941820708229780621e+02 3.941746855958141396e+02 3.941745599774878315e+02 3.941744374855314277e+02 3.941743081802853226e+02 3.941741804751310951e+02 3.941740525759015554e+02 3.941739324015408670e+02 3.941738063108492156e+02 3.941737088043605013e+02
1.017967936250421917e+04 3.943505146613383090e+02 3.942709769300502671e+02 3.942451229869068356e+02 3.942392864465078901e+02 3.942372449515227686e+02 3.942128669134450547e+02 3.941941401905705220e+02 3.941940137492755412e+02 3.941938920742872483e+02 3.941937603257338196e+02 3.941936291671488561e+02 3.941934971794250373e+02 3.941933736852957395e+02 3.941932424841338047e+02 3.941931394360840386e+02
1.022967936250421917e+04 4.122362581675900515e+02 4.122277914465871049e+02 4.122138690361310864e+02 4.121960336948114332e+02 4.121884310270121432e+02 4.115701768850042868e+02 4.115459448577427111e+02 4.115452598742697319e+02 4.115446682199140582e+02 4.115441035565021366e+02 4.115436038569849870e+02 4.115431253933737707e+02 4.115426773035428596e+02 4.115422240575152841e+02 4.115418853802009380e+02
1.027967936250421917e+04 4.159519542322597090e+02 4.159626143896733765e+02 4.159677549910215362e+02 4.159679744150269016e+02 4.159674420268511881e+02 4.159670253331925096e+02 4.159665968369198481e+02 4.159661582320940738e+02 4.159657405003373469e+02 4.159652872671326804e+02 4.159648600527195299e+02 4.159644494632208307e+02 4.159640335583902129e+02 4.159636244793348396e+02 4.159633080545527264e+02
1.032967936250421917e+04 4.020892453416485068e+02 4.021046495511744752e+02 4.021158904052500134e+02 4.021155632757119633e+02 4.021151204416689779e+02 4.021147339306245385e+02 4.021143287595780293e+02 4.021139178538826968e+02 4.021134872758466940e+02 4.021130724859585257e+02 4.021126633151809528e+02 4.021122640148631149e+02 4.021118580383321728e+02 4.021114662856874133e+02 4.021111764575262555e+02
1.037967936250421917e+04 3.967351229557338002e+02 3.967415793040004246e+02 3.967458551284427131e+02 3.967455470955410419e+02 3.967452196687278274e+02 3.967449048938129295e+02 3.967445836274941371e+02 3.967442632466586474e+02 3.967439488849467466e+02 3.967436461724659011e+02 3.967433471584183735e+02 3.967430526306229694e+02 3.967427613025395203e+02 3.967424700554521451e+02 3.967422535906823668e+02
1.042967936250421917e+04 3.960556169370423731e+02 3.960578522067993958e+02 3.960585165013197866e+02 3.960582191598489317e+02 3.960579181912013382e+02 3.960576297921921309e+02 3.960573392707163407e+02 3.960570480350008324e+02 3.960567607279666049e+02 3.960564931040142369e+02 3.960562448350628983e+02 3.960560065704490853e+02 3.960557701773802819e+02 3.960555370779458144e+02 3.960553592552741407e+02
1.047967936250421917e+04 3.958797889273681108e+02 3.958810471272189488e+02 3.958812633569737045e+02 3.958809732930870950e+02 3.958806830759201603e+02 3.958804013612148083e+02 3.958801195281432683e+02 3.958798385528926929e+02 3.958795570986146686e+02 3.958792855220992237e+02 3.958790297564601133e+02 3.958787906783084622e+02 3.958785592432897147e+02 3.958783313019835077e+02 3.958781572608648389e+02
1.052967936250421917e+04 3.957494315068274204e+02 3.957503782028363730e+02 3.957504904802401029e+02 3.957502063077001822e+02 3.957499224395256761e+02 3.957496454680795068e+02 3.957493689663054965e+02 3.957490935177996789e+02 3.957488163155004486e+02 3.957485453136814613e+02 3.957482849839483947e+02 3.957480361535661473e+02 3.957477985318825517e+02 3.957475697353895043e+02 3.957473950839645340e+02
1.054685981120422002e+04 3.957076339565633702e+02 3.957082855760633606e+02 3.957085224021682848e+02 3.957082404068155483e+02 3.957079584649327444e+02 3.957076834101254690e+02 3.957074088690881126e+02 3.957071353331152750e+02 3.957068596425871192e+02 3.957065893534108341e+02 3.957063277493300575e+02 3.957060760812430544e+02 3.957058363070929659e+02 3.957056059892024678e+02 3.957054302024554318e+02
1.054686981120422024e+04 3.856078966441203306e+02 3.888818326831714103e+02 3.946847511468338325e+02 3.947368542931407660e+02 3.947778601025473222e+02 3.948276159785636992e+02 3.948742185158170059e+02 3.949167235750275609e+02 3.949480424488112362e+02 3.949849885432935253e+02 3.950203759360462072e+02 3.950553381998610689e+02 3.950865940807422021e+02 3.951208031687552875e+02 3.951514029062152531e+02
1.054696981120422060e+04 3.956015603058761485e+02 3.956007790432628326e+02 3.955978074404784479e+02 3.955979982240862114e+02 3.955974545731828016e+02 3.955969719396848063e+02 3.955964464940313405e+02 3.955958431159145903e+02 3.955950246438778777e+02 3.955942451446597943e+02 3.955934207827523323e+02 3.955925787655098702e+02 3.955916255067512566e+02 3.955906833736680142e+02 3.955897712288999628e+02
1.059717360114102667e+04 3.955497827449715373e+02 3.955495303125855457e+02 3.955492852603444476e+02 3.955490043198468584e+02 3.955487236249565512e+02 3.955484495383441299e+02 3.955481756446284862e+02 3.955479029539100111e+02 3.955476286599424611e+02 3.955473598169480738e+02 3.955471011171390501e+02 3.955468543911806591e+02 3.955466175769618076e+02 3.955463880890490032e+02 3.955462123170303812e+02
1.064838257912977315e+04 3.954568926882121218e+02 3.954565897625400339e+02 3.954563130409287055e+02 3.954560380775844806e+02 3.954557628753858580e+02 3.954554937089887972e+02 3.954552248263214551e+02 3.954549568531958244e+02 3.954546867131718955e+02 3.954544207882211140e+02 3.954541628737779320e+02 3.954539151017127665e+02 3.954536773005187342e+02 3.954534467045858150e+02 3.954532696655298878e+02
1.069838257912977315e+04 3.953807056369779502e+02 3.953803772863893755e+02 3.953800831349893201e+02 3.953798119273510565e+02 3.953795405728144488e+02 3.953792754848290087e+02 3.953790107602598027e+02 3.953787468777505865e+02 3.953784801362030521e+02 3.953782166183377171e+02 3.953779564138866931e+02 3.953777021736505617e+02 3.953774588957996912e+02 3.953772248404723086e+02 3.953770461351120389e+02
1.074838257912977315e+04 3.953187739458937813e+02 3.953184234107560542e+02 3.953181165934082628e+02 3.953178462357552121e+02 3.953175779009333155e+02 3.953173152518048141e+02 3.953170532496569649e+02 3.953167919443295091e+02 3.953165282689497531e+02 3.953162664985418360e+02 3.953160048691247539e+02 3.953157463746242684e+02 3.953154979499457795e+02 3.953152591221451644e+02 3.953150776333674230e+02
1.079838257912977315e+04 3.952673931144812514e+02 3.952670434107063215e+02 3.952667328541792813e+02 3.952664612136458118e+02 3.952661966168183767e+02 3.952659369412322690e+02 3.952656781355699991e+02 3.952654197532648936e+02 3.952651592490775556e+02 3.952649003830113088e+02 3.952646402629343356e+02 3.952643818532589535e+02 3.952641310006544018e+02 3.952638890677071686e+02 3.952637064143521002e+02
1.084838257912977315e+04 3.952201516774089214e+02 3.952198132443836016e+02 3.952195044011475602e+02 3.952192297136781463e+02 3.952189677580379339e+02 3.952187097644207370e+02 3.952184529232321779e+02 3.952181964290635960e+02 3.952179380597958698e+02 3.952176810734021046e+02 3.952174219515713958e+02 3.952171642593957017e+02 3.952169133659416502e+02 3.952166709090349741e+02 3.952164877953658220e+02
1.089838257912977315e+04 3.951786425760809607e+02 3.951782992551271718e+02 3.951779817407600603e+02 3.951777024376362988e+02 3.951774424448320815e+02 3.951771857516946511e+02 3.951769301638852880e+02 3.951766748219728242e+02 3.951764179700494424e+02 3.951761622796113897e+02 3.951759047099651525e+02 3.951756494464606817e+02 3.951753985555901636e+02 3.951751553831281853e+02 3.951749728312789784e+02
1.094821981119838165e+04 3.951395191134732841e+02 3.951393327193259779e+02 3.951391058599426742e+02 3.951388287509167299e+02 3.951385789924880783e+02 3.951383331009623134e+02 3.951380875220818325e+02 3.951378415645330051e+02 3.951375936331312460e+02 3.951373462881348360e+02 3.951370964363910616e+02 3.951368482092964314e+02 3.951366029986481294e+02 3.951363650131183363e+02 3.951361870913981988e+02
1.094831981119838201e+04 3.951408766367419503e+02 3.951405250816503099e+02 3.951401943148356395e+02 3.951399075577872395e+02 3.951396478899460476e+02 3.951393920941515034e+02 3.951391370983828892e+02 3.951388821617512690e+02 3.951386258907376714e+02 3.951383703971305295e+02 3.951381128055385261e+02 3.951378571664013180e+02 3.951376048711943554e+02 3.951373601800203801e+02 3.951371766580311942e+02
1.160396907877639387e+04 3.956854201165136828e+02 3.956851393508897559e+02 3.956849031634934590e+02 3.956846789960761726e+02 3.956844534511268421e+02 3.956842259251313862e+02 3.956839904872063016e+02 3.956837516496349281e+02 3.956835209767083938e+02 3.956832790883759117e+02 3.956830415300950676e+02 3.956828057582703195e+02 3.956825702090217760e+02 3.956823345577991518e+02 3.956821515246421086e+02
1.160398157877639460e+04 3.938435167161621280e+02 3.949290653398821291e+02 3.950686352436835591e+02 3.950777295716426920e+02 3.950892208937410146e+02 3.951036363375039286e+02 3.951188249582904177e+02 3.951338486554528799e+02 3.951466708749278496e+02 3.951601164708121132e+02 3.951715326060528923e+02 3.951812327614393325e+02 3.951890865369758785e+02 3.951965522902757471e+02 3.952024898830925963e+02
1.160408157877639496e+04 3.954960295921048896e+02 3.954970375164958227e+02 3.954978644922866238e+02 3.954977128051426121e+02 3.954974846908213522e+02 3.954972520911534275e+02 3.954969831478477431e+02 3.954966887875069688e+02 3.954963258217256907e+02 3.954960206229009145e+02 3.954956738908531406e+02 3.954953031109474750e+02 3.954948806864127846e+02 3.954944708507836708e+02 3.954941130933319755e+02
1.194973084635440682e+04 3.955978840084781041e+02 3.955976877995919381e+02 3.955975023295326309e+02 3.955973018717483001e+02 3.955971006793577089e+02 3.955968838029625658e+02 3.955966629713600469e+02 3.955964375981805574e+02 3.955962298829895758e+02 3.955959993041880693e+02 3.955957776835905406e+02 3.955955593503895216e+02 3.955953415054884772e+02 3.955951214874722268e+02 3.955949483193302854e+02
1.284973084635440682e+04 3.953675938145939881e+02 3.953672969978974834e+02 3.953671255071870974e+02 3.953669374433910093e+02 3.953667332942791859e+02 3.953665091466810395e+02 3.953662839306189198e+02 3.953660554962938818e+02 3.953658469973846650e+02 3.953656142501506565e+02 3.953653911684108380e+02 3.953651712545628243e+02 3.953649577741572330e+02 3.953647398486611451e+02 3.953645696613205018e+02
1.374973084635440682e+04 3.952057795837733352e+02 3.952055050805340670e+02 3.952052722354460457e+02 3.952050688043165110e+02 3.952048641731540783e+02 3.952046402338119151e+02 3.952044128959159934e+02 3.952041819340188340e+02 3.952039723044321704e+02 3.952037371337552258e+02 3.952035118503721378e+02 3.952032881750870956e+02 3.952030725272537666e+02 3.952028510400923551e+02 3.952026784411908125e+02
1.464973084635440682e+04 3.950790319924938103e+02 3.950785177066445613e+02 3.950782146741349834e+02 3.950780133988941998e+02 3.950778091364085185e+02 3.950775879342797339e+02 3.950773631072304397e+02 3.950771350808028046e+02 3.950769268201455020e+02 3.950766948801066860e+02 3.950764718134163331e+02 3.950762502594157013e+02 3.950760363611200887e+02 3.950758170550357136e+02 3.950756458273866087e+02
1.554973084635440682e+04 3.949755140866129750e+02 3.949749853516404414e+02 3.949746863606002307e+02 3.949744877704272312e+02 3.949742854078604068e+02 3.949740655260694666e+02 3.949738417928833201e+02 3.949736149423742972e+02 3.949734083219938725e+02 3.949731767669801457e+02 3.949729547989784351e+02 3.949727358023771444e+02 3.949725237459232403e+02 3.949723068709961353e+02 3.949721370903616275e+02
1.644973084635440682e+04 3.948278054776361614e+02 3.948271871843866165e+02 3.948268282475834781e+02 3.948266208088476219e+02 3.948264168600157973e+02 3.948261954917770140e+02 3.948259707050994507e+02 3.948257428325181309e+02 3.948255350021185563e+02 3.948253020601985099e+02 3.948250786066349178e+02 3.948248580031172992e+02 3.948246452178966592e+02 3.948244268797315044e+02 3.948242562167009737e+02
1.734973084635440682e+04 3.949028841517345541e+02 3.949024203825097175e+02 3.949021239067085389e+02 3.949019204390185678e+02 3.949017198102102384e+02 3.949015019604615873e+02 3.949012801300788169e+02 3.949010551822716479e+02 3.949008500973910714e+02 3.949006209660716991e+02 3.949004008043522163e+02 3.949001819108536324e+02 3.948999712687731858e+02 3.948997547511239645e+02 3.948995858581303082e+02
1.824973084635440682e+04 3.951172418102540860e+02 3.951168502228266561e+02 3.951165966503548361e+02 3.951163927875681452e+02 3.951161867396412504e+02 3.951159628704940587e+02 3.951157352928248656e+02 3.951155044799824054e+02 3.951152933098303492e+02 3.951150587483629693e+02 3.951148332046468568e+02 3.951146093593001751e+02 3.951143929525464955e+02 3.951141713240002673e+02 3.951139979306753958e+02
1.914973084635440682e+04 3.952220258667856569e+02 3.952217472824047491e+02 3.952215396959533109e+02 3.952213354412854187e+02 3.952211296287954383e+02 3.952209065992026922e+02 3.952206804914834493e+02 3.952204512707444906e+02 3.952202415448293777e+02 3.952200083460657538e+02 3.952197840614308006e+02 3.952195614682897258e+02 3.952193462360803551e+02 3.952191259269873171e+02 3.952189537080923287e+02
2.004973084635440682e+04 3.953627277646106677e+02 3.953624473444295973e+02 3.953622441607562905e+02 3.953620497850149604e+02 3.953618511025908902e+02 3.953616331388164440e+02 3.953614108730628232e+02 3.953611851286984802e+02 3.953609815012581521e+02 3.953607514991974767e+02 3.953605316965527550e+02 3.953603134962380636e+02 3.953601037145963915e+02 3.953598878570405759e+02 3.953597193568977559e+02
2.094973084635440682e+04 3.955885260453413821e+02 3.955883069172107867e+02 3.955880742986429937e+02 3.955878732394360782e+02 3.955876745070395373e+02 3.955874611370433058e+02 3.955872456955139000e+02 3.955870272641003567e+02 3.955868245566920223e+02 3.955866006750511019e+02 3.955863845140166859e+02 3.955861692476510143e+02 3.955859604550923905e+02 3.955857470928009434e+02 3.955855806789891176e+02
2.185681865075827227e+04 3.954176499286916169e+02 3.954171743875670018e+02 3.954166615096095256e+02 3.954163447000039469e+02 3.954160178707747946e+02 3.954156571656570236e+02 3.954152918477636831e+02 3.954149211868170823e+02 3.954145847868093142e+02 3.954141952268159912e+02 3.954138295591098995e+02 3.954134710397806884e+02 3.954131261913034336e+02 3.954127742611191252e+02 3.954125041728533461e+02
2.275681865075827227e+04 3.926319210728594271e+02 3.926314263154786204e+02 3.926307960321480550e+02 3.926304609796789009e+02 3.926301001138396600e+02 3.926296968326805654e+02 3.926292949103503815e+02 3.926288735304145234e+02 3.926284906084310364e+02 3.926280428047974738e+02 3.926276249790331576e+02 3.926272135851055509e+02 3.926268074960664762e+02 3.926263965017261626e+02 3.926260838858015063e+02
2.365681865075827227e+04 3.910484275365648728e+02 3.910478667741405161e+02 3.910474163514320480e+02 3.910470992168817475e+02 3.910467685662811732e+02 3.910463967534728909e+02 3.910460278398293212e+02 3.910456413004800993e+02 3.910452854386314812e+02 3.910448766580372535e+02 3.910444927026485971e+02 3.910441175579143191e+02 3.910437432319432673e+02 3.910433663109928375e+02 3.910430783042966141e+02
2.455681865075827227e+04 3.914094391838783622e+02 3.914086230439291967e+02 3.914081946648464623e+02 3.914078839831845471e+02 3.914075714864471252e+02 3.914072095585647730e+02 3.914068507727561723e+02 3.914064738997590212e+02 3.914061357153846075e+02 3.914057381305458421e+02 3.914053665277292566e+02 3.914050022902648038e+02 3.914046461717916827e+02 3.914042817316970968e+02 3.914040016557736408e+02
2.497681865075827227e+04 3.917995565767710673e+02 3.917982523891780033e+02 3.917975998394954331e+02 3.917972846707298231e+02 3.917969690871358353e+02 3.917965971669430587e+02 3.917962273926355010e+02 3.917958415874887805e+02 3.917954980383524344e+02 3.917950879821494254e+02 3.917947050458068929e+02 3.917943312596572127e+02 3.917939664477319752e+02 3.917935926216658800e+02 3.917933025191888987e+02
