TIME T_sat_Ch1_mesh1 T_sat_Ch1_mesh2 T_sat_Ch1_mesh3 T_sat_Ch1_mesh4 T_sat_Ch1_mesh5 T_sat_Ch1_mesh6 T_sat_Ch1_mesh7 T_sat_Ch1_mesh8 T_sat_Ch1_mesh9 T_sat_Ch1_mesh10 T_sat_Ch1_mesh11 T_sat_Ch1_mesh12 T_sat_Ch1_mesh13 T_sat_Ch1_mesh14 T_sat_Ch1_mesh15 
0.000000000000000000e+00 6.201577508435348136e+02 6.201154560771565230e+02 6.200256869340228150e+02 6.199272356863775713e+02 6.198868697618241868e+02 6.197896829874275682e+02 6.196917704582767783e+02 6.195906865304851863e+02 6.195499869164539177e+02 6.194500745966395243e+02 6.193493758701907836e+02 6.192453401632849364e+02 6.192041922614075702e+02 6.190987716049615983e+02 6.190346507473204838e+02
5.000040000000043960e+01 5.641023298984487155e+02 5.640869657603503811e+02 5.640673648828864089e+02 5.640496031294576369e+02 5.640332409913870606e+02 5.640175989045262668e+02 5.640027893057502979e+02 5.639886590682349379e+02 5.639753737033555581e+02 5.639622009911349778e+02 5.639495027326672698e+02 5.639371867536990521e+02 5.639257876870542532e+02 5.639134129423599688e+02 5.639036466419835278e+02
1.000003999999985922e+02 5.546891951781157104e+02 5.546723634497633384e+02 5.546493742081912615e+02 5.546308173950511673e+02 5.546152187162914515e+02 5.546018581892553811e+02 5.545902777653319617e+02 5.545802099470910207e+02 5.545711283633854691e+02 5.545628600456479944e+02 5.545558933223110216e+02 5.545500085271442003e+02 5.545452782515272929e+02 5.545378648061682725e+02 5.545320782639614663e+02
1.502405034099261059e+02 5.262749024706986347e+02 5.262548148943644719e+02 5.262265562720631351e+02 5.262032176090336861e+02 5.261825934438400054e+02 5.261641450968452318e+02 5.261475337751617189e+02 5.261325483396044547e+02 5.261187877468263423e+02 5.261054541370320976e+02 5.260932106131978117e+02 5.260812426232710095e+02 5.260717448192082202e+02 5.260591025881799396e+02 5.260496829953505085e+02
2.004200391960640388e+02 4.518526001847593534e+02 4.517719607685475580e+02 4.516658846276405939e+02 4.515807585504808230e+02 4.515176998170890670e+02 4.514735233073588461e+02 4.514500369808954474e+02 4.514441248291644229e+02 4.514411456315145870e+02 4.514365621592222055e+02 4.514318410915964250e+02 4.514267705663214088e+02 4.514236226132395586e+02 4.514183379074650020e+02 4.514157057079764854e+02
2.553043625042201370e+02 4.468111603550496511e+02 4.466824568423794517e+02 4.465275888179065191e+02 4.463970549904011023e+02 4.462881567328668098e+02 4.461957598149941191e+02 4.461141114046219514e+02 4.460391183358758553e+02 4.459718481950371824e+02 4.459092351690978830e+02 4.458520213880028678e+02 4.458005354084814940e+02 4.457518578566728138e+02 4.457267899616506952e+02 4.457246275741062504e+02
3.053043625042201370e+02 4.436350331262731856e+02 4.434951043493137490e+02 4.433246164599078156e+02 4.431781941429399581e+02 4.430569910153181468e+02 4.429524712454477253e+02 4.428611954729456670e+02 4.427801446042620910e+02 4.427071676329047705e+02 4.426388472309922690e+02 4.425769123976953097e+02 4.425181960496470879e+02 4.424688000121316804e+02 4.424110410939773601e+02 4.423644620125912184e+02
3.553043625042201370e+02 4.432274355156604315e+02 4.430828614325241688e+02 4.429041640714242476e+02 4.427353839036383079e+02 4.425872836357847291e+02 4.424635492312399379e+02 4.423583878824416615e+02 4.422671353050644711e+02 4.421862419971675990e+02 4.421119260581955928e+02 4.420449836993290660e+02 4.419823451189987509e+02 4.419292574577807500e+02 4.418683679871047616e+02 4.418186756425037629e+02
4.053043625042201370e+02 4.486623925401423776e+02 4.485343977154838626e+02 4.483744835035910228e+02 4.482244307494073610e+02 4.480921329578874861e+02 4.479804724405820480e+02 4.478841053247131185e+02 4.477994287394589605e+02 4.477234114444872830e+02 4.476531372514341456e+02 4.475896858026194991e+02 4.475297276323519782e+02 4.474789093902550690e+02 4.474213538491124496e+02 4.473737275121765720e+02
4.553043625042201370e+02 4.484915244806486498e+02 4.483627068756095468e+02 4.482021309473011002e+02 4.480495282188230703e+02 4.479135255407864520e+02 4.477994614961316984e+02 4.477018109559573986e+02 4.476164680739270807e+02 4.475402063543929785e+02 4.474699837514868932e+02 4.474067516397024065e+02 4.473472359560522591e+02 4.472968731249987968e+02 4.472398820134232551e+02 4.471927560509154773e+02
5.053043625042201370e+02 4.483164530964254482e+02 4.481872523417038110e+02 4.480262004487881313e+02 4.478736054383709870e+02 4.477378720108142147e+02 4.476236798345860848e+02 4.475256346180431137e+02 4.474397658230377601e+02 4.473628927870194048e+02 4.472920287748852388e+02 4.472281268288664933e+02 4.471679537891599807e+02 4.471169183173575448e+02 4.470592306696682385e+02 4.470115917958476075e+02
5.553043625042200802e+02 4.479928059764506543e+02 4.478627359633049991e+02 4.477006771278045676e+02 4.475476513256799649e+02 4.474119318483593588e+02 4.472975127226417840e+02 4.471990443511559761e+02 4.471126562958652357e+02 4.470351922018057849e+02 4.469637049335109964e+02 4.468991544010924599e+02 4.468383405274817051e+02 4.467866596040161085e+02 4.467282727487059901e+02 4.466801088072437551e+02
6.053043625042200802e+02 4.474982535797206538e+02 4.473669891304955399e+02 4.472033652715078347e+02 4.470485584268774915e+02 4.469108972432862288e+02 4.467947766024716998e+02 4.466948512899109005e+02 4.466071820132747234e+02 4.465285744430194654e+02 4.464560491479217603e+02 4.463905634342956432e+02 4.463288747129874423e+02 4.462764291763679125e+02 4.462172315594440306e+02 4.461684491847625509e+02
6.584293625042200802e+02 4.467768310671513632e+02 4.466437084709967280e+02 4.464777591382261335e+02 4.463208334868396605e+02 4.461813121315014428e+02 4.460635117176779545e+02 4.459620616878569308e+02 4.458729997118207393e+02 4.457930990063312606e+02 4.457193575609263689e+02 4.456527413532281798e+02 4.455899779885083376e+02 4.455365698179431320e+02 4.454763146502875770e+02 4.454267229201861937e+02
7.096793625042200802e+02 4.459693871811297754e+02 4.458341610679260612e+02 4.456655709329904198e+02 4.455063569271089818e+02 4.453649644712193663e+02 4.452454826480794168e+02 4.451424972473689081e+02 4.450520307735941969e+02 4.449708238066991157e+02 4.448958484152508959e+02 4.448280912737775452e+02 4.447642347293858052e+02 4.447098663538118331e+02 4.446485349670127789e+02 4.445981100751478721e+02
7.596793625042200802e+02 4.447794590965283987e+02 4.446409232120717547e+02 4.444683856487189360e+02 4.443081263194024473e+02 4.441686623462067018e+02 4.440509783247387077e+02 4.439494346370350399e+02 4.438601959180498397e+02 4.437800068148945911e+02 4.437058235622771463e+02 4.436388726226748531e+02 4.435755420963910751e+02 4.435219244504195899e+02 4.434610054169958744e+02 4.434106483108148495e+02
8.096793625042200802e+02 4.430583411578090818e+02 4.429154182645153810e+02 4.427370921753915241e+02 4.425715325316850794e+02 4.424273524573684426e+02 4.423053439266319060e+02 4.421999197380566784e+02 4.421071552490825525e+02 4.420237612035808752e+02 4.419465880611830926e+02 4.418768384966024314e+02 4.418109395511780804e+02 4.417549884218886973e+02 4.416915064275672194e+02 4.416392764482931170e+02
8.596793625042200802e+02 4.409824639294409394e+02 4.408338950574724890e+02 4.406482372652112645e+02 4.404797019375438936e+02 4.403365526278981861e+02 4.402150594176167715e+02 4.401097297077561734e+02 4.400168200522092548e+02 4.399331161250047444e+02 4.398554211036704373e+02 4.397852342309117830e+02 4.397186567908121901e+02 4.396624099635071161e+02 4.395980977764771751e+02 4.395449933716373607e+02
9.096793625042200802e+02 4.395055682437568407e+02 4.393523504249217240e+02 4.391610393828894416e+02 4.389883988181828727e+02 4.388426528011800656e+02 4.387187220491591120e+02 4.386111139551580891e+02 4.385160913762899213e+02 4.384304117089602641e+02 4.383508123881662186e+02 4.382788962349438293e+02 4.382106006611964517e+02 4.381529506344205060e+02 4.380869341598055939e+02 4.380324466648835369e+02
9.596793625042200802e+02 4.383057309925919753e+02 4.381485120106370914e+02 4.379523335928778351e+02 4.377751393165066816e+02 4.376253805393988046e+02 4.374980225065031050e+02 4.373874275189881473e+02 4.372897633240838786e+02 4.372016954021756305e+02 4.371198881278158410e+02 4.370459664268634583e+02 4.369757695237947246e+02 4.369164873589107287e+02 4.368486393309368623e+02 4.367927422913513738e+02
1.009679362504220080e+03 4.373054559430725021e+02 4.371449123774582972e+02 4.369445857233035895e+02 4.367635913370747858e+02 4.366105505029383380e+02 4.364803580531948910e+02 4.363672685398979638e+02 4.362673802746936076e+02 4.361772850031262578e+02 4.360935936769431009e+02 4.360179592953771817e+02 4.359461238083915759e+02 4.358854404433701575e+02 4.358160107639552052e+02 4.357588934867433750e+02
1.059679362504220080e+03 4.363782464213845742e+02 4.362145377836790203e+02 4.360102561005841153e+02 4.358255950023043965e+02 4.356693865924556803e+02 4.355365298962092311e+02 4.354211426834302188e+02 4.353192339466718295e+02 4.352273196248960403e+02 4.351419472298278492e+02 4.350647980320393344e+02 4.349915157835761192e+02 4.349296122856342208e+02 4.348587910689615796e+02 4.348005929511629688e+02
1.109679362504220080e+03 4.354133809943210736e+02 4.352463113723993047e+02 4.350378080933934370e+02 4.348491023544725635e+02 4.346893112159555699e+02 4.345534942562852621e+02 4.344355932045906457e+02 4.343314974866714238e+02 4.342376336056776722e+02 4.341504719630979707e+02 4.340717157207160994e+02 4.339969104216981464e+02 4.339337224577143388e+02 4.338614387727757276e+02 4.338021132450703590e+02
1.159679362504220080e+03 4.343864079190926759e+02 4.342157499675644772e+02 4.340027266547385238e+02 4.338106023248130896e+02 4.336485917194181070e+02 4.335108498152104630e+02 4.333912384505207456e+02 4.332856006617971616e+02 4.331903230382184233e+02 4.331018099542217215e+02 4.330218496926437410e+02 4.329458389292751690e+02 4.328816993148141137e+02 4.328082231326129090e+02 4.327479213755035516e+02
1.209679362504220080e+03 4.333421942033324967e+02 4.331677771893904492e+02 4.329500277152418448e+02 4.327542960127770471e+02 4.325898770846580419e+02 4.324499953707306759e+02 4.323284560738585469e+02 4.322210666430705714e+02 4.321241763104338816e+02 4.320341232647425045e+02 4.319527718789486244e+02 4.318753874606311456e+02 4.318101280669690709e+02 4.317352837286912859e+02 4.316738911149668638e+02
1.259679362504220080e+03 4.323549065380367438e+02 4.321768090669060030e+02 4.319544345765044682e+02 4.317548995556580849e+02 4.315876347807943034e+02 4.314452857708985221e+02 4.313215647303720743e+02 4.312122167633705772e+02 4.311135411189612796e+02 4.310218060127073159e+02 4.309389359411250666e+02 4.308600721866582717e+02 4.307935886601538868e+02 4.307172906313944623e+02 4.306547569291795412e+02
1.309679362504220080e+03 4.314290654082863057e+02 4.312474036334451739e+02 4.310205527361915188e+02 4.308171449362525323e+02 4.306467947161838765e+02 4.305018149925484749e+02 4.303757994070574568e+02 4.302644141928324757e+02 4.301638937340214852e+02 4.300704367683135843e+02 4.299860158035249924e+02 4.299056522460408587e+02 4.298379222368049568e+02 4.297601644189682588e+02 4.296964922675490470e+02
1.359679362504220080e+03 4.305481804938489176e+02 4.303630312376406550e+02 4.301318001657948571e+02 4.299244795316127465e+02 4.297508994819179975e+02 4.296031960934090534e+02 4.294748261220918835e+02 4.293613645554389109e+02 4.292589732301000822e+02 4.291637799612448134e+02 4.290777978682340290e+02 4.289959315747671553e+02 4.289269501274083041e+02 4.288477371655762340e+02 4.287829353385151308e+02
1.409679362504220080e+03 4.296398148996389637e+02 4.294508271251022506e+02 4.292149998181287174e+02 4.290044795417827572e+02 4.288289670940820315e+02 4.286795442875961157e+02 4.285497081159052186e+02 4.284349313965382180e+02 4.283313830961598114e+02 4.282350755139947864e+02 4.281482011386488011e+02 4.280653603891877310e+02 4.279957756184476239e+02 4.279157084055939322e+02 4.278501183347726169e+02
1.459679362504220080e+03 4.286557301731744474e+02 4.284628696267967598e+02 4.282220478523038310e+02 4.280071851482534839e+02 4.278281835274878517e+02 4.276758354617022064e+02 4.275434528118095159e+02 4.274264010783688263e+02 4.273207709044132798e+02 4.272225119533504767e+02 4.271338030115886113e+02 4.270492400070025383e+02 4.269781066372610212e+02 4.268962393416626924e+02 4.268293063968928891e+02
1.509679362504220080e+03 4.276684829217664401e+02 4.274712051793321734e+02 4.272251155645867584e+02 4.270056190826641682e+02 4.268228149140684877e+02 4.266673242106128896e+02 4.265322905545135086e+02 4.264129420090058602e+02 4.263052984435840358e+02 4.262051814101342870e+02 4.261148278034978603e+02 4.260286904440514490e+02 4.259562875861863631e+02 4.258728841198997088e+02 4.258047611974542974e+02
1.559679362504220080e+03 4.265999620245882511e+02 4.263982562608761100e+02 4.261470541472216382e+02 4.259247016910244383e+02 4.257404767138183388e+02 4.255836402456936298e+02 4.254473647232766211e+02 4.253268132670848445e+02 4.252180286395175131e+02 4.251167431398650365e+02 4.250253662807270985e+02 4.249381151376863386e+02 4.248649027994414382e+02 4.247803562731028819e+02 4.247112668046873409e+02
1.609679362504220080e+03 4.253780052207546873e+02 4.251708360076548274e+02 4.249133718844404939e+02 4.246865493396403508e+02 4.244990751803309195e+02 4.243394231656462807e+02 4.242007006033368270e+02 4.240779477582134405e+02 4.239671861773286423e+02 4.238640080882035477e+02 4.237709657493691111e+02 4.236820420942365217e+02 4.236075412372168785e+02 4.235213347463303535e+02 4.234508920983203097e+02
1.659679362504220080e+03 4.242848338250149141e+02 4.240725741961874746e+02 4.238090764907254879e+02 4.235775072222661493e+02 4.233863486696443488e+02 4.232235485025689741e+02 4.230820966136524248e+02 4.229569094626191372e+02 4.228439586441256779e+02 4.227387143868537009e+02 4.226438362755752678e+02 4.225531006500700641e+02 4.224771541392079826e+02 4.223891705578882920e+02 4.223173055519523018e+02
1.709679362504220080e+03 4.232560801829675938e+02 4.230388647596263354e+02 4.227694062165170408e+02 4.225330149257397352e+02 4.223380983797035810e+02 4.221721344320233698e+02 4.220279624310284703e+02 4.219003672724122680e+02 4.217852610106573366e+02 4.216779923092589115e+02 4.215813225041671330e+02 4.214888210620875952e+02 4.214114706845657565e+02 4.213217656612174551e+02 4.212485207565362089e+02
1.759679362504220080e+03 4.222689967956555392e+02 4.220468842430983045e+02 4.217715273026302611e+02 4.215303648674369015e+02 4.213317453928552823e+02 4.211626770410069867e+02 4.210158423009651187e+02 4.208858940536084674e+02 4.207686848990092585e+02 4.206594415543723358e+02 4.205610295799566529e+02 4.204668066490381761e+02 4.203880957347240610e+02 4.202967164206447137e+02 4.202221231341565613e+02
1.809679362504220080e+03 4.213199461008838398e+02 4.210929322589383332e+02 4.208112773266514637e+02 4.205643000319278144e+02 4.203609054057161529e+02 4.201879179462869729e+02 4.200377619318124971e+02 4.199049233575132689e+02 4.197851470028382437e+02 4.196735399791168106e+02 4.195730144086779774e+02 4.194767687761354864e+02 4.193963844933911673e+02 4.193030447818013613e+02 4.192269405819425856e+02
1.859679362504220080e+03 4.204279105772606044e+02 4.201962498110845559e+02 4.199087864635546339e+02 4.196568789491789744e+02 4.194496166144817835e+02 4.192734221882753900e+02 4.191205253335393763e+02 4.189852792879730714e+02 4.188633510031269225e+02 4.187497366366339975e+02 4.186474425042977145e+02 4.185494529258625676e+02 4.184676868157232548e+02 4.183726690605324734e+02 4.182952217428221502e+02
1.909679362504220080e+03 4.197313575288701486e+02 4.194959107098366076e+02 4.192034364312812045e+02 4.189467397403499263e+02 4.187354434283660112e+02 4.185558506577564231e+02 4.184000177972334882e+02 4.182621886647127099e+02 4.181379274703878650e+02 4.180221681339241968e+02 4.179179538086858088e+02 4.178181127735195446e+02 4.177347975675125440e+02 4.176380534806021387e+02 4.175592425191416623e+02
1.959679362504220080e+03 4.190769195662462607e+02 4.188377951118484361e+02 4.185400561615119273e+02 4.182775755570894489e+02 4.180613051809895637e+02 4.178778388556911523e+02 4.177188256272887656e+02 4.175783249978768481e+02 4.174517401755874175e+02 4.173339033738643025e+02 4.172278312237398268e+02 4.171262731514310644e+02 4.170415018228376312e+02 4.169431146097135752e+02 4.168630866756662954e+02
2.009679362504220080e+03 4.183682543195175185e+02 4.181251319256148804e+02 4.178221024503959597e+02 4.175545997229962154e+02 4.173342564693776922e+02 4.171475478847970635e+02 4.169858373321120553e+02 4.168430275699610092e+02 4.167144106771773409e+02 4.165947173926867322e+02 4.164870106860115584e+02 4.163838771258153884e+02 4.162978347463043747e+02 4.161979473306264481e+02 4.161167388385346158e+02
2.059679362504220080e+03 4.178821176695976760e+02 4.176352752388922909e+02 4.173292390654535211e+02 4.170610326577227056e+02 4.168410483536421225e+02 4.166545214775875934e+02 4.164929602237695008e+02 4.163502043540014483e+02 4.162216274547598687e+02 4.161018668596026373e+02 4.159942468009663799e+02 4.158909634877434769e+02 4.158050660311470210e+02 4.157051326589999576e+02 4.156235712055911904e+02
2.109679362504220080e+03 4.170895944871045913e+02 4.168389710732939761e+02 4.165288249418341593e+02 4.162589793224723280e+02 4.160383733397982837e+02 4.158512537222676997e+02 4.156891210370870908e+02 4.155457761083674200e+02 4.154166832920358274e+02 4.152962995070716943e+02 4.151882422149506056e+02 4.150843284721265150e+02 4.149982065021111453e+02 4.148976162135495542e+02 4.148154607268855898e+02
2.159679362504220080e+03 4.165148098580913256e+02 4.162604606210112479e+02 4.159424739266370921e+02 4.156569030207273272e+02 4.154185975447602459e+02 4.152173872938907948e+02 4.150436239848395417e+02 4.148905687460913896e+02 4.147530099334959459e+02 4.146252912779006010e+02 4.145101966307927910e+02 4.144003963172694966e+02 4.143083934980447225e+02 4.142019351790921178e+02 4.141161623890417331e+02
2.209679362504220080e+03 4.152729437624037701e+02 4.150109059814074044e+02 4.146868020411244515e+02 4.144075252710345580e+02 4.141816666465533672e+02 4.139902352189601515e+02 4.138244905744613789e+02 4.136778563604927967e+02 4.135457906191758184e+02 4.134224187282470666e+02 4.133120288507884652e+02 4.132053108338659513e+02 4.131174593839137970e+02 4.130144482127697643e+02 4.129297794886045949e+02
2.259679362504220080e+03 4.129170951830944887e+02 4.126376820346281988e+02 4.122881327081898917e+02 4.119454444935989841e+02 4.116049037546482623e+02 4.112914074463076304e+02 4.110281590845516462e+02 4.108078116402760429e+02 4.106181129291014145e+02 4.104471443944023576e+02 4.102934822061549767e+02 4.101510308108639720e+02 4.100290217372722736e+02 4.098905970413917998e+02 4.097866230762020905e+02
2.309679362504220080e+03 4.113148348158377416e+02 4.110320776463461243e+02 4.106758021125855294e+02 4.103857187500294685e+02 4.101622086419008610e+02 4.099700526960303932e+02 4.098041708381304602e+02 4.096582481143142331e+02 4.095257411226110094e+02 4.094024865588150988e+02 4.092941402250697251e+02 4.091884021826310232e+02 4.091063602789008087e+02 4.090049383464186690e+02 4.089309174451537956e+02
2.359679362504220080e+03 4.119478140543645850e+02 4.116644164737447227e+02 4.113088994841735371e+02 4.109970944180272454e+02 4.107462785913523931e+02 4.105371710386582436e+02 4.103577511426002502e+02 4.102003480262161474e+02 4.100593716346479027e+02 4.099282464190263227e+02 4.098115217821099918e+02 4.096987163780770516e+02 4.096067080592092680e+02 4.094979603275927502e+02 4.094086293509799361e+02
2.409679362504220080e+03 4.102549615076251257e+02 4.099604708587484652e+02 4.095919750655285156e+02 4.092672396732006064e+02 4.090021101293509673e+02 4.087794698329962557e+02 4.085878352034714567e+02 4.084192605851485496e+02 4.082681305907112232e+02 4.081276255312351964e+02 4.080019707017528390e+02 4.078810763590759620e+02 4.077815573072659845e+02 4.076646716814348110e+02 4.075698107092674718e+02
2.459679362504220080e+03 4.097724965340530048e+02 4.094698046360473995e+02 4.090933609417015759e+02 4.087599552831173355e+02 4.084854075414596650e+02 4.082547553403716165e+02 4.080568294093238251e+02 4.078829435553695930e+02 4.077273453091178226e+02 4.075828391650417188e+02 4.074538234479112475e+02 4.073296628221114588e+02 4.072275066655166711e+02 4.071080494665569631e+02 4.070113371482659659e+02
2.509679362504220080e+03 4.102566078402276730e+02 4.099613499903377942e+02 4.095910830245896364e+02 4.092610647321707802e+02 4.089892336314197792e+02 4.087608170935087628e+02 4.085640030439848260e+02 4.083908595336807821e+02 4.082353692478867515e+02 4.080910083948157308e+02 4.079615192896810640e+02 4.078372817432003217e+02 4.077341612857558175e+02 4.076143303698070781e+02 4.075172770957578336e+02
2.559679362504220080e+03 4.099238868588225273e+02 4.096263027061918365e+02 4.092546203710438704e+02 4.089279217816197729e+02 4.086617015333689551e+02 4.084378780263712088e+02 4.082449869946333934e+02 4.080750936822347512e+02 4.079225697239352826e+02 4.077806641364331313e+02 4.076535784781339089e+02 4.075312887926539815e+02 4.074302729579892457e+02 4.073120794748785443e+02 4.072160222381844505e+02
2.609679362504220080e+03 4.092020773647966507e+02 4.088990375506735973e+02 4.085197341348194868e+02 4.081835294188434773e+02 4.079082397696194562e+02 4.076776604104009607e+02 4.074794866525299426e+02 4.073053110121737177e+02 4.071491999485575661e+02 4.070041603752498531e+02 4.068741793674882956e+02 4.067493899493071581e+02 4.066461367972022458e+02 4.065252258122612830e+02 4.064275044091285736e+02
2.659679362504220080e+03 4.085298921182942422e+02 4.082203184720794980e+02 4.078342468246490284e+02 4.074923172306512811e+02 4.072126611050956626e+02 4.069786170259169467e+02 4.067776494098807802e+02 4.066011764817693575e+02 4.064431924149994302e+02 4.062964224494508017e+02 4.061652587639030685e+02 4.060390615178644680e+02 4.059351657135744063e+02 4.058133571499060963e+02 4.057146101024286509e+02
2.709679362504220080e+03 4.079637731006456534e+02 4.076513033844269103e+02 4.072595612176887698e+02 4.069121457007079243e+02 4.066280487720615611e+02 4.063902634273597414e+02 4.061859490738875138e+02 4.060064178817427774e+02 4.058455029774604554e+02 4.056960381383573235e+02 4.055622516916451445e+02 4.054336420660771978e+02 4.053274106823581064e+02 4.052031798113500827e+02 4.051025265478119763e+02
2.759679362504220080e+03 4.075552252700591680e+02 4.072377450107508139e+02 4.068412618297987819e+02 4.064891911353182081e+02 4.062011311448275137e+02 4.059603152324289681e+02 4.057536657387673813e+02 4.055723036700944135e+02 4.054099583862939653e+02 4.052592058804838189e+02 4.051246130040953517e+02 4.049949844831789960e+02 4.048883950273610708e+02 4.047635990718403036e+02 4.046623020736653871e+02
2.809679362504220080e+03 4.074136884151748745e+02 4.070965651561625691e+02 4.066986276918827343e+02 4.063395474761644550e+02 4.060407229127396818e+02 4.057914306394702635e+02 4.055777514809307149e+02 4.053904940036277935e+02 4.052227994461467233e+02 4.050674891860035132e+02 4.049284042914717929e+02 4.047950701198772094e+02 4.046845465839346616e+02 4.045562278840479848e+02 4.044525522873272507e+02
2.859679362504220080e+03 4.073631534028755254e+02 4.070455644870286847e+02 4.066470624066586197e+02 4.062869083623361917e+02 4.059866474493808255e+02 4.057361772478587341e+02 4.055215050193721709e+02 4.053333950057540278e+02 4.051649284725972393e+02 4.050089335040861442e+02 4.048692166531976682e+02 4.047353016218721109e+02 4.046242392909591103e+02 4.044954050992754446e+02 4.043913478515644329e+02
2.909679362504220080e+03 4.072361764388062966e+02 4.069175491630726356e+02 4.065177168527711729e+02 4.061555809907986259e+02 4.058529295496613258e+02 4.056005347283348783e+02 4.053842512329721330e+02 4.051947497847002069e+02 4.050250296925140674e+02 4.048679137781704753e+02 4.047271421244173553e+02 4.045922725765349242e+02 4.044803136514417474e+02 4.043505430549622588e+02 4.042458504993711017e+02
2.959679362504220080e+03 4.070972515973163013e+02 4.067774639593182542e+02 4.063761653945410899e+02 4.060117957833995206e+02 4.057064846865862933e+02 4.054520203842397450e+02 4.052340744035806210e+02 4.050431999726429240e+02 4.048722920452801191e+02 4.047141426486792284e+02 4.045724626718462105e+02 4.044367577946188135e+02 4.043240842707884894e+02 4.041936048150399188e+02 4.040883585485640879e+02
3.009679362504220080e+03 4.069650146904908752e+02 4.066441744569355592e+02 4.062415446427823440e+02 4.058764415035276443e+02 4.055708764790346663e+02 4.053159939048918545e+02 4.050975340726924401e+02 4.049061132920730870e+02 4.047346428198794115e+02 4.045759300872186373e+02 4.044337245469639583e+02 4.042974717826016331e+02 4.041843295663389881e+02 4.040533356235008000e+02 4.039476541602311954e+02
3.059679362504220080e+03 4.068712473241148473e+02 4.065497288644712057e+02 4.061462199044564159e+02 4.057814297565661263e+02 4.054770056176132584e+02 4.052226583138011620e+02 4.050043722434239726e+02 4.048129292338016967e+02 4.046413193777170250e+02 4.044823862772879011e+02 4.043399552242311188e+02 4.042034023456384944e+02 4.040900206395529040e+02 4.039587285148040223e+02 4.038527632111705543e+02
3.109679362504220080e+03 4.069744901012219884e+02 4.066515277454797115e+02 4.062447448816389510e+02 4.058449919287254488e+02 4.054496366632120044e+02 4.050744635478151849e+02 4.047463157284735189e+02 4.044684418932245080e+02 4.042296350477628266e+02 4.040133424942179659e+02 4.038176274081352517e+02 4.036373505741337340e+02 4.034831767461349727e+02 4.033090768113871718e+02 4.031832690083194848e+02
3.159679362504220080e+03 4.069492105754060276e+02 4.066989609867646891e+02 4.063232879272709965e+02 4.059563008238125690e+02 4.055825029973753999e+02 4.052089690940323408e+02 4.048454112483194649e+02 4.045293125055293331e+02 4.042578981404524257e+02 4.040146209882832409e+02 4.037859571562885321e+02 4.035685351102986260e+02 4.033726435309946510e+02 4.031619269266431047e+02 4.030068951377755866e+02
3.209679362504220080e+03 4.045349736302570136e+02 4.041615750092117878e+02 4.038067312377569920e+02 4.036863450713748307e+02 4.035614224856665260e+02 4.034820756667760406e+02 4.033927237202134961e+02 4.032908908854375341e+02 4.031734400750580107e+02 4.030721839689431931e+02 4.029766537258743710e+02 4.028658863788233475e+02 4.027800426294089675e+02 4.026614017874005640e+02 4.025728573130077166e+02
3.259679362504220080e+03 4.052221967669269134e+02 4.048863324997169570e+02 4.044635074899346137e+02 4.040478208211212632e+02 4.036311804095677189e+02 4.032399906970384791e+02 4.029063525110539103e+02 4.026270869384413800e+02 4.023875599068929887e+02 4.021743130353131619e+02 4.019849634144918582e+02 4.018103901417545671e+02 4.016624543096563684e+02 4.014984245142973123e+02 4.013733523580636984e+02
3.309679362504220080e+03 4.053258614562772095e+02 4.049962604419220042e+02 4.045770046881474400e+02 4.041655485956376879e+02 4.037682828795879004e+02 4.034169589133866793e+02 4.031200839965426894e+02 4.028642704928072931e+02 4.026389304946131347e+02 4.024343408334671039e+02 4.022504486118683644e+02 4.020788104202107434e+02 4.019323418487897470e+02 4.017690671457123130e+02 4.016433528228367322e+02
3.359679362504220080e+03 4.059261881578109978e+02 4.055994533679188976e+02 4.051881374654927299e+02 4.048103296434325671e+02 4.044850004277010953e+02 4.042074937254094493e+02 4.039667622366753790e+02 4.037538482698842017e+02 4.035619558178582906e+02 4.033841764807528421e+02 4.032228567231257443e+02 4.030698289315254783e+02 4.029396948634637283e+02 4.027913778264262987e+02 4.026749311220310119e+02
3.409679362504220080e+03 4.057262126274612797e+02 4.053874260437523276e+02 4.049690191243781214e+02 4.045846407714684574e+02 4.042641717485170147e+02 4.040004571102137447e+02 4.037758288929979358e+02 4.035809687194368962e+02 4.034073774864202164e+02 4.032470804180052255e+02 4.031046141151913389e+02 4.029673981678463406e+02 4.028553289685880259e+02 4.027241810863924911e+02 4.026175295150978286e+02
3.459679362504220080e+03 4.060443342813759386e+02 4.057150176515810927e+02 4.053017456038824662e+02 4.048964208082208529e+02 4.045179054841552215e+02 4.041952888827833021e+02 4.039214390878163385e+02 4.036837323418492360e+02 4.034725894954706860e+02 4.032796015471018336e+02 4.031054457639336874e+02 4.029420427342194557e+02 4.028025225291485185e+02 4.026459601666800836e+02 4.025244972820000271e+02
3.509679362504220080e+03 4.058377992074672989e+02 4.055039723311479065e+02 4.050894534065786843e+02 4.047174299807911098e+02 4.044036170907015162e+02 4.041398595335155051e+02 4.039138939156810011e+02 4.037144964686499407e+02 4.035352754531534174e+02 4.033691071392433969e+02 4.032207818818175724e+02 4.030774979614141103e+02 4.029605764106136689e+02 4.028216780570127185e+02 4.027112899666869907e+02
3.559679362504220080e+03 4.057857221319503651e+02 4.054471085254008358e+02 4.050290599046611533e+02 4.046438890508219401e+02 4.043234233689041162e+02 4.040605803469080683e+02 4.038365558570470739e+02 4.036425294764977707e+02 4.034689344215403253e+02 4.033092728195075551e+02 4.031666212321001694e+02 4.030298980850908492e+02 4.029171295376142439e+02 4.027863182477426562e+02 4.026794069513573504e+02
3.609679362504220080e+03 4.060919911895655332e+02 4.057655645201325001e+02 4.053551252525705877e+02 4.049531979926877057e+02 4.045741913294270944e+02 4.042501636560670022e+02 4.039809572245568461e+02 4.037510494085636310e+02 4.035464108437506638e+02 4.033601278979238032e+02 4.031923953581948581e+02 4.030331939170153532e+02 4.028988689487712804e+02 4.027453712337618299e+02 4.026249907079850345e+02
3.659679362504220080e+03 4.059904037442881872e+02 4.056596742498529693e+02 4.052410543693324598e+02 4.048290068766872309e+02 4.044170194589477205e+02 4.040165945253198743e+02 4.036691067737514231e+02 4.033806918284299172e+02 4.031372825851222501e+02 4.029241698394843638e+02 4.027393239685782191e+02 4.025691600443266793e+02 4.024299547432131021e+02 4.022746600358528895e+02 4.021560924841760425e+02
3.709679362504220080e+03 4.055970603443746541e+02 4.052576387902159922e+02 4.048391585229854854e+02 4.044381069215293678e+02 4.040799529471539131e+02 4.037831917623311710e+02 4.035311023699981661e+02 4.033098184120145220e+02 4.031102503466714779e+02 4.029257609766882524e+02 4.027583913417008148e+02 4.025991114642532693e+02 4.024633166120374312e+02 4.023091322591600374e+02 4.021896575010557626e+02
3.759679362504220080e+03 4.060090897115766211e+02 4.056884122538792781e+02 4.052765147352928352e+02 4.048727480818465665e+02 4.044663901224433857e+02 4.040759926315193979e+02 4.037297675410079592e+02 4.034316575067064150e+02 4.031705080951268769e+02 4.029367124118015226e+02 4.027272111905421070e+02 4.025345443324736152e+02 4.023681327460132024e+02 4.021881010119415691e+02 4.020515891360847718e+02
3.809679362504220080e+03 4.055890203383959260e+02 4.052551276149135333e+02 4.048344833241485503e+02 4.044217047699855812e+02 4.040171669763916498e+02 4.036577526401741238e+02 4.033610554035494715e+02 4.031091756672466886e+02 4.028915527266486265e+02 4.026964130789489786e+02 4.025250735562997306e+02 4.023646424762617357e+02 4.022333722669932285e+02 4.020820928677290453e+02 4.019667057590971808e+02
3.859679362504220080e+03 4.055380246079498647e+02 4.052058908772422683e+02 4.047866808106344365e+02 4.043759772841913218e+02 4.039902442351399259e+02 4.036583616365639955e+02 4.033758047907391528e+02 4.031301725919834098e+02 4.029117539463973117e+02 4.027125404693163091e+02 4.025334900589187441e+02 4.023651775029557029e+02 4.022223647814116703e+02 4.020623746432347048e+02 4.019385757370582724e+02
3.909679362504220080e+03 4.056766639809857793e+02 4.053434689799433954e+02 4.049248531489712377e+02 4.045146295125376810e+02 4.041218764530935346e+02 4.037774138903381527e+02 4.034868194972123661e+02 4.032364946824797585e+02 4.030153373974823694e+02 4.028147033230795273e+02 4.026347665217642771e+02 4.024662840936520638e+02 4.023232356699509182e+02 4.021634104708583095e+02 4.020395640587038315e+02
3.959679362504220080e+03 4.053862094201418813e+02 4.050469557194612094e+02 4.046241540858478629e+02 4.042107241629811369e+02 4.038341673801375009e+02 4.035233314391671229e+02 4.032626470456991683e+02 4.030380802848376902e+02 4.028394633667807057e+02 4.026582054534666781e+02 4.024966062762680394e+02 4.023432817656249654e+02 4.022156676830542210e+02 4.020700441954237476e+02 4.019545223569940617e+02
4.009679362504220080e+03 4.060371208049019174e+02 4.057068224154771769e+02 4.052920940257106395e+02 4.048859123325383393e+02 4.045078574567945680e+02 4.041881290804568607e+02 4.039184136933370155e+02 4.036848866104170384e+02 4.034777745590959057e+02 4.032887215602142987e+02 4.031190728637971006e+02 4.029590452262996791e+02 4.028237289417710372e+02 4.026710826832471639e+02 4.025517296130388445e+02
4.059679362504220080e+03 4.061460684105294376e+02 4.058171676813278737e+02 4.054042412559634840e+02 4.050044847509648207e+02 4.046437098136789245e+02 4.043436769522916734e+02 4.040887750132865222e+02 4.038669086149986924e+02 4.036690273709805297e+02 4.034875050694832339e+02 4.033243227172899310e+02 4.031696647590815701e+02 4.030391555786133040e+02 4.028910310940801764e+02 4.027744099269487492e+02
4.109679362504220080e+03 4.062847379032488107e+02 4.059575694028226849e+02 4.055468000426317872e+02 4.051589944226840316e+02 4.048186499619175720e+02 4.045341017311286578e+02 4.042899778321258282e+02 4.040760987049740152e+02 4.038842395426883058e+02 4.037074352122859864e+02 4.035482004292999250e+02 4.033966495335820355e+02 4.032689562572671207e+02 4.031233503015020005e+02 4.030082571684999948e+02
4.159679362504220080e+03 4.063127972061491846e+02 4.059862804531344409e+02 4.055763826016664098e+02 4.051961992004182775e+02 4.048686406573257273e+02 4.045937712617804891e+02 4.043571576037384148e+02 4.041492771220354143e+02 4.039623875230145131e+02 4.037896843218198910e+02 4.036340378698502036e+02 4.034855253931533525e+02 4.033605312719340077e+02 4.032174997967342733e+02 4.031039673118146993e+02
4.209679362504220080e+03 4.063587106869641730e+02 4.060329567876380565e+02 4.056240551214523293e+02 4.052518506190314156e+02 4.049370940785889843e+02 4.046712044117053892e+02 4.044411033817107182e+02 4.042381580117908015e+02 4.040551645341633957e+02 4.038855490334680667e+02 4.037325612737198526e+02 4.035861600310914810e+02 4.034630976660504302e+02 4.033218070565912967e+02 4.032093092276221569e+02
4.259679362504220080e+03 4.064106308276329287e+02 4.060856038605963931e+02 4.056776583707215877e+02 4.053115083776012284e+02 4.050061024998141193e+02 4.047467922560726379e+02 4.045215603901231134e+02 4.043223018670807960e+02 4.041422667660043544e+02 4.039749924124874951e+02 4.038240293663677676e+02 4.036792447796526631e+02 4.035576439201477115e+02 4.034176911492531872e+02 4.033059900419613086e+02
4.309679362504220080e+03 4.064904864160432112e+02 4.061663133070906042e+02 4.057609510595683560e+02 4.054019014182229057e+02 4.051046557189996520e+02 4.048511087076856256e+02 4.046302735685669063e+02 4.044343103943500637e+02 4.042569777205333139e+02 4.040918274732572399e+02 4.039427430427977583e+02 4.037994384931442937e+02 4.036792092760264836e+02 4.035405174487510749e+02 4.034295888682872260e+02
4.359679362504220080e+03 4.065886512112164155e+02 4.062654218469671150e+02 4.058635033680016022e+02 4.055108345747591443e+02 4.052193185060017413e+02 4.049698224988679840e+02 4.047520720441478943e+02 4.045584472398669504e+02 4.043830334662424093e+02 4.042194063660425627e+02 4.040716765792668639e+02 4.039294415264378131e+02 4.038102069350833858e+02 4.036724598847944776e+02 4.035621153076891119e+02
4.409679362504220080e+03 4.066869484503353078e+02 4.063646235876906303e+02 4.059658804504766749e+02 4.056184261278104941e+02 4.053311695990171302e+02 4.050847039396048217e+02 4.048692638469522080e+02 4.046774051608085756e+02 4.045034435498593552e+02 4.043409750775220459e+02 4.041942793389179656e+02 4.040528582554236436e+02 4.039343886190396802e+02 4.037973536760725892e+02 4.036874775651388632e+02
4.459679362504220080e+03 4.067533798927819362e+02 4.064316625673603198e+02 4.060351541996908509e+02 4.056911944433537656e+02 4.054066416667054682e+02 4.051621657704724839e+02 4.049482988414659417e+02 4.047576732783952025e+02 4.045847610215494115e+02 4.044231364054135724e+02 4.042772328238764885e+02 4.041363803940971025e+02 4.040185953154061167e+02 4.038817835990790286e+02 4.037723761222392227e+02
4.509679362504220080e+03 4.066524237910051625e+02 4.063302712117057354e+02 4.059311038555324558e+02 4.055821259223122297e+02 4.052930716746282087e+02 4.050453237171238356e+02 4.048287289278287631e+02 4.046357619818425064e+02 4.044607998997188361e+02 4.042971827792842419e+02 4.041497960644123850e+02 4.040063236217810072e+02 4.038887534964617316e+02 4.037433258403632408e+02 4.036344453693340597e+02
4.559679362504220080e+03 4.065748411145690966e+02 4.062520180731961545e+02 4.058577805644323462e+02 4.055186928166999678e+02 4.052371282622722219e+02 4.049945971439989307e+02 4.047817418934102420e+02 4.045917649932852100e+02 4.044186892956981865e+02 4.042579961607098085e+02 4.041096605055586224e+02 4.039735044451786052e+02 4.038460896695523843e+02 4.037291962246340518e+02 4.035753936474085890e+02
4.609679362504220080e+03 4.066346428075237327e+02 4.063122125402015854e+02 4.059268875886490378e+02 4.056039083464698365e+02 4.053341448972621492e+02 4.050999569914221752e+02 4.048938405172773400e+02 4.047092787781028278e+02 4.045408087598067368e+02 4.043840560847907000e+02 4.042391421076476945e+02 4.041062670874144942e+02 4.039813375120124874e+02 4.038676412869081673e+02 4.037140041451219190e+02
4.659679362504220080e+03 4.065159557830043013e+02 4.061926257026954090e+02 4.058095186245646460e+02 4.054898353925367473e+02 4.052225663884532878e+02 4.049910022588882157e+02 4.047868509250658917e+02 4.046041976358048942e+02 4.044372457347641330e+02 4.042820548811710069e+02 4.041381546210294573e+02 4.040072362931350654e+02 4.038818979122962674e+02 4.037726018165022879e+02 4.037604418102932868e+02
4.709679362504220080e+03 4.061163925561947394e+02 4.057901017647113804e+02 4.054030366226774049e+02 4.050799879723569461e+02 4.048100941837220716e+02 4.045762907480417425e+02 4.043699756653762734e+02 4.041863242798808642e+02 4.040157898287662306e+02 4.038642207374587088e+02 4.037063843989877796e+02 4.035991926053128509e+02 4.035935375942626706e+02 4.035911747676930190e+02 4.035898604961316209e+02
4.759679362504220080e+03 4.058302288472485770e+02 4.055015955770144274e+02 4.051119800831277757e+02 4.047872905436171891e+02 4.045163778910071528e+02 4.042814874809719186e+02 4.040756141339652459e+02 4.038883629001680902e+02 4.037261236266592164e+02 4.035516398898130888e+02 4.034486562786897821e+02 4.034469127716980097e+02 4.034455545076336307e+02 4.034436664016043892e+02 4.034425911534268607e+02
4.809679362504220080e+03 4.058044657800384130e+02 4.054752410113634937e+02 4.050880636124032890e+02 4.047666155074637118e+02 4.044982362643104352e+02 4.042658429033041330e+02 4.040613341698114027e+02 4.038757574698511235e+02 4.037129664654028147e+02 4.035424519227937026e+02 4.034509338943042280e+02 4.034491905663183502e+02 4.034477616165505651e+02 4.034453182182961086e+02 4.034439645360093323e+02
4.859679362504220080e+03 4.056264116628770466e+02 4.052963451680449793e+02 4.049045353096632880e+02 4.045774644666314543e+02 4.043042047007007795e+02 4.040669927885480774e+02 4.038588683638441807e+02 4.036690950197666439e+02 4.035053900606725392e+02 4.033257575872052030e+02 4.032144861823858832e+02 4.032127194889760062e+02 4.032112961383309653e+02 4.032091976674730631e+02 4.032079986578197577e+02
4.909679362504220080e+03 4.054361832639609702e+02 4.051057448837942729e+02 4.047125131181569486e+02 4.043846644005972166e+02 4.041108927633181338e+02 4.038732991391207747e+02 4.036640544490211369e+02 4.034754301952632431e+02 4.033066544626960308e+02 4.031389578528563788e+02 4.030685857776747980e+02 4.030667835356362048e+02 4.030653332623154483e+02 4.030631820429195500e+02 4.030620312312867100e+02
4.959679362504220080e+03 4.060210919280708595e+02 4.056940518681539061e+02 4.053035867859962309e+02 4.049746715546599489e+02 4.046986087963061323e+02 4.044586513746515379e+02 4.042465214019480300e+02 4.040581570859206977e+02 4.038811746485334879e+02 4.037311447690547652e+02 4.037051721292858701e+02 4.037034142392793683e+02 4.037018581529545145e+02 4.036987801709738051e+02 4.036971866184146620e+02
5.009679362504220080e+03 4.057974486592407857e+02 4.054688519099744326e+02 4.050784456928536201e+02 4.047519576507820602e+02 4.044786875270647215e+02 4.042413116048190318e+02 4.040323804290932230e+02 4.038434206475647557e+02 4.036758431640272420e+02 4.035058620958699294e+02 4.034281481342001143e+02 4.034263715014524223e+02 4.034248217444989564e+02 4.034224743032800689e+02 4.034211883743225826e+02
5.059679362504220080e+03 4.055724454855092631e+02 4.052426344438102888e+02 4.048519219022956577e+02 4.045272274102825349e+02 4.042561903319888756e+02 4.040216735512129844e+02 4.038133907302654393e+02 4.036318384792598408e+02 4.034512681691117564e+02 4.033174114252028630e+02 4.033080073263386112e+02 4.033061931798031310e+02 4.033046171638001169e+02 4.033024160409557908e+02 4.033011937909098492e+02
5.109679362504220080e+03 4.059536100208426888e+02 4.056264572461663533e+02 4.052377756216864100e+02 4.049125717645468967e+02 4.046401176398590565e+02 4.044031711020828652e+02 4.041940780384372260e+02 4.040051299392195006e+02 4.038353532797430034e+02 4.037898135933579624e+02 4.037884696600076495e+02 4.037862623248120713e+02 4.037842037832342612e+02 4.037809447283678992e+02 4.037792574193758810e+02
5.159679362504220080e+03 4.056131554812369586e+02 4.052832161357553105e+02 4.048900905077773587e+02 4.045599325605286367e+02 4.042827120054746501e+02 4.040422605037387598e+02 4.038271861555451778e+02 4.036434374465638939e+02 4.034461672914511610e+02 4.033262709638916022e+02 4.033249103221636460e+02 4.033230745654477687e+02 4.033213164378507258e+02 4.033188175257100170e+02 4.033174624013245761e+02
5.209679362504220080e+03 4.056842033315735989e+02 4.053547905091496659e+02 4.049628054695947412e+02 4.046342546459982827e+02 4.043586649888236479e+02 4.041197280374067304e+02 4.039059865315394973e+02 4.037234478955377313e+02 4.035273208047326534e+02 4.034078383126435483e+02 4.034061562305053030e+02 4.034043811518334905e+02 4.034027407708608166e+02 4.034003046468816365e+02 4.033989851481564983e+02
5.259679362504220080e+03 4.054908271511043836e+02 4.051598576639946145e+02 4.047667903335498067e+02 4.044381859584124186e+02 4.041628424186956181e+02 4.039242955443129404e+02 4.037108791507733940e+02 4.035288099907078845e+02 4.033330745237154815e+02 4.032137957267294723e+02 4.032123080060885059e+02 4.032106936254302241e+02 4.032092420274262849e+02 4.032072852999178281e+02 4.032061783305065319e+02
5.309679362504220080e+03 4.058216501472994651e+02 4.054931146720977040e+02 4.050994326696975918e+02 4.047659391174541952e+02 4.044850586773532086e+02 4.042393218465336417e+02 4.040252243002746013e+02 4.038203839200295420e+02 4.037257167579962243e+02 4.037241488783451473e+02 4.037226159705248278e+02 4.037208433131181664e+02 4.037191304192499501e+02 4.037167844939140195e+02 4.037155255626109920e+02
5.359679362504220080e+03 4.042162082900947553e+02 4.038632123695031169e+02 4.034580073483174374e+02 4.031485055563227320e+02 4.030760492372054387e+02 4.030751499106438018e+02 4.030742949762332046e+02 4.030734399387645226e+02 4.030726219824031205e+02 4.030717404705183071e+02 4.030708273878792625e+02 4.030697924061383901e+02 4.030687087609329637e+02 4.030674681375421642e+02 4.030667034316169293e+02
5.409679362504220080e+03 4.027034296598051810e+02 4.027028899528115744e+02 4.027022601786484302e+02 4.027017200673918751e+02 4.027011598670083004e+02 4.027005677877177732e+02 4.026999421693171257e+02 4.026992965250673251e+02 4.026986021366886916e+02 4.026979374747860447e+02 4.026972472104265535e+02 4.026965465724200612e+02 4.026958103052937190e+02 4.026947991028537217e+02 4.026942374683427488e+02
5.459679362504220080e+03 4.027215953356284217e+02 4.027210705718056261e+02 4.027207041930669789e+02 4.027198846821848974e+02 4.027184888999784107e+02 4.027160363890848203e+02 4.027132728212478696e+02 4.027100344346297902e+02 4.027072871968924233e+02 4.027034638978425392e+02 4.026992598824799074e+02 4.026940826334062535e+02 4.026894141480125882e+02 4.026823444708876423e+02 4.026790695107706597e+02
5.509679362504220080e+03 4.013645665490647048e+02 4.013639387234331934e+02 4.013632887578332884e+02 4.013626579974722404e+02 4.013619740399050784e+02 4.013612000374570243e+02 4.013603235403038525e+02 4.013593041201041274e+02 4.013582541262574068e+02 4.013569098672790005e+02 4.013553781049229769e+02 4.013535579565183866e+02 4.013517676517878954e+02 4.013490382704065382e+02 4.013476096899065624e+02
5.559679362504220080e+03 4.012839467458027229e+02 4.012834092209216692e+02 4.012827698623933657e+02 4.012822194305534822e+02 4.012816212983650530e+02 4.012809544970517663e+02 4.012801199344506813e+02 4.012791176897646324e+02 4.012781093344310648e+02 4.012769125954760057e+02 4.012755592956419832e+02 4.012739858933375672e+02 4.012724171600546015e+02 4.012701027502142779e+02 4.012688822160072277e+02
5.609679362504220080e+03 4.009920019370767363e+02 4.009914746090170752e+02 4.009908470588533760e+02 4.009902981463945366e+02 4.009896204390904586e+02 4.009876673057983680e+02 4.009845655487404201e+02 4.009805652983991422e+02 4.009772371765862999e+02 4.009726916170897084e+02 4.009675930650487885e+02 4.009612488256666438e+02 4.009548406778250182e+02 4.009456355137261880e+02 4.009415526214813781e+02
5.659679362504220080e+03 3.996853584397563282e+02 3.993069082954343685e+02 3.988583303740176689e+02 3.984923522822195991e+02 3.981651132642114703e+02 3.980023960632761941e+02 3.980015190301834878e+02 3.980006141910406541e+02 3.979997781717007683e+02 3.979988892627417272e+02 3.979979556732060928e+02 3.979969551103010303e+02 3.979958562297176741e+02 3.979945666004503551e+02 3.979937882635530286e+02
5.709679362504220080e+03 3.992133067627495393e+02 3.988295888253314843e+02 3.983716968780738625e+02 3.979942810836387821e+02 3.976514541742178608e+02 3.974693144434222631e+02 3.974678731735860993e+02 3.974664884025752940e+02 3.974653076371607767e+02 3.974638059459263673e+02 3.974622844091055072e+02 3.974607197442365418e+02 3.974592513563318334e+02 3.974574820049668347e+02 3.974565309287021364e+02
5.759679362504220080e+03 3.970757622066795989e+02 3.966954771053297577e+02 3.962264852240331265e+02 3.958271081934543076e+02 3.954839963320511060e+02 3.952332068088744563e+02 3.952122171348663642e+02 3.952109052996556215e+02 3.952097728101961707e+02 3.952084706986859715e+02 3.952071535466422461e+02 3.952057167173903167e+02 3.952042516812329609e+02 3.952027416054982609e+02 3.952020695662288290e+02
5.809679362504220080e+03 3.967273727748661827e+02 3.963089829634200214e+02 3.958246932136946725e+02 3.954346634764366399e+02 3.950887261161307151e+02 3.948817698300223356e+02 3.948791533047693179e+02 3.948779134045920500e+02 3.948767571654914263e+02 3.948754413295228574e+02 3.948741011206962526e+02 3.948726180147815512e+02 3.948711007939880346e+02 3.948695445904007784e+02 3.948689090609015580e+02
5.859679362504220080e+03 3.966330074376094217e+02 3.962243430028814259e+02 3.957275913164823464e+02 3.953320615524719983e+02 3.949936079789136443e+02 3.948394094492147133e+02 3.948376697598648093e+02 3.948364664172822813e+02 3.948353224469598217e+02 3.948340253670298807e+02 3.948326989576501092e+02 3.948312195536217928e+02 3.948297129750886825e+02 3.948281560197901854e+02 3.948275561322575982e+02
5.909679362504220080e+03 3.961743027770074832e+02 3.957590012128746366e+02 3.952709663493351968e+02 3.948778865910675790e+02 3.945266075490220601e+02 3.943656588252304687e+02 3.943647181332244145e+02 3.943635773468840853e+02 3.943624498398306173e+02 3.943612222474243936e+02 3.943599727977495490e+02 3.943585745120142292e+02 3.943571207546450523e+02 3.943556542050648090e+02 3.943551088233780888e+02
5.959679362504220080e+03 3.959588561119113592e+02 3.955491033129954985e+02 3.950491758313900164e+02 3.946412762177774312e+02 3.943127636322318494e+02 3.942096728722470402e+02 3.942087788165649727e+02 3.942076211556463932e+02 3.942064460322184232e+02 3.942051710179467250e+02 3.942038702293901338e+02 3.942024035574110030e+02 3.942008771858006639e+02 3.941993305523106983e+02 3.941987883458191391e+02
6.009679362504220080e+03 3.958904309245988884e+02 3.954692645022781221e+02 3.949610333460490210e+02 3.945478956467427452e+02 3.942333850537823992e+02 3.941923004548870040e+02 3.941912855990286175e+02 3.941900166680043185e+02 3.941887319062647066e+02 3.941873411344591887e+02 3.941859211084223489e+02 3.941843074436766869e+02 3.941826349425381864e+02 3.941809317978896843e+02 3.941803762105135434e+02
6.059679362504220080e+03 3.958288543016439007e+02 3.954033906953593487e+02 3.949027817680751582e+02 3.944900292972089346e+02 3.941845206909622448e+02 3.941505935808558547e+02 3.941496887883507725e+02 3.941484114419866387e+02 3.941470743928110778e+02 3.941456247070919403e+02 3.941441371550792496e+02 3.941424251406788244e+02 3.941406453170170607e+02 3.941388329712461314e+02 3.941382759241869849e+02
6.109679362504220080e+03 3.957660685082050804e+02 3.953463171902459976e+02 3.948436486773497336e+02 3.944221505133390338e+02 3.941374834458032410e+02 3.941212116513257797e+02 3.941201876560610344e+02 3.941188174096313332e+02 3.941173739504702098e+02 3.941158149322938584e+02 3.941142123770035823e+02 3.941123406804188107e+02 3.941103652603426326e+02 3.941083722936506888e+02 3.941077959178916217e+02
6.159679362504220080e+03 3.957080827077754748e+02 3.952703678131784955e+02 3.947700503246878156e+02 3.943664830121663272e+02 3.941060045878331266e+02 3.941000066070366756e+02 3.940991458735604169e+02 3.940978552008091356e+02 3.940964358600637638e+02 3.940948983588286865e+02 3.940933108154898719e+02 3.940914256224597239e+02 3.940893975303732759e+02 3.940873751289954043e+02 3.940868233291669185e+02
6.209679362504220080e+03 3.956413974261523663e+02 3.952331800734642684e+02 3.947315193338021686e+02 3.942946266147167194e+02 3.940597227426094378e+02 3.940572243556696321e+02 3.940561540157615354e+02 3.940546720287480298e+02 3.940530709915307739e+02 3.940513347890889122e+02 3.940495281997369261e+02 3.940472983733099568e+02 3.940447818557768755e+02 3.940423157397887053e+02 3.940417025826481563e+02
6.234679362504220080e+03 3.956161751764258838e+02 3.952015893254198318e+02 3.947030938763201675e+02 3.942739783073749322e+02 3.940439542128754056e+02 3.940415493577553434e+02 3.940405061271212617e+02 3.940390379416421638e+02 3.940374434817888982e+02 3.940357133266494429e+02 3.940339109023191781e+02 3.940315743900547432e+02 3.940286405456110970e+02 3.940257840946793522e+02 3.940251572854390929e+02
6.239679362504220080e+03 3.956123146522948559e+02 3.951791582327912238e+02 3.946802898494079841e+02 3.942519943154818520e+02 3.940173552539180832e+02 3.940157154961328274e+02 3.940146019629693228e+02 3.940130267512904538e+02 3.940113089188273534e+02 3.940094230563639144e+02 3.940074533385012501e+02 3.940048835669008440e+02 3.940016393052414969e+02 3.939984705007969978e+02 3.939977898144229016e+02
6.289679362504220080e+03 3.954524948324653906e+02 3.950174359608173518e+02 3.945223184930138700e+02 3.940977004444164322e+02 3.938850163183595328e+02 3.938842173375447260e+02 3.938832147897283562e+02 3.938818198494207081e+02 3.938802883106718582e+02 3.938786760575753192e+02 3.938770775203301469e+02 3.938750678452357761e+02 3.938714980747658956e+02 3.938683800840245794e+02 3.938679209390456322e+02
6.339679362504220080e+03 3.951367883070669791e+02 3.947053036245378053e+02 3.942019619568640110e+02 3.937694896426583000e+02 3.935736944254456375e+02 3.935729798881797024e+02 3.935721245180487244e+02 3.935709659041819464e+02 3.935696821877816660e+02 3.935683635668688112e+02 3.935670719463835781e+02 3.935654911988684717e+02 3.935623469996726271e+02 3.935596857125259476e+02 3.935593510342008585e+02
6.389679362504220080e+03 3.950413045133436185e+02 3.946030361392193981e+02 3.940940616322430401e+02 3.936676750162015423e+02 3.935012829106908043e+02 3.935005507929689088e+02 3.934996416470329450e+02 3.934983967562183125e+02 3.934970027352265447e+02 3.934955590700921562e+02 3.934941198054790448e+02 3.934923224912467390e+02 3.934886705571752827e+02 3.934855614790122900e+02 3.934852297600924089e+02
6.439679362504220080e+03 3.949714654040888604e+02 3.945335795993871670e+02 3.940253012772849388e+02 3.936091373051839923e+02 3.934726432534542937e+02 3.934719212725972284e+02 3.934709811761016454e+02 3.934696740580068308e+02 3.934681857632877495e+02 3.934666069022881629e+02 3.934649289656998690e+02 3.934625968396410940e+02 3.934573211446654568e+02 3.934527261607388482e+02 3.934523650707025126e+02
6.489679362504220080e+03 3.949260530566563148e+02 3.944884054275247536e+02 3.939801417927184275e+02 3.935750665890553819e+02 3.934638374214522401e+02 3.934631150094570557e+02 3.934621389822094670e+02 3.934607634064586819e+02 3.934591948490509594e+02 3.934575360354533586e+02 3.934557475334866581e+02 3.934531411766733981e+02 3.934473942941290261e+02 3.934427029356646699e+02 3.934424456466830406e+02
6.539679362504220080e+03 3.948737191884487174e+02 3.944262780696082018e+02 3.939187636723174819e+02 3.935245010818903779e+02 3.934372805343808750e+02 3.934365747541154406e+02 3.934355726281218040e+02 3.934341384855772503e+02 3.934324974463673925e+02 3.934307686529132866e+02 3.934289140547766692e+02 3.934262521649761766e+02 3.934203328894976721e+02 3.934152328836668744e+02 3.934150050923812501e+02
6.589679362504220080e+03 3.948299246845866719e+02 3.944166766646717406e+02 3.939071422163738703e+02 3.935114488370143704e+02 3.934325111149712484e+02 3.934317834742642503e+02 3.934307971575186684e+02 3.934294196917322779e+02 3.934278532537927617e+02 3.934261986229299737e+02 3.934244118824281600e+02 3.934217577965134751e+02 3.934165547693577878e+02 3.934121487359458342e+02 3.934119152187251416e+02
6.639679362504220080e+03 3.947780069611961835e+02 3.943450621874029594e+02 3.938287701521813915e+02 3.934536464954002213e+02 3.934126769994959432e+02 3.934117459858949246e+02 3.934105691887169769e+02 3.934089609320168393e+02 3.934071546926024325e+02 3.934052511843418074e+02 3.934032100314894933e+02 3.934003533150487328e+02 3.933945982807792916e+02 3.933892258817413676e+02 3.933889032882940455e+02
6.689679362504220080e+03 3.947224268453157947e+02 3.942849820273231103e+02 3.937646359945841255e+02 3.933928287350532855e+02 3.933595694733822370e+02 3.933587800424296574e+02 3.933576517405205095e+02 3.933560598748471762e+02 3.933542409875670955e+02 3.933523283049851216e+02 3.933503437949229919e+02 3.933476723896093290e+02 3.933423611261832207e+02 3.933381657865905368e+02 3.933379133093757787e+02
6.739679362504220080e+03 3.946731328025796870e+02 3.942369638369335121e+02 3.937128776662218570e+02 3.933585762247041657e+02 3.933401265654692907e+02 3.933391827928408020e+02 3.933379472693403613e+02 3.933362517378385519e+02 3.933343269486186955e+02 3.933324019998493668e+02 3.933305837780782213e+02 3.933280177697376985e+02 3.933224323754590159e+02 3.933183577843139460e+02 3.933180945744011296e+02
6.789679362504220080e+03 3.946574506671524887e+02 3.942192896910860327e+02 3.936914885670383910e+02 3.933558783628277524e+02 3.933463501325772427e+02 3.933453893150077647e+02 3.933441129211374232e+02 3.933423425187103248e+02 3.933403511719675407e+02 3.933385017207627925e+02 3.933367296591902686e+02 3.933342153771765197e+02 3.933287013451588336e+02 3.933247234173340416e+02 3.933244495198733830e+02
6.839679362504220080e+03 3.946490591087866733e+02 3.942055393652929070e+02 3.936855000108818672e+02 3.933595142460679881e+02 3.933518414122636955e+02 3.933509183383593495e+02 3.933495897629335332e+02 3.933477115944847355e+02 3.933455649378580574e+02 3.933435873631288473e+02 3.933417537857413890e+02 3.933391148485578128e+02 3.933341054470474205e+02 3.933308420826792826e+02 3.933305911213144554e+02
6.889679362504220080e+03 3.946814871438091359e+02 3.942440289345564679e+02 3.937156470407130087e+02 3.934109302608800931e+02 3.934073500952361542e+02 3.934064181012768131e+02 3.934050770492374340e+02 3.934031751623879245e+02 3.934011572151457585e+02 3.933993149126549724e+02 3.933974913488146399e+02 3.933948977181369173e+02 3.933904206980094500e+02 3.933876356938294521e+02 3.933874008169026411e+02
6.939679362504220080e+03 3.946642944443461829e+02 3.942246226822247763e+02 3.936980752578116380e+02 3.934082097022917424e+02 3.934055765667110336e+02 3.934045073982856593e+02 3.934030126987279914e+02 3.934009590815833803e+02 3.933987759504884707e+02 3.933966634700374811e+02 3.933946396750121721e+02 3.933916773359192689e+02 3.933867732123476344e+02 3.933837671585710609e+02 3.933835032650433732e+02
6.989679362504220080e+03 3.946289970627085495e+02 3.942476200297065816e+02 3.937437778887260720e+02 3.934455721050036914e+02 3.934411947246946397e+02 3.934402336336244161e+02 3.934388212396621611e+02 3.934368744191637006e+02 3.934348208508661173e+02 3.934329786092497443e+02 3.934313979764087890e+02 3.934294424154803096e+02 3.934268062796289769e+02 3.934252978620226031e+02 3.934251599399973998e+02
7.039679362504220080e+03 3.947207378205145005e+02 3.942770928641531327e+02 3.937523848940782045e+02 3.935120305546719237e+02 3.935113338292003959e+02 3.935103281436141742e+02 3.935088473903518889e+02 3.935069608034153816e+02 3.935049307435081687e+02 3.935030200805746858e+02 3.935013873565402491e+02 3.934993758171586933e+02 3.934967932048278385e+02 3.934953136994295164e+02 3.934951755912880458e+02
7.089679362504220080e+03 3.947114704691986731e+02 3.942730315926477260e+02 3.937467741180250300e+02 3.935011995046669426e+02 3.935005860432009968e+02 3.934997639054261640e+02 3.934986749055938731e+02 3.934972741533520662e+02 3.934956794178400514e+02 3.934944100428293154e+02 3.934933631766080566e+02 3.934920321255708586e+02 3.934904129522691392e+02 3.934895195541655539e+02 3.934894330625291445e+02
7.139679362504220080e+03 3.947522766550079041e+02 3.943131558852458056e+02 3.937850581004112200e+02 3.935356957840014616e+02 3.935351660619314771e+02 3.935346232590725322e+02 3.935340409955680911e+02 3.935331876673894271e+02 3.935320535445164296e+02 3.935309869521056498e+02 3.935303506651283669e+02 3.935296205710890263e+02 3.935287679855881038e+02 3.935282251524450885e+02 3.935281636881936151e+02
7.189679362504220080e+03 3.947362328621395022e+02 3.942951888940918934e+02 3.937724714267478703e+02 3.935455812922710948e+02 3.935450650932544363e+02 3.935445222990599632e+02 3.935439128889786957e+02 3.935430985451773722e+02 3.935419282950112461e+02 3.935408819945185996e+02 3.935403844232741335e+02 3.935399643349587677e+02 3.935395507428357860e+02 3.935392934818395361e+02 3.935392549339688344e+02
7.239679362504220080e+03 3.952169633241287556e+02 3.947956721771000730e+02 3.942861665032764904e+02 3.940506334500021239e+02 3.940495691362900743e+02 3.940476034522230293e+02 3.940449311188530146e+02 3.940410570107289914e+02 3.940349100235724791e+02 3.940308093502639508e+02 3.940289461213931759e+02 3.940271295933755482e+02 3.940255445578789590e+02 3.940248418175831375e+02 3.940247599765201585e+02
7.289679362504220080e+03 3.947920336103438785e+02 3.943565826212288812e+02 3.938392433961477082e+02 3.936392141054936360e+02 3.936387221912773953e+02 3.936382023349704014e+02 3.936376175923904270e+02 3.936369050996418082e+02 3.936357040975478867e+02 3.936350392321324989e+02 3.936347305644588346e+02 3.936343541037797422e+02 3.936339717243857876e+02 3.936336719730246614e+02 3.936336220442584590e+02
7.339679362504220080e+03 3.947179943307349390e+02 3.942782978002077812e+02 3.937637979158281496e+02 3.935760719473187237e+02 3.935755971622135121e+02 3.935751190551752074e+02 3.935746182603465400e+02 3.935738740072471273e+02 3.935728788782196261e+02 3.935725003727354760e+02 3.935723882262049074e+02 3.935723101048326953e+02 3.935722507865561397e+02 3.935722064400327440e+02 3.935721770758754587e+02
7.389679362504220080e+03 3.947042462559777505e+02 3.942653172249092677e+02 3.937580105237635735e+02 3.936025003337750263e+02 3.936020149163659880e+02 3.936015277681117368e+02 3.936010407882824893e+02 3.936001165196414604e+02 3.935987410851305981e+02 3.935983469262278049e+02 3.935982030034503509e+02 3.935980645510209115e+02 3.935979596040673414e+02 3.935978948044784715e+02 3.935978588719386266e+02
7.439679362504220080e+03 3.946835462055816492e+02 3.942439716182067286e+02 3.937449953199276251e+02 3.936151624161111044e+02 3.936146745362340198e+02 3.936141960440551202e+02 3.936137172216422755e+02 3.936126912809160103e+02 3.936109936532215556e+02 3.936105174109018776e+02 3.936103693277806883e+02 3.936102596281509705e+02 3.936101825747518888e+02 3.936101297459684929e+02 3.936100899160929885e+02
7.489679362504220080e+03 3.947058770900749778e+02 3.942706752313143852e+02 3.937656852132636800e+02 3.936152487983314927e+02 3.936147639842748731e+02 3.936142762238450246e+02 3.936137561130057634e+02 3.936128429059235714e+02 3.936118553157391489e+02 3.936115572162299827e+02 3.936114676209170398e+02 3.936114020782188163e+02 3.936113126815650958e+02 3.936112438686986366e+02 3.936111942212631902e+02
7.539679362504220080e+03 3.947099192939020895e+02 3.942667250513279669e+02 3.937675856400179555e+02 3.936448125018915221e+02 3.936443487345887888e+02 3.936439013014216926e+02 3.936434682204342153e+02 3.936427379283450136e+02 3.936417227568510953e+02 3.936410982979207347e+02 3.936410716576430104e+02 3.936410203207919949e+02 3.936409502138285461e+02 3.936408879927225826e+02 3.936408569050967117e+02
7.589679362504220080e+03 3.947379660399577688e+02 3.942951251396476664e+02 3.937906371119865980e+02 3.936505001593162660e+02 3.936500255356239677e+02 3.936495313486497025e+02 3.936489233306729147e+02 3.936481422840984692e+02 3.936471739507491066e+02 3.936465446043132488e+02 3.936464697592579114e+02 3.936463448846683377e+02 3.936462805169450121e+02 3.936462181807480647e+02 3.936461864981167764e+02
7.639679362504220080e+03 3.946286674955225067e+02 3.941981827152623055e+02 3.937098277685232119e+02 3.936030248191127612e+02 3.936025314748832216e+02 3.936019758193822895e+02 3.936009941743910758e+02 3.936003913685852922e+02 3.935997041139563066e+02 3.935991875734990799e+02 3.935991573543795425e+02 3.935991169021973519e+02 3.935991077202830866e+02 3.935988176346851901e+02 3.935989152124972179e+02
7.689679362504220080e+03 3.946653334938999933e+02 3.942271462819811632e+02 3.937586087858852011e+02 3.936908101395524682e+02 3.936903107850387187e+02 3.936897177397719929e+02 3.936889232230529387e+02 3.936885389875754981e+02 3.936881888000393133e+02 3.936879297496524259e+02 3.936877557149225026e+02 3.936875343328986219e+02 3.936874439930991798e+02 3.936873861397441487e+02 3.936873436631418599e+02
7.739679362504220080e+03 3.946732692609221544e+02 3.942309775705855373e+02 3.937706816025785201e+02 3.937172726806848004e+02 3.937167422347195043e+02 3.937161919236023095e+02 3.937158389782479162e+02 3.937157050889728112e+02 3.937147724394968122e+02 3.937139493279393037e+02 3.937137990221966675e+02 3.937135999396710986e+02 3.937135594329973856e+02 3.937134870178030042e+02 3.937134415923708843e+02
7.789679362504220080e+03 3.947025037347428338e+02 3.942603460136796230e+02 3.937929149597621858e+02 3.937163178316982339e+02 3.937157392066295643e+02 3.937151307704988881e+02 3.937148893560876672e+02 3.937143267633479127e+02 3.937126874489719057e+02 3.937122814886128594e+02 3.937121049124068008e+02 3.937118354047494222e+02 3.937117413299936857e+02 3.937116668421644476e+02 3.937116251090042738e+02
7.839679362504220080e+03 3.947032722748464266e+02 3.942644657223485183e+02 3.938166163331894154e+02 3.937717585987390976e+02 3.937713011309556350e+02 3.937708534006618493e+02 3.937707156549764704e+02 3.937703219390324989e+02 3.937687890381977809e+02 3.937687501718306180e+02 3.937687201953148133e+02 3.937686559203152115e+02 3.937686244229677186e+02 3.937685873016886262e+02 3.937685519835985133e+02
7.889679362504220080e+03 3.946964826116737868e+02 3.942587171160288904e+02 3.938073268051191462e+02 3.937588682276391410e+02 3.937584145043780950e+02 3.937579923760815745e+02 3.937578978621728538e+02 3.937576007184353557e+02 3.937568047877367690e+02 3.937567721353318007e+02 3.937567385107450377e+02 3.937566233458234137e+02 3.937565844840851241e+02 3.937565333899789835e+02 3.937564901235832622e+02
7.939679362504220080e+03 3.978448487468872941e+02 3.974718299433588982e+02 3.970085377601283767e+02 3.967843714703557225e+02 3.967835563328898729e+02 3.967826539311819261e+02 3.967826365868482981e+02 3.967795039988960184e+02 3.967780422609411062e+02 3.967778361552489059e+02 3.967782228154553650e+02 3.967783800702264898e+02 3.967779326634889685e+02 3.967776937977549778e+02 3.967776449739377540e+02
7.989679362504220080e+03 3.947095159876384969e+02 3.942681496866111956e+02 3.938107664169256168e+02 3.937472594242175887e+02 3.937464280964142063e+02 3.937457594662261045e+02 3.937457376352552956e+02 3.937440901137258606e+02 3.937437058148807978e+02 3.937436866386594261e+02 3.937436531095538044e+02 3.937436237550773512e+02 3.937436121526204147e+02 3.937435943873418296e+02 3.937435783199402408e+02
8.039679362504220080e+03 3.947197266371067030e+02 3.942945207111733907e+02 3.938341893290813687e+02 3.937268588336072526e+02 3.937233630600751439e+02 3.937229243097198150e+02 3.937226025894537429e+02 3.937123599485008754e+02 3.937105559281056344e+02 3.937105408311471137e+02 3.937104989571404303e+02 3.937105263801651063e+02 3.937105079030918660e+02 3.937104924882556247e+02 3.937104794593603856e+02
8.089679362504220080e+03 3.948117552170725162e+02 3.943736329250273229e+02 3.939167349746336413e+02 3.938324784077992717e+02 3.938299716241940587e+02 3.938299525216530697e+02 3.938182046558232514e+02 3.938168862584114436e+02 3.938168728673028909e+02 3.938168586285927972e+02 3.938168587620877474e+02 3.938164394571433036e+02 3.938163883109552899e+02 3.938163355277241067e+02 3.938162876913298760e+02
8.139679362504220080e+03 3.947889347206331649e+02 3.943472750525727974e+02 3.939025888538985214e+02 3.938621475605305022e+02 3.938619373362654414e+02 3.938619117156178504e+02 3.938453853001064999e+02 3.938238294357688574e+02 3.938237729222447001e+02 3.938237600884625067e+02 3.938237424177457342e+02 3.938236966639307184e+02 3.938236515478182582e+02 3.938236029612817219e+02 3.938235589415697291e+02
8.189679362504220080e+03 3.948324207377777384e+02 3.943963438468139771e+02 3.939698324774196863e+02 3.939379664641467684e+02 3.938709001445222384e+02 3.938708293190805421e+02 3.938694687593070398e+02 3.938687751065530733e+02 3.938687529392703368e+02 3.938687320324899019e+02 3.938687074127335563e+02 3.938686712332423099e+02 3.938686254550288481e+02 3.938685783876591699e+02 3.938685359166166791e+02
8.239679362504219171e+03 3.948549198149561335e+02 3.944166095013250697e+02 3.940065685954657511e+02 3.939914630772668716e+02 3.939439603374092940e+02 3.939159119829608358e+02 3.938803748899708239e+02 3.938723264078989246e+02 3.938722395905840585e+02 3.938722239578034987e+02 3.938722081461694415e+02 3.938721907587688520e+02 3.938721735012928775e+02 3.938721531647520351e+02 3.938721370513736133e+02
8.289679362504219171e+03 3.953707089449559362e+02 3.949478585489505917e+02 3.948115402516212953e+02 3.948010325211812415e+02 3.946482167413842035e+02 3.943503328804077341e+02 3.939522759488924066e+02 3.938551691118009899e+02 3.938543561590988134e+02 3.938543430878597178e+02 3.938543292894223669e+02 3.938543138645011936e+02 3.938542984300046896e+02 3.938542812461198537e+02 3.938542673330591697e+02
8.339679362504219171e+03 3.955117787338493827e+02 3.950827881385072260e+02 3.948049097727001140e+02 3.947971827992466274e+02 3.946815806870586130e+02 3.944915538745569279e+02 3.942259171423121416e+02 3.942110935190286227e+02 3.942110667466008067e+02 3.942110176797585837e+02 3.942109492911773145e+02 3.942108559164727808e+02 3.942107910675216544e+02 3.942106896605849329e+02 3.942106157119714567e+02
8.389679362504219171e+03 4.118371319706080840e+02 4.115549790146169471e+02 4.113595891511731111e+02 4.113588119681068065e+02 4.113454670738896652e+02 4.113423968185051081e+02 4.113655741688683065e+02 4.113108550212273826e+02 4.113106720525789797e+02 4.113104930516365130e+02 4.113102930119887333e+02 4.113100808698826540e+02 4.113098629506923203e+02 4.113096672865752339e+02 4.113094987791134258e+02
8.439679362504219171e+03 3.950093127834205688e+02 3.946071277564665820e+02 3.944541656646504180e+02 3.943628489432586548e+02 3.942832492189508002e+02 3.942070141520140396e+02 3.941816587644551646e+02 3.941815558034166997e+02 3.941814551607924386e+02 3.941813570756836498e+02 3.941812530839952160e+02 3.941811395449905149e+02 3.941810347242484909e+02 3.941809199047264656e+02 3.941808271888999116e+02
8.489679362504219171e+03 3.950384641430330248e+02 3.946355640052465219e+02 3.944862136752398669e+02 3.944737068599382610e+02 3.941486807979134142e+02 3.941484219379552201e+02 3.941483324019066572e+02 3.941482310366296815e+02 3.941481399998602910e+02 3.941480344967609426e+02 3.941479289333021825e+02 3.941478159194483055e+02 3.941477234624954349e+02 3.941476114669559934e+02 3.941475222826692288e+02
8.539679362504219171e+03 3.948966890947421007e+02 3.944715538791061817e+02 3.942584330245156252e+02 3.942549530202987285e+02 3.941704398497329862e+02 3.941703328868044309e+02 3.941702409321870846e+02 3.941701415213627797e+02 3.941700531132815399e+02 3.941699548335388954e+02 3.941698556642829772e+02 3.941697509463409688e+02 3.941696648399521337e+02 3.941695624530569830e+02 3.941694809304654541e+02
8.589679362504219171e+03 3.948659304839212609e+02 3.944283680526855278e+02 3.941889040530603552e+02 3.941876252007778021e+02 3.941566594213976487e+02 3.941565709867681448e+02 3.941565127944794540e+02 3.941564577198997767e+02 3.941564007267036231e+02 3.941563371063964496e+02 3.941562653959499585e+02 3.941561900754081194e+02 3.941561304655356253e+02 3.941560605278788216e+02 3.941560054665471853e+02
8.639679362504219171e+03 3.948325136714488508e+02 3.943953741381932332e+02 3.941236151088878614e+02 3.941225776857026517e+02 3.940930537516332492e+02 3.940929504156949861e+02 3.940929029022547638e+02 3.940928543342544117e+02 3.940928050658590109e+02 3.940927509606909211e+02 3.940926903162944086e+02 3.940926277523893191e+02 3.940925763941520472e+02 3.940925173516737914e+02 3.940924707155469946e+02
8.689679362504219171e+03 3.947806467929031555e+02 3.943547108129691878e+02 3.941401142846873427e+02 3.941225696828223590e+02 3.940947358507958143e+02 3.940946036327428033e+02 3.940945565014522458e+02 3.940945111429407461e+02 3.940944664918953890e+02 3.940944140673045695e+02 3.940943550563232520e+02 3.940942936867798494e+02 3.940942456947083770e+02 3.940941883928706488e+02 3.940941447389549239e+02
8.739679362504219171e+03 3.947740567087935801e+02 3.943451336045502558e+02 3.941425949099534023e+02 3.941296492062925836e+02 3.940731756601322786e+02 3.940712210654224918e+02 3.940708754193358345e+02 3.940708118556327122e+02 3.940707620937881757e+02 3.940707023336208294e+02 3.940706392404041480e+02 3.940705748370910442e+02 3.940705218484196166e+02 3.940704617393344051e+02 3.940704141931429945e+02
8.789679362504219171e+03 3.947582969462649771e+02 3.943333043467954440e+02 3.941612068194012863e+02 3.941441294575704433e+02 3.940744195385071862e+02 3.940726250111631543e+02 3.940721281607002879e+02 3.940720562737612909e+02 3.940719912516005934e+02 3.940719174005675427e+02 3.940718382462320051e+02 3.940717566564748040e+02 3.940716893793972986e+02 3.940716132716795528e+02 3.940715524680736053e+02
8.839679362504219171e+03 3.947202178842466651e+02 3.943011596732617932e+02 3.941788395217847096e+02 3.941621456664283869e+02 3.940517177505604423e+02 3.940486652272935544e+02 3.940476813186727441e+02 3.940475859074134064e+02 3.940474947213180030e+02 3.940473916150696141e+02 3.940472822581591572e+02 3.940471707074264032e+02 3.940470767744868681e+02 3.940469725490995643e+02 3.940468893691403309e+02
8.889679362504219171e+03 3.947038046747611020e+02 3.942854965177563145e+02 3.942178963356646477e+02 3.942105303325503769e+02 3.940473498597843331e+02 3.940455990539520599e+02 3.940449922592861185e+02 3.940448677001654119e+02 3.940447453933225006e+02 3.940446065266929736e+02 3.940444662409751118e+02 3.940443245182971168e+02 3.940442058509905792e+02 3.940440738344514102e+02 3.940439705628480738e+02
8.939679362504219171e+03 3.946836347563539675e+02 3.942680161272056125e+02 3.942090904129979663e+02 3.941950296448421227e+02 3.940408789024941143e+02 3.940394714202881801e+02 3.940389010154489711e+02 3.940387713808502781e+02 3.940386435062531518e+02 3.940384970777031413e+02 3.940383484458408816e+02 3.940381976638383890e+02 3.940380715127814710e+02 3.940379303120990926e+02 3.940378200319911457e+02
8.989679362504219171e+03 3.946276294493531509e+02 3.942225595125795508e+02 3.941683928486788773e+02 3.939965929824552404e+02 3.939902581734205000e+02 3.939872843932074602e+02 3.939860427388495623e+02 3.939859123352146071e+02 3.939857840622811409e+02 3.939856382489432463e+02 3.939854910326591835e+02 3.939853419605721001e+02 3.939852174951553820e+02 3.939850784196864879e+02 3.939849706140594208e+02
9.039679362504219171e+03 3.946129076493168668e+02 3.942042629607486219e+02 3.941722393269271834e+02 3.940981130174789655e+02 3.940275437770847589e+02 3.940264891899859094e+02 3.940259808350429012e+02 3.940258490224090906e+02 3.940257184795382841e+02 3.940255712637203374e+02 3.940254226469446053e+02 3.940252718911311831e+02 3.940251433226959534e+02 3.940250003917057029e+02 3.940248882094271039e+02
9.089679362504219171e+03 3.945983777708865432e+02 3.941924319938744929e+02 3.941597442524241615e+02 3.940811731189303373e+02 3.939820161937143439e+02 3.939806747000262703e+02 3.939800532249382172e+02 3.939799220190746496e+02 3.939797917990847509e+02 3.939796438764190043e+02 3.939794941379285547e+02 3.939793424119098404e+02 3.939792135739900232e+02 3.939790679668149664e+02 3.939789542564403177e+02
9.139679362504219171e+03 3.945660195689725924e+02 3.941611125510281681e+02 3.941275517297209490e+02 3.940038032270880990e+02 3.939490993653652140e+02 3.939468335858387604e+02 3.939458896611780574e+02 3.939457568665081908e+02 3.939456243517996086e+02 3.939454752026099413e+02 3.939453239025538096e+02 3.939451700444076891e+02 3.939450373488954256e+02 3.939448883931679575e+02 3.939447718429504448e+02
9.189679362504219171e+03 3.945594163502229321e+02 3.941551410599154792e+02 3.941284205662184945e+02 3.939890680680608170e+02 3.939885460147791036e+02 3.939869192774938256e+02 3.939859742960952644e+02 3.939858433520579410e+02 3.939857116482700121e+02 3.939855645276430778e+02 3.939854152463348100e+02 3.939852637803270454e+02 3.939851304003564110e+02 3.939849829127559815e+02 3.939848673774482108e+02
9.239679362504219171e+03 3.945162364376721484e+02 3.941231107713014126e+02 3.940983249852632753e+02 3.939551978901502025e+02 3.939546988963693934e+02 3.939530507188734418e+02 3.939521286059232921e+02 3.939519997187798026e+02 3.939518703320866848e+02 3.939517276681895623e+02 3.939515831710182283e+02 3.939514361171778205e+02 3.939513065769183413e+02 3.939511633130535984e+02 3.939510511720436625e+02
9.289679362504219171e+03 3.945122483899793906e+02 3.941136058637918040e+02 3.940923903966013313e+02 3.939512676617188163e+02 3.939507470388734305e+02 3.939491392959691325e+02 3.939482563907525901e+02 3.939481326386659816e+02 3.939480069143382934e+02 3.939478680255524523e+02 3.939477272526045795e+02 3.939475843782900029e+02 3.939474579193549744e+02 3.939473181244339912e+02 3.939472083473758062e+02
9.339679362504219171e+03 3.944900780388296653e+02 3.940932040511929699e+02 3.940719596936535254e+02 3.939146506910936978e+02 3.939140584527079341e+02 3.939122070069515757e+02 3.939112265127029104e+02 3.939111065044493216e+02 3.939109842103972596e+02 3.939108492560870332e+02 3.939107122381844306e+02 3.939105737980161166e+02 3.939104511335863208e+02 3.939103156652857933e+02 3.939102088954722376e+02
9.389679362504219171e+03 3.944563240376022577e+02 3.940660744612217172e+02 3.940496135535703388e+02 3.939031236226039141e+02 3.939025768777908070e+02 3.939009323884623655e+02 3.939000839803936174e+02 3.938999672764354045e+02 3.938998484940440221e+02 3.938997181676459718e+02 3.938995860682741750e+02 3.938994529326183738e+02 3.938993341131255193e+02 3.938992038553471957e+02 3.938991011700070430e+02
9.439679362504219171e+03 3.944457497486594093e+02 3.940489104047678097e+02 3.940343547277154244e+02 3.939002944374574327e+02 3.938997581394020244e+02 3.938983158630846901e+02 3.938975712265757352e+02 3.938974559719545141e+02 3.938973390907500516e+02 3.938972110955867834e+02 3.938970808508934169e+02 3.938969490738942341e+02 3.938968306648334305e+02 3.938967009911159494e+02 3.938965986057520468e+02
9.489679362504219171e+03 3.944345595589325058e+02 3.940467781254163810e+02 3.940295147993746241e+02 3.938882784571987372e+02 3.938879006285393984e+02 3.938869464532744473e+02 3.938864143656893475e+02 3.938862926795034696e+02 3.938861671438153849e+02 3.938860320630395790e+02 3.938858972405619738e+02 3.938857625646022598e+02 3.938856397532938445e+02 3.938855077965505416e+02 3.938854035796523476e+02
9.539679362504219171e+03 3.985522035472949938e+02 3.985516395220640788e+02 3.985506766814602884e+02 3.978502581728216683e+02 3.978487845364118130e+02 3.978414437146892624e+02 3.978372346829572166e+02 3.978370607207924081e+02 3.978368820482458545e+02 3.978366712582461560e+02 3.978364683728395335e+02 3.978362662952820870e+02 3.978360959531241861e+02 3.978359094093814292e+02 3.978357641898950305e+02
9.589679362504219171e+03 3.945106906686120851e+02 3.945101869298849806e+02 3.945106782920124715e+02 3.945630334840265050e+02 3.945632620313335792e+02 3.945634009040528554e+02 3.945633279848476604e+02 3.945631800106576179e+02 3.945630270722048181e+02 3.945628649710340596e+02 3.945627059873074813e+02 3.945625475781295108e+02 3.945623944643889445e+02 3.945622398987052293e+02 3.945621177369843053e+02
9.639679362504219171e+03 3.941720738063822864e+02 3.941715701143821207e+02 3.941714950756006601e+02 3.941687051916351265e+02 3.941686107331625522e+02 3.941682184063653267e+02 3.941680205076389711e+02 3.941678939284868761e+02 3.941677661239354507e+02 3.941676248466168317e+02 3.941674807475087619e+02 3.941673347523140478e+02 3.941672024326311998e+02 3.941670580261128976e+02 3.941669432278206386e+02
9.689679362504219171e+03 3.944354564348238910e+02 3.944350108836828213e+02 3.944360156142175811e+02 3.944574769621381733e+02 3.944580239139669970e+02 3.944633155292877973e+02 3.944633708704360515e+02 3.944632458953275886e+02 3.944631193074581006e+02 3.944629890996170616e+02 3.944628627263153930e+02 3.944627394238961529e+02 3.944626204925972957e+02 3.944625000197788722e+02 3.944624051484350957e+02
9.739679362504219171e+03 3.941335979098928419e+02 3.941331405450650891e+02 3.941338928351972299e+02 3.941363997558595997e+02 3.941365795698306442e+02 3.941370890069702000e+02 3.941370226844463218e+02 3.941369179370821030e+02 3.941368107150734659e+02 3.941366948906625112e+02 3.941365784791116766e+02 3.941364613975987368e+02 3.941363524065947672e+02 3.941362366936431272e+02 3.941361450769009025e+02
9.789679362504219171e+03 3.941341433953497244e+02 3.941336981356735123e+02 3.941347238832803441e+02 3.941432158798692740e+02 3.941437904886137176e+02 3.941462310145215042e+02 3.941462071703617767e+02 3.941461004909634767e+02 3.941459940188661903e+02 3.941458823734779457e+02 3.941457714996060986e+02 3.941456608239752768e+02 3.941455559137601767e+02 3.941454467491207652e+02 3.941453604363395016e+02
9.839679362504219171e+03 3.941134469628466945e+02 3.941129829760475900e+02 3.941081303942121394e+02 3.940944497796381825e+02 3.940924697783693773e+02 3.940589234421386209e+02 3.940475043875160850e+02 3.940473971876419910e+02 3.940472883268469104e+02 3.940471718544486635e+02 3.940470531752434908e+02 3.940469343574508798e+02 3.940468244454347087e+02 3.940467062282956476e+02 3.940466116681018320e+02
9.889679362504219171e+03 3.940816481410470260e+02 3.940811886860399795e+02 3.940858293904382208e+02 3.940929823976840112e+02 3.940944923491747431e+02 3.941154916039073441e+02 3.941159564100491934e+02 3.941158443764724097e+02 3.941157325152306043e+02 3.941156157734714611e+02 3.941154998679960499e+02 3.941153845064914094e+02 3.941152742682839971e+02 3.941151602844970512e+02 3.941150700203043016e+02
9.939679362504219171e+03 3.940642029702480045e+02 3.940637373425510646e+02 3.940616762498260641e+02 3.940551017505067648e+02 3.940537462942259026e+02 3.940179521408582559e+02 3.940061117673841409e+02 3.940060007585537960e+02 3.940058883489073764e+02 3.940057679354741822e+02 3.940056456588824858e+02 3.940055229612672179e+02 3.940054089649775619e+02 3.940052873121255743e+02 3.940051903081491105e+02
9.989679362504219171e+03 3.940348312521010143e+02 3.940343629108315895e+02 3.940336559596044026e+02 3.940328641278201189e+02 3.940322219435807938e+02 3.940260546392872243e+02 3.940236848636359355e+02 3.940235723345858787e+02 3.940234593267738319e+02 3.940233386356899246e+02 3.940232170386836970e+02 3.940230951054442130e+02 3.940229814201017575e+02 3.940228607436267794e+02 3.940227647728606257e+02
1.003967936250421917e+04 3.940351849003582743e+02 3.940347537597898508e+02 3.940361553580160603e+02 3.940369430111287556e+02 3.940371876608139701e+02 3.940373768926703519e+02 3.940372825856144914e+02 3.940371683889577525e+02 3.940370540440320042e+02 3.940369334685447598e+02 3.940368127931006939e+02 3.940366921756198053e+02 3.940365784408793388e+02 3.940364593351437179e+02 3.940363648321804817e+02
1.008967936250421917e+04 3.940161748643742499e+02 3.940156940567862875e+02 3.940153819377342188e+02 3.940151649786469648e+02 3.940148308667442052e+02 3.940136192574880170e+02 3.940133041826148883e+02 3.940131880292093456e+02 3.940130714187671970e+02 3.940129483908656312e+02 3.940128248505760098e+02 3.940127014191353965e+02 3.940125851091376603e+02 3.940124629305479971e+02 3.940123658830452769e+02
1.013967936250421917e+04 3.940143253183707657e+02 3.940138658124407129e+02 3.940116183207993004e+02 3.940088227504740530e+02 3.940072660542464860e+02 3.939533456690869002e+02 3.939186224414575008e+02 3.939185057687774361e+02 3.939183875912262920e+02 3.939182622493128179e+02 3.939181345712665916e+02 3.939180065909371251e+02 3.939178868618021170e+02 3.939177593802073716e+02 3.939176575357569732e+02
1.018967936250421917e+04 3.940099260422925909e+02 3.940095148069939341e+02 3.940116500916825544e+02 3.940135495774289893e+02 3.940147292471605169e+02 3.940225688294450492e+02 3.940226057591308972e+02 3.940224844017800478e+02 3.940223655076175078e+02 3.940222426373542248e+02 3.940221214644583370e+02 3.940220009454899923e+02 3.940218851662132238e+02 3.940217655618304207e+02 3.940216706235415813e+02
1.023967936250421917e+04 3.939779784726176217e+02 3.939775239286950068e+02 3.939735827168858577e+02 3.939685950778085157e+02 3.939651064771180131e+02 3.939170099246057930e+02 3.939057693559410609e+02 3.939056578346253445e+02 3.939055457180166400e+02 3.939054240708002794e+02 3.939053005637757110e+02 3.939051765238751841e+02 3.939050620994364635e+02 3.939049372569543834e+02 3.939048370605961509e+02
1.028967936250421917e+04 3.939918772592694722e+02 3.939915046341611742e+02 3.939879684090601586e+02 3.939838113442597773e+02 3.939819368604420333e+02 3.939506737576748492e+02 3.939472703579315294e+02 3.939471696345904093e+02 3.939470696597170445e+02 3.939469636137271209e+02 3.939468565548650076e+02 3.939467495884535424e+02 3.939466516049105849e+02 3.939465458963323385e+02 3.939464617111033817e+02
1.033967936250421917e+04 4.187728654756446076e+02 4.187724434950980594e+02 4.187224138930847062e+02 4.185737033950326236e+02 4.185025349530387757e+02 4.184775943011343315e+02 4.184773314087701692e+02 4.184770673932101772e+02 4.184768271140490015e+02 4.184765751020452171e+02 4.184763302046541753e+02 4.184760887049303051e+02 4.184758634342885557e+02 4.184756384802432194e+02 4.184754752679065177e+02
1.038967936250421917e+04 4.162480607956539984e+02 4.162479441078207856e+02 4.162496843294079554e+02 4.162509948421455874e+02 4.162507046138764508e+02 4.162504375841743922e+02 4.162501674316394542e+02 4.162499020943369032e+02 4.162496289829640546e+02 4.162493648338141838e+02 4.162491058753579409e+02 4.162488506676661473e+02 4.162485486547391247e+02 4.162482664223452957e+02 4.162480336061622666e+02
1.043967936250421917e+04 3.979741233932935529e+02 3.979743437629863934e+02 3.979743195209721307e+02 3.979741646379101212e+02 3.979739330404784141e+02 3.979737107360000437e+02 3.979734850983853676e+02 3.979732611816099848e+02 3.979730321822037240e+02 3.979728124019129609e+02 3.979725928723985930e+02 3.979723764379565409e+02 3.979721331568053984e+02 3.979719044428264851e+02 3.979717163511447779e+02
1.048967936250421917e+04 3.960998759719120699e+02 3.960999038097659763e+02 3.960997850202541031e+02 3.960996054803950415e+02 3.960993894740374799e+02 3.960991811890897338e+02 3.960989742791244907e+02 3.960987741525258912e+02 3.960985544621896679e+02 3.960983591210490431e+02 3.960981656794952528e+02 3.960979704122344742e+02 3.960977385276278255e+02 3.960975318065966349e+02 3.960973602237700106e+02
1.053967936250421917e+04 3.960346488045287288e+02 3.960345890556449149e+02 3.960344257531979792e+02 3.960342477715362293e+02 3.960340542405566566e+02 3.960338864353295207e+02 3.960337145456497865e+02 3.960335493198008976e+02 3.960333597150590776e+02 3.960331975486579950e+02 3.960330398417083302e+02 3.960328828194403741e+02 3.960326925202355710e+02 3.960325239719626893e+02 3.960323846521149562e+02
1.058967936250421917e+04 3.956260883917398132e+02 3.956259665602813698e+02 3.956257922358481665e+02 3.956256142911465759e+02 3.956254257418244151e+02 3.956252527171229758e+02 3.956250773286948856e+02 3.956249073135331287e+02 3.956247195400400187e+02 3.956245513985415982e+02 3.956243851050109583e+02 3.956242197516948522e+02 3.956240264020572681e+02 3.956238545832035243e+02 3.956237108735454058e+02
1.063343194675421910e+04 3.954775128233470696e+02 3.954773520144934196e+02 3.954771621166518685e+02 3.954769819904144015e+02 3.954767960944442962e+02 3.954766199523533032e+02 3.954764417225087527e+02 3.954762688404658775e+02 3.954760831125133791e+02 3.954759104028653951e+02 3.954757353758858471e+02 3.954755614039113993e+02 3.954753707622952561e+02 3.954751959465352797e+02 3.954750521840059037e+02
1.063344444675421983e+04 3.924651332911265058e+02 3.932063616037909242e+02 3.935810499367058810e+02 3.937342115037035342e+02 3.938045105195640190e+02 3.938896935634651300e+02 3.939587187215324775e+02 3.940183143503386987e+02 3.940574866675066801e+02 3.941134001982503605e+02 3.941751077620311889e+02 3.942334234933156267e+02 3.942678864542971269e+02 3.943064233729501211e+02 3.943352955361761474e+02
1.063354444675422019e+04 3.954808543782970673e+02 3.954852559683382651e+02 3.954870792110780258e+02 3.954879868117486694e+02 3.954878483774650704e+02 3.954876584852062251e+02 3.954873587312840755e+02 3.954869496347496352e+02 3.954864091140942719e+02 3.954857233604111570e+02 3.954848609791445710e+02 3.954838968156043393e+02 3.954828415844340270e+02 3.954816974499913158e+02 3.954806162177953297e+02
1.068380279757354765e+04 3.952173007301830694e+02 3.952171591606897891e+02 3.952169849068095004e+02 3.952168157235623198e+02 3.952166415352623403e+02 3.952164672470008782e+02 3.952162904994602286e+02 3.952161139286915841e+02 3.952159391838782199e+02 3.952157638177119452e+02 3.952155846121551122e+02 3.952154048014442651e+02 3.952152253668235176e+02 3.952150459112800718e+02 3.952149048503597442e+02
1.073508109924219389e+04 3.951105237265326764e+02 3.951103838957483845e+02 3.951102054754892379e+02 3.951100366735518037e+02 3.951098639524666396e+02 3.951096916541020505e+02 3.951095160308883578e+02 3.951093396717509449e+02 3.951091651890056369e+02 3.951089909134100822e+02 3.951088126342041278e+02 3.951086334473492343e+02 3.951084548769934486e+02 3.951082756914098582e+02 3.951081345551856998e+02
1.078508109924219389e+04 3.950208193465028899e+02 3.950206074117710386e+02 3.950204276214527681e+02 3.950202775350298339e+02 3.950201261340444603e+02 3.950199663065020559e+02 3.950198032221858284e+02 3.950196390601233816e+02 3.950194799597559268e+02 3.950193153735829128e+02 3.950191441261221144e+02 3.950189731000943993e+02 3.950188102354180728e+02 3.950186423619716152e+02 3.950185106926293201e+02
1.083508109924219389e+04 3.949481647726482834e+02 3.949479593320536992e+02 3.949477742662265882e+02 3.949476141852041451e+02 3.949474542978186946e+02 3.949472840698609275e+02 3.949471136914584122e+02 3.949469421691722459e+02 3.949467764479052221e+02 3.949466029027305467e+02 3.949464226701975349e+02 3.949462424942975076e+02 3.949460705926377386e+02 3.949458944918774819e+02 3.949457564722130201e+02
1.088508109924219389e+04 3.948890994184365582e+02 3.948889218664935470e+02 3.948887298488156148e+02 3.948885642416411770e+02 3.948884042301902468e+02 3.948882381219773379e+02 3.948880704675483457e+02 3.948879020261666710e+02 3.948877367736594124e+02 3.948875692022344310e+02 3.948873983923107289e+02 3.948872277601077485e+02 3.948870601733042918e+02 3.948868905080365721e+02 3.948867570648363881e+02
1.093508109924219389e+04 3.948382931791302894e+02 3.948380049703772556e+02 3.948377688403012371e+02 3.948375825902433007e+02 3.948374052979290241e+02 3.948372242167135369e+02 3.948370428153884859e+02 3.948368601360923549e+02 3.948366832534603077e+02 3.948364985840770487e+02 3.948363053091479742e+02 3.948361127181643155e+02 3.948359338599970556e+02 3.948357469303069820e+02 3.948356003615570557e+02
1.097504444674924889e+04 3.948017403471342277e+02 3.948015941957729069e+02 3.948013791777854635e+02 3.948011974897591472e+02 3.948010295275327621e+02 3.948008615161214721e+02 3.948006924504509243e+02 3.948005225279262049e+02 3.948003561749948176e+02 3.948001882509640836e+02 3.948000169701160758e+02 3.947998463747280198e+02 3.947996809365528748e+02 3.947995107530148289e+02 3.947993770248069723e+02
1.097514444674924925e+04 3.948038472978662980e+02 3.948035987191866525e+02 3.948033611159046359e+02 3.948031679524194715e+02 3.948029905405423392e+02 3.948028138074541857e+02 3.948026362962299345e+02 3.948024579126723665e+02 3.948022829822463109e+02 3.948021053533215081e+02 3.948019229198154108e+02 3.948017410731218320e+02 3.948015659159504480e+02 3.948013865257671000e+02 3.948012456411170206e+02
1.127297416302726197e+04 3.951041072281537936e+02 3.951038190116851183e+02 3.951035677270353403e+02 3.951033505167689555e+02 3.951031454508133720e+02 3.951029455537669719e+02 3.951027489724860970e+02 3.951025544699698457e+02 3.951023629112066828e+02 3.951021669696672234e+02 3.951019643121027798e+02 3.951017625374294084e+02 3.951015713324862872e+02 3.951013729340639884e+02 3.951012180326220573e+02
1.127298666302726269e+04 3.935951673572594132e+02 3.940427501421248735e+02 3.941342671321491480e+02 3.941745136449324036e+02 3.942003200084105288e+02 3.942257714041364807e+02 3.942469439682566872e+02 3.942656507473850525e+02 3.942807773517818646e+02 3.942989715426323301e+02 3.943189872117956156e+02 3.943378825102989822e+02 3.943514218539945659e+02 3.943643383969365459e+02 3.943738559672398196e+02
1.127308666302726306e+04 3.949765497559392884e+02 3.949774156531144627e+02 3.949775435800548848e+02 3.949775151615235131e+02 3.949773005804615877e+02 3.949771042851915013e+02 3.949768618027559910e+02 3.949765861251646584e+02 3.949762668790800717e+02 3.949759035768882995e+02 3.949754880340083787e+02 3.949750432953752579e+02 3.949745706166514765e+02 3.949740798150523347e+02 3.949736505299708824e+02
1.197873593060527492e+04 3.951378949270468866e+02 3.951376836940506792e+02 3.951374261049441543e+02 3.951372025349676278e+02 3.951369983063037239e+02 3.951368068453984961e+02 3.951366234944275106e+02 3.951364437625877031e+02 3.951362661515177024e+02 3.951360850341599189e+02 3.951358998029831469e+02 3.951357156017639909e+02 3.951355409375051977e+02 3.951353592707150710e+02 3.951352163998354285e+02
1.287873593060527492e+04 3.949320432455501759e+02 3.949318201574994873e+02 3.949315769926402027e+02 3.949313538464335807e+02 3.949311470309938272e+02 3.949309528121661970e+02 3.949307655685813643e+02 3.949305803622594908e+02 3.949303950632861984e+02 3.949302077866027503e+02 3.949300181011526547e+02 3.949298291424541958e+02 3.949296439297613119e+02 3.949294567767095145e+02 3.949293095736845771e+02
1.377873593060527492e+04 3.947705882197907385e+02 3.947703877598209488e+02 3.947701470905391261e+02 3.947699299411507354e+02 3.947697340584489325e+02 3.947695478138564908e+02 3.947693648729251095e+02 3.947691827962495381e+02 3.947690009948970555e+02 3.947688170490134212e+02 3.947686315396323380e+02 3.947684468829343132e+02 3.947682659378810399e+02 3.947680827500261103e+02 3.947679386546355431e+02
1.467873593060527492e+04 3.946527153883694155e+02 3.946524914827978705e+02 3.946522572472259185e+02 3.946520471838688309e+02 3.946518504204900069e+02 3.946516588530835179e+02 3.946514690722390810e+02 3.946512781945090751e+02 3.946510883494100881e+02 3.946508940829909307e+02 3.946506969024785576e+02 3.946505004276972386e+02 3.946503104329249254e+02 3.946501161294718258e+02 3.946499646497047138e+02
1.557873593060527492e+04 3.945384768366452022e+02 3.945382521756794745e+02 3.945380058933085934e+02 3.945377916798896649e+02 3.945375929162920556e+02 3.945374030843262290e+02 3.945372169620799241e+02 3.945370306242389233e+02 3.945368455548506290e+02 3.945366554121594618e+02 3.945364601575872712e+02 3.945362650913784819e+02 3.945360798224807013e+02 3.945358857071216789e+02 3.945357346946280472e+02
1.647873593060527492e+04 3.943788810821981201e+02 3.943786723296481114e+02 3.943784355986050514e+02 3.943782216233352642e+02 3.943780225871552716e+02 3.943778329871023516e+02 3.943776463708834399e+02 3.943774597445419658e+02 3.943772735394696838e+02 3.943770845646901080e+02 3.943768924732713685e+02 3.943767008439030519e+02 3.943765145430847383e+02 3.943763228833767016e+02 3.943761734326409396e+02
1.737873593060527492e+04 3.943836048713351374e+02 3.943833769708039654e+02 3.943831468040273194e+02 3.943829351093922355e+02 3.943827335802950529e+02 3.943825396753366022e+02 3.943823471921322152e+02 3.943821540980075042e+02 3.943819612005308954e+02 3.943817639249976423e+02 3.943815622561500049e+02 3.943813610669548098e+02 3.943811666768945088e+02 3.943809666108581951e+02 3.943808109184143973e+02
1.827873593060527492e+04 3.946267439724213091e+02 3.946265185084747600e+02 3.946262789496342975e+02 3.946260680137096983e+02 3.946258683028488576e+02 3.946256739870847241e+02 3.946254813498909471e+02 3.946252880225902686e+02 3.946250954510729798e+02 3.946248980766220598e+02 3.946246956153534597e+02 3.946244934690272999e+02 3.946243001284622096e+02 3.946240997917518030e+02 3.946239438371461006e+02
1.917873593060527492e+04 3.946935513699402236e+02 3.946933217950800099e+02 3.946930782930037367e+02 3.946928672234177498e+02 3.946926677530277630e+02 3.946924748175963487e+02 3.946922837522180316e+02 3.946920917690756596e+02 3.946919022148097156e+02 3.946917048839707149e+02 3.946915006141479125e+02 3.946912964626848179e+02 3.946911064429622229e+02 3.946909046132847152e+02 3.946907475439207929e+02
2.007873593060527492e+04 3.947681956982745533e+02 3.947679956478571057e+02 3.947677812098180539e+02 3.947675805761017500e+02 3.947673843561968852e+02 3.947671918242463676e+02 3.947669991296276066e+02 3.947668052515416548e+02 3.947666105703638095e+02 3.947664132760170901e+02 3.947662124423953287e+02 3.947660120736564409e+02 3.947658152258842961e+02 3.947656151523871131e+02 3.947654589315614544e+02
2.097873593060527492e+04 3.948404839069583545e+02 3.948402756135050709e+02 3.948400654831253291e+02 3.948398735892704394e+02 3.948396804258204043e+02 3.948394879741093746e+02 3.948392941556934375e+02 3.948390993803861306e+02 3.948389042965799263e+02 3.948387037708430967e+02 3.948384963209789476e+02 3.948382889085785337e+02 3.948380909298260804e+02 3.948378857988723212e+02 3.948377264604794163e+02
2.187873593060527492e+04 3.949108768020247453e+02 3.949106964680087231e+02 3.949104971734706169e+02 3.949103135108731522e+02 3.949101291676150822e+02 3.949099492425496010e+02 3.949097687886016956e+02 3.949095862875095690e+02 3.949094024277068797e+02 3.949092155793993015e+02 3.949090232673908076e+02 3.949088307066529637e+02 3.949086438753832908e+02 3.949084513065450892e+02 3.949083014747444054e+02
2.277873593060527492e+04 3.949904649470132085e+02 3.949902805494984932e+02 3.949900815780018206e+02 3.949899049911610973e+02 3.949897303098020984e+02 3.949895587403085528e+02 3.949893866163238272e+02 3.949892128847636741e+02 3.949890390734304333e+02 3.949888589305818414e+02 3.949886685054075315e+02 3.949884768537312993e+02 3.949882997806161029e+02 3.949881095320305349e+02 3.949879625210306813e+02
2.368335026738495799e+04 3.952870654987018497e+02 3.952868596700683383e+02 3.952866604727271351e+02 3.952864847211834558e+02 3.952863094470261558e+02 3.952861374395553185e+02 3.952859644395289251e+02 3.952857892280318310e+02 3.952856134709766138e+02 3.952854281785790818e+02 3.952852282581594636e+02 3.952850264218122334e+02 3.952848447720280660e+02 3.952846470016799572e+02 3.952844944819549937e+02
2.458335026738495799e+04 3.954534095753634801e+02 3.954532574976410615e+02 3.954530837645090742e+02 3.954529222728749573e+02 3.954527549782317806e+02 3.954525825579141838e+02 3.954524079535923420e+02 3.954522310821453175e+02 3.954520655773794147e+02 3.954518880517443904e+02 3.954517034648910112e+02 3.954515184590616172e+02 3.954513529851060980e+02 3.954511748173675869e+02 3.954510370093729534e+02
2.506335026738495799e+04 3.955363883347789624e+02 3.955362186418911961e+02 3.955360347108638734e+02 3.955358735286571346e+02 3.955357150756623241e+02 3.955355499358593079e+02 3.955353835129285471e+02 3.955352156356104842e+02 3.955350599949655930e+02 3.955348924831592967e+02 3.955347189304446260e+02 3.955345449542375604e+02 3.955343902099436946e+02 3.955342211777091279e+02 3.955340907517487494e+02
