TIME q_liq_Ch2_mesh1 q_liq_Ch2_mesh2 q_liq_Ch2_mesh3 q_liq_Ch2_mesh4 q_liq_Ch2_mesh5 q_liq_Ch2_mesh6 q_liq_Ch2_mesh7 q_liq_Ch2_mesh8 q_liq_Ch2_mesh9 q_liq_Ch2_mesh10 q_liq_Ch2_mesh11 q_liq_Ch2_mesh12 q_liq_Ch2_mesh13 q_liq_Ch2_mesh14 q_liq_Ch2_mesh15 
0.000000000000000000e+00 6.549345482197704769e+03 6.549345482212361276e+03 6.555887480647572374e+03 6.559135077550636197e+03 6.498967557642761676e+03 6.552028526042443445e+03 6.548617318605501168e+03 6.540268470764701306e+03 6.482852187014337687e+03 6.532149837943343300e+03 6.527989563246565012e+03 6.518793934528392128e+03 6.463416305961536636e+03 6.506507655427861209e+03 6.531683282068443987e+03
5.000040000000043960e+01 7.716138585056983175e+02 7.722705506605749406e+02 7.750676345436353358e+02 7.803129610301275534e+02 7.905187155646017345e+02 7.838964609420228271e+02 7.840735462165114313e+02 7.849314045969858853e+02 8.011701802908901300e+02 7.834627896471037047e+02 7.818007085825947797e+02 7.820631282967739253e+02 7.985732091499099852e+02 7.782372734893516508e+02 7.756429234613158314e+02
1.000003999999985922e+02 -1.558074431321155942e+02 -1.541378179823596497e+02 -6.390519247236215961e+01 -4.574483716873835704e+01 -1.092513172200493869e+02 -1.148278550466568788e+02 -1.095380419723650220e+02 -1.022310303127248829e+02 -9.388779563753341506e+01 -9.318245806594164549e+01 -8.699585506723974504e+01 -8.081917232515996830e+01 -7.761607485850559840e+01 -8.181046771655469740e+01 -8.097638584014499941e+01
1.502405034099261059e+02 2.935206812242046226e+01 2.827110662103461181e+01 5.265050415183692678e+01 4.577868667052405272e+01 3.398585730904932234e+01 3.306313575253982862e+01 3.063174137204861225e+01 2.411790377534002516e+01 1.598006383407886233e+01 3.802460258935760784e+00 -1.030366436893010196e+01 -2.193794982619616718e+01 -3.243114336837969347e+01 -5.619354132005121727e+01 -5.518342323982557218e+01
2.004200391960640388e+02 -1.393005126362228339e+02 -1.291457325217560026e+02 -1.421090558264427841e+02 -1.320166869974546842e+02 -1.107871230308843451e+02 -9.357023031490167853e+01 -7.897617009996963588e+01 -6.468035828090891926e+01 -5.550312704216255355e+01 -5.078640417664343687e+01 -4.472901202564173673e+01 -3.735840629074428421e+01 0.000000000000000000e+00 0.000000000000000000e+00 1.027335766547879197e-04
2.553043625042201370e+02 1.567663112858274133e+02 1.565365875360760413e+02 1.517434856546460651e+02 1.591816995436853972e+02 1.328040377287604770e+02 7.802147254843177393e+01 1.008771959778932370e+02 1.480986853577325064e+02 1.204096719559448871e+02 5.594750519548986745e+01 -2.012877416803580607e-02 2.226011431258397844e-01 1.793090004702781737e-01 1.400989555441442547e-01 1.158580655023218470e-01
3.053043625042201370e+02 1.650152173890021174e+02 1.650482406845643197e+02 1.671493144810852129e+02 1.722130584887357827e+02 1.866848677099962117e+02 2.012741963271167833e+02 2.040250213711499612e+02 1.962037106575380392e+02 1.905668749199652154e+02 1.821739208139595689e+02 1.820567016340134785e+02 1.768103829368292850e+02 1.739041975977154380e+02 1.670904698217314035e+02 1.735255983465788461e+02
3.553043625042201370e+02 2.260782837335681563e+02 2.260609288861845698e+02 2.274266559302294013e+02 2.345576549248686717e+02 2.599994814040772440e+02 2.699631129658316695e+02 2.635852393298709444e+02 2.481111234693161123e+02 2.331093588658939382e+02 2.152163837543868965e+02 2.157258340984861889e+02 2.083809915282287193e+02 1.994405358555762575e+02 1.944872038796538618e+02 1.982562625913654699e+02
4.053043625042201370e+02 8.075980816027022513e+01 8.076473841920018515e+01 8.326782242766017816e+01 8.942674599844929162e+01 1.059251090916097979e+02 1.399521781850684476e+02 1.561042331991648098e+02 1.426779253867286457e+02 1.386018660621972458e+02 1.264936394161775013e+02 1.302113941103337140e+02 1.248050560624259475e+02 1.204369925382364954e+02 1.179373516938324968e+02 1.202543178072027104e+02
4.553043625042201370e+02 6.693425397138641131e+01 6.694039541006884519e+01 7.024962358915132654e+01 7.579121098763469888e+01 1.059145975883792374e+02 1.330848556918877250e+02 1.379323732035762475e+02 1.310688614094841853e+02 1.286659609863117453e+02 1.198987387224888437e+02 1.283499959531587535e+02 1.282144359477902924e+02 1.248111269293939785e+02 1.302933107143680047e+02 1.213222763177508341e+02
5.053043625042201370e+02 7.560378467410968994e+01 7.560643982356748438e+01 7.803823347092705376e+01 8.316934521463748808e+01 1.105794576647210619e+02 1.341263313167940225e+02 1.370714166035630512e+02 1.292647800284484845e+02 1.254797856597906218e+02 1.163874317459316785e+02 1.232570237389303287e+02 1.218745534702426170e+02 1.180675919961711458e+02 1.217936374414615841e+02 1.185358177112424158e+02
5.553043625042200802e+02 7.613824718820211501e+01 7.613877225384833025e+01 7.848201881419413439e+01 8.401630216682318064e+01 1.126115758412590111e+02 1.361125718630724464e+02 1.367727064813619791e+02 1.289247831949558645e+02 1.248133548710595306e+02 1.156381427856711639e+02 1.217194228634889157e+02 1.195935520647597343e+02 1.156541565316217657e+02 1.178450956629958739e+02 1.160042165820411810e+02
6.053043625042200802e+02 7.604505792603281122e+01 7.604430943759378181e+01 7.839155778762361138e+01 8.407516041396999640e+01 1.127662756253009491e+02 1.362157588319096249e+02 1.366640897081592243e+02 1.288519303579707298e+02 1.247514362337024352e+02 1.155842236244317434e+02 1.216782984821082323e+02 1.195299223349366429e+02 1.156782687769428719e+02 1.174637155812269071e+02 1.157312628970133659e+02
6.594293625042200802e+02 7.627968692842462417e+01 7.627824119699023697e+01 7.863099871044168765e+01 8.431672489871698417e+01 1.122779410638888749e+02 1.357378089351761616e+02 1.369875362443409585e+02 1.289181406026485774e+02 1.247956316956207417e+02 1.155079187743756393e+02 1.215510080393244721e+02 1.192757695253879007e+02 1.154433540716508588e+02 1.169406096881625245e+02 1.151635913142859238e+02
7.094293625042200802e+02 7.579131987901202194e+01 7.578971544830534413e+01 7.813920436662785107e+01 8.372437073557169640e+01 1.108859476487555611e+02 1.344869535240631251e+02 1.371983254557383987e+02 1.290797249818500916e+02 1.250730072346922839e+02 1.158123131610815193e+02 1.219234678082219716e+02 1.196312593269151847e+02 1.159426983172918426e+02 1.173608102012450445e+02 1.157285610693698743e+02
7.594293625042200802e+02 7.520628087154507568e+01 7.520464984433961320e+01 7.755423698330027094e+01 8.304002385661159735e+01 1.096863340241328189e+02 1.334395220753802391e+02 1.369366186855685044e+02 1.286384364274418033e+02 1.246153208600307778e+02 1.152900946271976466e+02 1.213220552531989256e+02 1.189370916979690236e+02 1.152636658667539393e+02 1.166147101322262642e+02 1.148834948252735302e+02
8.094293625042200802e+02 7.047372096555993437e+01 7.047467655043921297e+01 7.286746250134682157e+01 7.871793625660805560e+01 1.119587915435351562e+02 1.344362460506884247e+02 1.295726029089544511e+02 1.234878112783174799e+02 1.192996989942109423e+02 1.111500046520515497e+02 1.168709381619174934e+02 1.150687278622677354e+02 1.114611400408365824e+02 1.136201233736138221e+02 1.116103412734706950e+02
8.594293625042200802e+02 7.838071972304308588e+01 7.838257701811951961e+01 8.076808202520888358e+01 8.845219675877790166e+01 1.215997552291728283e+02 1.394104705406623168e+02 1.317627758586639288e+02 1.259530610371048027e+02 1.209006324015813334e+02 1.128547892764643024e+02 1.176095093782670631e+02 1.152452815566448123e+02 1.115522423063720368e+02 1.121004642303113883e+02 1.129679414796716372e+02
9.094293625042200802e+02 6.572866046632032067e+01 6.575821030025137759e+01 6.964201741659047684e+01 8.491947681495962286e+01 1.176999622311175813e+02 1.272932256185834490e+02 1.175758234194291845e+02 1.143088436083925785e+02 1.092414786204101915e+02 1.024961121760227343e+02 1.061798089730270789e+02 1.043956371355467070e+02 1.003690945671674797e+02 1.022967610443172219e+02 1.001253936523019377e+02
9.594293625042200802e+02 6.920281573269207342e+01 6.921989559765189881e+01 7.350177653572281145e+01 9.389046719214948666e+01 1.243286146586087142e+02 1.275802706866199401e+02 1.183336766104600599e+02 1.139032926600008153e+02 1.086992120361914687e+02 1.016473597140765861e+02 1.047363633397630451e+02 1.023501814370555394e+02 9.834641288518153601e+01 9.896082922693689454e+01 9.830231880992160143e+01
1.009429362504220080e+03 6.417901895167632631e+01 6.422072605303888793e+01 6.915793950599017137e+01 9.296298043690900670e+01 1.231260049006224762e+02 1.230100675340556791e+02 1.148070176509901188e+02 1.104795841307291653e+02 1.058235167531904040e+02 9.927041022632741374e+01 1.016449045895544145e+02 9.921154589552176617e+01 9.551642765487920883e+01 9.613711541146437867e+01 9.623542144295986134e+01
1.059429362504220080e+03 6.768714495070506132e+01 6.777498253913626058e+01 7.335984666019383837e+01 1.096424683260490269e+02 1.411873148425699753e+02 1.310468162917186419e+02 1.283244698643607649e+02 1.228558372821743205e+02 1.204798480337078814e+02 1.136488515703478868e+02 1.171229839114810289e+02 1.137582557240351377e+02 1.120082181944014508e+02 1.095366511694407166e+02 1.072937834120481426e+02
1.109429362504220080e+03 2.215012934118488097e+00 4.337271297855624042e+00 -2.137642748908007562e+01 -1.050790527096813207e+02 -1.126325996964319245e+02 7.172837619764773365e+01 2.705972435352227876e+02 3.828123660872532810e+02 4.138503090199967005e+02 2.775903332591942672e+02 5.159533221965831018e+01 -1.533019093862682780e+02 -1.651329365595547358e+02 -4.362169240840464113e+01 3.922090039018502239e+01
1.159429362504220080e+03 6.596963021340252453e+01 6.600180020748777565e+01 7.318017028985430272e+01 1.128813849036967696e+02 1.277682931488309208e+02 1.094450405576524616e+02 1.096818626331388202e+02 1.011450933648195871e+02 9.884510063483098463e+01 9.136508983280583607e+01 9.353646107772001983e+01 8.986685265418923052e+01 8.691607171209476235e+01 8.582778676673106588e+01 8.844184741019444118e+01
1.209429362504220080e+03 5.114842630997755180e+01 5.133465616892858208e+01 5.992493098950551200e+01 1.012492698496101724e+02 1.129337576164510182e+02 9.587914140904747740e+01 9.680677478540960124e+01 8.885084781003877197e+01 8.686109661440303853e+01 8.004017200194401482e+01 8.302563217215485736e+01 8.015376062999698092e+01 7.688862398089410988e+01 7.679612137954917728e+01 7.955093149642428330e+01
1.259429362504220080e+03 4.875927592075530015e+01 4.886422387164389392e+01 5.928072624201178087e+01 1.023387154965638075e+02 1.096952660627990781e+02 9.247513700836962869e+01 9.225876243269277666e+01 8.382139888318060628e+01 8.137690955194214837e+01 7.442664535489559796e+01 7.654719216516976132e+01 7.353553432365517040e+01 6.977417812971981448e+01 7.000683206245177814e+01 7.162988768819272423e+01
1.309429362504220080e+03 1.446243750219533126e+02 1.444920464744590447e+02 1.504187328606176095e+02 1.799146161194514377e+02 1.969976026066499912e+02 1.753433096787068450e+02 1.700410800673728033e+02 1.580785861740118037e+02 1.506104721771856703e+02 1.387436691152984736e+02 1.388300177865379794e+02 1.306422565218847751e+02 1.255240525185334519e+02 1.178364357539973923e+02 1.224127428415594636e+02
1.359429362504220080e+03 1.379309603531095831e+02 1.379233775336161614e+02 1.389825482781137396e+02 1.749809278260268854e+02 1.790637139270446312e+02 1.512470657130616587e+02 1.484568779191749854e+02 1.344084477122976864e+02 1.298715936166193217e+02 1.189849507072790118e+02 1.189167649209875464e+02 1.116961617304801280e+02 1.098847557404019710e+02 1.028837623012036460e+02 1.044991702075577251e+02
1.409429362504220080e+03 2.326902897349747334e+01 2.327227810590239443e+01 2.687283407713891492e+01 7.214539166289603145e+01 1.016833248490129904e+02 8.864524828402437606e+01 8.555678609266252010e+01 8.013449923588186152e+01 7.832586975011730601e+01 7.365391488754599436e+01 7.573276748842044981e+01 7.426269176559250695e+01 7.277262017988215348e+01 7.340538568205491288e+01 7.786931195028900277e+01
1.459429362504220080e+03 3.798925108782033533e+01 3.798899476761687310e+01 4.280095078897129213e+01 7.593219681417737377e+01 9.957876264359954632e+01 8.989970408858732753e+01 8.510341143995577795e+01 8.173375284807899277e+01 7.913333888483344936e+01 7.764234287572382698e+01 7.634102313776560322e+01 7.433665031284168379e+01 7.138916884159391429e+01 7.093801586275286297e+01 6.720396399823937372e+01
1.509429362504220080e+03 8.884040912123916200e+01 8.883208559865542497e+01 1.160287648473146476e+02 2.306649551979008379e+02 3.356434710842413551e+02 2.740693226757330763e+02 7.714964918706864694e+01 -1.221784591215287747e+02 -1.734401966402156745e+02 -5.700059821985179553e+01 6.232709811652075160e+01 1.174161126564742972e+02 9.158647001591374703e+01 6.287707065493687963e+00 -9.772251926359967200e+00
1.559429362504220080e+03 1.400043292727369817e+02 1.399853940557291878e+02 1.311898387322700898e+02 1.614119469962355993e+02 1.508329223178935194e+02 1.232334731075392398e+02 1.188190021078528247e+02 1.037042655885347671e+02 9.720102623355963090e+01 8.084537626644676322e+01 7.612675749109172330e+01 6.162499572535926973e+01 5.736399421261653941e+01 4.788023921975104713e+01 5.188213042191095070e+01
1.609429362504220080e+03 2.284914339530801612e+02 2.284288976538400391e+02 2.265875250354553145e+02 2.599968092644094213e+02 2.690099939338286390e+02 2.417228633222259759e+02 2.368391724475652040e+02 2.236620368065911180e+02 2.175916915386177664e+02 2.067212659329004509e+02 2.072465705151860504e+02 2.004941039656305009e+02 1.977292639633537874e+02 1.910512644655651115e+02 2.005272456573957527e+02
1.659429362504220080e+03 1.162401999737902685e+02 1.161114593119830261e+02 1.357733238521142880e+02 1.981874888714189353e+02 7.230486276955480207e+01 -2.340146907867954553e+02 -3.701351453357796686e+02 -2.355430843932856817e+02 7.185298533785112518e+00 2.134802963346742501e+02 2.704200307112926112e+02 1.773805192841915641e+02 -9.100813592947098130e+01 -1.516102669770680222e+02 -3.759801852507504805e+01
1.709429362504220080e+03 2.634169728387666396e+02 2.633565331959648574e+02 2.586520311521641702e+02 2.670445493300803719e+02 2.449275130592781693e+02 4.254771942371530713e+02 6.331984511295289622e+02 7.370422209708182208e+02 6.203499916002365353e+02 2.387235481438745239e+02 -1.098449659650899406e+02 -1.567638532502530211e+02 -1.545195032593284523e+01 1.245438827797002261e+02 1.710322588489315194e+02
1.759429362504220080e+03 1.309745298245540823e+01 1.307921776722609764e+01 4.717448203963567721e+01 9.128574486917405295e+01 7.546487158965689446e+01 6.939815522348591514e+01 6.586554853630103423e+01 5.644146716380038242e+01 4.279377848200626033e+01 2.330663694195542135e+01 1.552110867687879825e+01 -5.103721457764125446e+00 -1.309587202054224164e+01 -3.533659810144008873e+01 -1.714802806431942273e+01
1.809429362504220080e+03 -1.656905866636273856e+02 -1.655575046128375050e+02 -1.808677101082972172e+02 -2.477954882824565743e+02 -4.132514402142763856e+02 -5.419837431184785146e+02 -4.861305345071629631e+02 -2.687404858927093301e+02 -3.798075838464111342e+01 1.311965618767520994e+02 2.129341260914659415e+02 1.945072248351763164e+02 9.039708371415544264e+01 8.083043574780271001e+01 -4.477831408667936608e-01
1.859429362504220080e+03 -1.834018616228656526e+02 -1.832644816127358354e+02 -1.897224828777757182e+02 -2.582985463889447715e+02 -4.742583275215858407e+02 -6.132279325386940627e+02 -4.900844873273376834e+02 -1.917018248022762918e+02 1.311926296975123023e+02 3.469092674979514754e+02 4.152267694914084473e+02 3.635674143755626346e+02 1.451747405388846630e+02 -1.319262730800932673e+02 -2.333621566419112980e+01
1.909429362504220080e+03 1.049844626106640959e+02 1.049449509181966107e+02 1.177270630843974715e+02 1.528800491073321552e+02 3.089641158238638496e+01 -3.755053607317332762e+02 -5.627691589140713404e+02 -3.325575204990786915e+02 -8.824837612096153805e+01 1.154912907520008929e+02 1.749651975770850640e+02 2.287927784876039823e+02 2.477508269805038026e+02 1.426588272276408986e+02 3.271080677172950857e+01
1.959429362504220080e+03 -7.387914503932421439e+02 -7.382321040046479084e+02 -7.554624968644699265e+02 -8.044514935928579007e+02 -7.199535883369401290e+02 -7.256708421932402189e+02 -7.336069555439848955e+02 -4.637861491620710694e+02 -3.861074005694094069e+01 3.120699274070794900e+02 4.930345971966194156e+02 4.115134718991124032e+02 8.168603640404128896e+01 -1.725705654514428886e+02 -4.623496109726352898e+01
2.009429362504220080e+03 8.604451830093058788e+02 8.593769187300279100e+02 9.454713269756241516e+02 1.090648152973508559e+03 7.487062511017404631e+02 5.129079326937379335e+01 -4.769862416819482860e+02 -6.099032291069017901e+02 -5.112242235746666665e+02 -3.551903860557259236e+02 -2.658077711072347142e+02 -2.083474839515997417e+02 -1.774010235312666453e+02 -2.022358593467870094e+02 -1.565402179482596878e+01
2.059429362504220080e+03 -6.103780128795038991e+02 -6.101057973157063543e+02 -6.097672170136270324e+02 -6.113310270094743828e+02 -5.954794139476923647e+02 -5.430746067720828023e+02 -5.091748867105234808e+02 -4.454548625504831421e+02 -3.199290799151074793e+02 -1.904183839081373435e+02 -1.390229903517941636e+02 -9.248703566403591481e+01 3.854337080435689700e+01 1.446067442301879566e+02 2.151607059694887312e+02
2.109429362504220080e+03 -1.577579175039432471e+02 -1.576415447221878594e+02 -1.559235272010868414e+02 -1.508096734713948308e+02 -1.177971712853789654e+02 -6.833028125559971855e+00 6.737873542290738271e+01 -3.851058744381289500e+01 -1.690207707206600389e+02 5.801975255503828777e+01 3.742390429020229590e+02 4.947071313303281386e+02 4.859628005994030673e+02 4.087860430185735936e+02 3.832219014176147880e+02
2.159429362504220080e+03 1.844256023550216241e+02 1.839900920707336525e+02 1.829386383026243550e+02 1.836658793825568239e+02 1.575619870816552464e+02 7.563667015125348314e+01 1.806924183168351874e+02 2.309665935903697687e+02 1.608158917332994520e+02 -9.518433811842443504e+01 -2.533794766140923684e+02 -2.031601533722447357e+02 -1.159857982908690843e+02 -6.930558784574670028e+01 -4.591073584467823565e+01
2.209429362504220080e+03 -3.804508580753467299e+02 -3.802901788519629918e+02 -3.851425740509553748e+02 -3.634633012909768013e+02 -2.766501163082460835e+02 -1.981709131553420775e+02 -6.410238653086899774e+01 -3.755058136255652812e+01 -1.726926394225364731e+02 -3.133611550159839112e+02 -2.943160495420128200e+02 -2.248479681645680159e+02 -1.700402948307624627e+02 -1.965573117536373502e+02 -1.150291089783340936e+02
2.259429362504220080e+03 3.708193340332061325e+02 3.707076628454654497e+02 3.769205680865165959e+02 3.769182981416834650e+02 3.834111060951559011e+02 3.716355873949514148e+02 3.651673460037677046e+02 2.854712867092860051e+02 9.125407457964044511e+01 2.656719139912127048e+02 4.841548824716157355e+02 5.838758995396923410e+02 3.851815897466717615e+02 -2.024201072089308084e+01 -3.242037577323585396e+01
2.309429362504220080e+03 8.105127410119764875e+01 8.105188390193119119e+01 1.025640474445148982e+02 1.838298931253690682e+02 2.476360845480588182e+02 2.979993537584860519e+02 2.550877125471297688e+02 1.170517060371520870e+02 -6.454606773658920815e+01 -1.439649912541842696e+02 -9.904233495566221279e+01 -7.367974699823328422e+00 8.195269170607214448e+01 6.893007457361325407e+01 -4.374353445937575025e+00
2.359429362504220080e+03 1.473327941509886330e+02 1.473250305319398024e+02 1.449549555875562703e+02 1.461593843645751747e+02 1.478941108351945104e+02 1.589122013876621509e+02 1.667402146726843455e+02 1.111336749678288243e+02 1.283250899613801437e+02 1.373767810258583211e+02 5.204776112069570360e+01 3.680941792894351750e+01 5.414179747203213111e+01 6.093591537788005041e+01 6.415039824628340170e+01
2.409429362504220080e+03 1.965167597945441287e+02 1.965024412908879015e+02 1.977178453549070412e+02 2.078485695992907836e+02 1.974632277963615365e+02 1.604011459145517051e+02 1.150224269459747717e+02 8.237976442480783135e+01 6.100823733647606417e+01 4.776751984192633671e+01 3.714736110664856028e+01 3.510426162778611570e+01 2.524337770490332034e+01 2.958877128992596894e+01 3.321988770126466761e+01
2.459429362504220080e+03 1.323967564127185028e+02 1.323542746486618853e+02 1.314847291197884829e+02 1.494304807902543644e+02 1.746681599644310836e+02 2.122205276890073264e+02 1.843679904867443327e+02 1.590288550418106297e+02 2.013379250130207652e+02 1.792330271828028856e+02 1.471226198278108086e+02 1.010486306364396114e+02 -4.197758955273737058e+01 -3.612939176990094126e+01 -6.759854968474092729e-01
2.509429362504220080e+03 1.183592143315655534e+02 1.183472920305112126e+02 1.152278796748373537e+02 1.207763326171121605e+02 1.475264119429999994e+02 1.403793976483929669e+02 1.178379101450137938e+02 1.085437654827579479e+02 9.794007984654484744e+01 9.130215413345293030e+01 8.572701687010395233e+01 8.102221257396396936e+01 7.762170785974741705e+01 7.277197870892963749e+01 7.395311709438354342e+01
2.559429362504220080e+03 -1.095478127164436160e+02 -1.094502527359932031e+02 -1.001761414759660198e+02 -5.653496166890467833e+01 -1.852918173821749548e+01 -1.461621409731835364e+01 -2.815017911853509691e+00 -1.016627182175256827e+01 -1.131345869831937856e+00 -3.999381540142015634e+00 7.480656372827899858e+00 1.473152244573189229e+01 1.313792797584648930e+01 3.803157174990899847e+01 3.114181437003803765e+01
2.609429362504220080e+03 1.597468940453821062e+02 1.597508957756371331e+02 1.625934111432311227e+02 1.745710769285151116e+02 1.635984977610267492e+02 1.251168217557543301e+02 8.682856896700518234e+01 6.893107878394046395e+01 5.119818136930044972e+01 4.202846651779572085e+01 3.273988628809357948e+01 2.891335282352423519e+01 1.979799583497753446e+01 2.205675071618789218e+01 1.332700275764566200e+01
2.659429362504220080e+03 -9.930446003259048382e+01 -9.920056269311345432e+01 -8.578058605287272087e+01 -2.775335958241511491e+01 4.737310734040492299e+00 4.398333268838399590e+00 2.813263902784546744e+01 2.563584438032734880e+01 4.183660197654828039e+01 4.391551784786852863e+01 5.799733502852367906e+01 6.518600687308816077e+01 7.130683333350640396e+01 8.377810876671887286e+01 9.266557182870745635e+01
2.709429362504220080e+03 3.223961006281792407e+01 3.223797792111005833e+01 3.187473035763477469e+01 3.667257129792171355e+01 5.553097247016600591e+01 1.133091461489166676e+02 1.369500093803848415e+02 1.351628935723832114e+02 1.368828446632186626e+02 1.321065698505902049e+02 1.326577823361246828e+02 1.275381989556678661e+02 1.257715498450371996e+02 1.184643574734845259e+02 1.274396097124882203e+02
2.759429362504220080e+03 6.565752510691103794e+01 6.566064160743052014e+01 6.832861331897676394e+01 7.485610147552036153e+01 1.073426426752662621e+02 1.137932293978705047e+02 9.212524676660035539e+01 7.450876616930230512e+01 6.599611441717307514e+01 5.478477246417395463e+01 5.245279517991473028e+01 5.134522105101184053e+01 4.780192133214228534e+01 5.287809213265406072e+01 5.389630113099667597e+01
2.809429362504220080e+03 -2.742414205567386176e+01 -2.739807246501657545e+01 -2.615227923493090856e+01 -1.454506397469983980e+01 1.341186984484899369e+01 6.484768747564660885e+01 8.584217718548350717e+01 9.365177189676512626e+01 1.006642551053210752e+02 1.029704631285892873e+02 1.093209556460101766e+02 1.107950676769834928e+02 1.118609370335751549e+02 1.131115660926276405e+02 1.213565892832309601e+02
2.859429362504220080e+03 6.517586905863836932e+01 6.517520636200997330e+01 6.782734543941117522e+01 7.853285912543691438e+01 1.078042063377634889e+02 1.328115754774764525e+02 1.258588602436567214e+02 1.161383964126220292e+02 1.104029270620357437e+02 1.028366056078357360e+02 1.004163129499788738e+02 9.519081026075035368e+01 9.142210675477133464e+01 8.776845062030739086e+01 8.822267318132047365e+01
2.909429362504220080e+03 1.294575192781965143e+02 1.294464431258764421e+02 1.266817766472842095e+02 1.351806221091434566e+02 1.697930594372703865e+02 1.671457308602464593e+02 1.385495749487496369e+02 1.266651849254782434e+02 1.116430098038177761e+02 9.706087938252278491e+01 8.835506279847234623e+01 7.205010812793180719e+01 6.893716029403584855e+01 5.002075414811172749e+01 5.029143716648402318e+01
2.959429362504220080e+03 1.685044154423268026e+02 1.685026036133414777e+02 1.678250302586882867e+02 1.739121757766257304e+02 1.895509083169712596e+02 1.507369872106621926e+02 1.045458733438522216e+02 7.383109449811081504e+01 4.697851817289757292e+01 2.805255684099654090e+01 1.249958599963201422e+01 5.629858094126442003e-01 -8.163398023984846930e+00 -1.873490970507267406e+01 -2.290964463634801263e+01
3.009429362504220080e+03 1.194586082894787751e+02 1.194572320707397353e+02 1.163272131981192246e+02 1.290059459346463200e+02 1.409246217691857908e+02 1.191203858260651884e+02 8.496468778264446087e+01 6.971646940722446573e+01 5.238348623388561265e+01 4.341637266384978489e+01 3.307792085317539943e+01 2.840681452551079289e+01 1.913016512176940864e+01 1.898579074859739535e+01 8.981035711817890288e+00
3.059429362504220080e+03 9.974904544905677994e+01 9.974115863539829263e+01 1.002257296760722198e+02 1.161970286501434515e+02 1.311185611849113570e+02 1.125277938639532493e+02 8.377548137192920308e+01 7.142140352792334568e+01 5.658460921355447937e+01 4.834245820981129071e+01 3.965670691334811693e+01 3.390171269633756168e+01 2.712782838881377145e+01 2.309535423691591660e+01 1.882395798074017890e+01
3.109429362504220080e+03 1.883604247539633647e+01 1.884027541925516402e+01 2.465152294985502124e+01 4.447493978140899884e+01 7.857508690134152118e+01 7.844449970530010319e+01 6.579586010915271288e+01 6.316542396490730482e+01 5.659059968916461258e+01 5.463027788479737268e+01 5.064996969866096066e+01 5.052020472644512950e+01 4.547634277452478102e+01 4.809720680928570857e+01 4.300289738071417389e+01
3.159429362504220080e+03 1.466661793548926767e+02 1.466780644476633313e+02 1.451277463369266911e+02 1.479269150790349556e+02 1.626480944754113409e+02 1.435355488437054987e+02 1.103717937759253118e+02 9.624285061410969888e+01 7.974115328263034996e+01 7.049221371051568497e+01 6.149273076915029179e+01 5.587089921464991704e+01 4.853423620573936859e+01 4.596887690965693452e+01 3.927322277667803263e+01
3.209429362504220080e+03 6.499387254820813098e+01 6.499805437643809114e+01 6.855615172898849607e+01 8.637424490070543470e+01 1.227963836550751324e+02 1.175177931673588745e+02 1.019041187214670572e+02 9.576958786510364519e+01 8.750418103334494901e+01 8.222709358259945134e+01 7.803583683617644340e+01 7.446663888360687622e+01 7.022316131022425623e+01 6.794272283699234549e+01 6.695685612108408691e+01
3.259429362504220080e+03 4.096376804004965777e+01 4.096802934296950127e+01 4.114779774819432845e+01 7.138119365566087993e+01 1.001083074656973793e+02 8.711160046663846401e+01 7.640275258580805939e+01 6.981829549221785669e+01 6.368815303972945685e+01 5.867848333696867513e+01 5.518728083159334119e+01 5.215334943751216201e+01 4.811104468161982339e+01 4.670902525618296863e+01 4.322346129525951852e+01
3.309429362504220080e+03 6.063419834782911977e+01 6.063694568186623712e+01 6.238271406555280407e+01 7.939235661466027238e+01 1.091423371989000515e+02 9.989387734522578910e+01 8.777919285474786193e+01 8.197470453932966450e+01 7.532346597450387549e+01 7.049909855487926791e+01 6.696486633127410926e+01 6.391307138215501737e+01 5.977962331226287773e+01 5.829130102233121846e+01 5.555787750021050186e+01
3.359429362504220080e+03 4.039573464338578646e+01 4.039819454713870073e+01 4.463868704053992076e+01 8.535599012787834283e+01 9.104912829128541318e+01 7.073473653447263132e+01 6.796813856083754501e+01 5.880772584365945477e+01 5.705016656527565999e+01 5.008419891306942873e+01 5.007259573010234277e+01 4.549032641575295344e+01 4.558719988171966975e+01 3.948143551850422028e+01 4.243956101650319823e+01
3.409429362504220080e+03 2.437812751707658876e+01 2.437934190404035562e+01 1.863658392546266995e+01 5.522328645869067998e+01 5.447744882744149919e+01 3.571259122097109895e+01 3.866739411543890270e+01 2.844581573095744176e+01 2.874451512970064471e+01 2.145826301450397722e+01 2.224734487726358267e+01 1.732449395071910203e+01 1.612786291613696577e+01 1.255800014929426389e+01 1.044800990889685721e+01
3.459429362504220080e+03 7.357770183139410669e+00 7.358326098906091239e+00 1.999350363431004851e+01 5.313825429925301336e+01 3.745551953125453082e+01 2.092504042878850257e+01 1.588964930912296936e+01 6.748178855668531817e+00 3.082977877177645709e+00 -2.799446357271319741e+00 -6.784602907478809897e+00 -7.001270595348365156e+00 -1.887932176693986719e+01 -9.629513038660039031e-09 1.892675143660159216e-08
3.509429362504220080e+03 1.332554485697362345e+01 1.332646890208952861e+01 2.509320284798462453e+01 5.484321439088274985e+01 3.848897429040190588e+01 2.293242058819366846e+01 1.670527144642736772e+01 8.435763488088380058e+00 3.548295056401051362e+00 -1.415091606231222987e-01 -9.138359076781830126e+00 -2.828056200269102100e-10 4.993776163489359621e-10 1.292147364254924588e-09 6.653823730773570462e-04
3.559429362504220080e+03 1.398008317013054480e+01 1.397983236245129390e+01 2.731335064369202925e+01 5.270687737195269307e+01 3.526465107614482264e+01 2.240248659638876205e+01 1.560664661131815301e+01 8.236174258290581918e+00 6.029291537409630308e+00 -5.394467402279553347e+00 0.000000000000000000e+00 0.000000000000000000e+00 0.000000000000000000e+00 1.839686296288662216e-09 8.021969276266327628e-04
3.609429362504220080e+03 2.276738724165924665e+01 2.276668631460683301e+01 3.484086534657537015e+01 5.197345628092144665e+01 3.293916792023198781e+01 2.008541953544411385e+01 1.182627117086245505e+01 5.714140598618793199e+00 -1.623408906026259979e+00 -5.564906530385732329e-10 7.933002446174399228e-10 2.149765505496759435e-09 3.758179380561046905e-09 5.923748784980798870e-09 7.163521731477494030e-09
3.659429362504220080e+03 4.281178740808508110e+01 4.281614118152317161e+01 5.673503810593260965e+01 6.018622027915296968e+01 3.572571071698830991e+01 2.087389145962037418e+01 7.774221014939636021e+00 2.138415985391669327e+00 -1.794333508097388119e+01 -1.207698686679406094e-09 1.619465248057019255e-09 5.071375000172382760e-09 9.041114619562387875e-09 1.379234224548731395e-08 1.794984975879448783e-08
3.709429362504220080e+03 -4.265045530079254377e+01 -4.266616740840837707e+01 -3.010282621741293596e+01 1.045174702198290930e+02 1.757649754809123124e+02 -1.459810675061396346e+01 -1.802480415980313637e+02 -6.565754985135544075e+01 4.308144503270762726e+01 3.019976933199491675e+00 4.878994393343262237e-01 2.556421504247701204e-01 1.642672158504966118e-01 1.199083725725056809e-01 1.922196744535827756e-02
3.759429362504220080e+03 9.374320948557256372e+01 9.373928295197771376e+01 8.730345747989704819e+01 1.422244263804513764e+02 6.174986260824790918e+01 -5.524423452068875662e+01 7.285582404542759605e+01 1.384548403295623018e+02 4.546135002184846030e+01 4.010817700304970757e+00 5.479296785875040765e-01 2.843508972354848452e-01 1.802466203795144717e-01 1.311849677113088308e-01 1.682951111034612646e-02
3.809429362504220080e+03 -1.055854658162799886e+01 -1.055950215090956057e+01 9.966759550975282878e+00 3.264784660674148142e+01 1.513960091241612993e+01 9.731520665354102206e+00 7.743027113464076905e+00 5.669188657730039438e+00 7.713977973705731905e+00 5.851633517797105721e-01 -5.334535405493703343e-03 1.082405511292426625e-02 1.153533622820081261e-02 1.260058153156537811e-02 -1.049925900473801799e-01
3.859429362504220080e+03 5.116251843522244513e+01 5.115722214148739511e+01 6.472265575814321892e+01 7.108555934591679204e+01 4.860826059987974901e+01 3.307740876263613927e+01 2.262284591292669589e+01 1.402662872263100446e+01 9.779383732888870639e+00 -2.210770623134077795e+00 0.000000000000000000e+00 0.000000000000000000e+00 0.000000000000000000e+00 0.000000000000000000e+00 0.000000000000000000e+00
3.909429362504220080e+03 -8.813417120183511599e+01 -8.808494649341938043e+01 -4.700056723229529609e+01 2.521876830025454197e+01 -1.702687773785340823e+02 -4.315367882952019727e+02 -3.178468109620194468e+02 -7.442342327608346864e+01 1.044635275074683136e+02 5.277985762155213934e+01 -3.215712311126061707e+00 -4.682764309521050025e-04 3.498499021619843902e-04 -2.240134915340143695e-01 -9.428938203725549527e-02
3.959429362504220080e+03 1.151317903164912195e+02 1.150784639088503667e+02 1.004292366657683715e+02 1.229961405983235636e+02 1.098737248794453620e+02 7.056999977940253643e+01 5.302926246994660886e+01 2.859149470098755330e+01 1.804152546311780370e+01 -2.381985282523374270e+00 -1.802514371487498205e-06 7.971412633119766234e-06 3.232233242181587005e-05 6.692656004092733212e-05 1.150376430357956891e-04
4.009429362504220080e+03 5.478453695794648581e+01 5.476949808550651255e+01 4.864472982860878147e+01 9.814410744919199203e+01 1.042924602099035525e+02 7.837445344999592578e+01 7.340542137508359133e+01 5.827414559342638967e+01 4.773813874828471171e+01 5.014216395110272373e+01 0.000000000000000000e+00 0.000000000000000000e+00 0.000000000000000000e+00 0.000000000000000000e+00 0.000000000000000000e+00
4.059429362504220080e+03 -5.464357396177894799e+01 -5.460437756125830333e+01 -1.878864347386424427e+01 -3.491318162223794985e+00 8.415142787155984294e+00 4.527705550009454782e+01 1.055502475140537300e+01 -3.156232846757922772e+01 -4.682546982445595063e+01 -4.757490501042360620e+01 -1.647954533818449165e-03 2.709487647111949102e-03 6.967593189776867188e-03 9.636296947475427033e-03 1.092657888180187213e-02
4.109429362504220080e+03 -9.260047469861422087e+01 -9.243111773972228207e+01 -8.225789398109800743e+01 -1.657974058446848531e+01 1.750398539700273091e+02 2.888362118475569673e+02 2.062570844411813766e+02 -6.891619903703329442e+01 -2.419693528320943301e+02 -7.796109855594134785e+01 -7.050470573625302886e-09 3.068144687889223716e-08 6.285787976826795295e-08 9.694185653932133839e-08 1.283733871129042592e-07
4.159429362504220080e+03 -1.528236539995851295e+01 -1.526081512393137096e+01 1.212821487097265916e+01 4.677694848254950699e+01 8.066348540139692602e+00 2.899262542226498596e+00 6.281741859397622818e+01 9.139557288633319843e+01 7.631740555615427013e+01 3.903559930053327776e+01 -1.767057453373541837e-02 3.153337665017693497e-02 2.363453121868073353e-02 1.836537459505400635e-02 1.439571509197376011e-02
4.209429362504220080e+03 8.014624382765720156e+01 7.993334214992481179e+01 8.225576133163247050e+01 2.456556012329529892e+01 -1.421561948026833022e+02 -4.666154685709751249e+01 1.686358417390383124e+02 1.378832957086771387e+02 -2.483717846597967593e+01 0.000000000000000000e+00 0.000000000000000000e+00 0.000000000000000000e+00 8.301651016290437267e-06 7.093404342677851575e-03 -1.102815312372936807e-04
4.259429362504220080e+03 -9.002317694116158009e+01 -8.994487229946659568e+01 -6.598608711065803334e+01 6.317799939756207905e+00 3.829545178857843979e+01 -6.873758465680859331e+01 -1.031922637989481188e+02 -7.800840864878146874e+01 -8.824427614803198594e+01 -4.676201034443678139e+01 -5.905689663319934303e-09 8.986087337636406751e-09 1.899728722671022467e-08 4.437373793585673603e-08 6.650038995788569903e-08
4.309429362504220080e+03 9.719514901308217247e+01 9.703796926069223616e+01 1.070121864447021807e+02 2.069286962757608705e+02 4.353931334627923775e+02 4.427872824984887075e+02 8.377878574268986256e+01 -2.798148342534371977e+02 -9.991488003763490156e+01 -9.543126127670285338e-09 1.124621730591777752e-08 1.743730026552923056e-08 2.057513056729272855e-08 5.011736803983714028e-08 8.333351721245642210e-08
4.359429362504220080e+03 1.171223630229019221e+02 1.170647438048861630e+02 1.176348083573855661e+02 1.509144360379222007e+02 1.449676733708875247e+02 1.092312657537443243e+02 8.119979822448316042e+01 5.366505457028885928e+01 5.887881188744437111e+01 0.000000000000000000e+00 0.000000000000000000e+00 0.000000000000000000e+00 0.000000000000000000e+00 1.196830056499601428e-08 3.015595910334167803e-08
4.409429362504220080e+03 -2.567773441602707507e+01 -2.565659184405846460e+01 -7.710536917130624168e+00 3.093559788408559896e+01 2.229974422552853852e+01 1.256898184028633736e+01 -5.451774139622002302e+00 -1.179116265352522319e+01 -6.250336381165474364e+01 -1.249271721668147733e-01 -1.769636385009717428e-01 -1.901188446058934556e-01 -2.141876806324949090e-01 -2.235460176841413960e-01 -2.217384619192332151e-01
4.459429362504220080e+03 -1.440092037271738832e+02 -1.438248055710028268e+02 -1.437674389582932974e+02 -1.120757503780706372e+02 -1.299635176181288614e+02 -8.451388197214642162e+01 -1.800230938495332111e+01 -1.966763679608292392e+01 -7.035968179721984939e+01 -1.594224401419032378e-01 -2.620841097476664938e-01 -2.777014764572439121e-01 -3.112561317015422602e-01 -3.256344526250801730e-01 -3.261711861736111828e-01
4.509429362504220080e+03 8.694931179198162852e+01 8.676502406895195918e+01 8.604924762794473736e+01 1.342805958241096391e+02 1.667181064478185988e+02 1.654183386706444026e+02 7.229934772610212690e+01 -6.124571593482811238e+01 -2.110066436792797973e+01 -1.393453090202195488e-01 -2.368426356754744222e-01 -2.583870578195836543e-01 -2.911940924809315878e-01 -3.043972043462108701e-01 -2.948995127002155270e-01
4.559429362504220080e+03 -4.381778493484951298e+01 -4.369104525421774810e+01 -3.735562493918484961e+01 3.504069271581512490e-01 2.763825196725258593e+01 1.672255441011845534e+01 1.745888578381037703e+01 1.012563800550289628e+01 1.275576189376845804e+01 6.828458104148695806e-01 -1.257670115939338003e-03 9.379279186569047452e-04 2.852392805666361785e-04 -1.477743823253854262e-02 -1.140363650527044699e-02
4.609429362504220080e+03 5.360216786934621069e+01 5.341374471220803599e+01 2.896891917166139763e+01 6.295609269576030442e+01 1.751561427123997134e+02 2.294770032747304640e+02 5.044715190151340778e+01 -6.332971835728749710e+01 2.491801192387409003e+01 -1.693435085783230321e-01 -2.327811406297218833e-01 -2.542038480076346252e-01 -2.905567168388820676e-01 -3.060843663965414629e-01 -3.023433668578722755e-01
4.659429362504220080e+03 8.128091462448279003e+01 8.119074416929015570e+01 7.235224602458150400e+01 1.455608771768976908e+02 8.823069466393981486e+01 -3.155165228437519431e+01 2.644844709578584840e+01 7.497144080012512291e+01 -3.669430058470290005e-07 3.004631192863936616e-07 -4.373785529914062109e-01 -4.720670855109861952e-01 -5.611649403341691933e-01 -5.988940166178363667e-01 -5.986159571599652951e-01
4.709429362504220080e+03 -9.395563614415538112e+00 -9.375588246132529946e+00 1.893819114770186163e+00 4.683365152224236994e+01 3.586662460091060467e+01 1.844448972726315716e+01 1.183508916489181750e+01 2.358269416866569212e+00 -7.944219446187995165e-03 -8.287613856220300487e-03 -4.281182943120129258e-01 -4.699157143985615570e-01 -5.624492496098755234e-01 -6.029658149631031971e-01 -6.014903483069251600e-01
4.759429362504220080e+03 1.184329799637517666e-01 1.183425878384613272e-01 1.284438964835669061e+01 4.981839948802805651e+01 3.298951717345639167e+01 1.477224319494657223e+01 9.749055242497355778e+00 -5.657551076190421746e+00 -7.950961974414414259e-09 1.753890821968267543e-09 -3.902212779255298525e-01 -4.217943037013504592e-01 -5.070036367751075135e-01 -5.466998442622966747e-01 -5.428910033145629699e-01
4.809429362504220080e+03 -4.714881843562533925e-01 -4.682887439368375593e-01 1.034091936457800109e+01 5.078908656624499685e+01 3.736650431449730547e+01 -6.163610567088565695e+00 -4.817875656354311786e+01 -1.114463905310063242e-03 1.654470513537583450e-03 -5.993747441020548516e-02 -4.065865294540707553e-01 -4.451783789168835548e-01 -5.498954894146501626e-01 -6.063323518956971192e-01 -6.149610884331343508e-01
4.854429362504220080e+03 2.619134769048006817e+01 2.614099336572369481e+01 2.528946263015878415e+01 6.467256656008619586e+01 4.794543292113994681e+01 4.125488153176856088e+01 5.684657392504133355e+01 0.000000000000000000e+00 0.000000000000000000e+00 -4.966419408832688231e-02 -4.258784620270248400e-01 -4.743712954524235692e-01 -6.132485793375705985e-01 -7.179733432678983007e-01 -7.264418611453405950e-01
4.859429362504220080e+03 -1.304608281068147946e+01 -1.299067309097325307e+01 -4.038364696651184715e+01 -6.743133353507073480e+01 -5.108612848793388395e+01 1.298396546100830165e+02 1.502031513241169307e+02 0.000000000000000000e+00 0.000000000000000000e+00 -6.327299882927835128e-02 -4.436295364626040572e-01 -5.011473209334119661e-01 -6.510096187953554603e-01 -7.625235732455813986e-01 -7.737272817353685328e-01
4.909429362504220080e+03 1.183305485223439257e+00 1.177115243599071048e+00 1.576604613740677685e+01 4.001109656607324894e+01 2.042510265156893468e+01 6.383374437592816086e+00 -4.114831900291656808e-07 3.822869954388568977e-07 8.591464808799510226e-06 -2.206019521036309272e-01 -5.656606994035258129e-01 -6.786092767954832183e-01 -8.581969120677113150e-01 -9.934791695036765402e-01 -1.092290338954287066e+00
4.959429362504220080e+03 -4.410205682565486285e+01 -4.394031766537279537e+01 -2.431404756138904233e+01 4.028482942007658996e-01 -1.799219280957596112e+01 -2.676839695686078002e+01 -1.372708171864550353e-01 -1.475209282818538969e-01 -4.821646854569491270e-01 -4.841365348096152710e-01 -5.540388429021145811e-01 -6.341699985882919277e-01 -8.070108845647335771e-01 -9.341399042253029084e-01 -1.020202625445323585e+00
5.009429362504220080e+03 5.030428681154228698e+00 5.025043386678105684e+00 1.553406208084384055e+01 4.140278960994273660e+01 2.180226142155551017e+01 3.128227875093193333e+00 -6.191900414615060522e-02 -6.556681913886922008e-02 -3.891317360622612020e-01 -4.048761868055725799e-01 -4.339305013999642524e-01 -4.743204017553176444e-01 -6.141244789142534799e-01 -7.175130369324113078e-01 -7.708381016335349445e-01
5.059429362504220080e+03 -1.546064532637368538e+00 -1.542739909969133461e+00 1.284923079680972080e+01 3.920223834320173495e+01 2.013020237841057636e+01 -3.032182417406946495e+00 -2.685032740521848815e-01 -6.869945333620897099e-01 -9.663232891078165077e-01 -1.158494684381653927e+00 -1.312056366261956653e+00 -1.406152010063376867e+00 -1.475923100620036177e+00 -1.615198902868062669e+00 -2.079523667884553451e+00
5.109429362504220080e+03 -4.349995495915395338e+01 -4.332303127205555882e+01 -4.783997004548081833e+01 -6.227285656674564684e+00 -2.398539551256240743e-01 -4.459257262525186394e-01 -2.009970675529788586e+00 -2.328075336550230912e+00 -2.223392523026991530e+00 -2.146499878657616822e+00 -1.923679913191708835e+00 -1.862307292561272920e+00 -1.929919543829950790e+00 -1.995986732133918640e+00 -2.012237429312347725e+00
5.159429362504220080e+03 1.969544371813562833e+01 1.968334770065651185e+01 2.437611744187148943e+01 5.666396889262683345e+01 4.520229709047212197e+01 -2.274601978245455736e-01 -6.115636001922413190e-01 -6.532528262661193574e-01 -8.021812402075749748e-01 -8.285093080079123373e-01 -1.011960483580303549e+00 -1.098811921165226524e+00 -1.215033421798076052e+00 -1.361768663420354075e+00 -1.715814755663225943e+00
5.209429362504220080e+03 5.093851820062046620e+00 5.090570803812678236e+00 1.390791000214859707e+01 4.496237305759500202e+01 2.917567217373063926e+01 5.394291247318406812e-01 -2.157449176886900577e-01 -1.793478652423050879e-01 -1.880338670273012935e-01 -1.987788111226650445e-01 -2.252675154393840029e-01 -2.459959016383817809e-01 -3.026546208552379214e-01 -3.581866049456599588e-01 -3.744251431058566171e-01
5.259429362504220080e+03 -6.981068560018919289e-01 -6.961809232236167988e-01 8.636400244772362456e+00 1.806131765269007872e+01 -6.456518836120426208e+00 -1.782844758671709232e-02 -4.376569314447691372e-01 -4.973841819530381847e-01 -5.826894445012213986e-01 -6.204583679498457682e-01 -7.225590913016225469e-01 -7.741155933974106507e-01 -8.944398320035898964e-01 -1.009437503462621288e+00 -1.149911395472760889e+00
5.309429362504220080e+03 -2.148536393828549329e+00 -2.141064378959448788e+00 7.292945644795690185e+00 6.079954823157714294e+00 -1.920015477551170946e+01 -4.754970196601179810e-02 -4.390619879015937865e-01 -5.044233871221933674e-01 -5.831774591548717357e-01 -6.240517538729936087e-01 -7.316767900367261435e-01 -8.821010643012834329e-01 -9.810372592212368570e-01 -1.093782805416575687e+00 -1.398234456548248517e+00
5.359429362504220080e+03 7.136306945725340301e-01 7.109380928821111834e-01 1.156822704947464153e+01 3.087094396596943113e+01 1.171683054549260561e+01 -2.697575153848342233e-01 -5.478293895800173674e-01 -7.564461713819299327e-01 -8.766497705096321091e-01 -9.334350432114616458e-01 -1.092671693621177109e+00 -1.217299265391210916e+00 -1.278422730583773426e+00 -1.429931068593950805e+00 -1.886452495350066538e+00
5.409429362504220080e+03 1.485113142802309660e+01 1.482372461896504845e+01 2.685838017862279870e+01 3.554903034015985952e+01 3.165852472938461837e+00 -2.279495564833075860e-01 -4.387253572207729935e-01 -4.904874738651698318e-01 -5.776616814276805956e-01 -6.230889178949656770e-01 -7.385936236144313716e-01 -8.705892894524336345e-01 -9.999619741807862505e-01 -1.134983788907638624e+00 -1.437314040757211808e+00
5.459429362504220080e+03 1.027471162114636201e+02 -9.958880529080332167e+00 -3.024044508949523188e-02 -3.122670456056673635e-02 -6.239317605242639120e-02 -1.000499309594651554e-01 -4.588953732568674670e-01 -6.965069861050586786e-01 -1.026083163579101232e+00 -1.063547518827402172e+00 -1.046933235432458309e+00 -1.302166177634437094e+00 -1.600677985290404504e+00 -1.994935935527165416e+00 -2.386298003589142791e+00
5.509429362504220080e+03 -8.569329363087820062e-02 -8.248247717734392970e-02 -7.897720445200831496e-02 -7.868123728302342523e-02 -8.800020239897979324e-02 -1.173680775231351059e-01 -4.374697520848006005e-01 -4.461044175817583946e-01 -4.236799330471638370e-01 -5.169374723982687048e-01 -6.854657178040186594e-01 -1.063216810258522438e+00 -2.353951105175179137e+00 -4.316457626529651925e+00 -6.202757473403727850e+00
5.559429362504220080e+03 -1.730642940180640854e-01 -1.750027832548567974e-01 -1.675150178112493615e-01 -1.565592967120961188e-01 -1.527743361549065704e-01 -1.599290623461118166e-01 -5.458821834420973795e-01 -5.533453026047444601e-01 -3.787212155007610992e-01 -2.104940287906032492e-01 -1.051997231326556037e-01 -4.235650002660094893e-02 -2.042603756218790145e-02 -2.344188438115802839e-02 -9.916443104968364342e-03
5.609429362504220080e+03 -8.894514720595962654e-02 -7.895909690477675991e-02 -3.405504596992458416e-02 -2.599781628943984360e-02 -2.333449874166864876e-02 -2.346542722116819885e-02 -1.883622716065464289e-02 -1.589302835148135445e-02 -1.294854390074575215e-02 -1.084972129361545454e-02 -9.999006596244964379e-03 -8.897966932387155539e-03 -7.030552262747001915e-03 -3.965379441447727110e-03 -1.833209462310150155e-03
5.659429362504220080e+03 -2.917943659962652347e+01 -1.205719459260140169e+01 1.150953217967857256e+01 -1.361568785738334489e-03 2.849048501458793618e-03 3.339038837850710154e-03 -2.452940111166269366e-01 -2.585217319782633361e-01 -2.928741017576267924e-01 -3.179454096757640125e-01 -3.595865754543786097e-01 -3.836957934759399613e-01 -4.861487842766379353e-01 -5.632036776289066626e-01 -5.783008968519625093e-01
5.709429362504220080e+03 3.618700257033504499e+02 3.574219444014725582e+02 2.013914571154010105e+02 -1.502316822311042088e+01 -2.902453805892871590e-08 2.697036151880358588e-08 9.179493782291476764e-03 6.726742659035377450e-03 3.974981266778552201e-03 -3.038649140429620227e-02 -5.793366485815960865e-02 -6.783353082893431307e-02 -8.694191701570437580e-02 -1.222222990024632999e-01 -1.328244894322259395e-01
5.759429362504220080e+03 3.499734797225161174e+02 3.516682387516589756e+02 2.557842153526507900e+02 2.579196578427449182e+01 -5.271235304671241036e-08 2.671797624754706087e-09 -1.243208118441455389e-06 1.041627390932196601e-04 -1.492235869726130613e-02 -2.538548994559325367e-02 -5.366871500590787714e-02 -6.410907591803777228e-02 -7.869322391895618163e-02 -1.124816711838352856e-01 -1.164381778697714254e-01
5.809429362504220080e+03 -1.786493886099105168e+02 -1.708829789931083951e+02 -3.261755360754661979e+02 -3.518276808754012563e+02 -3.558624463537868099e+00 -4.266174853171912073e-07 2.983930025113960339e-07 3.857125836599100480e-06 1.199820870117039917e-05 -1.526675919988692122e-03 -4.284029418517622256e-02 -3.169313299128942440e-02 -4.553771498755783409e-02 -5.918974032390722506e-02 -6.172326223543418700e-02
5.859429362504220080e+03 3.011624750917403048e+02 3.056277524144481959e+02 2.086951455344931503e+02 5.118668132793055747e+01 -1.173770768535041214e-06 3.470426507323587725e-06 2.751888354143334093e-03 1.868139670134024224e-03 1.258817940359663800e-03 1.070415475829597203e-03 2.027759845662648920e-03 -1.331727412605582944e-02 -3.137659642658138792e-02 -4.121584081783268017e-02 -5.428718701290518450e-02
5.909429362504220080e+03 9.429163715055048556e+01 8.729828523142830932e+01 5.677737428158626809e-01 -1.500962504779241158e+02 -2.345237590713239673e+00 -2.911495110411865686e-04 2.646456497071901590e-04 3.702969131566623663e-04 3.895878940941175858e-04 3.595246645262889311e-04 2.904529143207269489e-04 2.420182710835856591e-04 3.141648564170125796e-04 3.844194499037918407e-04 4.472914270747067704e-03
5.959429362504220080e+03 -3.502379352302320825e+01 -3.059738782308165739e+01 -1.484512439877607051e+02 -2.942288431273339029e+02 -2.236891634498260473e+01 -1.137569553643219290e-09 1.274020429340124280e-09 1.708767723069023729e-07 1.184482497408885655e-06 3.497205008649818806e-06 6.212697904956640551e-06 1.065476566634850303e-05 3.102434601679639864e-05 1.881438598672052477e-05 7.325318642324128986e-05
6.009429362504220080e+03 4.479281367714981599e+01 6.586811661447426047e+01 -7.970374103487723794e+00 1.357120877788702096e+01 -2.887579841743435904e-02 -8.409959077917401882e-02 -5.258129333100507175e-02 -3.706377557079499480e-02 -2.255934698079213249e-02 -2.065270509066641225e-02 -9.320814048160312726e-03 4.516275754918118619e-03 1.094427241119131852e-02 -1.015833763568228451e-02 -2.469267825669535857e-02
6.059429362504220080e+03 5.075850302902570377e+01 5.183229224494665743e+01 -4.092668842852116740e+00 -4.546156873759264982e+01 -7.182937678411883964e-02 -1.071666088073315037e-01 -1.072401215480680015e-01 -1.097111849728404226e-01 -1.175450726035461857e-01 -1.293752131770712910e-01 -1.443067583776672935e-01 -1.447568298657444796e-01 -1.442361175258772554e-01 -1.781347466740025309e-01 -2.027126380746352985e-01
6.109429362504220080e+03 1.297633173194981566e+02 1.296929899435302218e+02 8.371389699716591792e+01 1.351823774844133474e+01 -8.935678805037894357e-02 -1.249507879342300065e-01 -1.263498094783997994e-01 -1.317671204178638700e-01 -1.464100755483432326e-01 -1.618454103850844039e-01 -1.821856607288837304e-01 -1.843471178870415284e-01 -2.396546344492607727e-01 -2.801525422177005842e-01 -3.045432124027387388e-01
6.159429362504220080e+03 8.307814298191080127e+01 8.293271897474491539e+01 2.630608767119605318e+01 1.206822407521189788e+01 -2.452992534974256060e-03 -1.382793789847697880e-03 -1.620293815823034209e-02 -1.800713793687436226e-02 -1.660980377965345922e-02 -2.527270558369340558e-02 -3.338733876945881862e-02 -2.987434083100685631e-02 -2.441784395896277188e-02 -3.626656469102850638e-02 -6.013519795178767779e-02
6.209429362504220080e+03 1.029254981260641841e+02 1.027372499775540575e+02 8.827205081753982086e+01 7.096977004092619268e+01 -1.220492692182488315e-08 5.657565678877206672e-09 1.192622022099498159e-08 1.261190945413049574e-08 1.262381960330515712e-08 0.000000000000000000e+00 0.000000000000000000e+00 5.268646926624185936e-09 3.924220218570522649e-04 2.918249614727504724e-04 -9.479702127967266564e-03
6.259429362504220080e+03 1.168506425115095197e+02 1.168394047355094898e+02 1.137667575213177003e+02 1.712771724715950938e+01 0.000000000000000000e+00 0.000000000000000000e+00 0.000000000000000000e+00 0.000000000000000000e+00 8.581572170205427120e-08 6.330475956620332010e-07 8.841489077293580397e-07 8.789226044661037097e-07 2.194114563981410231e-03 1.515900535589789246e-03 -8.927010825482344786e-03
6.309429362504220080e+03 9.463924250657065329e+01 9.466980682169092631e+01 9.621050426818794676e+01 -5.759250336451436425e+01 0.000000000000000000e+00 0.000000000000000000e+00 0.000000000000000000e+00 0.000000000000000000e+00 0.000000000000000000e+00 1.305961007368271267e-06 0.000000000000000000e+00 6.955317020044667902e-07 1.688135183155332810e-03 7.738069178293356838e-04 -8.241440203290007274e-03
6.359429362504220080e+03 6.042253091507264173e+01 6.042351673916932953e+01 3.824624970325253770e+01 -6.592870683290431089e+01 -2.456212182283724336e-08 1.088792462735895284e-08 1.797260798554689714e-08 0.000000000000000000e+00 0.000000000000000000e+00 4.200080904263793062e-07 5.183291685973538885e-08 5.986153218990863150e-08 1.271217315574450834e-07 9.955457498928377651e-08 8.145551544666138342e-08
6.409429362504220080e+03 8.539497101171711790e+01 8.540191921969518773e+01 1.090645370786665325e+02 9.606987230212236284e+01 -1.354145197738273017e-08 5.104457863896652600e-09 2.513364244997062560e-09 2.021726075619635162e-08 0.000000000000000000e+00 5.331355854005397126e-09 2.033197299089053554e-08 9.585600644634295619e-08 1.254732974709649763e-07 7.050681907350507168e-08 4.880961957904203202e-08
6.459429362504220080e+03 1.009788549782910678e+02 1.009928457180894554e+02 1.351520424002817151e+02 1.342747981629860590e+02 0.000000000000000000e+00 0.000000000000000000e+00 0.000000000000000000e+00 0.000000000000000000e+00 2.000004048686069300e-07 0.000000000000000000e+00 2.666693754831571938e-11 8.838703198082877861e-08 1.632888832523910687e-07 1.226427463528083869e-07 1.017706203614190753e-07
6.509429362504220080e+03 6.718030848257735954e+01 6.717196503434398380e+01 8.863201070701487083e+01 -3.925005489128262326e+01 0.000000000000000000e+00 0.000000000000000000e+00 0.000000000000000000e+00 0.000000000000000000e+00 2.638558033719432882e-07 1.229776316476530805e-07 6.944715964717658957e-08 6.846024948891035088e-08 7.902319315205804866e-08 4.706575679039778432e-08 3.937809931027722663e-08
6.559429362504220080e+03 7.645849011150581021e+01 7.647474175929245632e+01 9.472176574432461393e+01 9.165048705864244027e+01 -8.845241025108420493e-09 4.301389281664965959e-09 3.775244617939681637e-08 3.009621806320691504e-07 2.934051485922577783e-07 1.540009129011912566e-07 9.714981727293499717e-09 0.000000000000000000e+00 1.104209050852023454e-08 6.008941321723954640e-09 9.186499498781439620e-09
6.609429362504220080e+03 8.074246987190080915e+01 8.075231495253161995e+01 6.890765752424381674e+01 -2.710743253384388929e+00 -8.024742532431822535e-09 3.707814278671506866e-09 0.000000000000000000e+00 4.331829496945268576e-07 3.002332908374720155e-07 1.937360160139147796e-07 9.360787130017558118e-08 3.320705672880781292e-08 1.036418940160060327e-07 2.161590372500098530e-08 0.000000000000000000e+00
6.659429362504220080e+03 2.796941644155737805e+01 2.797133168771747691e+01 4.025034548655645494e+01 -2.954215939735622243e+01 -1.652066609699432818e-09 8.540393194464663989e-10 2.272209219670069039e-08 3.703013881934484877e-07 1.469247305251496545e-07 0.000000000000000000e+00 0.000000000000000000e+00 0.000000000000000000e+00 6.742277635479677237e-08 3.622679538297073516e-08 0.000000000000000000e+00
6.709429362504220080e+03 1.301912815058282469e+01 1.300186101210444711e+01 5.352855730838305348e+00 -3.424104248391824257e+01 -1.625940533379296047e-08 8.054821226423777684e-09 7.910648051807204323e-09 1.963168216677904618e-07 9.564058331037988296e-08 6.114748846211482032e-08 3.920158615417553710e-08 1.791294209717549194e-08 5.754044156247258864e-08 2.080634324659336473e-08 0.000000000000000000e+00
6.759429362504220080e+03 4.603361639947656414e+01 4.603075842452211930e+01 4.155058382350599544e+01 -1.990986123560251952e+00 -2.373317886913713591e-09 2.211480186326092319e-09 4.020423939778877012e-20 -4.309469900786623645e-21 -5.731803760833593885e-19 1.209475104885810044e-16 0.000000000000000000e+00 2.240979203636022602e-08 3.782266760647888274e-08 1.554212195790814143e-09 0.000000000000000000e+00
6.809429362504220080e+03 4.764526796415356102e+01 4.763985574878162055e+01 5.637371751438720935e+01 0.000000000000000000e+00 0.000000000000000000e+00 0.000000000000000000e+00 5.518565837891488343e-20 1.315200039854297932e-19 2.210981146419426533e-14 2.177924701030237393e-15 0.000000000000000000e+00 1.595718311064860342e-07 1.481085023695875399e-07 3.555524547387423514e-08 0.000000000000000000e+00
6.859429362504220080e+03 1.819199917472844419e+01 1.818361822054054500e+01 3.299552870654565595e+01 -6.971307598626928625e-09 1.730175839731187180e-09 1.156324830485009291e-09 1.285516711848947575e-20 7.548230014596564714e-21 9.740433742959749032e-16 0.000000000000000000e+00 2.107779387811847945e-08 2.225788106262055185e-08 9.187455148483877342e-09 2.352654815911707708e-07 0.000000000000000000e+00
6.909429362504220080e+03 5.764157628171464154e+01 5.764328695956351822e+01 5.707111979634276366e+01 -3.259565511363965616e-09 1.472669396725320848e-09 2.537171377678191064e-10 0.000000000000000000e+00 5.066722214106283807e-23 0.000000000000000000e+00 3.439612406137368368e-16 1.027851758586754711e-07 3.785728022999738671e-08 0.000000000000000000e+00 0.000000000000000000e+00 0.000000000000000000e+00
6.959429362504220080e+03 8.664480892564871084e+00 8.847206192332629726e+00 1.600359607810273976e+00 -5.619901017010161544e-08 3.941571455703800457e-08 4.799373671797345674e-08 7.672057996441437160e-22 0.000000000000000000e+00 0.000000000000000000e+00 2.250332027206718037e-16 0.000000000000000000e+00 0.000000000000000000e+00 0.000000000000000000e+00 0.000000000000000000e+00 1.350600407231718705e-06
7.009429362504220080e+03 4.793457386265487941e+01 4.792634967279139602e+01 4.455236387103748541e+01 -3.786004296123940922e-10 3.025119835522464420e-10 0.000000000000000000e+00 -9.442612763856460050e-23 0.000000000000000000e+00 0.000000000000000000e+00 0.000000000000000000e+00 0.000000000000000000e+00 0.000000000000000000e+00 0.000000000000000000e+00 0.000000000000000000e+00 0.000000000000000000e+00
7.059429362504220080e+03 5.189914618835896931e+01 5.189759103156174547e+01 4.454086250022348992e+01 -1.437821005315020625e-08 -8.164086266450112723e-19 2.060289811720602021e-21 0.000000000000000000e+00 0.000000000000000000e+00 0.000000000000000000e+00 0.000000000000000000e+00 1.880695481354971449e-08 0.000000000000000000e+00 0.000000000000000000e+00 0.000000000000000000e+00 0.000000000000000000e+00
7.109429362504220080e+03 6.396105519025955033e+01 6.396323166519166392e+01 6.477432572124979515e+01 -3.076475517498646368e-09 1.277416786902858262e-11 3.090266426774748375e-15 0.000000000000000000e+00 0.000000000000000000e+00 0.000000000000000000e+00 0.000000000000000000e+00 1.503054416073932352e-14 0.000000000000000000e+00 0.000000000000000000e+00 0.000000000000000000e+00 0.000000000000000000e+00
7.159429362504220080e+03 5.406985775557339480e+01 5.407065380446068303e+01 4.680321840519611243e+01 0.000000000000000000e+00 0.000000000000000000e+00 8.723198762045826058e-17 5.461043545142849733e-16 3.394161904471563172e-07 2.681755395872579750e-07 8.958663103229770999e-07 1.770999584489510812e-15 0.000000000000000000e+00 0.000000000000000000e+00 4.269347883770859686e-07 3.379199831866212526e-07
7.209429362504220080e+03 2.925459674163102619e+01 2.925238698992956543e+01 2.273255019661626264e+01 -8.854400754463629312e-09 2.744462444555634373e-11 4.294324209229400721e-17 9.513070396220042918e-16 0.000000000000000000e+00 7.578810040092142858e-08 7.078481182585856372e-08 1.196350150586680960e-16 0.000000000000000000e+00 0.000000000000000000e+00 4.506342720852740590e-06 1.128856130657617451e-05
7.259429362504220080e+03 4.249447096732195206e+01 4.249548300935182965e+01 3.713871447361431422e+01 -7.896454160535670465e-09 2.536763420382630792e-11 6.840535834684254804e-17 1.058194906488051842e-15 1.889167193915045111e-09 1.431772298343673653e-07 1.533302720225088331e-07 5.654947449378053959e-16 -1.601015727668807444e-17 3.639974853000272092e-15 9.982759082651751210e-09 0.000000000000000000e+00
7.309429362504220080e+03 7.384050679724818878e+00 7.373862268146806009e+00 2.079439117946820659e+01 0.000000000000000000e+00 0.000000000000000000e+00 1.160028984162644880e-13 8.585552141580613154e-13 5.291549112369928438e-06 3.074339728165788123e-06 1.677194604709538030e-06 4.783611227366968684e-15 -2.272509143664238337e-17 3.333165549087408172e-14 9.115436179187348288e-07 2.172289708133838667e-04
7.359429362504220080e+03 2.955681006723416715e+01 2.955622437338344355e+01 1.402272496960026160e+01 0.000000000000000000e+00 0.000000000000000000e+00 3.045550303710863527e-15 1.800387984271116448e-13 9.173728093115247365e-12 -3.468984828991410306e-15 3.963974836626051459e-12 0.000000000000000000e+00 -8.146862704133576782e-17 0.000000000000000000e+00 0.000000000000000000e+00 4.264322952621992618e-06
7.409429362504220080e+03 5.311119738127943890e+01 5.311206974446132989e+01 3.312760110791032986e+01 -5.683588270404666436e-09 4.712033531014498010e-11 7.232603573064517218e-17 7.794104660451474687e-15 5.048711828340986716e-20 -5.553824304555595060e-19 8.880893094049888419e-14 -1.055999638015490195e-13 -4.012464937513217387e-16 0.000000000000000000e+00 -5.371506756675617262e-14 0.000000000000000000e+00
7.459429362504220080e+03 8.340676002770035780e+01 8.340762509161010030e+01 6.128637403764489733e+01 -7.993264275140457212e-09 1.008050718706713168e-10 1.863721719752944321e-17 5.507543314596684162e-16 1.013594003841787669e-09 0.000000000000000000e+00 2.559135213957025924e-07 1.814331449401982868e-07 0.000000000000000000e+00 0.000000000000000000e+00 -2.126825876017214425e-07 0.000000000000000000e+00
7.509429362504220080e+03 6.859573893384764176e+01 6.859672846484792785e+01 5.368468060723896684e+01 -7.546355991893308587e-09 2.042607278494701191e-10 0.000000000000000000e+00 1.625861043631720507e-07 9.410325113599586743e-08 8.088372724510351572e-08 -2.009464596298749356e-09 2.513549241913522656e-08 0.000000000000000000e+00 1.578939456870352559e-08 1.557865409903633524e-08 1.069743265419354221e-08
7.559429362504220080e+03 6.121218068626352249e+01 6.121086518269782317e+01 5.882135293992271130e+01 -3.863885276273174824e-06 1.304133775821931142e-12 0.000000000000000000e+00 1.052253029612157691e-07 4.006524126428533183e-07 0.000000000000000000e+00 2.110685867713388564e-06 4.737630286109311433e-06 4.525649161134260072e-06 4.369296586407526119e-06 1.139265729390543945e-06 8.497527467911385178e-07
7.609429362504220080e+03 -2.801185772336986588e+02 -2.727350407105016075e+02 -1.191376267225717811e+02 -2.601575869443221454e-07 2.510192597989716919e-14 -6.571583944110253719e-07 4.184008677132963011e-07 2.367645883845303832e-06 -2.340242862339089717e-05 7.619459158512427010e-04 2.047427203843058419e-03 8.197093888821390534e-03 1.201915144594652672e-02 5.319272463549974336e-03 2.349265514651245786e-03
7.659429362504220080e+03 8.791663330015742872e+01 8.790925516111191484e+01 5.856351089189168135e+01 -4.624059343775111930e-07 5.282829241675816226e-14 2.109819070806646943e-09 1.177488077313721492e-08 1.356112190133306338e-08 2.441043418285260961e-06 2.136418265781087272e-06 2.558105580089042256e-06 3.041671053630630806e-06 3.648663033796152049e-06 3.153723052011476614e-06 3.206538889490568937e-06
7.709429362504220080e+03 1.707990926489434003e+01 1.708438972230170805e+01 -1.826503435830364452e-01 -9.825284116451255454e-12 5.323716205772943417e-16 5.986293662594033213e-08 1.848429398950708128e-08 1.148542909517756622e-08 1.133970536059448075e-06 9.596753806850672752e-07 1.969582990748363434e-06 1.421003010253241615e-06 1.081667446434829257e-06 8.540866828550684060e-07 6.722029302372325789e-07
7.759429362504220080e+03 1.694135946159588713e+01 1.694357937301104400e+01 4.441020397728239755e-01 -6.827013828264660335e-12 1.048222712445252665e-15 2.927156041454892691e-07 8.381547177040654945e-08 4.975468536571003518e-08 4.873192074617163700e-07 6.494858242096557091e-07 6.536189802652997236e-07 0.000000000000000000e+00 0.000000000000000000e+00 0.000000000000000000e+00 1.264180607306315555e-07
7.809429362504220080e+03 1.494596781413744502e+01 1.494627559350608159e+01 5.139997575627802684e-01 -4.993816929286206044e-12 1.315556265627795925e-15 2.202276202993270090e-09 4.576327868818875915e-10 1.266513351227841554e-10 9.312501691203240985e-06 8.377876747060166091e-05 9.051635458698950283e-05 7.065062493502503014e-05 5.023352783212098636e-05 5.094005255100753511e-05 4.732066047562211842e-05
7.859429362504220080e+03 7.798255033025903948e+00 7.379967594747299131e+00 -7.858495569989625007e-04 1.158089907231523823e-12 1.300719197979348084e-15 3.225248292094978549e-06 9.684288263718990004e-07 5.835704773079436590e-07 1.202250566540894538e-07 1.922681051375954524e-06 1.174806891277616605e-06 0.000000000000000000e+00 0.000000000000000000e+00 2.446156551540855542e-07 1.991599125864465119e-06
7.909429362504220080e+03 -4.564989712067095695e+01 -4.564802059699534453e+01 -2.179030136235997567e-04 1.007375412148832015e-13 5.001360512985823920e-16 5.921649979612838726e-08 1.826691482919307658e-08 9.480584259577093473e-09 0.000000000000000000e+00 1.586630648803669289e-06 0.000000000000000000e+00 0.000000000000000000e+00 2.206661281186351089e-06 7.435919224958834196e-06 1.107490520000476526e-05
7.959429362504220080e+03 -2.822788147263456082e+01 -2.824483511891130760e+01 -2.396924171909747825e-02 -2.254424313402152366e-14 1.458660460436525487e-15 5.162465536502888824e-08 1.399946731281002524e-08 6.858553687712654276e-09 -2.701664583910197427e-07 2.884287699714389724e-06 2.959871206032490676e-06 5.521037162098957244e-06 9.993853525209757559e-06 1.576860137659203369e-05 2.383759236940223732e-05
8.009429362504220080e+03 -2.066331965103786672e+01 -2.067286802854922811e+01 -1.541263399765189362e-02 -8.323140826216968107e-14 1.530139540486885675e-15 1.384201463012225630e-07 2.966394223287380023e-08 1.100241858910845922e-08 -1.021064275634186573e-07 5.037191933720121035e-07 0.000000000000000000e+00 0.000000000000000000e+00 0.000000000000000000e+00 0.000000000000000000e+00 1.978216709086453332e-07
8.059429362504220080e+03 -4.286409306307243128e+01 -4.286001877111304736e+01 -4.911738433049962077e-02 -1.211526154255799154e-13 2.178406071040932483e-15 4.529213953213706925e-07 8.873687305623368190e-08 4.023734485027043495e-08 -2.374314537317694110e-08 2.404920314829315687e-09 5.840871530259696399e-07 2.368161807566645231e-07 0.000000000000000000e+00 0.000000000000000000e+00 0.000000000000000000e+00
8.109429362504220080e+03 -4.639983834734623969e+01 -4.639565573201689830e+01 -8.008717447072660756e-02 -1.135790393589113497e-13 1.503207377067728978e-15 2.322991545966289857e-06 4.449674057773099630e-07 2.972645794283124702e-07 -3.965711359816534268e-07 1.742198881347228333e-06 1.700371082595873258e-06 1.851338675812095979e-06 2.115320240712240401e-06 1.732397425662102154e-06 1.857837263246107530e-06
8.159429362504220080e+03 -4.359660745818872840e+01 -4.359543990613424569e+01 -4.799388064800248072e-02 -1.334344582735133336e-13 1.706416197846757342e-15 2.922544121129363289e-08 1.412670561756099990e-08 0.000000000000000000e+00 -1.444796425481157141e-07 5.156005549817287444e-07 1.264874857639776174e-06 1.744256347488391058e-06 1.419769440123830970e-06 1.566998445971707264e-06 1.688451464218277345e-06
8.209429362504219171e+03 -3.774507969045678379e+01 -3.774683893383905087e+01 -1.198574331715519399e-05 1.048939826872467075e-13 5.671253505670836780e-07 5.764403167382395328e-07 2.618539810885446096e-07 4.279065913361502596e-07 -5.263054812234511276e-07 1.774203024981233092e-06 2.439808000463366547e-06 3.947567452658327770e-06 3.247448006976123626e-06 3.677450771985298564e-06 2.130035590840262267e-06
8.259429362504219171e+03 -1.078489767692319390e+02 -1.074294763974050824e+02 -9.579407655489176408e-05 4.920090986886083165e-11 1.334047098523386107e-04 1.477351289231446252e-05 1.774830040318883906e-05 1.998752170016307418e-04 1.365676223233358577e-04 1.628866138900213895e-04 1.732905070467233093e-04 1.866477830281337781e-04 1.896973482193602036e-04 1.577241720992716924e-04 9.131286855949176731e-05
8.309429362504219171e+03 -4.448411495939298987e+01 -4.448933198843530334e+01 -3.762654457742712218e-06 1.636686176734562989e-13 1.137801705190090402e-04 9.612351671106764470e-06 7.043789377741976418e-06 1.267786469102637995e-04 7.534760533191890372e-05 9.468789809274959246e-05 8.379786361316722326e-05 8.711421975192736847e-05 9.803640737212787365e-05 7.507388914219414783e-05 3.804884908016095658e-05
8.359429362504219171e+03 -1.095107179178682344e+02 -1.091768818497756257e+02 -8.128603229044004363e-06 4.839558311604351880e-13 5.395805479339991383e-05 4.948255119268052949e-06 1.950629209928341738e-06 3.666008712097530822e-05 1.743515042813787718e-05 5.434952054467744200e-05 5.842179647859135476e-05 6.308347481710652334e-05 7.952105578547064371e-05 6.516069603613422576e-05 3.590178711409724229e-05
8.409429362504219171e+03 -3.594041820448309466e+01 -3.594374875012483272e+01 -1.163237749850798610e-06 8.770531413055053865e-15 3.697148833954204152e-07 2.718403819363325968e-08 1.322662011542027410e-08 0.000000000000000000e+00 3.821083833225950481e-08 2.380541987036248949e-07 4.866842687118335038e-07 7.031387680284571433e-07 8.908849327436528850e-07 7.787918635142558136e-07 4.684055297084445707e-07
8.459429362504219171e+03 -3.688348134718311400e+01 -3.688314489009999875e+01 -4.941924298532293938e-08 2.860435676219964103e-16 1.232665635984124417e-06 8.760683942249321469e-08 4.713893517267074861e-08 1.907485013129917230e-07 1.402769701102578318e-07 1.830432735036263527e-06 1.945902715472132859e-06 2.095925756035204766e-06 2.545111150590326901e-06 2.050344434199996885e-06 9.915727559357258920e-07
8.509429362504219171e+03 -3.523451465456676601e+01 -3.523019858299971929e+01 0.000000000000000000e+00 0.000000000000000000e+00 2.664318095140601695e-06 2.313579646292271347e-07 1.362608000519018851e-07 1.943556489753490325e-07 2.862931268115463847e-08 2.327195864830060187e-05 2.815466792182482795e-05 2.860709347412081392e-05 6.066566525353818623e-05 6.153116689490732228e-05 2.393425785168672710e-05
8.559429362504219171e+03 -3.437309462126558657e+01 -3.437713511818940049e+01 -1.545788414347869712e-08 2.755472667385558849e-17 4.029968632697000636e-06 3.889545788322661808e-07 2.498496964916892715e-07 9.109221353213489171e-07 -1.481244084205601246e-07 4.488960335596575821e-06 4.842639601063317400e-06 4.416706211480468615e-06 3.888961869632447329e-06 3.723390166177783650e-06 1.554433692132578155e-06
8.609429362504219171e+03 -3.303214962947868116e+01 -3.303723314907095698e+01 -8.355284082502051881e-09 4.832327818423864388e-17 1.217812213479626647e-08 1.699450257595769895e-08 1.418991738806117498e-08 3.051901789336459681e-06 8.593156418500533458e-08 2.444586380436390738e-07 8.012491230623023965e-07 1.915608349617745819e-06 2.517455440659881620e-06 4.056603013890610323e-06 2.248239819915385593e-06
8.659429362504219171e+03 -3.490935093278223178e+01 -3.489782567905031385e+01 -9.786998961979021895e-09 3.190777252806208518e-17 3.995132932342010261e-08 3.858172398032936612e-08 3.951636099571464248e-08 2.158971513486084149e-06 5.318602736248406776e-07 2.255579751088513055e-05 2.196971008418427504e-05 2.196996021543611686e-05 2.270246036410688932e-05 2.459375650710542659e-05 1.067658721391597854e-05
8.709429362504219171e+03 -3.341995829014678776e+01 -3.341599984216944819e+01 -2.157000926448398982e-08 4.221063614558481594e-16 3.099155170614933235e-07 2.726987499737157589e-08 3.525533996362128113e-08 0.000000000000000000e+00 2.261291507009964081e-08 3.665127927931455499e-06 4.141232313811228076e-06 4.016456835938558895e-06 6.748049245298122814e-06 7.060761906407390557e-06 2.853430810748378413e-06
8.759429362504219171e+03 -1.787569338472741620e+01 -1.792137774976838571e+01 -7.030706189555469207e-09 1.037339991902622790e-16 7.635995939798674668e-05 5.749478091516171721e-06 3.832375726606165758e-06 8.442995191248611146e-04 -5.866127340328930963e-06 2.918240705856369819e-05 1.507448618492337360e-05 5.330243088735671661e-06 7.662090941135175812e-07 1.809221594683763364e-05 1.102902265091015849e-05
8.809429362504219171e+03 8.649059375994025345e+01 8.248074450587314743e+01 -9.153262724363667649e-06 4.220401402495497856e-13 3.789262272586617830e-04 1.086320090055537145e-05 3.281027978794005366e-06 -2.643125515923773352e-06 3.485848457240241371e-07 1.647643148042392432e-03 1.649634547827498075e-03 1.704969282535813728e-03 1.401863130465777442e-03 1.679912628932773034e-03 7.289464522204243662e-04
8.859429362504219171e+03 3.417643632383835950e+01 3.259852691748127995e+01 -1.209542354914857385e-05 2.588789129439194023e-13 1.144143994073268389e-04 3.518987545485219994e-06 2.578550694431913688e-07 -4.714019710166517170e-06 4.007493792436132095e-08 4.358647540781098069e-03 4.320248788741750355e-03 4.372785873822961598e-03 4.673220412471389140e-03 5.024647733388715350e-03 1.944588613641854476e-03
8.909429362504219171e+03 -5.953207385551131381e+00 -5.970848508961384304e+00 -1.469742950147700720e-07 1.479690364042110384e-15 2.258605434628934577e-04 1.270044834449098055e-05 5.413483043586957761e-06 3.336568741228462115e-03 1.381972822539230495e-03 3.489786854954502523e-03 3.603078995773446782e-03 3.652152945353624031e-03 4.305431344973038171e-03 4.247428583149021400e-03 1.794481135217652077e-03
8.959429362504219171e+03 -2.324306008385984512e+01 -2.328486348465411027e+01 -5.154097266608850092e-08 5.763544765832258611e-16 5.843428161265112712e-04 1.997017562444220151e-05 8.946012046217446332e-06 9.199242811476413678e-03 4.939679837599336883e-03 7.881638794148014548e-03 7.919793734761501267e-03 7.856267901243840085e-03 6.634009486329546686e-03 7.378560611432549710e-03 3.389017580012838350e-03
9.009429362504219171e+03 -2.952467274110954421e+01 -2.953191550151272793e+01 -7.394054651299098023e-08 4.941445420025614210e-16 3.760808687528401512e-05 2.413898554630837030e-06 1.445947898640089774e-06 8.561149969028488196e-03 6.914297922987097363e-04 2.726197096010647431e-03 2.956996340046790569e-03 2.811492792687280903e-03 4.940820480280521364e-03 4.753393889856822631e-03 2.095361611134008862e-03
9.059429362504219171e+03 -3.127419766199844275e+01 -3.128342288562569706e+01 -8.871933215330221192e-09 1.337415394869526733e-16 8.696142716629223533e-09 0.000000000000000000e+00 6.111943067618910269e-09 9.030468081605519208e-06 2.694006895486415363e-04 4.873791393709799719e-03 4.873660841240556527e-03 4.801524107193602675e-03 7.372772251245698384e-03 6.166040286262457551e-03 2.676937996819441553e-03
9.109429362504219171e+03 -4.089078509618337876e+01 -4.085308709367762958e+01 -3.498647001125670657e-07 2.289109714155787375e-15 7.702706465655332225e-09 1.661253811434209836e-10 1.423356004777443306e-10 0.000000000000000000e+00 2.374285819715940045e-09 6.387380417065520802e-04 6.509982776901998992e-04 6.420012658233464160e-04 8.730104446918305781e-04 8.883285459174962906e-04 3.633065010919520380e-04
9.159429362504219171e+03 -3.975038120333894653e+01 -3.974022934953053010e+01 -7.141285224570765426e-07 1.494135447156930199e-15 9.324343914348059924e-09 0.000000000000000000e+00 1.415392795179432931e-11 0.000000000000000000e+00 5.087359757189975914e-10 4.731953802880987123e-05 4.784852312598953452e-05 4.665245241328179791e-05 6.124562829755729248e-05 6.550226279594216353e-05 2.775321962332073349e-05
9.209429362504219171e+03 -3.646757810417738455e+01 -3.647223250538634431e+01 -1.524506357806767599e-06 1.827792360121323686e-15 3.493071912030163113e-08 8.102941082710533135e-09 3.210999328816698994e-09 0.000000000000000000e+00 1.462792262219183051e-12 5.784014398752554834e-06 5.902924396227813573e-06 5.663525256623345305e-06 7.272182044430677393e-06 7.863855293878792163e-06 3.348528429665245595e-06
9.259429362504219171e+03 -2.848190653581570331e+01 -2.848198038288441580e+01 -5.092664691683517782e-06 1.634193907875269832e-06 1.060047567160528078e-06 1.417405966907275111e-07 6.495909048353662122e-08 0.000000000000000000e+00 -8.020098179004514416e-07 1.773948519891470820e-04 1.807369890540228984e-04 1.724589191418442950e-04 2.157469050173549798e-04 2.369125048449161270e-04 1.011037444101698019e-04
9.309429362504219171e+03 6.401130889308740635e+00 6.402571529578397147e+00 -3.946560708785600425e-07 3.862069910303465492e-07 2.600070580969748223e-07 3.687294112006084521e-08 2.534529691095479621e-08 0.000000000000000000e+00 2.595865480069720239e-10 2.473052983106485404e-05 2.515626320766611949e-05 2.407483102988172666e-05 2.968636166386299827e-05 3.253654147484132521e-05 1.376389711372760772e-05
9.359429362504219171e+03 1.792490998911535627e+01 1.792538614665838992e+01 -6.538807032881209422e-08 2.269533103437377957e-07 1.450664349818855650e-07 2.021761435331042456e-08 1.511437596101040471e-08 0.000000000000000000e+00 0.000000000000000000e+00 4.221702773884815234e-06 4.245274529305206373e-06 4.096315954807698560e-06 5.119920500801771031e-06 5.641401630991485187e-06 2.415553943210762666e-06
9.409429362504219171e+03 3.792610706145954858e+00 3.792744057125965629e+00 0.000000000000000000e+00 0.000000000000000000e+00 1.591550485931249549e-08 4.203539843540073136e-09 1.322897942131212833e-09 0.000000000000000000e+00 -4.011343883573575509e-08 1.208585916748623290e-06 1.171447483954021784e-06 1.133825947379281499e-06 1.389406363618140598e-06 1.601864381915394788e-06 7.027419338235106592e-07
9.459429362504219171e+03 1.014169285505296081e+01 1.014222853049007789e+01 -1.679339058146494612e-08 2.941920021898610575e-08 4.005778068030142991e-08 6.247115993234199635e-09 2.774657214372471953e-09 0.000000000000000000e+00 -2.155665272553578933e-08 6.753158709249813545e-07 6.988054334515380163e-07 7.138657744507539781e-07 8.563530506033409476e-07 8.609463600436995095e-07 3.331471783509716709e-07
9.509429362504219171e+03 5.993718856771684145e+00 5.993266710159045552e+00 -2.159643053011468659e-06 2.797078117450863781e-06 1.434934707356997097e-06 1.087462185034816346e-07 3.364212021222023666e-08 0.000000000000000000e+00 -1.572034030999542471e-09 1.676088786326134220e-07 2.218306935024049610e-07 2.888247575573164573e-07 4.275079991245378136e-07 6.162755524719462922e-07 2.990345430259852376e-07
9.559429362504219171e+03 3.878519607471832220e+00 3.877750140106396515e+00 0.000000000000000000e+00 0.000000000000000000e+00 2.323354626574745744e-08 4.344340165170183854e-09 1.605864402667455883e-09 0.000000000000000000e+00 -2.547563077645030351e-09 1.293769820913126352e-07 3.469173160995257529e-08 0.000000000000000000e+00 1.258682458397381320e-08 2.422306609856569278e-08 2.307606258385206239e-08
9.609429362504219171e+03 7.515595652978152685e+00 7.515213154322275990e+00 0.000000000000000000e+00 0.000000000000000000e+00 6.679222867004130682e-09 1.782272995935158383e-09 8.200442207966035444e-10 0.000000000000000000e+00 0.000000000000000000e+00 2.024250005661153740e-06 2.185991125654302677e-06 2.145372747159909827e-06 1.971287271343203528e-06 2.037414278246124572e-06 8.642398140647051929e-07
9.659429362504219171e+03 5.573686251637964162e+00 5.573229042297139557e+00 -6.250057314669114062e-09 5.079478666356759496e-09 0.000000000000000000e+00 0.000000000000000000e+00 5.261375082551899634e-10 0.000000000000000000e+00 0.000000000000000000e+00 9.213536699558257602e-06 8.655629607239195448e-06 9.782152822523804627e-06 1.411081210386707632e-05 1.536429867949943136e-05 6.892912925425530594e-06
9.709429362504219171e+03 2.009008069675679664e+01 2.009083168340105630e+01 0.000000000000000000e+00 0.000000000000000000e+00 0.000000000000000000e+00 2.985288982102920325e-09 1.896858575057383136e-09 2.571818213059723009e-07 3.571148446274022358e-08 5.930039964702068019e-07 7.104969778270448312e-07 4.700699003450543636e-07 1.340512917990437767e-07 0.000000000000000000e+00 0.000000000000000000e+00
9.759429362504219171e+03 1.196453815624112949e+01 1.196476413068875999e+01 -3.450190550167949577e-08 5.035982287219624981e-08 1.598603017877922207e-08 1.082946942271992468e-09 9.483350545131513219e-10 0.000000000000000000e+00 2.811578771150837056e-07 1.657008892293518982e-05 1.696643926202215860e-05 1.964483301767545897e-05 2.905445889796659981e-05 2.780808945336577800e-05 1.170255458044265558e-05
9.809429362504219171e+03 7.011744776195098616e+00 7.011695523079011672e+00 -2.567537908310804614e-07 4.236196336794233610e-07 3.651917761989778729e-07 5.571119858243042785e-08 1.649384485323420307e-08 1.565488053316818880e-05 1.184411865668812972e-06 2.871159215795643988e-06 1.930836608555704039e-06 2.546778198112142735e-06 3.855280410778960345e-06 5.618599401028254190e-06 2.757039617371018705e-06
9.859429362504219171e+03 2.645558536187274434e+00 2.645815859135499437e+00 -1.118232205259612263e-09 1.889900089977745580e-10 4.052147463890140433e-09 1.153253412960235616e-09 7.975927362338434016e-10 6.441139526306146572e-07 6.334024249785331703e-06 1.822331077469876168e-04 1.747095354487261535e-04 1.921369914588520885e-04 2.478750176492438228e-04 2.798574968030799579e-04 1.223693457542419623e-04
9.909429362504219171e+03 8.453732053126143953e+00 8.454279703542413316e+00 0.000000000000000000e+00 0.000000000000000000e+00 3.654419754775249471e-10 4.367798840394552491e-10 4.741109922369759580e-10 3.315447372077582237e-07 8.004904457064022536e-07 4.202841976696791444e-05 4.225643010622390781e-05 4.390451001739594953e-05 5.169965667427009004e-05 5.970730549014688089e-05 2.655526709731063754e-05
9.959429362504219171e+03 1.656106169824375129e+01 1.656122562320177494e+01 -5.432904219319366744e-10 2.956603420263496254e-10 2.798575796878037636e-10 9.055600438979662615e-11 3.862927968941153469e-10 4.073495461672147318e-07 9.333105235669922897e-07 8.768699771457913336e-06 8.988092602424429178e-06 9.539874570855031268e-06 1.126003156682472986e-05 1.305676836975825289e-05 5.894456043955767369e-06
1.000942936250421917e+04 2.324705205280492848e+01 2.324704579369335633e+01 -1.060136574816985177e-03 -4.735161055520944605e-07 6.378912581362921677e-07 1.477859443179143211e-08 3.018141186789701059e-07 -2.625857903021171723e-04 1.287686247987330883e-03 1.544486552892186757e-03 1.466684906535182208e-03 1.337157599418582971e-03 1.163558953614853399e-03 1.368499718394463943e-03 6.367690232639570871e-04
1.005942936250421917e+04 1.707264888919120693e+01 1.707206391562361958e+01 -2.685178181261840269e-01 0.000000000000000000e+00 0.000000000000000000e+00 2.300922975361537659e-12 0.000000000000000000e+00 1.764330791664707181e-07 7.849392062092741718e-08 2.397295587532632197e-06 2.840256084436208077e-06 2.902186462718583948e-06 7.135871247104059664e-05 7.582040530803237804e-05 3.619447102674568312e-05
1.010942936250421917e+04 3.293657072088953441e+01 3.293665197200073180e+01 -6.280747761519475669e-02 -6.865593781783398767e-11 5.931160770420793950e-11 1.341385674206643370e-11 2.237200668189663311e-11 6.243647836845195117e-08 2.754955942125992846e-08 1.453568782365578561e-07 1.633345557348708563e-07 1.229787193009426720e-07 6.006702365243956100e-07 4.997725986109360480e-07 2.807372506780072991e-07
1.015942936250421917e+04 4.215318898420519389e+01 4.215401471606348593e+01 3.186681748513112034e+00 0.000000000000000000e+00 0.000000000000000000e+00 0.000000000000000000e+00 0.000000000000000000e+00 0.000000000000000000e+00 2.959642196579814761e-09 6.057650925523257942e-08 6.862996594239147164e-08 1.486242905549403730e-08 0.000000000000000000e+00 0.000000000000000000e+00 1.391421096246392203e-07
1.020942936250421917e+04 -1.787140439933701686e+01 -1.786731435502333198e+01 7.434559121528233616e-01 6.998776315603483233e-01 -7.961504903752454274e-03 3.311857096872369583e-03 8.670744569330846984e-04 -5.111636565380900378e-09 1.307621985821170970e-10 5.493552571732320845e-03 6.006476614213045184e-03 2.605544074671640835e-03 2.086988490269289700e-03 1.936240726540705732e-03 1.537445666444530986e-03
1.025942936250421917e+04 -4.621647127281306583e-02 7.370670417925960505e-03 7.355975719838113436e-03 7.146903009181104251e-03 6.850920488379270111e-03 5.755450400261444277e-03 -4.608174576030768521e-01 -3.809656662811793937e-01 -3.955385083998539941e-01 -4.796269528701880835e-01 -4.670227439916787016e-01 -6.347263852461142164e-02 -2.399379585948105409e-02 -3.171722641184950009e-02 -5.007777048849404444e-02
1.030942936250421917e+04 -3.310825626784082848e-02 4.050739359592537420e-03 4.037832722507106106e-03 3.975287643968164475e-03 2.209088777629562416e-03 -2.630599665280016985e+00 -1.729000902982825938e+00 -1.758517085047313522e+00 -1.794849061758871711e+00 -1.767592595758969098e+00 -1.773252693442691985e+00 -1.500747276493760829e+00 -1.714223527443523576e+00 -1.773945160708887414e+00 -1.221434886422089416e+00
1.035942936250421917e+04 -1.077395476520796702e+00 -9.885906725832318553e-01 -8.349973109923917169e-01 -1.282257423104758987e+00 -1.693841002746535818e+00 -1.564585496489199645e+00 -1.686292928165223248e+00 -1.969196175492379686e+00 -1.991763296479515111e+00 -1.936473877371627239e+00 -1.896857009155400897e+00 -1.699729254201398199e+00 -1.913697265878771425e+00 -1.979809257492996410e+00 -1.279482102881997152e+00
1.041135807344171917e+04 -5.395469744487820130e+00 -5.404922330304688494e+00 -5.382484564751748302e+00 -5.382193455142883387e+00 -5.786759836480220187e+00 -5.870123820241280654e+00 -6.340081394744975896e+00 -7.746602188094652952e+00 -7.811338703420633856e+00 -7.074305124522478394e+00 -6.995187787170172200e+00 -6.767746567162964411e+00 -7.848116652460080722e+00 -7.925252643211677217e+00 -5.128365390151405911e+00
1.046135807344171917e+04 -6.486236854211100411e-01 -7.263514134141341172e-01 -8.024031518076956138e-01 -9.032063243144571318e-01 -1.159474664922998111e+00 -1.070270516028366314e+00 -1.141430919737016936e+00 -1.321890923554639885e+00 -1.311655949704115143e+00 -1.355998075980001882e+00 -1.377317019024531408e+00 -1.221667979412095040e+00 -1.462570349914633194e+00 -1.525848113041294196e+00 -1.049797155779369051e+00
1.051135807344171917e+04 -4.059032490022849299e-02 -4.198809675873852593e-02 -5.394006687447319703e-02 -8.744656243626088010e-02 -2.411404187662668508e-01 -3.137486879847537491e-01 -3.247212530546954024e-01 -3.217338438291348912e-01 -3.043932803114448027e-01 -3.253537898644254245e-01 -3.348073777689249408e-01 -2.389057612345884818e-01 -2.771623144279237172e-01 -3.066567183986269596e-01 -2.476294822199100465e-01
1.056135807344171917e+04 -1.236321933621354480e-02 -1.259552979285389132e-02 -1.456072489405652211e-02 -1.780652128964352321e-02 -3.962988812097419794e-02 -6.796224724154970032e-02 -7.694781212256569802e-02 -8.636492876736780178e-02 -7.867128799951689233e-02 -8.697273030117362580e-02 -8.753518055268137699e-02 -4.026263773618213304e-02 -4.317104578654665237e-02 -5.536518008410023367e-02 -5.454434002664151210e-02
1.061135807344171917e+04 -1.247427747014102049e-02 -1.036106929701476054e-02 -1.401848135380486145e-02 -1.501105789765067033e-02 -1.747298241339930586e-02 -4.986554759866691083e-02 -5.369040445453768240e-02 -5.279143810050840324e-02 -6.238229010381615008e-02 -4.146721199850549738e-02 -3.631795912446891123e-02 -3.232631959054881737e-02 -4.262284399892871112e-02 -4.198803276755806724e-02 -2.949241192999669733e-02
1.066135807344171917e+04 2.653241905122316613e-01 4.327817018200170313e-02 3.046050275987806713e-02 1.820922944775954164e-02 -3.615821217866610135e-03 -7.427011715907174544e-03 -1.049169966674940238e-02 -1.045607744357042804e-02 -1.152549880061503294e-02 -9.336112978710274860e-03 -1.098387762926737038e-02 -4.268063671007535885e-03 -2.291508860376936622e-03 -2.252239870672342013e-03 -5.730110392421468649e-03
1.071135807344171917e+04 -2.378877982388523382e-01 5.968222651174514004e-01 4.515908411895773189e-01 -3.142894823447994090e-05 8.855149779488911716e-05 -8.999799761967609835e-03 -1.169260536668619010e-02 -7.894845644257743669e-03 -9.911167848589346602e-03 -5.971462216102802617e-03 -6.710296516098506088e-03 -2.709637369497245284e-03 -3.551694118459058089e-05 7.695275256047623977e-04 -9.822842863767021482e-03
1.076135807344171917e+04 1.035374509623572026e+00 6.551103948340761263e-02 -7.395035204963662512e-01 -2.045118853692205549e-07 3.915335241442321195e-07 -2.082927211593764254e-03 -3.917009289725255014e-03 -3.514549904772010843e-03 -5.117165394058779439e-03 -3.239563721695972072e-03 -3.332456982048047616e-03 -7.283164747131747052e-04 9.313350530776477862e-05 1.171687049454815926e-03 1.160572603448261535e-03
1.081135807344171917e+04 3.927938035782371884e+00 4.714756034815323904e-01 -7.231784968391178348e-01 0.000000000000000000e+00 0.000000000000000000e+00 -2.405747366798896341e-04 -1.762866354059753932e-04 -5.732283321985788066e-05 -4.993380494945093978e-04 3.465883770298774209e-04 2.153305245273286217e-04 -1.939527321785402387e-04 2.734542637266886684e-04 6.138837127854303603e-04 6.242755377099118430e-04
1.082635807344171917e+04 6.653819771593094679e+00 3.063139897274936185e+00 1.167562404578812663e+00 -9.296569043336384418e-05 2.281367109879784924e-04 -3.061961793347330382e-05 2.137299179170979555e-05 3.055395206165051640e-04 3.511655748464370832e-05 7.883167774192749574e-04 7.834663993317457541e-04 -3.724699376890301292e-05 3.840981267531903354e-04 7.334841524909740170e-04 7.265358543122805816e-04
1.082637067109796953e+04 -3.842877224760667332e+01 -1.636860454167292644e+01 -2.300139281707393873e-02 -1.095128918594468539e-04 -8.201389761751742640e-05 -4.895091603086691766e-04 -3.685940510323394616e-03 -1.684318232915513452e-03 -2.072341512912858567e-03 -1.199698139158598617e-03 -1.432947370352904981e-03 -6.559083872525323100e-04 -2.047429526798135899e-04 1.910368891506255824e-04 2.240239507903171441e-04
1.082637067109796953e+04 -3.842877224760667332e+01 -1.636860454167292644e+01 -2.300139281707393873e-02 -1.095128918594468539e-04 -8.201389761751742640e-05 -4.895091603086691766e-04 -3.685940510323394616e-03 -1.684318232915513452e-03 -2.072341512912858567e-03 -1.199698139158598617e-03 -1.432947370352904981e-03 -6.559083872525323100e-04 -2.047429526798135899e-04 1.910368891506255824e-04 2.240239507903171441e-04
1.087639078809913008e+04 -2.005790172505630574e-05 -1.501653436782455436e-05 -9.268555188803888800e-05 -6.051685539277480751e-04 -1.083802163831473807e-03 -2.845585004621840972e-03 -7.559694150580868570e-03 -4.596206652526630201e-03 -3.572461195583778205e-03 1.927488438478948234e-03 1.822544717343145765e-03 1.204086320335849498e-04 -1.399789200470216840e-03 2.690272126733410721e-03 2.074832892088793873e-03
1.092639088556911520e+04 -2.999042496273448912e-06 9.719923738137950460e-09 3.280561715175988073e-05 1.560297726256761584e-04 3.730109624859673993e-04 -3.383090394614091459e-04 -5.268446547133749311e-03 -3.250740329738979403e-03 -2.361184208909598934e-03 2.811050270390037884e-03 2.699007857489348853e-03 1.393351107901632862e-03 1.291520103840503356e-04 3.202936726455129970e-03 2.467428651255106076e-03
1.097312682755692185e+04 -6.389048799917754941e-06 -5.111990666002819936e-06 -1.262175787291771750e-05 3.228111273973251888e-05 -5.458230967091662507e-04 -1.403938404066363242e-03 -5.402557450241619701e-03 -3.810580718834877950e-03 -3.125508124125541808e-03 2.493087135813700297e-03 2.375146864898298234e-03 1.316749218395383680e-03 -2.066579948354120577e-04 2.622829826434400213e-03 1.682819481160997875e-03
1.097322682755692222e+04 -7.688016025626475650e-06 -1.571967857853361766e-05 -3.357492560721924899e-05 1.780415207277503465e-05 -5.683797353445105846e-04 -1.471140806337116773e-03 -5.567732311464042641e-03 -3.969661331383555342e-03 -3.278996368933333270e-03 2.363895043442897689e-03 2.266647902261588899e-03 1.214238441580418795e-03 -3.231753102320290665e-04 2.540963521552548794e-03 1.631980654574023129e-03
1.197887609513521602e+04 -1.694043335470288556e-08 3.222654430088616188e-09 -6.650187867754150765e-04 -1.064689657584510238e-03 -1.628554674014076912e-03 -1.237972501922175858e-03 2.879282555498374665e-03 3.510312246507545954e-03 3.707064195743340305e-03 1.697384927675856837e-03 1.980027623984867337e-03 1.489855092031356710e-03 1.164393495547489006e-03 1.493003863742274877e-03 1.267513250308040631e-03
1.287887609513521602e+04 -8.049295191050295816e-09 1.326361486198433185e-09 -3.446694446486558023e-05 -5.660876115987234372e-04 -4.343332171939495289e-04 -2.437813930609314048e-03 2.105778174839593314e-03 2.299349628617695668e-03 9.329893097437375570e-04 1.720783100184503252e-04 7.996391294209693763e-04 3.177343127888846005e-04 -1.955879228875000056e-04 9.082845741881204237e-04 8.899398133387284712e-04
1.377887609513521602e+04 -6.719960406661476765e-05 -4.779194485748954117e-05 -1.674512502408516228e-03 -2.345891587376214196e-03 -3.180505637547563925e-03 -2.524587733193422306e-02 -2.062203911683417254e-02 -1.615345625376638991e-02 -1.657637997091083309e-02 -2.759789353413697952e-02 -2.798811617555409248e-02 -9.324424171554381371e-03 -3.013003654749499619e-03 -5.331679687492030077e-04 -1.786809374428236343e-03
1.467887609513521602e+04 -8.274036964772776446e-04 -8.722913771879402516e-04 -2.696055020404742285e-03 -3.271448005110987305e-03 -3.630415149342604373e-03 -6.158882302668206021e-02 -5.569572347681929492e-02 -5.633929551851540873e-02 -4.193216143383377698e-02 -1.699446495309549568e-02 -2.356817489665303036e-02 1.071752361638528966e-02 2.721941914718516153e-02 1.230016411632401524e-02 -7.856220092628761129e-03
1.557887609513521602e+04 -5.284841391487494649e-08 3.030126746130890041e-10 -3.492610712679317846e-04 -5.545762443808579818e-04 -7.940087274839946127e-04 -1.423369731574698673e-03 7.503209554816112157e-05 4.724595469762824613e-04 2.211074799857863041e-03 2.248870086758775113e-03 2.590191925030385992e-03 2.723416187406114269e-03 6.611691528311415718e-03 4.118839990970053419e-03 2.422221926381417766e-03
1.561165533963521375e+04 -8.921126375764806673e-08 7.645857120755229852e-10 -1.116859979152399902e-05 -1.115842490247171359e-06 9.227067539776522765e-06 -8.474422182238632723e-03 -1.854237480413634467e-02 -1.979025292444468870e-02 -1.867285480227949893e-02 -1.784694611631146982e-02 -2.116394173580200821e-02 -2.422471545982100068e-03 1.585498178006799477e-03 1.933733081103384405e-03 1.568631238699131009e-03
1.561166783963521448e+04 -6.602210179586432089e-06 -2.063135578139194191e-04 -1.355675088053817689e-03 -8.722308780627237561e-04 -1.361548494332150703e-03 -1.362892696938614902e-02 -5.676452650585286919e-02 -6.192092393230073238e-02 -7.153589019326730969e-02 -1.108823854882921289e-01 -9.982293766172756211e-02 -2.699897320613115978e-02 -2.888273569145700936e-02 -2.853222342185933805e-02 -2.286874948445893549e-02
1.561176783963521484e+04 -3.058961737798046773e-06 1.199902995930910441e-07 1.791309007787541055e-04 2.696714641359959945e-04 5.995224853348233391e-04 -5.401305602192886177e-03 -2.226180754164834574e-02 -2.271881996078857491e-02 -2.055296426622330030e-02 -2.396867375910216591e-02 -2.339046779879093776e-02 -2.997309399918640822e-03 1.304829913686395395e-03 1.350821216941395066e-03 8.120847596555834727e-04
1.647741710721322670e+04 0.000000000000000000e+00 0.000000000000000000e+00 8.412479993864818238e-09 0.000000000000000000e+00 3.338988238845828731e-03 4.212463473021186081e-03 6.688910143773442972e-03 6.475591320910582989e-03 5.630898078796135048e-03 3.236688741470324961e-03 3.974584722067739558e-03 1.943154219424166442e-03 4.080802111847974152e-04 5.253776235060903833e-03 4.588599729740325088e-03
1.737741710721322670e+04 0.000000000000000000e+00 0.000000000000000000e+00 0.000000000000000000e+00 2.969798765031477118e-07 5.635088944678894908e-03 5.746024505467618032e-03 7.983013524764387067e-03 7.706651414694333686e-03 5.906644635337153504e-03 1.373790403720818011e-03 2.461492213702856646e-03 2.616902442370534570e-04 -8.427813568813204419e-05 5.471360793247458153e-04 6.477066403445202016e-04
1.827741710721322670e+04 -1.584269447195442784e-02 -1.613738280466973235e-02 -2.002613769333264071e-02 -2.942584741517074998e-02 -2.859400854075411572e-02 -2.617290539217055970e-03 -2.286136306403085440e-03 2.189567854900680097e-03 6.825877096555257872e-03 -1.457526740929561762e-02 -1.237526337148263204e-02 -1.388672349403554523e-02 -1.276793030353471498e-02 -1.109424827144043710e-02 -4.895525382098625707e-03
1.917839366971322670e+04 -2.050949491193761465e-01 -2.051399833962515851e-01 -1.949093197287196655e-01 -1.846291365956249653e-01 -2.232600731143186967e-01 -1.756178043983386838e-01 -1.879738632891126970e-01 -1.819648920733511477e-01 -1.728890007357162528e-01 -2.071246808441433995e-01 -2.039509277747151017e-01 -1.635926322408261524e-01 -1.640391171226798506e-01 -1.352786335084133484e-01 -1.241211714547968692e-01
2.008086380063363686e+04 -2.430840205791329478e-01 -2.430459422405483461e-01 -2.268833557572840498e-01 -1.789921381619793972e-01 -1.770390662282903538e-01 -1.323584444415125405e-01 -1.236103222801960000e-01 -1.205968042764475612e-01 -1.111659935552146566e-01 -1.508865599420740888e-01 -1.466013071174782356e-01 -1.244117695326542178e-01 -1.340054049579627593e-01 -1.126151824972337900e-01 -1.035816268764911535e-01
2.097380606137562063e+04 -3.885908476299757552e-01 -3.886047918087098818e-01 -3.580617571814774247e-01 -2.788987039831367087e-01 -2.768227205450384809e-01 -2.218027384562744619e-01 -2.063843085683156331e-01 -1.999991648451891479e-01 -1.952190023055264123e-01 -1.982266516191661387e-01 -1.909152166484782420e-01 -1.490307559804431581e-01 -1.509167575450205689e-01 -1.270670170976366253e-01 -1.214616962710271253e-01
2.187509512387562063e+04 -4.645974338198824993e-01 -4.645627635796998889e-01 -4.436619642568206401e-01 -3.614960602324707173e-01 -2.350902235912650240e-01 -1.750771396291418980e-01 -1.544130765461421417e-01 -1.592544238511404975e-01 -1.397118950659113901e-01 -1.933425262368621278e-01 -1.960851362445565627e-01 -1.627358261540101381e-01 -1.730644366167421455e-01 -1.439307654600893993e-01 -1.347472156730155357e-01
2.277509512387562063e+04 -1.552256451422463768e-01 -1.551498399563666086e-01 -1.530235743212770283e-01 -1.368261249345385511e-01 -7.561201361084023131e-02 -3.382678893907337114e-02 -2.276346256603179949e-02 -2.692271220279949737e-02 -1.225659904587574588e-02 -3.644909271907463555e-02 -3.451877650404461262e-02 -3.179526390673964586e-02 -3.905807403901114666e-02 -3.458957746472145905e-02 -2.710100122313221713e-02
2.367509512387562063e+04 -1.968359303518762982e-02 -1.976577211681282420e-02 -2.002716856273792367e-02 -2.290259334928778853e-02 -1.945265357489701571e-02 1.361577850447772894e-02 3.218570658107049350e-03 -7.575894960299492387e-03 -1.003052952536705888e-04 -3.537040563961718620e-02 -3.033109236579353829e-02 -2.847320322460118736e-02 -3.842564950289275444e-02 -3.588720106040163560e-02 -2.775720807877296928e-02
2.457509512387562063e+04 -1.968547335296571832e-01 -1.969327846796488368e-01 -1.874036469709262631e-01 -1.569374265636003796e-01 -1.763438279616735826e-01 -1.392795563878349296e-01 -1.363749618094712845e-01 -1.281438737844089459e-01 -1.318680779370180467e-01 -1.526590851302991325e-01 -1.444223287658521482e-01 -1.237830746919605374e-01 -1.348815708699906413e-01 -1.117436127489459113e-01 -1.015358194266557101e-01
2.525509512387562063e+04 -2.224100243209419236e-01 -2.224061341711112416e-01 -2.112781224477162378e-01 -1.958213278030551396e-01 -1.992307555790663876e-01 -1.527390590590043118e-01 -1.526191066662871687e-01 -1.424729191097737768e-01 -1.133134885149611193e-01 -1.532422521068400878e-01 -1.536557910944688354e-01 -1.271891801712366210e-01 -1.403147360171584923e-01 -1.165698532424428585e-01 -1.084595945199627182e-01
