TIME q_liq_Ch2_mesh1 q_liq_Ch2_mesh2 q_liq_Ch2_mesh3 q_liq_Ch2_mesh4 q_liq_Ch2_mesh5 q_liq_Ch2_mesh6 q_liq_Ch2_mesh7 q_liq_Ch2_mesh8 q_liq_Ch2_mesh9 q_liq_Ch2_mesh10 q_liq_Ch2_mesh11 q_liq_Ch2_mesh12 q_liq_Ch2_mesh13 q_liq_Ch2_mesh14 q_liq_Ch2_mesh15 
0.000000000000000000e+00 6.549345482197704769e+03 6.549345482212361276e+03 6.555887480647572374e+03 6.559135077550636197e+03 6.498967557642761676e+03 6.552028526042443445e+03 6.548617318605501168e+03 6.540268470764701306e+03 6.482852187014337687e+03 6.532149837943343300e+03 6.527989563246565012e+03 6.518793934528392128e+03 6.463416305961536636e+03 6.506507655427861209e+03 6.531683282068443987e+03
5.000040000000043960e+01 2.414070717236207884e+02 2.401895352833199127e+02 2.401481369283447975e+02 2.515951290056997038e+02 2.686541692509568975e+02 2.485217462962272066e+02 2.492687857047743876e+02 2.549583464891474591e+02 2.706615690113184769e+02 2.508024739769766711e+02 2.515858769204637042e+02 2.583975959220518348e+02 2.722392666063534534e+02 2.580673721609580866e+02 2.558421794799562008e+02
1.000003999999985922e+02 -4.680744048399441937e+01 -4.975458932581130256e+01 -3.257284313234922735e+01 -3.443819333335623867e+01 -6.574945703127183094e+01 -5.026366206972791417e+01 -6.542699279420581604e+01 -6.230027954409714397e+01 -6.256948695269576177e+01 -5.997668547429275065e+01 -5.089161744755573125e+01 -4.106522389191784583e+01 -2.926360927946614865e+01 -4.399170253465061364e+01 -2.753487951987152371e+01
1.502405034099261059e+02 -7.753627618999429671e+01 -5.903604449481080962e+01 -4.495343584951942262e+01 1.510243020134596037e+01 9.195874022208805343e+01 1.132663920122546983e+02 7.811322509870259978e+01 9.509670689456442005e+00 -6.104320459076411254e+01 -8.184107054749235033e+01 -4.968518137289390069e+01 -4.545144403992966708e+00 -2.485078421340619403e+00 -9.957797595570331950e+00 -8.658007069445323722e-01
2.004200391960640388e+02 -1.133798130231168066e+01 -7.312313645856676203e+00 1.061578204339801630e+02 2.876217394163807626e+02 2.972435193562320137e+02 3.209636605433503576e+01 -2.171739610227589254e-02 2.837710339884227384e-01 2.016856389882807354e-01 1.478356334087215229e-01 1.192242541821735974e-01 9.856989130449282654e-02 8.438860184655680441e-02 7.495897985086848181e-02 6.828572169355853760e-02
2.553043625042201370e+02 7.235265930798915690e+01 7.156804101300325271e+01 9.306052322639543206e+01 1.612599367698758783e+02 1.912494493589824742e+02 1.862342994099022633e+02 1.547163545519341312e+02 1.341947351955758450e+02 1.217148372402808434e+02 1.534561958192487623e+02 1.641230248101613540e+02 1.115164373998278649e+02 1.413823701552553871e+02 -1.075273213548836360e+01 -3.471721868851902926e+00
3.053043625042201370e+02 1.642620178227562064e+02 1.640481148588876010e+02 1.738656881777484102e+02 2.063852555381816956e+02 1.986022762907275876e+02 1.710185997272500060e+02 1.650188189535284664e+02 1.492071839965111906e+02 1.405120720026289689e+02 1.282869370572385606e+02 1.204668277602680888e+02 1.099886933734608192e+02 1.019308439176269729e+02 9.396105535928249708e+01 8.537643553600808843e+01
3.553043625042201370e+02 1.935527527873874192e+02 1.935281022097630341e+02 1.958221266854539806e+02 2.133795801643907168e+02 2.288060440491211125e+02 2.131522390866538785e+02 1.881469718544923637e+02 1.687751736473013011e+02 1.540527186667374053e+02 1.400107823579786270e+02 1.383076367621404472e+02 1.337739632523547186e+02 1.261060634961051505e+02 1.309052242356223132e+02 1.319527499962138108e+02
4.053043625042201370e+02 6.055768033688836027e+01 6.056553875354586580e+01 6.324115136819412442e+01 7.412674810330710784e+01 1.189416176119651709e+02 1.425602129031397851e+02 1.310615834874951133e+02 1.286890191800697210e+02 1.235376021425901598e+02 1.173151767085123538e+02 1.209035696969116174e+02 1.196054878854868235e+02 1.171405530361729319e+02 1.188493176147113815e+02 1.142035280762674176e+02
4.553043625042201370e+02 8.019414438684481183e+01 8.019499596807840192e+01 8.291953983936210193e+01 9.018895833754763203e+01 1.240766652433883479e+02 1.424158020501060093e+02 1.333401924306815829e+02 1.261710164586022245e+02 1.199136542226228954e+02 1.113433580183647393e+02 1.144214571842267105e+02 1.112643510490408403e+02 1.067154480859366572e+02 1.068905974219675841e+02 1.078704360480599576e+02
5.053043625042201370e+02 7.923174205642730783e+01 7.923172582899417193e+01 8.175676766151079278e+01 8.920799636373368457e+01 1.237610589885154724e+02 1.417909955452719259e+02 1.324534478184544355e+02 1.258198759750158899e+02 1.196698603780563275e+02 1.113073398260750793e+02 1.142245049302888589e+02 1.110706215709101059e+02 1.066883711166247082e+02 1.066435777787149277e+02 1.076799899791191848e+02
5.553043625042200802e+02 7.647872110616098951e+01 7.647825141713047969e+01 7.896630706760504381e+01 8.658515747741290625e+01 1.219566504211621520e+02 1.401431528848264065e+02 1.309131193459931239e+02 1.250904752930166666e+02 1.193086572603544653e+02 1.114275365872058359e+02 1.145621439836314721e+02 1.116771156753068794e+02 1.075660696806559429e+02 1.076181413607797168e+02 1.088536961641967480e+02
6.053043625042200802e+02 7.818116247559844112e+01 7.817945332334755904e+01 8.066283281837156949e+01 8.832067040557747362e+01 1.230060301321059200e+02 1.407688732980263353e+02 1.312177235648312603e+02 1.247873104993819027e+02 1.186707013849783010e+02 1.104385645086848484e+02 1.131068774256051626e+02 1.099084403963828720e+02 1.056668229510343480e+02 1.055113771394949964e+02 1.065027308526738921e+02
6.584293625042200802e+02 7.806822248337439873e+01 7.806638550516689179e+01 8.054812776209760727e+01 8.828462058945058288e+01 1.230330505063902820e+02 1.406026559830501697e+02 1.309081284232476605e+02 1.245366024711054536e+02 1.184233925532413139e+02 1.102703803385688133e+02 1.125790365244263711e+02 1.092838785540130431e+02 1.051457971586461042e+02 1.048351658166654374e+02 1.060100018912670237e+02
7.096793625042200802e+02 7.769992328602748444e+01 7.769790512890971002e+01 8.018307196557297800e+01 8.811193685909411499e+01 1.230868209867827403e+02 1.402189110509928867e+02 1.302017565815447426e+02 1.239421769959274116e+02 1.177484903373960066e+02 1.096801248001085298e+02 1.117289733983590878e+02 1.083711091348596085e+02 1.042610221174217742e+02 1.038059190161510799e+02 1.051063059181049653e+02
7.596793625042200802e+02 7.731871741679798049e+01 7.731988899507101110e+01 7.995875600902101610e+01 8.905332530327031293e+01 1.215140738064611696e+02 1.325249065745467476e+02 1.192537436559966295e+02 1.136794583081537837e+02 1.066196102142348110e+02 9.925883802339498629e+01 1.000112137714563687e+02 9.706261414079000360e+01 9.258188167050423090e+01 9.285011153587940669e+01 9.287404154317133020e+01
8.096793625042200802e+02 8.211046749959096758e+01 8.210739234034457468e+01 8.466882437383185334e+01 9.604436731216399892e+01 1.298497469514823592e+02 1.397822582108624374e+02 1.280615934691178950e+02 1.226400959511260851e+02 1.159476497444758820e+02 1.083554410187286834e+02 1.093761250655939392e+02 1.059067452789909112e+02 1.017525206793566781e+02 1.008887204944122402e+02 1.032082985636170207e+02
8.596793625042200802e+02 7.300196133751259708e+01 7.302506891646693532e+01 7.682502645050861645e+01 9.338498612478963423e+01 1.247467006089510733e+02 1.293948524825285631e+02 1.187870833608148899e+02 1.138140321700068966e+02 1.077550012361880647e+02 1.009138263025758562e+02 1.014143557772480335e+02 9.819549714349646763e+01 9.410129062369725261e+01 9.342808253125589601e+01 9.533854912224794020e+01
9.096793625042200802e+02 7.348531717953760278e+01 7.347489912454298633e+01 7.725587614549984039e+01 9.664350106742590185e+01 1.269889084036538094e+02 1.281514571373654974e+02 1.176494779194007805e+02 1.123556141254956202e+02 1.062910168754343374e+02 9.940599198022368910e+01 9.962356310719493990e+01 9.629003285980182625e+01 9.216456704026917635e+01 9.145965056823820305e+01 9.300387446911780387e+01
9.596793625042200802e+02 7.464338745137165176e+01 7.463920850200494783e+01 7.788931901074417397e+01 9.687084559083190527e+01 1.274281514202798036e+02 1.285499810404081984e+02 1.176887927549224457e+02 1.123243221675760708e+02 1.060730764196566867e+02 9.919874651448397174e+01 9.910230067304904367e+01 9.565476982545574458e+01 9.152960818827966705e+01 9.061109269311349124e+01 9.236865087074700398e+01
1.009679362504220080e+03 7.344738985320280733e+01 7.344333914440768751e+01 7.666682254794687879e+01 9.552899401616245711e+01 1.263619365009539450e+02 1.275858643377585651e+02 1.165337566925898329e+02 1.111792336656716031e+02 1.048375811183703519e+02 9.804718236849396362e+01 9.768796580289091480e+01 9.420410595899282669e+01 9.008522323701760115e+01 8.906439260498353860e+01 9.082654106990450771e+01
1.059679362504220080e+03 7.300001303424301113e+01 7.299611366386747591e+01 7.622904110722204507e+01 9.493369195137135819e+01 1.258885871352552925e+02 1.271086649082406836e+02 1.158698775215604257e+02 1.104879774258212990e+02 1.040592429112686261e+02 9.732216942649904468e+01 9.674982923703105087e+01 9.322869839477546350e+01 8.911356917434278557e+01 8.800453854260420883e+01 8.977191377408639994e+01
1.109679362504220080e+03 7.309833970141177417e+01 7.309760775520885545e+01 7.632319301397383526e+01 9.459285839745557212e+01 1.256647079256471073e+02 1.270264101477364704e+02 1.155948931800719635e+02 1.101600204917632908e+02 1.036386505786963852e+02 9.694370713032834885e+01 9.618391768245051310e+01 9.261823633091206887e+01 8.851233450284695436e+01 8.728418426934176466e+01 8.923621398194548249e+01
1.159679362504220080e+03 7.189002887726118729e+01 7.188787362937374326e+01 7.524017603718510827e+01 9.463443561893446088e+01 1.250404040770117575e+02 1.247238954106650226e+02 1.135913810317087496e+02 1.080876772388533311e+02 1.016923276402075516e+02 9.511288317357032440e+01 9.421677690103749114e+01 9.067594846273516396e+01 8.660063318714853153e+01 8.536651202136872030e+01 8.726304694842912113e+01
1.209679362504220080e+03 7.232343163390461882e+01 7.232091429014505479e+01 7.583056047311043812e+01 9.712489867073536232e+01 1.270957847068910098e+02 1.236802509065002198e+02 1.127216910944814856e+02 1.070726982201649520e+02 1.007287369336103495e+02 9.418655209786393812e+01 9.317086980283588105e+01 8.959672978359897400e+01 8.554742212158740244e+01 8.422925926288921517e+01 8.624333321389899254e+01
1.259679362504220080e+03 7.247184903401404199e+01 7.246895004429893561e+01 7.606969083558607281e+01 9.853556819680272838e+01 1.281997529994502543e+02 1.228414215840409582e+02 1.120189550922348332e+02 1.061856566760816492e+02 9.988414275520717922e+01 9.334774640249851529e+01 9.221934113354487295e+01 8.859861795725791467e+01 8.457501115367745115e+01 8.316831430540305803e+01 8.528389379173600560e+01
1.309679362504220080e+03 7.226941846169577843e+01 7.226635263405316323e+01 7.591459223379926868e+01 9.890742270504131284e+01 1.284276589424040935e+02 1.220982363914112625e+02 1.112791999375614296e+02 1.053498942173820723e+02 9.904011772763617216e+01 9.253719763283547195e+01 9.127613970768578611e+01 8.762887217624138714e+01 8.361762247159410322e+01 8.214176096188175791e+01 8.430174474647435545e+01
1.359679362504220080e+03 7.196661020261473141e+01 7.196348436861225650e+01 7.561754452004880989e+01 9.876984606681371304e+01 1.282697648231615233e+02 1.214885046503296024e+02 1.106111619589938044e+02 1.046251437731214509e+02 9.828582447016310653e+01 9.182540589868683867e+01 9.043082959934972109e+01 8.676591625375512251e+01 8.276241964875841006e+01 8.122703473587478129e+01 8.341071654418385606e+01
1.409679362504220080e+03 7.362941206445664477e+01 7.362727037281212006e+01 7.670986656218390465e+01 1.046207978276339929e+02 1.312634016863516990e+02 1.191561658442213911e+02 1.083917299107669976e+02 1.007335214296154646e+02 9.415850612944679199e+01 8.692701856482074163e+01 8.503420745215485965e+01 8.078884816968594862e+01 7.654838936502092395e+01 7.456212339268341793e+01 7.598538892951597745e+01
1.459679362504220080e+03 7.028849746620103645e+01 7.028569036160743622e+01 7.360391549174964609e+01 1.015187215885080434e+02 1.294100358517644338e+02 1.181311508528092844e+02 1.086615321058629320e+02 1.017218404232359177e+02 9.598007415351264626e+01 8.933037397477664854e+01 8.811829559958064806e+01 8.432110582849419700e+01 8.051225912392824569e+01 7.885899321739140078e+01 8.126695311366931662e+01
1.509679362504220080e+03 7.760779731499191314e+01 7.760280342306164414e+01 8.093357903918554541e+01 1.093914897006638398e+02 1.349591772943887236e+02 1.216760803618522857e+02 1.119233232094138657e+02 1.040387127038751913e+02 9.805982309389158047e+01 9.093244099442679840e+01 8.955661058476748337e+01 8.541734369356900913e+01 8.155062216543720410e+01 7.963048622780041796e+01 8.210447774297874446e+01
1.559679362504220080e+03 6.931251073014523456e+01 6.931000139797798454e+01 7.279209792929239597e+01 1.045095946782883090e+02 1.284002128440036472e+02 1.138126220352844200e+02 1.061257581059249162e+02 9.820087124718411076e+01 9.321280149684112359e+01 8.636447932262180416e+01 8.535367614757618071e+01 8.139001206990234039e+01 7.783846247616554592e+01 7.598750780487003453e+01 7.905586793888058139e+01
1.609679362504220080e+03 6.978191843715342202e+01 6.977915781082297997e+01 7.333602098361036781e+01 1.067696157928625098e+02 1.279086843425982352e+02 1.118117469722082546e+02 1.052077296538845701e+02 9.670607727887367844e+01 9.213933500742729166e+01 8.509955375418878987e+01 8.428598929455758082e+01 8.019754448645366551e+01 7.675032505788875881e+01 7.481521890592796353e+01 7.812372161875632059e+01
1.659679362504220080e+03 6.977898899831154722e+01 6.977585459456099670e+01 7.336523354963352972e+01 1.076350929089262110e+02 1.272306202494596477e+02 1.104406219375807439e+02 1.044391381625611501e+02 9.565880100180555701e+01 9.135560151793288242e+01 8.424314280645964459e+01 8.354154614244740173e+01 7.939556739660471862e+01 7.605013724895799498e+01 7.406012425283128664e+01 7.742906032289857876e+01
1.709679362504220080e+03 6.948720021302247574e+01 6.948398869470180728e+01 7.308815816919268116e+01 1.078507259391527668e+02 1.263173956235703628e+02 1.091321927833440668e+02 1.035218589237694573e+02 9.459001528764758859e+01 9.047330522257490770e+01 8.334571099741364719e+01 8.270310370376589049e+01 7.853500515810733873e+01 7.527138248486635064e+01 7.325184397075219067e+01 7.664646690075082347e+01
1.759679362504220080e+03 6.899559960712893769e+01 6.899253524340478805e+01 7.260559258473574573e+01 1.077578516699009725e+02 1.252254579725488242e+02 1.077550677189057069e+02 1.024767440368257638e+02 9.344292079717565969e+01 8.949304669737855988e+01 8.237229489430447416e+01 8.177397631033858261e+01 7.759818769603484157e+01 7.440998441612120473e+01 7.237424956023447464e+01 7.577031517411420225e+01
1.809679362504220080e+03 7.010947121464978693e+01 7.010597446560007029e+01 7.367782853778072649e+01 1.084030779765022032e+02 1.259075530875648923e+02 1.085297916122185171e+02 1.029816703336125130e+02 9.399479924609219950e+01 8.996713183286996696e+01 8.290518889821281334e+01 8.224472216704464245e+01 7.808704246741962152e+01 7.492896741191609067e+01 7.286073462889228836e+01 7.635310324127102888e+01
1.859679362504220080e+03 6.823288195400964185e+01 6.822990166853223570e+01 7.186107776624825760e+01 1.066449505724202140e+02 1.239195387854530992e+02 1.066708798476105073e+02 1.012773167950225002e+02 9.237214478278693264e+01 8.847495391962347355e+01 8.152282624654814924e+01 8.084965970372580557e+01 7.671034810667437398e+01 7.363413153533565492e+01 7.152372596817848205e+01 7.491520946758117816e+01
1.909679362504220080e+03 6.569391131803234885e+01 6.569184664234070681e+01 6.920293365776413452e+01 1.037498183205885027e+02 1.221198527366758810e+02 1.052047947022669945e+02 9.929733083299321095e+01 9.054443939590792922e+01 8.646319018016320967e+01 7.962416279137681840e+01 7.872467429112744242e+01 7.467568151537636822e+01 7.150295279772076640e+01 6.951818626031760573e+01 7.268609159560755018e+01
1.959679362504220080e+03 6.924026155222396994e+01 6.923694604184468915e+01 7.283450596847036707e+01 1.054780517291686124e+02 1.249495953448474808e+02 1.086960336051044607e+02 1.017975861926722558e+02 9.326305704466493296e+01 8.876678220011515918e+01 8.202170119551516336e+01 8.085316039218807305e+01 7.680246423227231389e+01 7.357152928934313252e+01 7.147880092422430209e+01 7.468965480872225271e+01
2.009679362504220080e+03 6.841343939855502754e+01 6.841059686750334379e+01 7.197544666007462411e+01 1.038187997984232993e+02 1.240493781091430492e+02 1.083326975437076527e+02 1.010555945830626143e+02 9.279084364093901627e+01 8.817504976187714760e+01 8.161847136986958162e+01 8.031004505938369675e+01 7.636564840711892543e+01 7.312163494492459392e+01 7.108495719462617046e+01 7.423494929637033124e+01
2.059679362504220080e+03 6.562750912686590254e+01 6.562964714699825208e+01 6.818923951764186597e+01 1.023903094210941873e+02 1.194331854088678853e+02 1.008956698156538323e+02 9.344919924914330522e+01 8.414753284100925157e+01 7.954707845472846373e+01 7.274183620213466384e+01 7.120434864126346497e+01 6.743218798341013098e+01 6.398977087050451473e+01 6.280607764507733037e+01 6.481290458861825243e+01
2.109679362504220080e+03 6.299153527247262474e+01 6.299341472169764700e+01 6.622575887267684891e+01 1.018076975940769131e+02 1.153553028400556144e+02 9.672560654960453519e+01 9.149254485307129414e+01 8.202483308868060874e+01 7.831540664442289312e+01 7.128074055117775742e+01 7.018912889096058905e+01 6.582673437905613412e+01 6.306815722020972714e+01 6.044495142574366042e+01 6.356236369801274577e+01
2.159679362504220080e+03 9.791323556509308901e+01 9.790756235641777039e+01 1.034231641211134871e+02 1.316842474644334970e+02 1.508098543914239542e+02 1.340689755447707228e+02 1.241637796523547763e+02 1.148797665012589988e+02 1.090128340056691627e+02 1.015463769536581538e+02 1.000327871242673154e+02 9.512959677155268423e+01 9.217980713802326420e+01 8.853122491215079037e+01 9.265661163262743116e+01
2.209679362504220080e+03 6.686949797823995567e+00 6.691675760285318297e+00 1.126732738834849101e+01 4.894922834347543983e+01 7.081598607112137245e+01 5.932678281241901175e+01 5.411438632821565164e+01 4.915318091475605655e+01 4.627698632360553432e+01 4.281472929658399806e+01 4.183034438647639774e+01 4.091156845902651185e+01 3.788036581447705942e+01 3.947066472731904696e+01 4.109107655930042569e+01
2.259679362504220080e+03 1.570994198108529361e+02 1.570583099844485844e+02 1.562601484301604273e+02 1.613911629734984956e+02 1.818896187120625996e+02 2.019448558937083931e+02 2.205568078315415335e+02 2.182372468097976821e+02 2.173851270226889767e+02 2.165996721056295939e+02 2.246308534653859681e+02 2.280556395007225490e+02 2.311335959144744265e+02 2.351552587844625464e+02 2.460276332727042927e+02
2.309679362504220080e+03 -1.583125541124167910e+02 -1.581389173978975862e+02 -1.802438626698907740e+02 -8.584900699890295073e+01 -7.810535580432119218e+01 -9.480477416295192938e+01 -6.164068122249287995e+01 -5.443954728693019263e+01 -2.508102865020467931e+01 -3.080459354297058994e+01 -2.001392948189916510e+01 -3.057289106182627947e+01 -3.363079166336822112e+01 -4.074690217249543878e+01 -1.772268351244897389e+01
2.359679362504220080e+03 1.116862803908896851e+01 1.117103086590716821e+01 1.667861557640834391e+01 3.317194291040532050e+01 6.188167497700956687e+01 6.104185997949350906e+01 5.393553911173117399e+01 5.147331850896019745e+01 4.765183926925919167e+01 4.558513765192655853e+01 4.377366226254233084e+01 4.392680121503852320e+01 3.927403828506973582e+01 4.249688910242042539e+01 4.214928306258886437e+01
2.409679362504220080e+03 6.970131111409371272e+01 6.970435318373449718e+01 7.318378480969072086e+01 1.030227992233825631e+02 1.190163086353467037e+02 1.037492695304077301e+02 9.717857305168817561e+01 8.884281870579665963e+01 8.440939898619828341e+01 7.785351715547260198e+01 7.616459272556184601e+01 7.187178358449166637e+01 6.852696775136199392e+01 6.597142698614614176e+01 6.786378093226339558e+01
2.459679362504220080e+03 9.206463042875434155e+01 9.207005989266303914e+01 1.061338671854964701e+02 1.357635315652712507e+02 1.383082406069246417e+02 1.144287574235738276e+02 1.006857235614704393e+02 8.827741757888230723e+01 8.050663259177987641e+01 7.179852026861206582e+01 6.843061271793261824e+01 6.221003559367319014e+01 5.964778052366200001e+01 5.366022533222950130e+01 5.869166713199740570e+01
2.509679362504220080e+03 6.063139512513087936e+01 6.063224758115588031e+01 6.494837503984462046e+01 8.989425676659070064e+01 1.148779254486817223e+02 1.026223963755214612e+02 9.293686450604735683e+01 8.641933658870469515e+01 8.097677852735225201e+01 7.579334720920185475e+01 7.337038638954955161e+01 7.017260498235079069e+01 6.677651641067500066e+01 6.507454907878316419e+01 6.702412757020955780e+01
2.559679362504220080e+03 6.217758653091010501e+01 6.217780109189904181e+01 6.544722912508555623e+01 9.634198387380709505e+01 1.138731880037101121e+02 9.843195889267144594e+01 9.153791859158413047e+01 8.372026283959739601e+01 7.959957265136483784e+01 7.378029154361006192e+01 7.226750869047940284e+01 6.873608140876410744e+01 6.585510373910946669e+01 6.402330676044728364e+01 6.661635881258378333e+01
2.609679362504220080e+03 7.941573484494931279e+01 7.940931350034379932e+01 8.298060043400109009e+01 1.107828063423586116e+02 1.279279000677244937e+02 1.126341709715667463e+02 1.047993264629946850e+02 9.695435209831028089e+01 9.240294511243001807e+01 8.643133149293112183e+01 8.503042834149680118e+01 8.133176031753649227e+01 7.855059771978592664e+01 7.637087756523473558e+01 7.994711625917584286e+01
2.659679362504220080e+03 1.001421348932651085e+02 1.001358044061682477e+02 1.033176374493600349e+02 1.311599757585779287e+02 1.378217178146345248e+02 1.160453876471959660e+02 1.048037591997261586e+02 9.379541265179895504e+01 8.736300440013705781e+01 7.958204127404246719e+01 7.686831011638454925e+01 7.164215187408841246e+01 6.875465176658096311e+01 6.476645169641871291e+01 6.818974398019216210e+01
2.709679362504220080e+03 6.685517504783219067e+01 6.685319089440285723e+01 7.021513630531634931e+01 9.687059576443948572e+01 1.170475447717682442e+02 1.032603039428276048e+02 9.491868143335621255e+01 8.787278084478874973e+01 8.314802252908913260e+01 7.776855649570210005e+01 7.590768876603945614e+01 7.260459021332579255e+01 6.959203431951890195e+01 6.779770957139636778e+01 7.054823476475638699e+01
2.759679362504220080e+03 8.939782555316831747e+01 8.939632831355952192e+01 9.118289608575192062e+01 1.185266305399261739e+02 1.287763659167275705e+02 1.083651775693336532e+02 9.592116440616375428e+01 8.571373936567881913e+01 7.882811696327517836e+01 7.164025835334111036e+01 6.840505499108337517e+01 6.360596166214779856e+01 6.044948194182531864e+01 5.684830581600558475e+01 5.961718418661691743e+01
2.809679362504220080e+03 6.441552106230304275e+01 6.441447284645784066e+01 6.760881414108676779e+01 8.580232416333156209e+01 1.146542818668558823e+02 1.056011899898094697e+02 9.395393791790874616e+01 8.850683031115246990e+01 8.222545991923803399e+01 7.768429923018229033e+01 7.466172452852377717e+01 7.177130789212276341e+01 6.818275776912327046e+01 6.650056342928756692e+01 6.832221094274937911e+01
2.859679362504220080e+03 6.417797776580675873e+01 6.417696401151944485e+01 6.724462696523963245e+01 8.473850147183188142e+01 1.142485957294097290e+02 1.056828400922045290e+02 9.370633645895877351e+01 8.832422620464319607e+01 8.189078810723263757e+01 7.739387549992517279e+01 7.426044487515936510e+01 7.139186416282159087e+01 6.776792025046130163e+01 6.608733622903280036e+01 6.763201999086420813e+01
2.909679362504220080e+03 6.238616698749409295e+01 6.238543721437254419e+01 6.540537648537629423e+01 8.210967256114821566e+01 1.128737575153942316e+02 1.054588449480866927e+02 9.353815582991096278e+01 8.852001514028846429e+01 8.216546604801975207e+01 7.787607960518596428e+01 7.480094802041050173e+01 7.204673902979170919e+01 6.848920959406750342e+01 6.682989283305192885e+01 6.844756478270777222e+01
2.959679362504220080e+03 6.301131454871215709e+01 6.301056215339081490e+01 6.592264508878871254e+01 8.184142550595157672e+01 1.129161975639397468e+02 1.057832224935232972e+02 9.332980857080546855e+01 8.820292619522231803e+01 8.157321046666464781e+01 7.721912078078695174e+01 7.395303554443118799e+01 7.116254235223497915e+01 6.747867115191863263e+01 6.582958249445380261e+01 6.715874030036763997e+01
3.009679362504220080e+03 6.133507127425010452e+01 6.133501150502461030e+01 6.427786890503624306e+01 8.031665024712137324e+01 1.113619977541338812e+02 1.042422610681899613e+02 9.185657194375660595e+01 8.678133021781454204e+01 8.017760352195949736e+01 7.587472009247166227e+01 7.259112588610197747e+01 6.984442115133325046e+01 6.614687768606999896e+01 6.454932932465067097e+01 6.560605709573755462e+01
3.059679362504220080e+03 6.048524327774998710e+01 6.048567486513324098e+01 6.347416199523176061e+01 8.042330894141637998e+01 1.110684415848085251e+02 1.032810198623463407e+02 9.104661620490384166e+01 8.589161616831597712e+01 7.932216494651453331e+01 7.496215941240473057e+01 7.170554236353437716e+01 6.893094815766730221e+01 6.525421713796660583e+01 6.364828452375939349e+01 6.407834766047618302e+01
3.109679362504220080e+03 3.318511908111101434e+02 3.317775884760128520e+02 3.229640230938196055e+02 3.169203991873381483e+02 3.288534708137226517e+02 3.328940618450276361e+02 2.801306361070202229e+02 2.173215714834056200e+02 2.380256475435395771e+02 2.822146498140487552e+02 3.213208050382096985e+02 3.182019459632314238e+02 2.869684821390486604e+02 2.402245391817474172e+02 2.284878552377165022e+02
3.159679362504220080e+03 -3.812930983028794572e+02 -3.811105661166884602e+02 -3.874892684680771708e+02 -3.906360252895438521e+02 -3.685288849871283787e+02 -3.610902573762887187e+02 -3.393721319064467821e+02 -2.877290250352883163e+02 -1.967966570296669317e+02 -1.850999814852551708e+02 -8.535759193385119659e+01 1.351737127082488144e+02 3.189265334099105758e+02 3.274019545517963934e+02 3.810972235855148824e+02
3.209679362504220080e+03 -1.351785901745917272e+03 -1.351347734822031271e+03 -1.383155192199278872e+03 -1.395260341347438498e+03 -1.049662600967759772e+03 -8.549567236536017845e+02 -6.482061137070000996e+02 -4.003375855540278394e+02 -1.851228538566939505e+02 -4.277716946518122398e+01 1.876569576941825801e+01 -5.943156243525810112e+01 -3.049830737402067484e+02 -2.356630692684180133e+02 -5.461999030164999880e+01
3.259679362504220080e+03 1.496514181130108625e+02 1.496314453036362693e+02 1.491586898886179426e+02 1.544667535580449851e+02 1.729473504535513371e+02 1.890070280085963361e+02 1.921505269430664953e+02 1.759208519341743511e+02 1.635181957902519514e+02 1.523339959487682336e+02 1.509055899137359233e+02 1.454189055314914469e+02 1.417795105289343951e+02 1.369771080387656639e+02 1.414452518777138721e+02
3.309679362504220080e+03 7.621092473966048431e+01 7.620954668360251105e+01 7.591858253989393290e+01 7.806528496306229670e+01 9.978397666552427836e+01 1.437919481549607781e+02 1.498393317541674321e+02 1.411650032817905185e+02 1.403086267779084437e+02 1.328224785928678955e+02 1.342351158613398070e+02 1.284503124376419976e+02 1.267055439028305841e+02 1.208240337232289363e+02 1.272088159081322942e+02
3.359679362504220080e+03 -1.584993950257542217e+01 -1.583776580948900126e+01 -1.731216315656259397e+01 7.075500214213232830e+00 8.935822117969904355e+01 1.111269317722166647e+02 1.186630373352757317e+02 1.227048695363589985e+02 1.240136770707461267e+02 1.227120123735440842e+02 1.246676703512161453e+02 1.226570085599156528e+02 1.215569488621492269e+02 1.180875691047697416e+02 1.235796839176232140e+02
3.409679362504220080e+03 1.601410153597833812e+02 1.601015575787227476e+02 1.521236507965477642e+02 1.886870774432007636e+02 1.776882811682793601e+02 1.410557752685707271e+02 1.143589756031174858e+02 9.680713125414057174e+01 7.956718516566182586e+01 6.749848288153125964e+01 5.526887917754287116e+01 4.587819640693372492e+01 4.099380520064070765e+01 3.677189399961289951e+01 3.039307648077157609e+01
3.459679362504220080e+03 5.517408093459994234e+01 5.516909536810617709e+01 5.567427223088631649e+01 6.473624275434271169e+01 9.094867890800369992e+01 1.322884089406719568e+02 1.376322729569578200e+02 1.335576374484313362e+02 1.339693156580479751e+02 1.298944315233649149e+02 1.313548714586681285e+02 1.279916395096469159e+02 1.262623690178251792e+02 1.229616097051606545e+02 1.257746736994868684e+02
3.509679362504220080e+03 -1.481445955937981012e+02 -1.480291697725598397e+02 -1.367703919253145273e+02 -8.329823332199053709e+01 -4.393524548657235584e+01 -4.373035224777582641e+01 -2.567215985683032287e+01 -2.962004408976580905e+01 -2.410396560163042423e+01 -2.744685780823700938e+01 -2.206927942435884660e+01 -2.151702745790528226e+01 -2.085889148807593685e+01 -1.598792602648638450e+01 -6.652605597885360211e+00
3.559679362504220080e+03 1.130396533526740654e+02 1.129859277620765710e+02 1.120904875218220837e+02 1.219387830540255919e+02 1.229499260752379968e+02 1.003263293732793215e+02 7.651938475265700390e+01 6.155608643972575322e+01 5.061852252918167494e+01 4.530930723640069147e+01 3.759611449351601209e+01 3.898823455229318569e+01 2.930460046997395551e+01 3.798883571813852456e+01 2.955794565892802694e+01
3.609679362504220080e+03 -1.896357361052969850e+02 -1.894643068863687745e+02 -1.876392814326380574e+02 -1.746968422944947577e+02 -1.252879235447247055e+02 -1.046319170526858073e+02 -8.762884103432325844e+01 -6.938593530253757535e+01 -6.279734496701845359e+01 -4.815649830286631072e+01 -3.676564634013672617e+01 -2.038139543029009104e+01 -1.636827605248382511e+01 7.744050050748843006e+00 3.105284229688306752e+00
3.659679362504220080e+03 3.268664567408414428e+02 3.268044158596377429e+02 3.266161011693779983e+02 3.273140304332086430e+02 3.475616959902641838e+02 3.530727119056556376e+02 2.861129828686220549e+02 2.167935274658145488e+02 1.593949340337166234e+02 1.169693916268088572e+02 8.500832254601425575e+01 5.573523802903922331e+01 3.599132850665935734e+01 1.325227278302262235e+01 6.542822037121661438e+00
3.709679362504220080e+03 -1.218316422648237705e+02 -1.217442340062712560e+02 -1.122663186015010552e+02 -7.046488066130625327e+01 1.037161041081036927e+01 1.093513605600785610e+01 4.259763630982184424e+01 5.246620162089725881e+01 6.952402744883286800e+01 7.360874327135785222e+01 8.467014708479561591e+01 8.501440363235855102e+01 9.568702162748304829e+01 7.124952831402647746e+01 8.931550036278221683e+01
3.759679362504220080e+03 -2.317310559459090769e+01 -2.314361722971841573e+01 -2.438407417927314214e+01 -2.511406552305393447e+01 -1.273423593920542274e+01 2.271796201166556006e+00 6.788119967962755652e+01 9.938571191717112185e+01 1.055288233579945398e+02 1.094853205721271934e+02 1.122007262690492553e+02 1.112246905079440182e+02 1.086591839431652033e+02 1.050737738623131889e+02 1.059387989233122767e+02
3.809679362504220080e+03 2.008538980768783517e+02 2.008313896693870788e+02 1.998691036547486419e+02 2.017328293587381154e+02 2.302754747524737411e+02 2.210659429283805366e+02 1.741183659259305330e+02 1.265583501425972628e+02 8.895443160946263106e+01 6.101103971309495222e+01 3.398754227860777632e+01 1.408438065915018278e+01 -1.098331153929061665e+00 -3.349372696062921051e+01 -3.200749743546924719e+01
3.859679362504220080e+03 -2.423203951879010720e+00 -2.421902363571646344e+00 2.573714583752012564e-01 6.751731086083041511e+00 1.982583955718677871e+01 7.250082630349614021e+01 8.838808861735601852e+01 8.444464276407410352e+01 8.330082364014003815e+01 7.704070406840976659e+01 7.650024836037508180e+01 7.049381661095287654e+01 6.796539485518464119e+01 6.066730761455765730e+01 6.567157153527662672e+01
3.909679362504220080e+03 6.166426382577790122e+01 6.166381083765148219e+01 6.186985972317477689e+01 6.554401596306435351e+01 8.048150195002750706e+01 1.192498431268066525e+02 1.202153982554904985e+02 1.048856260655679478e+02 9.929703639712030849e+01 8.896590317934855818e+01 8.638997968288047957e+01 7.899353242241934936e+01 7.595843169198134603e+01 6.943683746090367492e+01 7.374067374469950664e+01
3.959679362504220080e+03 8.802104065341161743e+01 8.802959883026765908e+01 8.924564304379103419e+01 9.135670689139962519e+01 1.132029670581705147e+02 1.170658559421857348e+02 9.399710108397556496e+01 7.761331201722067874e+01 6.544945467075287127e+01 5.595886223842811802e+01 4.969701082737668685e+01 4.481250980401534179e+01 3.823191836354249062e+01 3.797247623080562562e+01 3.398146988092153009e+01
4.009679362504220080e+03 5.072588437306495024e+01 5.073178254944041754e+01 5.303755264882676101e+01 5.692604949475849452e+01 7.152778832292165134e+01 1.002934746022194048e+02 9.591917617765183479e+01 8.214765355192066920e+01 7.757379881805738364e+01 6.906173230410534813e+01 6.819641702032697594e+01 6.311242031869592495e+01 6.059686444930863303e+01 5.782625506934187598e+01 5.991772018492294194e+01
4.059679362504220080e+03 5.135734986509990563e+01 5.136321884659984960e+01 5.300761488691502166e+01 5.500905391105339959e+01 8.896127460264678177e+01 1.068780297045151286e+02 9.299625160023117587e+01 8.456592837103123372e+01 7.763391883166998753e+01 7.192532859738757622e+01 6.897380240580412192e+01 6.549077671100872067e+01 6.214724216090360898e+01 6.011080976583982505e+01 6.059668749082499772e+01
4.109679362504220080e+03 4.802046487692964405e+01 4.802634630017001882e+01 4.928670542846372626e+01 5.286713887560463121e+01 9.259754272120856911e+01 1.022359896657088001e+02 8.620351117878190905e+01 8.112528783780120989e+01 7.273508244495880604e+01 6.854468199560091080e+01 6.406370065548276216e+01 6.135685334717413042e+01 5.695690272520526776e+01 5.540151875400842840e+01 5.296614138209648814e+01
4.159679362504220080e+03 5.289950376797631293e+01 5.290418978158645302e+01 5.363203558193154663e+01 6.021973608011118984e+01 9.759545391762893018e+01 1.016325670825890484e+02 8.655761975091705551e+01 8.243967895007742186e+01 7.459811688410150055e+01 7.091092697542090661e+01 6.676093448976406819e+01 6.439549844779583054e+01 6.029890321861702773e+01 5.890261463563221866e+01 5.697460341129215777e+01
4.209679362504220080e+03 5.309149547962771720e+01 5.309546310748655884e+01 5.349353390764801475e+01 6.519368742760232749e+01 1.001624469971132925e+02 9.695969278293635796e+01 8.301049462521895350e+01 7.889540528500482708e+01 7.143486625828661829e+01 6.772708702637420686e+01 6.365329889476249292e+01 6.128182891905952800e+01 5.717672629694411768e+01 5.582866414806061073e+01 5.356977388049473632e+01
4.259679362504220080e+03 5.418733473210394891e+01 5.419037690864571033e+01 5.320115402126182147e+01 7.274554641470427896e+01 1.037458315648952407e+02 9.339411479438737729e+01 8.131995923764942802e+01 7.612833337308165937e+01 6.947776583526074035e+01 6.527047344852391575e+01 6.165842345082131004e+01 5.902766572985170512e+01 5.517109484126400787e+01 5.374524551529803773e+01 5.166639058698121545e+01
4.309679362504220080e+03 5.096158736516150611e+01 5.096392298132558807e+01 4.766713156102991888e+01 8.070588929985825644e+01 1.032977758869525644e+02 8.713880099202414442e+01 7.860299156745074356e+01 7.081572032589828325e+01 6.594304138338992516e+01 6.031122518692500023e+01 5.792552987555887256e+01 5.447998321803101618e+01 5.129681032086097758e+01 4.953708856616212586e+01 4.845467493920733659e+01
4.359679362504220080e+03 4.816394614685778208e+01 4.816576903641129803e+01 4.446051612597350555e+01 8.233749466607991963e+01 9.947082500230980884e+01 8.132286706686318212e+01 7.493877030859292177e+01 6.606008630999973263e+01 6.223708344618830779e+01 5.594109194278817654e+01 5.425546168538594571e+01 5.039758266756999916e+01 4.757870626203684594e+01 4.563922351573266667e+01 4.498367956177820304e+01
4.409679362504220080e+03 4.582704316232011621e+01 4.582851419224282807e+01 4.210470965178406999e+01 8.261515423135101344e+01 9.555030454795615924e+01 7.656953149524163393e+01 7.156080528674047514e+01 6.218611179326327232e+01 5.901954519199075122e+01 5.240233268296137936e+01 5.114230163126174489e+01 4.707274289728876937e+01 4.446203509327127534e+01 4.243744607705593808e+01 4.190609313989333629e+01
4.459679362504220080e+03 4.649419199341437547e+01 4.649547520326250094e+01 4.290778327885445975e+01 8.308722644647575351e+01 9.279667723178788208e+01 7.322727781685740922e+01 6.943009897892152082e+01 5.967162353262861529e+01 5.706651981903354454e+01 5.020649932863167919e+01 4.932011722215596450e+01 4.507740987062626203e+01 4.267026189816719040e+01 4.055023935351653108e+01 4.038075928053094543e+01
4.509679362504220080e+03 4.360866270388974897e+01 4.360942907250041856e+01 4.152274379127524639e+01 7.324995698048985560e+01 8.380176262928056019e+01 6.815455307348847214e+01 6.301626619065127244e+01 5.540939396233613934e+01 5.226404616035620876e+01 4.687506931086191742e+01 4.487880687786333311e+01 4.143052801870194202e+01 3.867043708616659359e+01 3.660602623752244256e+01 3.781972071733567020e+01
4.559679362504220080e+03 3.910972165129339118e+01 3.911055226262524798e+01 3.730653933555034740e+01 7.921578891824063362e+01 7.665910710141420736e+01 5.734587643319368055e+01 5.385994619086287116e+01 4.430955792255733883e+01 4.165324133921761529e+01 3.473529850554727716e+01 3.290675377239237065e+01 2.819356738843690380e+01 2.580319816363941499e+01 2.252218623898038530e+01 1.838151694433927474e+01
4.609679362504220080e+03 2.711442132106507330e+01 2.711488602750909394e+01 2.611460155032591146e+01 7.171999429622651689e+01 6.745265745625309250e+01 4.735888035897237103e+01 4.932067937572246308e+01 3.883603823430340185e+01 3.874590710403950311e+01 3.126407805753012781e+01 3.205819860215366646e+01 2.697960977433544372e+01 2.638950385264704579e+01 2.195887620084664249e+01 2.211560219859595833e+01
4.659679362504220080e+03 7.957964408809314882e+00 7.958001495270545789e+00 2.179630202559574315e+01 5.369463393171654531e+01 3.652176907743608325e+01 2.155724370823238090e+01 1.597328236227678033e+01 8.025810241080835183e+00 4.769804999971218429e+00 -1.101478083173115685e+00 -2.343719833692700760e+00 -8.409007135182458015e+00 -5.805207922252011876e+00 -1.907348562567491967e+01 -6.470685275079021519e-05
4.709679362504220080e+03 1.974948519880389597e+01 1.975021067046365175e+01 3.286565278973936444e+01 5.897879875250174564e+01 4.071488776158891909e+01 2.571722785785644660e+01 1.891110838018358820e+01 1.079078249928530298e+01 6.938426302795212663e+00 8.047743965387695042e-02 -2.878433511193356775e-01 -1.275986955077819651e+01 -2.749182459893879356e-09 3.819451877417516256e-09 -2.553957792250097919e-02
4.759679362504220080e+03 2.782870896931179416e+01 2.782975658602995850e+01 3.954637353604574912e+01 6.209838305644358059e+01 4.269229446140553819e+01 2.664804452894406950e+01 1.841373820966579444e+01 9.706933873624741693e+00 4.882030335674475197e+00 -2.289266839387572361e+00 -5.639225913599137411e-04 5.375278230527150147e-03 1.561580947678201103e-02 2.699815207167088546e-02 -6.140389182945354268e-02
4.809679362504220080e+03 3.274317558397994987e-01 3.262166458808538616e-01 1.720161007594971636e+01 3.976411153854896696e+01 2.082512563645307679e+01 1.121253694728276429e+01 6.499767057212174848e+00 2.152640471663999744e+00 3.223239400416088030e-01 -2.695779782486155796e+00 -5.145945639542601965e-11 2.141784769043133982e-10 0.000000000000000000e+00 -7.389950922161334645e-01 -1.192659238840499514e+00
4.859679362504220080e+03 2.688086359860412600e+01 2.688120993709289053e+01 3.851886851953687341e+01 6.097468762172071166e+01 4.234451962157458382e+01 2.775747134333109045e+01 2.060244664240483203e+01 1.308724783574356465e+01 8.383597134234326731e+00 4.244391002140445401e+00 1.954684838621517651e-01 1.926914790100290042e-01 1.917639989703592285e-01 1.402662474407282978e-01 -3.901868675795029384e-01
4.909679362504220080e+03 2.685442223118873528e+01 2.685368777203073520e+01 3.661187049649276304e+01 6.002439007363958723e+01 4.388224312212941669e+01 3.075052242424792581e+01 2.530773214289546047e+01 1.985871927048719954e+01 1.479435929851495501e+01 1.618466206436128019e+01 0.000000000000000000e+00 0.000000000000000000e+00 0.000000000000000000e+00 0.000000000000000000e+00 -2.136232167886903399e-01
4.959679362504220080e+03 3.336257639777851836e+01 3.336181594148780505e+01 4.199407872710102652e+01 6.534442977443931966e+01 4.540973311573340965e+01 2.596652533544470032e+01 1.751827478627327395e+01 6.042761278569916072e+00 1.837672104343328394e+00 -1.258092134425177555e+01 -6.544436687597121523e-09 1.102377843540717212e-08 1.365633006974385603e-02 -1.868077220343734135e+00 -2.306234141629512013e+00
5.009679362504220080e+03 2.653267540863986085e+01 2.653305550288262182e+01 3.913547191976812911e+01 6.141404241370786110e+01 4.222983620931779569e+01 2.770793314136411567e+01 2.027025557758722130e+01 1.263595514435466960e+01 8.091455562358474296e+00 3.095414326750920875e+00 -7.587825518477632136e-10 2.347556547863099495e-09 5.608825471930952472e-09 -6.151515492026099485e-01 -1.062554606113337075e+00
5.059679362504220080e+03 2.290352596589729117e+01 2.290318680440075028e+01 3.399313159599958567e+01 5.092133851302485681e+01 3.230989116955397122e+01 1.929402536111422961e+01 1.228250588550814726e+01 5.657077707337747619e+00 2.577298816490188216e+00 -5.876400273410451014e+00 0.000000000000000000e+00 0.000000000000000000e+00 0.000000000000000000e+00 -5.749254192441738409e-02 -5.580005072534920396e-01
5.109679362504220080e+03 1.835834494492569391e+01 1.835854536427088490e+01 2.745017920674061074e+01 5.198931749156137982e+01 3.685343936120167996e+01 2.601614619847903143e+01 2.048168179671842992e+01 1.234899249810978539e+01 1.141256260670190059e+01 -3.541778036278808906e-07 4.201662637283242241e-07 -1.829810824687767790e+00 -1.844926529971021800e+00 -2.716388773812522750e+00 -3.056410462696815156e+00
5.159679362504220080e+03 3.603224995847326539e+01 3.603214836599216397e+01 4.802590534224390950e+01 6.711952114524223134e+01 4.687827601467689931e+01 3.162303346716993957e+01 2.369382980451699794e+01 1.501645323908556051e+01 1.134877668979515342e+01 -1.363436195075305263e-05 1.994752736801045333e-03 -6.184521344060385228e-01 -7.773698299309049764e-01 -1.597081544783358620e+00 -2.060080047694917038e+00
5.209679362504220080e+03 3.585558146578564731e+01 3.585584563100487543e+01 4.728575001807229938e+01 6.660027232303156097e+01 4.719263689498299641e+01 3.262587868624746079e+01 2.548352022485344648e+01 1.734207281004962553e+01 1.409178059140741901e+01 1.676740382460429446e+00 3.791812424918167834e-01 3.250943549086675599e-01 3.038053113748663825e-01 -6.880021935439524228e-01 -1.148345467704609879e+00
5.259679362504220080e+03 3.991458557029164211e+01 3.991496508468321736e+01 5.114672376954786159e+01 6.457053324951050399e+01 4.437551122645511015e+01 3.054955271073836087e+01 2.270654770133427647e+01 1.497505127412208914e+01 1.132411341382424474e+01 -4.980896463767580339e-05 2.630585322623418126e-02 2.634228992135901476e-02 2.652652651718925142e-02 -7.960322653867314691e-02 -5.968527946055136590e-01
5.309679362504220080e+03 7.364440774745229135e+01 7.364524630258961224e+01 7.727219876747821559e+01 8.598471262689258765e+01 6.352104843943858015e+01 4.347850671519319832e+01 3.195515005348632442e+01 2.283025555631506975e+01 -1.867674128390142574e+00 -3.080978972111557135e-01 -9.479445846932339492e-01 -9.963224366047251923e-01 -1.066130644066313193e+00 -1.232341125811993621e+00 -1.717725031154555770e+00
5.359679362504220080e+03 -6.426709442715535658e+01 -6.441218691114902128e+01 -6.514532773616376460e+01 -8.962276262300618157e+01 -2.816147044827581070e+01 -2.116548527566324833e-01 7.596791932579909090e-02 2.793907215052437651e-02 5.494423015517092834e-03 -2.720589594726471883e-01 -7.731274340312908055e-01 -9.522977965439012316e-01 -1.223379974308143048e+00 -1.375156950370551856e+00 -1.842518882960876514e+00
5.409679362504220080e+03 -1.054157197763985615e-01 -1.050988352060518299e-01 -1.031449412124186282e-01 -1.009043449817557531e-01 -1.053551029347336021e-01 -1.145552675636305195e-01 -1.446249357080882092e-01 -2.377605192271897705e-01 -4.758184719900601101e-01 -7.986539717759630896e-01 -1.582605086972721287e+00 -1.947306876603349224e+00 -2.032082465673205718e+00 -2.703399010577345773e+00 -3.048871686375038248e+00
5.459679362504220080e+03 -4.657836293156931151e-01 -4.777155602774751930e-01 -4.224818383340402939e-01 -1.973638839567540604e+00 -1.121266972232295878e+01 -1.289306881959846507e+01 -1.339711285292707466e+01 -1.333184546270887694e+01 -1.290291061122533200e+01 -1.254177318082712667e+01 -1.178955455510654460e+01 -1.168831171934802882e+01 -1.053277692025369738e+01 -9.754403152584961489e+00 -8.319811696687931857e+00
5.509679362504220080e+03 -5.203220079043964219e-01 -5.491608143751849358e-01 -5.682301583837610082e-01 -1.232838473773298693e+00 -2.693226917015565380e+00 -3.297165258314983749e+00 -3.996062124528162673e+00 -4.634457433245693814e+00 -5.248878324266370576e+00 -5.870865560645703418e+00 -6.459981378916013206e+00 -7.173100925025884145e+00 -7.272679632862776522e+00 -7.918014933566852598e+00 -8.264444798505627077e+00
5.559679362504220080e+03 -1.290658982317145487e-01 -1.293193043728689262e-01 -1.253141342206415543e-01 -1.212585626105193298e-01 -1.313063504372321277e-01 -2.021868698215759097e-01 -9.885219344078103321e-01 -2.982619702919553806e+00 -3.760867024647394974e+00 -4.339833501376381797e+00 -4.969291383808380758e+00 -5.743413986960645978e+00 -5.830814718820738207e+00 -6.377413572190068436e+00 -6.732642293733366756e+00
5.609679362504220080e+03 -1.419520556824554747e-01 -1.433573099202849477e-01 -1.408821515307796257e-01 -1.246744297451893718e-01 -1.649594626012090837e-01 -1.485527001760076127e+00 -1.003792201858337130e+01 -1.370842679046535117e+01 -1.602756106672617875e+01 -1.767193941528059398e+01 -1.956458808008349237e+01 -2.236393215514614496e+01 -2.383558543062971680e+01 -2.544125307495631105e+01 -2.667191821240537664e+01
5.659679362504220080e+03 1.147450452861471604e+01 1.161890140286944550e+01 3.143709232213168292e+01 3.676871772857820275e+01 1.553277686471636976e+01 0.000000000000000000e+00 0.000000000000000000e+00 0.000000000000000000e+00 0.000000000000000000e+00 0.000000000000000000e+00 -1.337071053966230882e-01 -7.454518077806987497e-01 -9.909323597059248590e-01 -9.471816543784828957e-01 -1.353008561925508113e+00
5.709679362504220080e+03 8.438194195949321852e+00 8.403432299479653977e+00 4.515064087377949420e+01 2.992667099264667030e+01 -1.289739322448139980e+01 -4.610620602525704825e+00 -1.045526844413455642e-01 -3.062100102674392144e-01 -3.089374351670254870e-01 -3.059926660143507116e-01 -3.057410101444775763e-01 -2.970086619700281760e-01 -3.340088888273560763e-01 -3.312113787500929329e-01 -2.825198814643504752e-01
5.759679362504220080e+03 8.905694792579225805e+00 4.030374745912477685e+00 1.173690177689980914e+02 2.742137899225572255e+02 2.609297464236643123e+02 6.799487788641145336e+00 -5.559955000586370294e-02 -5.508754642929509365e-02 -4.674663504465835506e-02 -4.779196080048475626e-02 -4.631890080620528621e-02 -4.499793413068285675e-02 -5.747059471900664573e-02 -6.023504444353421083e-02 -5.687671888697035799e-02
5.809679362504220080e+03 2.078362134082498187e+02 2.073705583470552369e+02 1.694010174600708467e+02 -6.077505249603642135e+00 -2.169819421807374837e+01 2.257298763544683395e-01 -8.513066370760345725e-03 -7.942856150280001859e-03 -1.273599955707464294e-02 -1.287390085052842262e-02 -1.406283457062613637e-02 -1.411459491710836262e-02 -2.595513572360783061e-02 -2.863571823874851846e-02 -2.718147520342449608e-02
5.859679362504220080e+03 1.154444477452536972e+02 1.153888943291502187e+02 1.685439837986612872e+02 1.988921112412093066e+02 -5.920856611349650223e+01 -6.972984421440902736e+01 -1.716901783577888399e-03 -2.960936779829357723e-03 -1.185231766774748861e-02 1.315269814769556443e-04 -7.979684794115645546e-03 -4.491201056825043156e-03 -1.584121980971767152e-02 -2.229133394415042102e-02 -1.661303513296558468e-02
5.909679362504220080e+03 1.569742389758554850e+02 1.567988960887358303e+02 1.308083601613874691e+02 7.441590774322131097e+01 5.026207091247363934e+01 -5.029558768932432104e-06 7.956694606031466962e-06 6.648457164590365024e-05 -5.484915036155744127e-03 -1.691321661892622452e-02 -1.781862934977280002e-02 -2.407442143804650742e-02 -3.180759193384354727e-02 -3.657983853046954670e-02 -3.578968790106235032e-02
5.959679362504220080e+03 1.527121371281317295e+02 1.524837653102844968e+02 2.046472198115831134e+02 1.416392947338108570e+02 -9.286969791359206283e+01 -6.562194018251125718e-09 5.603390045286159945e-09 1.586049144281814965e-08 2.487124135000645350e-08 3.183671075568820219e-08 3.746657438628873084e-08 4.265742021259078182e-08 5.804166615744848047e-04 1.344273073356545833e-02 6.567680408686313309e-03
6.009679362504220080e+03 1.544279903914892316e+02 1.543649723517377197e+02 2.033128237040448880e+02 2.468490453825262989e+02 -3.131433737799126504e+01 -1.216496620290974972e-09 7.191409871781029383e-10 8.550582941407855120e-09 1.834591117894935103e-08 2.854259160749063833e-08 3.785168861987094666e-08 4.556304683505092890e-08 1.243587289505357955e-07 1.316683407447252910e-07 1.169866631326662929e-07
6.059679362504220080e+03 1.627690442678773195e+02 1.627411310991258802e+02 2.189908300485983546e+02 1.025184620393009567e+02 -9.332698102834271481e+01 -2.458529367437302722e-09 1.664713792860099661e-09 7.817601962717454178e-09 1.506291475228286537e-08 2.295973201004235551e-08 2.983165037073322474e-08 3.524743264738860835e-08 1.115293555836735788e-07 2.169309882986170268e-07 1.818228960373953859e-07
6.109679362504220080e+03 8.651815633387379023e+01 8.650102205492515850e+01 1.668508264313643963e+02 1.767289865917737473e+02 -9.870812239519715092e+01 0.000000000000000000e+00 0.000000000000000000e+00 0.000000000000000000e+00 0.000000000000000000e+00 8.066691949529630969e-09 2.002397484001177153e-08 3.087499119914463638e-08 1.143408296147927057e-07 1.912850022717448612e-07 1.610403558019867909e-07
6.159679362504220080e+03 6.434282006194693793e+01 6.432263666666436563e+01 5.484059781712361570e+01 -1.233629071228315723e+02 -1.561480297239556876e+02 -1.103732453168815632e-09 7.466771620079950142e-10 3.642288010934783440e-09 1.024437959055594248e-08 4.112078052261349594e-08 8.053106303314430510e-08 1.130154466171160576e-07 3.300246192275446147e-07 6.299785662906193004e-07 5.465952486345859716e-07
6.209679362504220080e+03 1.960133696988345164e+01 1.955739787342116998e+01 -1.058259902104915895e+01 4.923040511476526149e+01 6.534818563931429480e+01 0.000000000000000000e+00 0.000000000000000000e+00 0.000000000000000000e+00 0.000000000000000000e+00 2.409023364951979041e-08 5.014141751266547640e-08 6.669794459636549905e-08 3.659416604219182213e-07 2.841086490061034347e-06 2.087095606855359536e-06
6.234679362504220080e+03 7.790469393713577517e+01 7.789396016315268412e+01 8.547770136911617556e+01 2.384488244494401954e+01 -2.536957288684833145e+01 -7.075584398521023233e-09 5.150606185633184968e-09 1.475883957988350533e-08 2.080091086189236341e-08 2.408039681760726262e-08 2.443626784303367489e-08 2.160721319343084390e-08 1.011018411115253870e-08 0.000000000000000000e+00 1.196753152164074112e-07
6.239679362504220080e+03 1.156428908520760643e+02 1.156625449470447222e+02 9.748158549080835655e+01 7.374684400829166009e+01 8.874096381723578020e+01 0.000000000000000000e+00 0.000000000000000000e+00 0.000000000000000000e+00 6.724884472266147214e-09 1.477895728928510350e-08 2.243923392621865095e-08 2.646109042905054030e-08 2.576621534350208491e-08 8.791844467507435616e-08 1.945389009373195659e-07
6.289679362504220080e+03 5.563791008570119345e+01 5.563360796498844252e+01 4.910284652621118795e+01 1.410482936533311182e+01 -5.043047570317181760e-01 0.000000000000000000e+00 0.000000000000000000e+00 0.000000000000000000e+00 0.000000000000000000e+00 0.000000000000000000e+00 0.000000000000000000e+00 0.000000000000000000e+00 0.000000000000000000e+00 0.000000000000000000e+00 0.000000000000000000e+00
6.339679362504220080e+03 9.748607180525651472e+01 9.748982850137656442e+01 7.570167539703561488e+01 2.419117998629273814e+01 -1.957947691175444592e-08 1.936893657974762676e-08 7.716681847752052191e-08 1.326235012622699349e-07 1.853648680926745797e-07 2.396127645473330306e-07 3.021363686578454762e-07 3.465367353700850460e-07 2.854271024583624081e-07 2.372258992075131066e-07 2.565293599361178762e-07
6.389679362504220080e+03 9.255635082835361516e+01 9.256490359599639817e+01 7.155780471647207719e+01 2.407418763512296067e+01 -8.245194946864177805e-10 5.155911958656185825e-10 1.594991661904686388e-09 3.642069404394542828e-09 7.668391439476040257e-09 1.365407519001059488e-08 1.803290339378791237e-08 0.000000000000000000e+00 1.485070120458114376e-08 5.820806040171863669e-08 2.159155161263626288e-07
6.439679362504220080e+03 5.936938107435476297e+01 5.936955226759302207e+01 3.193489845601330046e+01 2.107520661190845246e+01 -1.569563161271379414e-09 8.252556447336662881e-10 2.484116255834859604e-09 5.316727808772547999e-09 9.348617297892696479e-09 1.340244438902906471e-08 1.535112632163243913e-08 1.549112218061859125e-08 2.411527203720968941e-08 2.359881171496784604e-07 8.519128083356829471e-08
6.489679362504220080e+03 6.645237872523577494e+01 6.645164816273498332e+01 4.943225607355431350e+01 3.631850723463229347e+00 -1.148831318509171699e-09 5.247912266225854768e-10 1.881544140444741860e-09 4.145693804717210393e-09 6.822043518975708982e-09 1.074980363237437901e-08 1.683410879085574531e-08 2.457387393561382458e-08 3.255838472433484098e-08 1.456351388997475310e-07 1.333717019990181985e-07
6.539679362504220080e+03 4.361662182322744030e+01 4.361593864090035311e+01 1.988780365409933637e+01 -3.944315854517608244e+01 -3.498470764210163917e-09 1.544139751819846697e-09 6.086223462819649231e-09 1.153105901690634230e-08 1.572220840853143200e-08 2.057759719682030252e-08 2.489814375420498357e-08 2.649410773367160622e-08 6.840035300355325332e-07 0.000000000000000000e+00 1.719792377460355184e-08
6.589679362504220080e+03 3.538667360715246701e+01 3.537120356345820227e+01 1.208162761161800525e+01 3.482886632437683971e+01 -1.889922215505564836e-08 7.926646429211195337e-09 2.047801837910957584e-08 2.117229084679999902e-08 5.976763846699461193e-09 0.000000000000000000e+00 0.000000000000000000e+00 0.000000000000000000e+00 0.000000000000000000e+00 0.000000000000000000e+00 0.000000000000000000e+00
6.639679362504220080e+03 6.903300820367172719e+01 6.903170776143805654e+01 1.035937420558926902e+02 3.751744377718714674e+01 0.000000000000000000e+00 0.000000000000000000e+00 0.000000000000000000e+00 0.000000000000000000e+00 1.983628238259751910e-09 3.936407489380696495e-08 1.131833919362186914e-07 2.160520357206820509e-07 4.574563610979255348e-07 2.780034726169252996e-07 2.447633833393996623e-07
6.689679362504220080e+03 8.589069013045076417e+01 8.589086368879209488e+01 7.136972974969071970e+01 1.943047686877397595e+01 -9.424552631791505310e-09 3.942038527114216686e-09 1.501941983864123790e-08 2.365069782994679106e-08 2.062002839855310011e-08 0.000000000000000000e+00 0.000000000000000000e+00 0.000000000000000000e+00 1.353922818061830224e-07 0.000000000000000000e+00 1.384159805604628749e-07
6.739679362504220080e+03 7.833119635137326497e+01 7.833243863398605811e+01 7.979766865005709064e+01 3.921009106344219219e+01 -4.622875249080615426e-09 1.740542672269989540e-09 5.185091395001503856e-09 6.764490259798746125e-09 0.000000000000000000e+00 0.000000000000000000e+00 0.000000000000000000e+00 9.340961142930002028e-08 2.209203841029571779e-08 0.000000000000000000e+00 2.788673642960377720e-08
6.789679362504220080e+03 8.161903475325020452e+01 8.162402026576354785e+01 9.266709690944830413e+01 1.001762112345488163e+02 -1.431357570315294199e-09 5.919135786448515090e-10 1.492975246299142079e-08 5.577469162649019023e-08 1.224315971528623035e-07 1.130268839808610626e-06 9.403099163188955105e-07 6.953671728619825204e-07 5.282584108744489648e-07 3.783078849369811275e-07 3.114670416155950999e-07
6.839679362504220080e+03 7.228481553956657990e+01 7.228267006457446087e+01 6.387397950374595723e+01 -1.868930833825951865e+01 -4.975575716835649577e-10 1.893635516976965970e-10 0.000000000000000000e+00 0.000000000000000000e+00 0.000000000000000000e+00 1.030634141583544183e-07 7.817339693198815664e-08 7.366744386049743535e-08 8.247307450882888148e-08 2.991789629068357262e-08 3.951270346022753583e-08
6.889679362504220080e+03 6.577200669279356759e+01 6.578046059632094966e+01 6.940610459765296980e+01 4.186142273853729989e+01 -5.678053130384040454e-09 2.390129945535184574e-09 2.071331147585142812e-08 4.579598188479646777e-08 9.713512332578504332e-08 1.693619411618309410e-07 1.433430525722522483e-07 1.229513619925012073e-07 9.905254875034721523e-08 3.927936295147610009e-08 3.200692048656849215e-08
6.939679362504220080e+03 8.913171588372998144e+01 8.912004273390549258e+01 1.004776861310771778e+02 4.067782482879130868e+01 0.000000000000000000e+00 0.000000000000000000e+00 0.000000000000000000e+00 4.150318529022200946e-08 2.917380797762645193e-07 2.558083524098460664e-07 2.157624649201323793e-07 1.727566446747901958e-07 1.332824011096302707e-07 6.592177205986505252e-08 4.708869167907681877e-08
6.989679362504220080e+03 1.313431590878262689e+01 1.310001684217874462e+01 -7.014415862817873659e+00 -2.219890965385638282e+01 0.000000000000000000e+00 0.000000000000000000e+00 3.864315581109983642e-09 0.000000000000000000e+00 0.000000000000000000e+00 1.657002222786454436e-08 2.500028662971208034e-08 3.765582692540130303e-08 3.284633894245818056e-08 1.055267470015570265e-08 1.138283008563994656e-08
7.039679362504220080e+03 5.219827421301874892e+01 5.219978369719806466e+01 5.002204987241257328e+01 -1.255174101234980277e+01 -1.829573115078735436e-09 1.038863769537679978e-09 5.939572013448828290e-09 0.000000000000000000e+00 8.681761734760174520e-08 8.440423464494521390e-08 7.216205047100483712e-08 5.965610844097127791e-08 3.689389239921424274e-08 1.030712102351096756e-08 9.349835524101172587e-09
7.089679362504220080e+03 5.328896545261036266e+01 5.318435773685627765e+01 4.844077595662127322e+01 -7.947212682234657821e-01 0.000000000000000000e+00 0.000000000000000000e+00 0.000000000000000000e+00 0.000000000000000000e+00 4.373445813404037663e-06 6.402007820778764485e-06 2.818011803753968268e-06 9.174658670526202926e-07 1.804512994033413185e-07 4.244355739383705507e-08 1.392189719065937479e-08
7.139679362504220080e+03 4.188953505005921585e+01 4.188583236524981857e+01 4.172459664214152042e+01 -2.030939014204697149e-03 -1.759136557841844370e-05 8.716675867371511755e-06 1.975986562970052595e-06 1.630197642637217115e-18 -1.679857353018047456e-19 -4.837683222323946705e-08 -4.198967104140996498e-02 -6.175652279292255520e-02 -8.116875168452127032e-02 -9.072849375605505917e-02 -1.027809510705783025e-01
7.189679362504220080e+03 5.603736315071566310e+01 5.603875411923542060e+01 4.936352324906503242e+01 -1.040261182994182856e-04 3.742700183415220060e-05 3.805879161034926599e-05 5.053441484305015614e-06 2.376550232999493357e-18 0.000000000000000000e+00 -1.598338496140267585e-08 -2.432852549816652901e-02 -3.310483357874851457e-02 -3.971775672544692465e-02 -4.364275717862649978e-02 -4.775621254572098850e-02
7.239679362504220080e+03 4.582732617124667485e+01 4.591178155526106508e+01 2.796673874492276468e+01 -1.665129312128170724e+00 0.000000000000000000e+00 0.000000000000000000e+00 0.000000000000000000e+00 4.021975897107397120e-07 0.000000000000000000e+00 -4.201992917846797672e-11 0.000000000000000000e+00 0.000000000000000000e+00 1.707381994272184151e-07 0.000000000000000000e+00 1.859737311494596296e-09
7.289679362504220080e+03 2.553522800158589234e+01 2.552966785218977464e+01 2.090836891443438716e+01 -3.935310049668226692e-09 1.199523506779863560e-09 6.575394106617454042e-09 9.974275853522789444e-08 9.938810546954671895e-08 0.000000000000000000e+00 -8.602696969495472861e-16 4.158599262729514379e-04 -2.108918959340840265e-04 -2.603928893641166420e-03 -2.372759698054101828e-03 -4.268076516638180141e-03
7.339679362504220080e+03 3.550846980881865989e+01 3.550976783895901434e+01 2.879257858397798131e+01 -1.898915039902191812e-09 5.459696012398308325e-10 2.446846059162978739e-09 1.903526263012698568e-08 3.808869902936866828e-08 0.000000000000000000e+00 -1.858547372455090421e-14 -2.368782096780778969e-03 -4.447697473643936160e-03 -6.059174718095969477e-03 -9.087910815887731766e-03 -1.160993265636974144e-02
7.389679362504220080e+03 2.188824961434014682e+01 2.188342948024698842e+01 1.679954349952020465e+01 -7.094501749843472815e-10 1.859161071724680861e-10 0.000000000000000000e+00 3.239203496963689736e-08 8.660318934326508350e-09 0.000000000000000000e+00 6.583146339816939489e-20 0.000000000000000000e+00 0.000000000000000000e+00 -3.307097635045823597e-04 -9.736825421877786345e-04 -1.973196410946432243e-03
7.439679362504220080e+03 6.158456368487925658e+00 6.084407746312087362e+00 1.720143245523941999e+01 -6.120642554122963535e-09 1.342693640787592912e-09 8.927681104773257168e-09 9.689501356884854965e-08 1.495906400346945724e-07 0.000000000000000000e+00 7.116013962443858767e-20 0.000000000000000000e+00 0.000000000000000000e+00 0.000000000000000000e+00 0.000000000000000000e+00 0.000000000000000000e+00
7.489679362504220080e+03 3.229545618693356346e+01 3.172680921174588775e+01 3.100027900670814418e+01 -2.058801420573422365e-09 5.398352163229427864e-10 2.008741101340312027e-08 5.864869069826242799e-08 9.284296282053938529e-08 0.000000000000000000e+00 9.802201888514615695e-21 1.379951152425305479e-09 0.000000000000000000e+00 1.801759102719815011e-08 3.201573794767357310e-16 0.000000000000000000e+00
7.539679362504220080e+03 3.968119903838747575e+01 3.969340269522722764e+01 3.517075803843229664e+01 -1.449228039709266864e-08 3.166010038064196860e-09 0.000000000000000000e+00 4.341396610320371513e-08 6.651642970289621526e-08 0.000000000000000000e+00 7.716811457310214264e-21 4.066346679773178619e-09 2.143821054732207878e-08 0.000000000000000000e+00 0.000000000000000000e+00 0.000000000000000000e+00
7.589679362504220080e+03 1.542666329368844025e+01 1.539699667469960609e+01 2.905892491505372277e+01 -1.043377053232829518e-08 2.708505053734779466e-09 5.621800461897971774e-08 0.000000000000000000e+00 1.295816535904100624e-08 1.901808349490675493e-07 1.817278796152816448e-07 0.000000000000000000e+00 0.000000000000000000e+00 0.000000000000000000e+00 2.956791445294141091e-09 -6.915649091062324897e-07
7.639679362504220080e+03 3.077057834030513561e+01 3.077247209123961724e+01 2.595616205386421527e+01 0.000000000000000000e+00 0.000000000000000000e+00 0.000000000000000000e+00 3.205200034173292934e-08 8.527493767480752219e-08 1.140276951628634840e-07 0.000000000000000000e+00 0.000000000000000000e+00 0.000000000000000000e+00 0.000000000000000000e+00 3.112538556761910001e-07 0.000000000000000000e+00
7.689679362504220080e+03 3.025542538563281525e+01 3.025787713723194372e+01 2.551491877746756032e+01 0.000000000000000000e+00 0.000000000000000000e+00 6.430129212801727637e-07 1.620453739037295171e-07 6.382070035658289436e-08 0.000000000000000000e+00 0.000000000000000000e+00 0.000000000000000000e+00 0.000000000000000000e+00 0.000000000000000000e+00 3.072732073821167965e-07 0.000000000000000000e+00
7.739679362504220080e+03 1.654224283091746683e-01 1.674511886139071204e-01 1.136064012107968679e+01 -7.247021758006044216e-11 1.682138424004466725e-11 1.450028554285900371e-07 3.817224288142903983e-08 2.971823479621364748e-08 1.517864248364992590e-17 -1.393657322587010309e-19 0.000000000000000000e+00 0.000000000000000000e+00 0.000000000000000000e+00 0.000000000000000000e+00 0.000000000000000000e+00
7.789679362504220080e+03 2.178436528019492258e+01 2.058818813938998105e+01 6.812505202541243143e+00 -4.250384888704425498e-09 1.069655398771129302e-09 6.760976461717783974e-07 5.510420880663389125e-08 9.853055786196130909e-09 2.377203596615619671e-13 0.000000000000000000e+00 6.637626689580147072e-16 1.756080463930271130e-15 0.000000000000000000e+00 5.269186786459048464e-07 4.902985891068405603e-07
7.839679362504220080e+03 2.898274095124939365e+01 2.897831295405745422e+01 2.401027405043991081e+01 -1.172137748948491887e-08 2.499870348168170566e-09 0.000000000000000000e+00 3.792339150715012331e-09 0.000000000000000000e+00 4.992217427762008478e-16 3.212325288605370772e-15 6.143217261466469705e-16 3.644798601277281509e-16 0.000000000000000000e+00 0.000000000000000000e+00 0.000000000000000000e+00
7.889679362504220080e+03 3.423584564859164914e+01 3.423513097777772884e+01 2.103575173955718469e+01 -6.269395400836462505e-07 1.487577048514033454e-07 0.000000000000000000e+00 0.000000000000000000e+00 2.111085684767629773e-10 0.000000000000000000e+00 2.928147867566445963e-14 6.914071161271751253e-17 7.829474199590924252e-18 0.000000000000000000e+00 0.000000000000000000e+00 0.000000000000000000e+00
7.939679362504220080e+03 1.494420923117712618e+02 1.512810994717020776e+02 1.233913195705307260e+02 -8.721199589796217733e-03 1.428730834685290434e-02 1.183135573893212382e-02 3.343076555018327017e-12 9.277779636707789596e-14 1.190648172032229016e-11 1.353145921662707371e-13 0.000000000000000000e+00 -1.003270065617789376e-14 -1.009611181392077459e-03 -1.321084864838861506e-01 -1.551583980068426127e-01
7.989679362504220080e+03 4.604461950605981002e+01 4.602737970636250964e+01 5.385330846320149334e+01 -1.672694503815125594e-06 1.522546968446220320e-13 2.486670861146580658e-07 1.590430096343729714e-16 0.000000000000000000e+00 1.151888513331807616e-15 2.409145697344543457e-14 1.037080969207832372e-14 -1.025965606019368095e-17 0.000000000000000000e+00 0.000000000000000000e+00 0.000000000000000000e+00
8.039679362504220080e+03 7.635985954148803501e+01 7.636161336753525575e+01 7.889377670017921673e+01 -1.591922519749560852e-06 9.891641831307998359e-14 1.490872036979006019e-14 0.000000000000000000e+00 0.000000000000000000e+00 6.834578175193684059e-14 1.867451613443356987e-08 1.430872388182160267e-13 -5.420630021882345068e-15 -5.587415509719092966e-12 3.360488362835308269e-08 5.221730998804076485e-08
8.089679362504220080e+03 4.646520482205952618e+01 4.646183642888698984e+01 4.552038229498926114e+01 -7.174104222610369315e-08 3.698284008034689412e-15 4.081251460784042352e-09 2.834531791109687653e-08 6.333355219368907071e-06 1.005364698725716858e-05 3.049150462878369399e-06 1.613605558252419989e-06 1.629512909740744238e-06 1.635980017975944716e-06 2.375663411920478239e-06 2.176283650895232942e-06
8.139679362504220080e+03 4.062023426413950489e+01 4.062173745488043863e+01 3.896917578695081374e+01 -4.291499419023601326e-07 0.000000000000000000e+00 0.000000000000000000e+00 0.000000000000000000e+00 1.460196923237699197e-13 2.255125883337101953e-06 3.253475990736825278e-06 7.717578928807964638e-06 8.970834387563869045e-06 9.636680262343344985e-06 8.133342199884649674e-06 7.989204595698600942e-06
8.189679362504220080e+03 1.274109017824800993e+01 1.268263090690573058e+01 2.400178235820074946e+01 -5.811538713196827271e-07 5.968096389561892948e-14 0.000000000000000000e+00 9.591730675545909266e-13 6.635846434780585311e-09 -2.030524783822782960e-04 2.129288002868095098e-04 9.475788296153103956e-05 7.961477328300898301e-05 8.373467720382927679e-05 5.832676298818472127e-05 4.635110824074620403e-05
8.239679362504219171e+03 3.900566813789185261e+01 3.900885175744515720e+01 3.671331006813414177e+01 -6.164992164678745399e-08 2.054865653605967649e-16 2.851853912813314961e-08 1.206983643965332863e-08 2.902363501753962884e-08 0.000000000000000000e+00 0.000000000000000000e+00 8.236897196661723935e-09 2.538375572324565530e-08 -9.100745262625655322e-09 2.766216166487250812e-08 9.237124388882414513e-08
8.289679362504219171e+03 -1.123915862942020425e+02 -1.126834946381303553e+02 -4.475496378594667135e+01 -4.338120237911428321e-11 3.362731313451142093e-16 4.469756701511039138e-08 5.976077901085802992e-08 3.399893198511230117e-08 0.000000000000000000e+00 0.000000000000000000e+00 0.000000000000000000e+00 1.167747828789505831e-08 1.086236071443254716e-08 -1.086511264684023692e-07 3.395132413457125583e-08
8.339679362504219171e+03 8.399724199446648498e+00 8.399195499480763161e+00 5.286857439284801785e+00 -1.999098865424706904e-11 4.284772922659169226e-16 1.020983050570543427e-08 1.437174928740500462e-08 9.058395608040137145e-09 1.269843376018232629e-05 -4.667528496214344040e-06 -1.657949597050904206e-06 -2.966935161551471745e-08 9.072329114023329370e-09 7.027984112198127882e-05 1.187485996622122427e-04
8.389679362504219171e+03 4.262541750305427968e+01 4.211017472288944674e+01 8.969956993881457663e+01 -2.287041627134953044e-07 3.292981383763842836e-14 -6.214933010413018016e-06 -1.687982514501546152e-05 -5.179759047203848395e-03 -1.460118626741340186e+00 -1.418578966205019887e+00 -1.306888652401838602e+00 -1.206207047218393669e+00 -1.067027938750615856e+00 -1.087689230991172984e+00 -9.531251650018505162e-01
8.439679362504219171e+03 -2.461941564562329887e+01 -2.467788112521127886e+01 -3.051164079745588377e-08 1.046687920172299483e-16 2.742029259170038103e-14 7.190718596354416444e-11 -9.386210454656073940e-03 -1.825586230197917938e-03 9.512951367815429115e-04 4.602507476838272465e-03 9.706419403285749398e-03 6.880626466733623034e-03 1.389904624902244326e-02 -4.471466153282528493e-03 -1.313230767634494139e-04
8.489679362504219171e+03 -2.481730848530455003e+00 -2.479449802636673361e+00 -4.669144631325225662e-09 1.511188384131667747e-17 2.250655674782571319e-14 1.222445149731518196e-05 8.168602322416070038e-03 6.127150600745662895e-03 5.068297213393876607e-03 1.099408823870115168e-02 1.098187413807234607e-02 1.044760376864207335e-02 2.344461689532200202e-02 1.205852822715179108e-02 1.289934840470222631e-02
8.539679362504219171e+03 -5.756212810974795246e+01 -5.756242367200628252e+01 -1.019341650691854140e-08 1.546706281538537631e-17 4.934349718320421508e-15 1.087581897648413269e-09 7.361886015072353733e-03 5.989889573092977565e-03 5.572929317424376618e-03 9.650259097042824738e-03 9.400475924150678009e-03 8.963849114555473910e-03 1.954476446717609908e-02 1.014211810130933103e-02 1.079032841772461365e-02
8.589679362504219171e+03 -3.734228058370120351e+01 -3.734237935678750375e+01 -9.708169653277375903e-09 6.537738488416300952e-18 1.412866330062520274e-15 1.280868729581935176e-08 -4.765744843062083721e-04 5.074948063654600305e-05 -6.871863208193796377e-04 2.445595905057410587e-03 1.034427886230789191e-02 1.010996857505510292e-02 2.109446848930441806e-02 9.766153063701309492e-03 1.102304229669819578e-02
8.639679362504219171e+03 -1.443372597952832770e+01 -1.446587495936570456e+01 -1.392385091024560061e-07 1.533139603029843133e-16 1.576513836047850796e-15 1.078053071908360903e-06 7.616114025685696625e-04 6.157972449581281763e-04 6.901271952341590137e-05 4.679460515065985283e-04 6.332844084342113822e-03 6.301645195207603370e-03 1.185052943725485933e-02 6.628455959916069486e-03 7.131487829578133340e-03
8.689679362504219171e+03 -1.021297284764583857e+01 -1.021321309138694922e+01 -1.560305372951238667e-06 4.179063425496400077e-14 1.120336937422170477e-06 7.489040819952204314e-07 -1.433450971840999561e-03 -6.816183126908983124e-05 -5.429106185964108211e-04 4.687072032016383603e-04 5.943914638229148145e-03 5.915511592944844299e-03 1.122101512789777482e-02 5.935504418748058231e-03 6.993173046770143411e-03
8.739679362504219171e+03 -1.113699349559047747e+01 -1.113693961410974431e+01 -3.632874243476766296e-08 5.483191251132392705e-16 2.692823660214016569e-07 1.215911711117756340e-08 8.956563492291697455e-07 -1.379749658654999388e-06 1.119839473098035377e-06 5.538378659392293422e-03 8.404931168189699181e-03 8.479350825499042468e-03 1.495964694270405203e-02 7.324759123407512638e-03 7.631988865192336317e-03
8.789679362504219171e+03 -9.910084014477405390e+00 -9.910092673506008865e+00 -2.410676391988214753e-08 2.481325704868431230e-16 5.888714473143076286e-07 3.414292205155973428e-08 2.567957127948390876e-08 -3.136097017244618076e-03 3.297582603509126211e-03 7.463258093291569306e-03 1.096193109547216951e-02 1.088031088565959842e-02 1.892236516523372949e-02 9.104690499116630323e-03 9.170723844689266865e-03
8.839679362504219171e+03 -1.450929383516376170e+01 -1.450932424842220314e+01 -2.110838307068725110e-08 5.792940696912707541e-17 9.383265419040822156e-07 7.987619692204121170e-08 5.336691655232290487e-08 -7.887876783617276798e-04 5.042166487332084245e-03 8.264791180418494879e-03 1.139268587365649572e-02 1.108808520966081401e-02 2.106112387174745651e-02 1.011814419506489038e-02 1.039837041618807759e-02
8.889679362504219171e+03 -1.051764214798612507e+01 -1.051765577956030384e+01 -2.094263525240745758e-08 1.295127342847139414e-16 9.701894443303766536e-08 6.456459492761929697e-08 5.512086967847854804e-08 -1.942487393030615551e-03 3.868827260669901059e-03 8.588515308841856294e-03 1.058073465138342772e-02 1.058685127817458362e-02 1.904403782904007941e-02 9.666693673712827353e-03 1.032207862461803974e-02
8.939679362504219171e+03 -1.049553960922821183e+01 -1.049558367402065961e+01 -2.195074835949057818e-08 1.154797560744535250e-16 2.070345180151544510e-07 5.917002339857522172e-08 5.720074412900099526e-08 2.032994619264111985e-03 7.718876118135068083e-03 1.017275635390136289e-02 1.195487260840287155e-02 1.186290001787795867e-02 1.949448726997852696e-02 9.827354428946791232e-03 1.054408112365631117e-02
8.989679362504219171e+03 -1.413302702465542282e+01 -1.413311377278430570e+01 -2.283061917268144587e-08 3.400237869759023205e-16 3.330305333854083549e-08 3.153803581706415526e-09 1.331744477915991461e-08 2.130757024484700776e-03 8.397742826641570874e-03 1.035945436778122446e-02 1.186645604236092992e-02 1.173787687206410274e-02 1.924469373119136462e-02 9.675339797803517508e-03 1.049678421379848965e-02
9.039679362504219171e+03 -2.845963732404681679e+01 -2.845988952068342925e+01 -2.260761830468176164e-08 2.533909037134029150e-16 0.000000000000000000e+00 1.081479200828400420e-10 2.173875155160216117e-10 1.998195401265039344e-03 8.250875587884547863e-03 9.929817838357125545e-03 1.108224325412447871e-02 1.072248173513168715e-02 1.814089916991674586e-02 9.543488098343341428e-03 1.031091300669652495e-02
9.089679362504219171e+03 -1.358811868492866815e+01 -1.358816569691024689e+01 -1.561579211629242652e-07 2.088675208613893613e-15 9.400728202723843210e-09 7.196450537802549649e-10 2.494936371690050274e-10 1.854768822172273316e-03 6.803706780245007135e-03 8.819028132386644639e-03 1.024517393545342110e-02 1.001038170381629046e-02 1.687414720177455099e-02 1.064227098716564665e-02 1.109257188540596975e-02
9.139679362504219171e+03 -1.370442636107668832e+01 -1.370451232513889472e+01 -5.744277751608191359e-08 7.278807258900092167e-16 5.913211679521180435e-09 7.226674225786787241e-10 3.919274725151605878e-10 1.738294507695073736e-03 6.584662167788806961e-03 8.516253150922680273e-03 9.949857849793035738e-03 9.719257646223824695e-03 1.656223158043577601e-02 1.132344075015704124e-02 1.201168046404741535e-02
9.189679362504219171e+03 -1.738482744066691055e+01 -1.738487783885283378e+01 -3.834021194531156189e-08 3.417943965749138362e-16 0.000000000000000000e+00 0.000000000000000000e+00 2.401227327079693531e-10 1.529572674546958531e-03 5.396481667074040818e-03 7.110700682702851029e-03 8.431668051352122009e-03 8.556866240161211876e-03 1.415919886160107652e-02 1.043622426726955807e-02 1.122772795333030864e-02
9.239679362504219171e+03 -2.473688581402637965e+01 -2.473707591805942485e+01 -3.653723731198931734e-08 3.309833454641190121e-16 5.321547292644702610e-09 1.337026782419243155e-09 4.584013867628581179e-10 1.591806009348065371e-03 6.281523127084167636e-03 7.760879208840669626e-03 8.585773924255767076e-03 8.394058001431999733e-03 1.340964838614991557e-02 9.881316121599575258e-03 1.060963830414108147e-02
9.289679362504219171e+03 -1.720138458887415922e+01 -1.720143135868896778e+01 -4.460634968846743781e-08 3.879348639131699979e-16 0.000000000000000000e+00 0.000000000000000000e+00 2.661475047583804468e-10 1.287536917223404149e-03 5.511197164462013250e-03 6.864250686414880356e-03 7.823639700454014523e-03 7.835916228491942442e-03 1.260026391841703730e-02 9.181271835556489846e-03 9.761632269071764123e-03
9.339679362504219171e+03 -9.821691424641482371e+00 -9.821781950971269382e+00 -7.470622235674516288e-08 7.163096558328016024e-16 4.283849637993329211e-09 6.563418383861462823e-11 2.813959532328890976e-10 1.186403403921675991e-03 5.358747743557057581e-03 6.708380485262487210e-03 7.714374322801291310e-03 7.625245573162665012e-03 1.077032306660941595e-02 8.126360322173778114e-03 8.402219865127333320e-03
9.389679362504219171e+03 -1.086408371570766818e+01 -1.086436046485806273e+01 -1.473251240785501336e-07 1.235755689041297909e-15 5.772360352904261961e-09 9.580148495139294698e-11 2.857347443455451400e-10 1.071595873269089909e-03 4.934213745885328989e-03 6.199137385268231777e-03 7.143134214491355001e-03 7.067585155882807890e-03 9.163667738297097409e-03 6.949906991222842140e-03 7.142162395551673523e-03
9.439679362504219171e+03 -1.758996989801209310e+01 -1.759005636593873945e+01 -2.904677320178564716e-07 1.937092016960184966e-15 0.000000000000000000e+00 1.125521790544237969e-12 2.322303782541994337e-10 1.252959184705641944e-03 5.411630823246392670e-03 6.653711637047924482e-03 7.632699616754540402e-03 7.580657472951607759e-03 1.057924123153546232e-02 7.796222806106661678e-03 8.110100103915102512e-03
9.489679362504219171e+03 -1.491134654449336772e+01 -1.491138745781100283e+01 -5.418104391201147876e-07 1.171044524119383692e-15 0.000000000000000000e+00 0.000000000000000000e+00 1.871919912996083795e-11 7.839856415770908886e-04 4.523571468754627664e-03 5.378571968550098156e-03 5.989154103250200929e-03 5.995586345139082909e-03 7.488157713795491090e-03 6.651550050027946193e-03 6.826958781865464891e-03
9.539679362504219171e+03 -1.812099063779206267e-03 8.578545824652085688e-04 6.280137577107502284e-04 2.039398163977511466e-04 2.047737158923750023e-04 1.592022952487883608e-05 8.161637680438425333e-06 2.889556342687001639e-05 1.828534558742313416e-04 2.193888831064167366e-04 2.812173818841454554e-04 4.117763406279911819e-04 3.894150740447640245e-04 6.705641212979920624e-04 1.164839920548786916e-03
9.589679362504219171e+03 -5.346049080153353859e-04 -5.229315652812541225e-04 -3.355025743567183806e-06 -7.456944656645099356e-06 -9.101036985186751702e-06 -5.956846120755484158e-08 2.523342718197927037e-07 1.107365087590030626e-03 4.468941027825429173e-03 4.054065915078773966e-03 2.637122089860050381e-03 2.689517251367003377e-03 2.941939590101169720e-04 1.815141125460388105e-03 2.681157965734793768e-03
9.639679362504219171e+03 -1.376545284842617342e-05 8.877184841293663005e-07 7.353309702001662789e-08 4.967463680620748143e-07 2.504532419002607466e-06 5.781914100076726336e-07 6.409973561693544176e-07 2.083724428982734224e-03 5.758513615794215793e-03 6.030121453003288792e-03 6.533769539245478167e-03 6.523535697626759756e-03 7.399427596082148138e-03 5.474263176752755707e-03 5.684947083645535901e-03
9.689679362504219171e+03 -7.151977449442794297e-04 -6.312474451395025518e-04 -3.467054680281018921e-04 -3.834720128713038937e-04 -1.930967570083556004e-04 -1.698918959380764184e-06 -8.870889072094024696e-07 4.534915307771601647e-04 1.232684047845736220e-03 1.083444449916132375e-03 1.166259714234935737e-03 1.264129859431500262e-03 1.468816092065812397e-03 1.737097949032401873e-03 1.742269643182172735e-03
9.739679362504219171e+03 -1.053533223340194433e-05 -6.624507045666289556e-06 -2.375026543067276991e-05 -2.690750681404020000e-05 -1.456627592943295583e-05 -8.965450445655666646e-08 2.744990444613692867e-08 6.337108592267565871e-04 2.038955550248881463e-03 2.305528980596054274e-03 2.427689563259292742e-03 2.438777660437701101e-03 2.883810617621143137e-03 2.194118687617826503e-03 2.276385631247618106e-03
9.789679362504219171e+03 -4.619076034419900119e-06 -7.373692908716491956e-06 -4.637676283942440327e-06 -6.141470841964679030e-06 -2.887412788518116390e-06 -2.049325250458091931e-08 -1.322664651018427887e-07 3.766453051853124560e-04 1.206634830108622297e-03 1.301725467023789754e-03 1.384515416303880699e-03 1.424564188807181603e-03 1.763440781559816881e-03 1.244124003476741345e-03 1.266809928358051058e-03
9.839679362504219171e+03 -8.273756824246412220e-07 1.232970069321554083e-06 1.197082204460891280e-03 1.229829366071181823e-03 5.574507893246822459e-04 1.225024913958368839e-05 6.561579814921842722e-06 3.782952369459585771e-04 9.874444382541186244e-04 1.118883893984295216e-03 1.385315357691052586e-03 1.381047667247517919e-03 1.423135792321801986e-03 1.416352181817335338e-03 1.411723471775183083e-03
9.889679362504219171e+03 -1.044443292282801547e-05 -1.186964417571990821e-05 -4.619944862340502921e-05 -5.403353055887702677e-05 -5.281811619107486331e-05 -2.448742307988717525e-07 -7.953982121818443298e-07 2.456428386612895210e-04 7.969796016497046262e-04 8.293554888993472660e-04 8.824295710452766074e-04 9.040743669377163680e-04 1.020011428739802479e-03 7.918589641123115717e-04 8.028776223061010906e-04
9.939679362504219171e+03 -8.472178195056681231e-08 1.493239361400768564e-08 1.122075996531718730e-05 1.227695783531175639e-05 1.184252942307031921e-05 2.840218594122328749e-07 2.436419826599679110e-07 3.123871514189056962e-04 8.408612335191270343e-04 9.120564199113815555e-04 1.052679232549788828e-03 1.052895466863311988e-03 1.152700967450994525e-03 9.968134689355427798e-04 1.008371683541326932e-03
9.989679362504219171e+03 -2.369321299122432263e-08 7.602995377022224038e-10 3.577568678123531651e-06 4.257061013792522354e-06 4.537103209225846337e-06 1.062669814731161606e-07 7.834145693727551945e-08 3.114947549879045472e-04 8.048135628363317206e-04 8.707502961902424676e-04 9.590332479896084266e-04 9.626566630668438292e-04 1.110866453712520746e-03 8.549889244769026848e-04 8.660603453981370516e-04
1.003967936250421917e+04 -2.682154954490357740e-06 -5.086547136589658826e-06 -1.761685050961995632e-06 -2.044744694920396388e-06 -2.021082356903769715e-06 -1.139390506464682390e-08 9.914420487896768063e-09 2.707516481096772644e-04 7.960982376114803709e-04 8.364273406691843157e-04 9.110030991211449589e-04 9.201014002409494243e-04 1.108521121084615106e-03 8.022352461283933749e-04 8.106556234218718210e-04
1.008967936250421917e+04 -7.975904458563394670e-07 -1.735910619725799246e-07 -2.520293709319038009e-07 4.236637639191958811e-08 2.774954881890126305e-07 1.995918442042946802e-08 1.885825421211299548e-08 2.450542082897873568e-04 7.645721000277210617e-04 8.243600108931327516e-04 9.285775566893483563e-04 9.397506105328700754e-04 1.139333432380620860e-03 8.652804934704608469e-04 8.764783653778145719e-04
1.013967936250421917e+04 -1.338889981689196329e-07 3.594452031773587023e-08 1.896130641045783508e-05 2.139270792071008392e-05 2.152003554317535411e-05 5.924180418733883190e-07 5.328237621660910021e-07 3.286558855339529318e-04 7.921578364329246976e-04 8.573171285920578102e-04 1.039016916709614496e-03 1.046569820054510424e-03 1.128516992101105676e-03 1.045008483552110510e-03 1.037505982851216193e-03
1.018967936250421917e+04 -5.571777085441507825e-06 -9.020581864586730344e-06 -3.340311738769213949e-06 -5.312159470298796251e-06 -8.499170160738099477e-06 -3.550665923311405043e-08 -2.816139543421599532e-07 3.431673332861904916e-04 7.894021899117820758e-04 7.828456976165674899e-04 7.581850134782862826e-04 7.555062747509857157e-04 7.065395043577535382e-04 6.382178911833530843e-04 6.373295093384553738e-04
1.023967936250421917e+04 -1.510459224033426969e-06 2.684380933069778842e-06 6.668265013637296955e-05 8.849637375347551693e-05 9.240038555574693895e-05 2.629720351493914886e-06 1.770765753162367765e-06 -3.907956201652996358e-04 6.055102265935042357e-04 1.711737189439896129e-03 2.103716816623265370e-03 2.115872978967995623e-03 2.278505434414357465e-03 2.285799219116035896e-03 2.319980966239149588e-03
1.028967936250421917e+04 -1.361447586038524630e-07 3.282086380283701060e-08 9.458068798662313506e-06 1.343984839599007390e-05 5.963566485377713417e-06 1.696959801951818482e-07 2.511926884374884124e-07 -2.665947946690629643e-04 4.033725969259821000e-04 1.159104472975530696e-03 1.496305590591143122e-03 1.486459160190735981e-03 1.756190768393411537e-03 1.455495532394029262e-03 1.464673398851951353e-03
1.033967936250421917e+04 -7.914858687991772220e-06 6.831366795432879231e-07 1.919722484123524697e-02 2.152862608185504220e-02 2.189129064023935881e-02 1.891495670080747121e-02 -3.658157464331288821e-06 1.475712269440453370e-06 8.453829558537313132e-03 4.269753511501839412e-03 1.439871479906742330e-02 1.547584838365576379e-02 1.651444447848193428e-02 1.661703200699810382e-02 1.912163083220056944e-02
1.038967936250421917e+04 -2.389114683169856757e-01 -2.491181668812117445e-01 -2.982042654236988777e-01 -2.888074402381362593e-01 -2.286151656754199235e-01 -1.837050467591339054e-01 -1.713329203293345038e-01 -1.698429606327290786e-01 -6.839635849672574819e-02 -1.149318038988651897e-01 -1.401411355644938406e-01 -1.453518722365611804e-01 -1.350570074109442298e-01 -2.298056647870969638e-01 -2.798566734310439230e-01
1.043967936250421917e+04 -8.739158158595336512e-02 -8.755942443518760498e-02 -9.847819229560050847e-02 -9.729269386586004986e-02 -7.647708410649850519e-02 -6.352176527932748562e-02 -6.284131430752437630e-02 -6.241579467203697829e-02 -1.429044012828107474e-02 -1.866308475930505278e-02 -1.712310704311201942e-02 -1.589655432164921098e-02 -3.960621363808597070e-03 -4.538605546321720918e-02 -5.860637187726939340e-02
1.048967936250421917e+04 -4.422799255711321736e-02 -4.458172910719489929e-02 -5.819983384546043026e-02 -6.647079262761503016e-02 -6.440815937427822602e-02 -6.117099410249893232e-02 -6.038509992887762523e-02 -5.655297778146586157e-02 -5.533301706535400516e-02 -7.373601957310828292e-02 -8.530508703599731790e-02 -8.373802531704345464e-02 -7.458077082550385040e-02 -6.328113616088237858e-02 -5.901940077732017315e-02
1.053967936250421917e+04 -1.603193579673502581e-02 -1.629312955544860719e-02 -2.533843334949014564e-02 -2.568179787588694210e-02 -4.725470472762009766e-02 -5.048153338383352950e-02 -5.501666538043564064e-02 -5.445504906738331957e-02 -4.107665430670046081e-02 -4.658985761433973721e-02 -5.406060351081566628e-02 -5.354303217551632105e-02 -4.912514405724929811e-02 -3.225716975071923898e-02 -3.178512913951715702e-02
1.058967936250421917e+04 -1.233401512464864583e-02 -1.223930191611200154e-02 -1.795156332034391830e-02 -1.650860759740381892e-02 -2.612409802599557213e-02 -2.492411455618438743e-02 -2.394016056351110436e-02 -2.250966300381715413e-02 -2.152193018592564108e-02 -2.526652134186416210e-02 -3.391411745474479100e-02 -3.496331287934942300e-02 -3.205729762730446381e-02 -3.039180928475583923e-02 -2.991165405354092102e-02
1.063343194675421910e+04 -5.533151230150740521e-03 -5.300552806831226871e-03 -3.955489994011283407e-03 -4.700337190547377968e-03 -1.898303776972151691e-02 -2.100136946939500440e-02 -2.070691083023325912e-02 -2.029101829624390188e-02 -2.127349566727148797e-02 -2.409047985425935220e-02 -3.095986768059156083e-02 -3.159562777926178817e-02 -2.756777007480595842e-02 -2.505431174833399124e-02 -2.249992154967431213e-02
1.063344444675421983e+04 -1.418522550448749309e+00 -1.114275226050489787e+00 -1.764975292620022840e+00 -1.468164584656923788e+00 -1.046301572122972923e+00 -8.873502626535058058e-01 -7.647095878596883445e-01 -7.316564185454877967e-01 -7.308789450995315518e-01 -8.037372932028429284e-01 -9.300377252508286174e-01 -8.455931800860146952e-01 -5.526616044466353683e-01 -3.990767845487291909e-01 -3.844500396638110273e-01
1.063354444675422019e+04 -6.028763007834933574e-02 -6.678207749846244712e-02 -9.906774463971725064e-02 -9.817334853453119070e-02 -6.530801356682792991e-02 -7.686793445513351829e-03 -5.193517605998644419e-03 -1.568759634296161901e-02 -2.813478457206816663e-02 -7.929225702565090989e-03 -9.339322271152859442e-03 -1.830678509028333886e-02 -6.042305188235751884e-02 -3.856917992987789895e-02 -8.663591143465017297e-02
1.068380279757354765e+04 -1.396079716870830649e-02 -1.393131032188864131e-02 -1.817014636562442817e-02 -1.754296345225792725e-02 4.137342158124497453e-03 2.465622414146975607e-03 7.571667903773970833e-04 1.824507723110319187e-03 8.013314148303076964e-03 3.312528125808288180e-03 3.046976504254845087e-04 -6.718139193686748856e-04 5.063441112882109164e-03 2.420072440539623986e-03 3.505272760971049769e-04
1.073508109924219389e+04 -1.275249816664590988e-02 -1.305537599506136938e-02 -1.767130238669757658e-02 -1.613122142611588331e-02 2.375420659070731633e-03 1.280241579495890831e-03 -8.972829463845276082e-05 2.038581553690053689e-03 8.054153323038083789e-03 4.059627108322881595e-03 2.781541945341128516e-03 1.040446873350815270e-03 5.237588537131287851e-03 2.479407949187099457e-03 8.348587379722986757e-04
1.078508109924219389e+04 -1.647432357923702664e-04 -2.333228457889250079e-04 -7.898248267618071874e-03 -8.860709771216284877e-03 3.899158779185325427e-03 7.418313792824109479e-03 6.720734606099636535e-03 7.381109886321421919e-03 1.410996484686697500e-02 9.435748775000890598e-03 1.165178200356799254e-02 1.199425474956282954e-02 1.567434438957553827e-02 8.692259356611097346e-03 5.372698012082369363e-03
1.083508109924219389e+04 -2.480899280137412676e-04 1.619593495946417373e-06 -4.650337535860165315e-03 -1.042311915569109002e-02 -4.231385564111278356e-03 4.985849244124524945e-03 4.898511866257533945e-03 5.536058429329776542e-03 1.111883882953932506e-02 8.606868329059918360e-03 1.086495450210337409e-02 1.141483312415732601e-02 1.428624906463469950e-02 8.775998776573645799e-03 5.467476746855003816e-03
1.088508109924219389e+04 -4.133607625291175688e-03 -4.273299081448166288e-03 -7.812224924631868891e-03 -9.826653677273783360e-03 -5.615919859714321900e-03 1.389027530879075652e-03 1.249478426625257521e-03 3.489175650146246043e-03 9.264190537380286375e-03 5.968566937732421029e-03 7.241254053808910372e-03 7.594666481271094075e-03 1.025044003069013748e-02 5.814450913900299708e-03 3.081919570749743712e-03
1.093508109924219389e+04 -4.067466210780187597e-07 5.126086504714595795e-08 3.794169362226961547e-03 -8.477296597497764857e-04 1.765107838398559045e-03 4.572178144699552346e-03 5.178129829952711656e-03 5.569130472770850507e-03 1.043163877415155365e-02 8.226009568512500369e-03 1.052071140218346218e-02 1.083510184346823946e-02 1.277370187695606694e-02 9.071656251054547801e-03 6.916255727552732963e-03
1.097504444674924889e+04 -2.267278828950729428e-08 2.876409952241143383e-10 -4.733239978499217721e-04 -2.900783908753663560e-03 -3.808432646013961993e-03 6.992956127319693892e-04 1.767917180889445276e-03 3.787412390012366136e-03 8.708972893917376473e-03 5.981490564811415417e-03 7.415212378038494624e-03 7.615579255032886227e-03 9.571606680012010107e-03 6.352015488518942231e-03 4.436416788906277428e-03
1.097514444674924925e+04 -1.708714624573189747e-08 4.573744449142916228e-10 3.054371213793998950e-05 -2.751968910713790441e-03 -3.570154616173415538e-03 8.986508831456014321e-04 2.000732963427496059e-03 3.929275494499799050e-03 8.877493689018720741e-03 6.152765284655531061e-03 7.609509446072966303e-03 7.805423462785132833e-03 9.661117991905929236e-03 6.445387956513504157e-03 4.541518092856043631e-03
1.127297416302726197e+04 -1.777096730783864930e-06 1.117194424389890504e-06 3.944141540717240155e-04 8.156689756944579235e-04 -4.151837832996437471e-04 2.640644124752686197e-04 3.709246750631007032e-04 1.854085777438816123e-03 5.387174440984722479e-03 5.794979066536788681e-03 8.179883786737852588e-03 8.362345531963808268e-03 9.405936962440667251e-03 7.464063152713791213e-03 5.351141765994236153e-03
1.127298666302726269e+04 -1.374560809520397331e-01 -1.678653234291072605e-01 -2.441242803695494179e-01 -2.865045217910076603e-01 -1.770654062555716834e-01 -1.592311671383914440e-01 -1.094765829191658019e-01 -1.093922792166063113e-01 -1.012544864265245564e-01 -1.055569269788107639e-01 -1.332175055769856675e-01 -1.201054892524935636e-01 -9.305405552625205245e-02 -7.129387593073653606e-02 -6.691903698871093376e-02
1.127308666302726306e+04 -2.753216850586535230e-02 -3.021626764734176157e-02 -3.782945444189234063e-02 -4.210373321418790088e-02 -1.021386801683580453e-02 -1.466152929645677359e-02 -8.493525852586992358e-03 -7.008626074415703205e-03 -4.189068616753893401e-03 -3.301686109692218273e-03 -5.334049943731964533e-03 -5.870186423867941941e-03 -1.496015419734111375e-02 -7.429965574525357157e-03 -1.033767253060233725e-02
1.197873593060527492e+04 -9.569659496462768139e-05 2.097662043076240195e-03 1.487224165472691203e-03 1.929280928210504349e-03 2.339662268771159465e-04 5.561788518976294249e-04 -2.506155673824446146e-04 1.302777715846878490e-03 4.150977304842847285e-03 5.623968887930461819e-03 8.285388206932052524e-03 8.295369047759735756e-03 9.807436329686216800e-03 6.772482347251029822e-03 5.548574115655255032e-03
1.287873593060527492e+04 -1.493263915055750889e-03 -1.596470383595663053e-03 -2.754292118081092845e-03 -2.521361641775978022e-03 -3.208176738914103165e-03 -2.631143462222585577e-03 -1.772379400198987589e-03 -1.623601001606627607e-04 1.974783110092579504e-03 2.782312132409350738e-03 4.567404468861172712e-03 4.766819230558491834e-03 5.751824834309718533e-03 3.892553038777811242e-03 2.820834773425532314e-03
1.377873593060527492e+04 -2.620223025438574074e-03 -3.604675926546723787e-03 -5.153128609862449479e-03 -3.441377530049042222e-03 -5.582465503452362261e-03 -3.628692593866718157e-03 -1.977481682807919697e-03 6.627500502917372822e-04 3.501472276576184529e-03 2.969486373807103674e-03 4.322123513926533905e-03 4.477026114470224367e-03 5.446522804310930006e-03 3.495390736690731550e-03 2.442721483402137891e-03
1.467873593060527492e+04 -1.897138694239573851e-03 -1.735998691194939924e-03 -3.058401669256155791e-03 -2.112446512311593784e-03 -4.017201968669671143e-03 -1.606440408155544080e-03 -6.236843207233687620e-04 1.639072708624415755e-03 3.988774942718799343e-03 3.494532095692903101e-03 4.876169269698632860e-03 4.983620905380302217e-03 5.460866901651166908e-03 4.562042111922197732e-03 2.723202950661999730e-03
1.557873593060527492e+04 1.853647266133197444e-03 1.873161936426270650e-03 1.173419913352922572e-03 1.171526839025362416e-03 1.067938297784507630e-04 -1.116202783415408612e-04 -1.803676091829480531e-04 -8.361176904596893868e-05 1.259676646426848403e-03 2.835186518710784784e-03 5.707116573956365867e-03 5.785698467057402011e-03 5.439591863459047882e-03 5.745853674736292431e-03 4.041683942552002501e-03
1.647873593060527492e+04 -5.608646422733104932e-04 -1.406927620800938416e-04 -1.060720858534051816e-03 -3.840508971327577688e-04 -7.973747618006700715e-04 -1.116614712958238602e-03 -9.101993892588376104e-04 -8.681755233211771927e-04 2.378799627161670433e-04 1.468411496841273613e-03 3.673855189077427068e-03 3.722657478172226950e-03 3.391710424341195899e-03 3.866817138613131213e-03 2.348099725931593242e-03
1.737873593060527492e+04 3.487253812201217469e-04 3.881495079383952967e-04 -4.248403204746436807e-04 2.359196363710478600e-04 -3.334909663783782331e-04 -6.539823284395501887e-04 -5.972881070234773923e-04 -5.633882397316426933e-04 4.512280090449998535e-04 1.577898470672639856e-03 3.851070292257267273e-03 3.876562784382983542e-03 3.405243150122889452e-03 4.486847633491821037e-03 2.574322786314418073e-03
1.827873593060527492e+04 1.599676348091274734e-03 1.556153632994981958e-03 9.190995786291633997e-04 1.373124192107617663e-03 -3.645377110392719589e-05 -8.481301769075208583e-04 -8.531416191202249996e-04 -6.764230933097393822e-04 6.241816461210734392e-04 2.269588873393438202e-03 5.440381329910606856e-03 5.524583121035454673e-03 5.199403443238674073e-03 5.311339604285048206e-03 3.450587361640709318e-03
1.917873593060527492e+04 5.812538585578392106e-03 4.923502523849504313e-03 4.658203467995037338e-03 4.114180216025464278e-03 1.470069377603263391e-03 3.685228160747494228e-04 3.470555774074822637e-04 5.419914946405317898e-04 1.769189860280888848e-03 3.288064409359870918e-03 7.101121738659012597e-03 7.223207308798242771e-03 6.879696924352634614e-03 6.638068063612639902e-03 4.909214818843920039e-03
2.007873593060527492e+04 -1.313310245117730842e-03 -1.330423814569604108e-03 -2.119461635540202931e-03 -9.445169811388100158e-04 -1.552678473756406111e-03 -2.333626308304624121e-03 -2.230976656500283789e-03 -1.945033996216015372e-03 -6.600295048346573870e-04 5.515279380644741956e-04 3.028429525542440746e-03 2.977779788371257442e-03 2.383591788932414631e-03 3.712634624240940002e-03 1.489428393560610206e-03
2.097873593060527492e+04 -1.104857166601150379e-04 1.177416799985104315e-04 -1.196178223867418742e-03 -4.582913356222464052e-04 -5.023718569242425699e-03 -3.890202617045895005e-03 -3.705250905335346831e-03 -2.724538442361351849e-03 1.891574284721331994e-04 3.026889612149898968e-03 6.490821288402265528e-03 6.535447543663056198e-03 5.679184950965546208e-03 6.222037728112027842e-03 3.768456090037426622e-03
2.187873593060527492e+04 -1.178687068311393528e-03 -1.418257104298548555e-03 -2.724572312747513408e-03 -1.729023503996184735e-03 -7.835676655206630023e-03 -7.104451060856675076e-03 -6.630679022139839007e-03 -5.318296435745887424e-03 -1.995107594311915523e-03 1.044627289740454514e-03 4.574825437311895275e-03 4.578151819766645113e-03 3.799588092767534984e-03 4.724101706443236022e-03 2.353601659489652862e-03
2.277873593060527492e+04 -8.666882881514627603e-06 4.770927799009289723e-04 -3.368886078555455516e-04 1.364398688611604543e-04 -6.142643924132482926e-03 -5.745752638109455704e-03 -5.158231865360030262e-03 -3.450338995856458337e-03 3.324091653870736465e-04 3.944809572899826179e-03 8.585429076184912869e-03 8.435591687896057053e-03 7.354200323985492053e-03 7.884076079477593188e-03 5.414567611609215868e-03
2.368335026738495799e+04 -9.120770661901618471e-05 4.667940549591530631e-05 -1.409003350261058907e-03 -1.154106902183453824e-03 -9.123680629964357053e-03 -8.650433053520206403e-03 -7.512980905928413715e-03 -4.936541904014525584e-03 3.562292737667260931e-04 5.487427077783124142e-03 1.122778437599238240e-02 1.101295682124390184e-02 9.517755848465944343e-03 1.005007307688183908e-02 7.102586551932259587e-03
2.458335026738495799e+04 -8.247018377520296331e-03 -8.490304823513858401e-03 -9.236590104442589377e-03 -9.163887302733189980e-03 2.445559082468972117e-03 7.221063838200056026e-03 8.256962537412187303e-03 9.305195879601152811e-03 1.276036029170524166e-02 9.539729412846944395e-03 1.252575334245143238e-02 1.246833455294899667e-02 1.214545619787537646e-02 9.312742262016797737e-03 6.325133444987455014e-03
2.506335026738495799e+04 -1.674955845007793554e-04 5.369435586457706872e-05 -1.681443886819686392e-03 -8.250782639471294835e-04 5.480247913711242674e-03 8.738456672353549920e-03 9.534734797305731424e-03 1.026530879660737978e-02 1.335525570162085160e-02 1.015832641257652554e-02 1.311351109026638768e-02 1.299232443768480114e-02 1.240653306291377572e-02 1.011874280195256687e-02 7.004439152282013713e-03
