TIME q_liq_Ch2_mesh1 q_liq_Ch2_mesh2 q_liq_Ch2_mesh3 q_liq_Ch2_mesh4 q_liq_Ch2_mesh5 q_liq_Ch2_mesh6 q_liq_Ch2_mesh7 q_liq_Ch2_mesh8 q_liq_Ch2_mesh9 q_liq_Ch2_mesh10 q_liq_Ch2_mesh11 q_liq_Ch2_mesh12 q_liq_Ch2_mesh13 q_liq_Ch2_mesh14 q_liq_Ch2_mesh15 
0.000000000000000000e+00 6.549345482197704769e+03 6.549345482212361276e+03 6.555887480647572374e+03 6.559135077550636197e+03 6.498967557642761676e+03 6.552028526042443445e+03 6.548617318605501168e+03 6.540268470764701306e+03 6.482852187014337687e+03 6.532149837943343300e+03 6.527989563246565012e+03 6.518793934528392128e+03 6.463416305961536636e+03 6.506507655427861209e+03 6.531683282068443987e+03
5.000040000000043960e+01 1.506722534210538470e+03 1.507538654994512171e+03 1.511216112790667694e+03 1.518117408879311370e+03 1.521915728749742357e+03 1.523603904340903455e+03 1.525351741008556473e+03 1.526698193370398712e+03 1.544198720674672813e+03 1.530114311155193036e+03 1.530900004441842384e+03 1.531748347221955328e+03 1.553127649292571050e+03 1.532277362972373339e+03 1.533409127568704207e+03
1.000003999999985922e+02 2.488019303138953262e+02 2.488901490889249430e+02 2.546928090077296361e+02 2.738810044261486496e+02 2.942950083638127126e+02 2.720355499122993592e+02 2.714490572411529001e+02 2.733566616051527944e+02 2.864520740823524534e+02 2.637474347793769880e+02 2.624950307015963631e+02 2.663160631604130231e+02 2.773776942403458179e+02 2.598574506477876298e+02 2.569265139204784987e+02
1.502405034099261059e+02 -1.325160443421490868e+02 -1.324409202675350912e+02 -1.130325363597394812e+02 -1.072706600394204344e+02 -1.093071256035190828e+02 -1.092507650288907541e+02 -1.010117095960569031e+02 -8.851209799211952145e+01 -7.180497843944473857e+01 -6.339051797664037480e+01 -4.562278275966139773e+01 -2.685814231972814170e+01 -7.370840967329714388e+00 -2.315025588377570287e+01 -3.370427527950133850e+01
2.004200391960640388e+02 -2.370422838408413497e+02 -2.371514409177189009e+02 -1.427699450632525782e+02 2.555410786406513068e+01 -4.365993032360408677e+01 -2.181748060685878343e+01 -4.430336813473948609e+01 -4.102198660253328910e+01 -4.835715575293865243e+01 -6.220716274812683366e+01 -6.706416259332243612e+01 -7.270171181701843466e+01 -7.981291361593225986e+01 -8.867222929473064141e+01 -9.403083108829743253e+01
2.534293625042201370e+02 2.414006550062423884e+01 1.931229896707217364e+01 4.357652403255064399e+01 4.209995343332643358e+01 2.734314273386530658e+01 2.630173064042363507e+01 2.098569708725543137e+01 2.268092745911141250e+01 2.035506980957698175e+01 1.079936067369192720e+01 5.845835742960135306e+00 -4.154588036407610652e+00 -8.904078010626289341e+00 -2.863969417831633990e+01 -7.411190346594741241e-02
3.034293625042201370e+02 -2.686651024468761140e+00 -5.791582253221438492e+00 2.281335055855798544e+01 2.089563953646124972e+01 1.001690967874598392e+01 1.235804941600870244e+01 6.064242244621798505e+00 5.200531065177730561e+00 -4.491618723546327296e-01 -6.836252027069754433e+00 -2.288169738362746841e+01 0.000000000000000000e+00 0.000000000000000000e+00 6.951360830063717686e-06 3.899153368910280508e-05
3.565543625042201370e+02 4.564091091352062790e+01 4.754393241852341845e+01 7.864368016476794310e+01 6.928185689287360560e+01 6.438357007815989164e+01 7.178456646231965976e+01 6.764035842393747089e+01 6.426383457767691709e+01 5.827577219321916147e+01 4.328528707772394313e+01 4.697193197230168948e+01 -2.940885136153707546e-05 3.726939450185395278e-05 3.652129751259181761e-04 9.715760255269653440e-04
4.065543625042201370e+02 2.510756200211795601e+02 2.501500477216451088e+02 2.530513229801735804e+02 2.565173949199822800e+02 2.449745567649126201e+02 2.200996130492400482e+02 2.081532291279486628e+02 1.913469269752935986e+02 1.770895507755418521e+02 1.637660467712193793e+02 1.537879519526918557e+02 1.451336379398806855e+02 1.417296143225973424e+02 1.237861533582469775e+02 1.239223916369040239e+02
4.565543625042201370e+02 8.448669711568508944e+01 8.445057749474469233e+01 8.584042667969127649e+01 8.983322032703009086e+01 9.380000798860122302e+01 9.179582725871448190e+01 9.635747333150595750e+01 1.090266449387044929e+02 1.324579204014895311e+02 1.362195258906128288e+02 1.368041197659163970e+02 1.352556928574624635e+02 1.309193395455994846e+02 1.291266627602480810e+02 1.350770285606636492e+02
5.065543625042201370e+02 6.499381693321828379e+01 6.501338280582756113e+01 6.785899490562815117e+01 7.235309311613609395e+01 7.329351254089108636e+01 7.308652046363467036e+01 8.699419827190453702e+01 1.218064712396227094e+02 1.440213931950178221e+02 1.321199578308131493e+02 1.457236057889472818e+02 1.499935584108353055e+02 1.511482863388052351e+02 1.612898952834606803e+02 1.486227411889063603e+02
5.565543625042200802e+02 6.784576194361513046e+01 6.787352718544721597e+01 6.994301710728711896e+01 7.359598334756844906e+01 7.558429945939043648e+01 8.426307659706955633e+01 1.264233554129025521e+02 1.486037300761601614e+02 1.391328789415608753e+02 1.324621110454619100e+02 1.397681390480927632e+02 1.447001462306926953e+02 1.431992128283638408e+02 1.504698493294964976e+02 1.320968240906639721e+02
6.065543625042200802e+02 6.311286131390539822e+01 6.312971673565246533e+01 6.621820218676903380e+01 7.078027347712172457e+01 7.209570705992032913e+01 1.033407336937436298e+02 1.320368649279812985e+02 1.384847727460480939e+02 1.368260704941205290e+02 1.290767630304797251e+02 1.405705758103855771e+02 1.475355488391843153e+02 1.474360433812572921e+02 1.578679941768992308e+02 1.449066737403199738e+02
6.565543625042200802e+02 6.775554325103414044e+01 6.776616432588662065e+01 6.982735301912278203e+01 7.375864992744628523e+01 7.901341517457352381e+01 1.151089609179615536e+02 1.429332911125768533e+02 1.393362317582488288e+02 1.402624447605495277e+02 1.316693469110879846e+02 1.444595991271864932e+02 1.514624609608344485e+02 1.520628585584732377e+02 1.628335303467457607e+02 1.504584892070172657e+02
7.065543625042200802e+02 6.743448188902600293e+01 6.743999431615578999e+01 6.919609953891078646e+01 7.256997252185101388e+01 8.102046251572318170e+01 1.179093061039660597e+02 1.435967333007037894e+02 1.360606784350208613e+02 1.401020091640027943e+02 1.314734713279934226e+02 1.449761842257136664e+02 1.526537241390874158e+02 1.537356633157250485e+02 1.649849117896499990e+02 1.524689927707997299e+02
7.565543625042200802e+02 6.705852079376518304e+01 6.706172386001793484e+01 6.876159337916038794e+01 7.191010852068073689e+01 8.132678492321946351e+01 1.174454419477874723e+02 1.420324767141574966e+02 1.340931681080696194e+02 1.394887640737864558e+02 1.312115804857484136e+02 1.450458687818237138e+02 1.534069777739208291e+02 1.549570630033518057e+02 1.665715848892401993e+02 1.537948226199198984e+02
8.065543625042200802e+02 6.706679661981128504e+01 6.706905984150657218e+01 6.878522876421639864e+01 7.184244852346468235e+01 8.158738301186525632e+01 1.170458049186026557e+02 1.410796333996021019e+02 1.333623677885588279e+02 1.390919433882708347e+02 1.310386359403739789e+02 1.450400211474108687e+02 1.537695693143430447e+02 1.557042108227111896e+02 1.675455436576744432e+02 1.546668571097040115e+02
8.575543625042200802e+02 6.720425151681428133e+01 6.720595261673426535e+01 6.897681693802616110e+01 7.207979160152785880e+01 8.225170857701472471e+01 1.171793855999326865e+02 1.407335297405191454e+02 1.331708732263366528e+02 1.390056376334443371e+02 1.310617653305103545e+02 1.451565506190714245e+02 1.540388072052226676e+02 1.562627615002603534e+02 1.682112820490161766e+02 1.553505015520642587e+02
9.075543625042200802e+02 6.723536168878648311e+01 6.723656289167936961e+01 6.908854529513887144e+01 7.232143718961980028e+01 8.306959948033077978e+01 1.175880306578511920e+02 1.406759972916222523e+02 1.331312612225669341e+02 1.390146045221984821e+02 1.310984581143311516e+02 1.452457637643609303e+02 1.541575489465396913e+02 1.565908897262824553e+02 1.685773983218376770e+02 1.557917390524443704e+02
9.575543625042200802e+02 6.696662199782366542e+01 6.696740836076850201e+01 6.890458176059316031e+01 7.231200945872021180e+01 8.379664515459880647e+01 1.179584298168136201e+02 1.405464121194966935e+02 1.329671257719879804e+02 1.389228675935729598e+02 1.310287176021994640e+02 1.452134507387167446e+02 1.540986889927338552e+02 1.566602351761208922e+02 1.686404710367322366e+02 1.559245129560879093e+02
1.007554362504220080e+03 5.792346659408962495e+01 5.792956231393305444e+01 5.995942340854910668e+01 6.308665588098779864e+01 9.226748306195625560e+01 1.187630102154898850e+02 1.276921189483791750e+02 1.250720895453309964e+02 1.300133340707365619e+02 1.241710294026418637e+02 1.375262797687028069e+02 1.459879405525321090e+02 1.473453175604180672e+02 1.588594650726373914e+02 1.469202910244353291e+02
1.057554362504220080e+03 6.436185293818969910e+01 6.436237657135559687e+01 6.624037790699212280e+01 7.197945951426214606e+01 1.037360829320802083e+02 1.260366266563285222e+02 1.282767532218499298e+02 1.257999867443900683e+02 1.267131998234925589e+02 1.200026098977071030e+02 1.322389782048478821e+02 1.390881798077107305e+02 1.399000999468161126e+02 1.501741349378794439e+02 1.422793571381609183e+02
1.107554362504220080e+03 6.030194294414759071e+01 6.031733879556261257e+01 6.396569641610570045e+01 7.882914505878268585e+01 1.133127901201720675e+02 1.283668692123927144e+02 1.201869423479755028e+02 1.240389019422327692e+02 1.239343369691101060e+02 1.179809337860489364e+02 1.286656473763763415e+02 1.344964695481915840e+02 1.333882110926637381e+02 1.420574023426289330e+02 1.284251398684333196e+02
1.157554362504220080e+03 7.793142349869275165e+01 7.768994147507687842e+01 9.243145976399326003e+01 1.466437533016056989e+02 1.524642605371304285e+02 5.691249519413856461e+01 -9.325873983641739073e+01 -1.957504848737396230e+02 -1.646258666786566494e+02 -1.139436157979544184e+01 1.326995485194693174e+02 2.062735064881850349e+02 2.112111370302685032e+02 1.598011942588100567e+02 8.508353032647103475e+01
1.207554362504220080e+03 6.300915261260327327e+01 6.301852539448478296e+01 6.683007742069260360e+01 9.248573888347551986e+01 1.252062584302813093e+02 1.301299036529691477e+02 1.245571549008170962e+02 1.230304320704794065e+02 1.208733919771760270e+02 1.139878636550066346e+02 1.223134151737732793e+02 1.241916932230362107e+02 1.218386751032380317e+02 1.275390567115424432e+02 1.187468144364396778e+02
1.257554362504220080e+03 6.391580346140563762e+01 6.392404923716572540e+01 6.771559559894390645e+01 9.346022351747548385e+01 1.257129812578852182e+02 1.301568281382108978e+02 1.242611812211249998e+02 1.230800619476087121e+02 1.211020816485080758e+02 1.143243016168836022e+02 1.233845514495498890e+02 1.260419210176988258e+02 1.238419115320180026e+02 1.304026999908290350e+02 1.203704166433650613e+02
1.307554362504220080e+03 6.397809763358576873e+01 6.398496271286664694e+01 6.799348542153776975e+01 9.286324379303223964e+01 1.253995058526053015e+02 1.307031410324407261e+02 1.240502392759359225e+02 1.223256679624131493e+02 1.196936680686891918e+02 1.128253310553581628e+02 1.211203297611596525e+02 1.223773518497870185e+02 1.198823379662444637e+02 1.255817824966169667e+02 1.164570645124375829e+02
1.357554362504220080e+03 6.396983058024977709e+01 6.396655130400792899e+01 6.824817469258050551e+01 9.166404993315147465e+01 1.243289418853351407e+02 1.307873220469546709e+02 1.231506483584271194e+02 1.212493234538282394e+02 1.180136551343240399e+02 1.111231752358764595e+02 1.186576430173570174e+02 1.190560200790156671e+02 1.162879635120892203e+02 1.213216219181974225e+02 1.126840513988101833e+02
1.407554362504220080e+03 6.436513481724533392e+01 6.435495437396787111e+01 6.814925210381392162e+01 8.947538493606033683e+01 1.229363574554048881e+02 1.311323674599124729e+02 1.224203429915189076e+02 1.204821296869550764e+02 1.166436037850292422e+02 1.097465870791170346e+02 1.165200421670352284e+02 1.162817274835847741e+02 1.133206381036444839e+02 1.177221966972237226e+02 1.097296430464179764e+02
1.457554362504220080e+03 6.520536250951161605e+01 6.519983146965621756e+01 6.851619631114822084e+01 8.772727117691255216e+01 1.220799765123339284e+02 1.318292969719991561e+02 1.222401881196357607e+02 1.200498742229209341e+02 1.156736923882124444e+02 1.087173842416947736e+02 1.147517444577762973e+02 1.139317831829515342e+02 1.108203939203746842e+02 1.145391164828806154e+02 1.075013423182410719e+02
1.507554362504220080e+03 6.484365036306793684e+01 6.483838412987449829e+01 6.802160598592988094e+01 8.581776958617322748e+01 1.209583323144699420e+02 1.317527601600123717e+02 1.215187100240097067e+02 1.190196323797256639e+02 1.141950145397167375e+02 1.072085483954297729e+02 1.125570078187657543e+02 1.112510765473685410e+02 1.079823805616773029e+02 1.110268162835008638e+02 1.047851780666865977e+02
1.557554362504220080e+03 6.430943787657309940e+01 6.430417423613370431e+01 6.739754036853970831e+01 8.410278027540798007e+01 1.200003875728956615e+02 1.317219135803379402e+02 1.209449569185876783e+02 1.183207880347921019e+02 1.131651873763550782e+02 1.061868928510932761e+02 1.110104948689411231e+02 1.094191838673639978e+02 1.060522644088319879e+02 1.086495047921850983e+02 1.027398509815510295e+02
1.607554362504220080e+03 6.421406746883735650e+01 6.420910748735214213e+01 6.720902482839100855e+01 8.257709231212295720e+01 1.192036626355866531e+02 1.319722701926799857e+02 1.206808333786809015e+02 1.178255409624725019e+02 1.123436710465089163e+02 1.053367178286021755e+02 1.096084727858043806e+02 1.077171113065605823e+02 1.042667443872816051e+02 1.063332505611835614e+02 1.010239881478539274e+02
1.657554362504220080e+03 6.468746125436464922e+01 6.468444624838440404e+01 6.753422880551012497e+01 8.140628519537035857e+01 1.187663125506733479e+02 1.326876152362125367e+02 1.209103926590701974e+02 1.177183912682767613e+02 1.119067759846496983e+02 1.048280010809004210e+02 1.085167896595539645e+02 1.063038853070342782e+02 1.027891745207801364e+02 1.041990462006315425e+02 9.971269044342798793e+01
1.707554362504220080e+03 6.415950238712382259e+01 6.415582913857181779e+01 6.692437212577293337e+01 7.979102793550987371e+01 1.179455845738592927e+02 1.329013865778877346e+02 1.208419510562353452e+02 1.175309446790799797e+02 1.115256217046146645e+02 1.044565457214546029e+02 1.076950072274728569e+02 1.052926932535482081e+02 1.017759560587825405e+02 1.025849687527572769e+02 9.838624605085908570e+01
1.757554362504220080e+03 6.357538386165916222e+01 6.357187281928262479e+01 6.631152073885256470e+01 7.853737085012602392e+01 1.172967332784218399e+02 1.330244747549595274e+02 1.207056351319016443e+02 1.173811788808122998e+02 1.112317840564440274e+02 1.041945102591652557e+02 1.066938652831968710e+02 1.040745988143763867e+02 1.005906343919272530e+02 1.011989196207108108e+02 9.707011988111182177e+01
1.807554362504220080e+03 6.310364326063591989e+01 6.310030606708973266e+01 6.577292372264250275e+01 7.734113051680807871e+01 1.166253056000485344e+02 1.331280205881936922e+02 1.205791473679633441e+02 1.171633280769758727e+02 1.108831323392339101e+02 1.038463941044475831e+02 1.059539299895178743e+02 1.032036680442271859e+02 9.970244991137207080e+01 1.001874235752924847e+02 9.603449219421005978e+01
1.857554362504220080e+03 6.238596274940040587e+01 6.238308702409685935e+01 6.503361385815253470e+01 7.604592457172587672e+01 1.156127977103604820e+02 1.326069352985109333e+02 1.199022402064018422e+02 1.162803437843805341e+02 1.098785744289163802e+02 1.028640182216346233e+02 1.045919879219236748e+02 1.017196700660449267e+02 9.818432765791179406e+01 9.854337161803313450e+01 9.458591645948550308e+01
1.907554362504220080e+03 5.872377263213251553e+01 5.872421237929235360e+01 6.152945730823395110e+01 7.422008205270223868e+01 1.130324847606095489e+02 1.276349681281904367e+02 1.148617079204561264e+02 1.119941661329770994e+02 1.055901725451129778e+02 9.914306585125116555e+01 1.000852024532999565e+02 9.737311504687113484e+01 9.372019593365826040e+01 9.406055871982461269e+01 8.950105061569281872e+01
1.957554362504220080e+03 6.130762588662537382e+01 6.130611785991111873e+01 6.431748420349450157e+01 8.014477934419083738e+01 1.165097003466615888e+02 1.268835311342069190e+02 1.147580831284378604e+02 1.115536850093331367e+02 1.053718052917797081e+02 9.887474687144639063e+01 9.985467039695967628e+01 9.705944652757445112e+01 9.348967132910496503e+01 9.365409268604975068e+01 8.983697330034581796e+01
2.007554362504220080e+03 6.337244108656012287e+01 6.336908175382533415e+01 6.642987914443547481e+01 8.419529505992110785e+01 1.192685060040982421e+02 1.269073210055649952e+02 1.148531229486424508e+02 1.109435374043575990e+02 1.046312785705212463e+02 9.795833349568229664e+01 9.850264459609013556e+01 9.540651501904835641e+01 9.176915994340535576e+01 9.161622547416567386e+01 8.880768108483106005e+01
2.057554362504220080e+03 6.361156119770281236e+01 6.360784082221532998e+01 6.661516093685607132e+01 8.400028967705814864e+01 1.194898036556070622e+02 1.274462640232067230e+02 1.150295735457017798e+02 1.110497899457896978e+02 1.045744793255195191e+02 9.796781751052536436e+01 9.823546906404469325e+01 9.504891965306856605e+01 9.143989149346560907e+01 9.102009534464335161e+01 8.848621230867740906e+01
2.107554362504220080e+03 6.250901537411041176e+01 6.250521070095404497e+01 6.539172864427959553e+01 8.125512799464668490e+01 1.180864133948713430e+02 1.278616436940268386e+02 1.148120864919096391e+02 1.109179429683028957e+02 1.040933253807118319e+02 9.746135755802603740e+01 9.736613689092081358e+01 9.410346814602807797e+01 9.036924971641940374e+01 8.986207733696494415e+01 8.720722852198952069e+01
2.157554362504220080e+03 6.102551465245595352e+01 6.102256575700277352e+01 6.386718122481175897e+01 7.867468379441804416e+01 1.162553908297732335e+02 1.271478967835339233e+02 1.137117200061789646e+02 1.099843920598826656e+02 1.029913814784656552e+02 9.647956751108554840e+01 9.615703964906025192e+01 9.292317586668447404e+01 8.914562101973071151e+01 8.863672948171863197e+01 8.569648523587272848e+01
2.207554362504220080e+03 6.019766936547205205e+01 6.019506584605131394e+01 6.298813642202882335e+01 7.703499499610951773e+01 1.152374111447012410e+02 1.269178364428625230e+02 1.132361176326220402e+02 1.095909828970369091e+02 1.024681617324115592e+02 9.602322561384563926e+01 9.550292525584619341e+01 9.225363525311580304e+01 8.844818386553326661e+01 8.786509397116952869e+01 8.480786838892203150e+01
2.257554362504220080e+03 5.949621091854479005e+01 5.949416420548423901e+01 6.240457549138418614e+01 7.669179117559009740e+01 1.153887197323350620e+02 1.272658386724781963e+02 1.130028673541222872e+02 1.085185715937439141e+02 1.011512085723851158e+02 9.525099046322227991e+01 9.509248224564419161e+01 9.218538745353404806e+01 8.834110467363322527e+01 8.764845956883505096e+01 8.443913553041869591e+01
2.307554362504220080e+03 -1.251630068896191460e+03 -1.164827557349352219e+03 -8.068825690926868219e+02 -7.769604974382801856e+02 -8.237177633630117271e+02 -7.025981567785944435e+02 -6.159014244140190613e+02 -4.766288230595845334e+02 -3.348107075705117381e+02 -2.582322248026476359e+02 -2.101226260065589315e+02 -2.074876356826099197e+02 -2.350193482827684761e+02 -2.183751740918983728e+02 -1.011075047469860095e+02
2.357554362504220080e+03 2.963851898735650821e+02 2.963397147234865088e+02 2.961029560781096848e+02 2.989851525300611002e+02 3.075009301481907187e+02 3.388274952641017421e+02 3.543121380513720737e+02 2.954165067394125685e+02 2.039775304750848761e+02 1.787516546382554736e+02 1.852265918023646236e+02 1.724064715553796816e+02 1.777662494446375092e+02 1.565485690784789199e+02 1.488644411773609022e+02
2.407554362504220080e+03 -2.106687437052322593e+02 -2.106024885151167041e+02 -1.868271028136666985e+02 -1.681338204354581762e+02 -1.718441581587512701e+02 -1.728311570061555926e+02 -1.601715403264445854e+02 -1.561686347432171260e+02 -1.492952330602090001e+02 -1.468147161316828715e+02 -1.354675526118427626e+02 -1.326910070288311658e+02 -1.214277371690911735e+02 -1.241645898042891787e+02 -1.074904113068671307e+02
2.457554362504220080e+03 5.453886999020209458e+01 5.454608273144661013e+01 5.749673332395008174e+01 9.744698037132654633e+01 1.172933136787301578e+02 9.553600719947020536e+01 8.417574013752326323e+01 7.238061359951204565e+01 6.479135379495141933e+01 5.545380041207361899e+01 5.130895246185971814e+01 4.436431468078422569e+01 4.018938030327595357e+01 3.393457169257592909e+01 3.523599285384690916e+01
2.507554362504220080e+03 1.012425177909791785e+02 1.012536293308400701e+02 1.008612157993098180e+02 1.339948276251515153e+02 1.411754098400527937e+02 1.110791071288802101e+02 9.895505812435396820e+01 8.355520419650930819e+01 7.535287563823277424e+01 6.370185469252763255e+01 6.027121315917845124e+01 5.180822494884592544e+01 4.860217249280413654e+01 4.043433384070977610e+01 4.412577334526474715e+01
2.557554362504220080e+03 1.256284513073859266e+01 1.256074587977120771e+01 1.770348954906731720e+01 4.185339568681889233e+01 9.601752583280384101e+01 1.067897910828069854e+02 1.055814072048385839e+02 1.079752867399020744e+02 1.077767968195450834e+02 1.067439095052300360e+02 1.097264948893150489e+02 1.095872044816937034e+02 1.087843427030001209e+02 1.093482527876922603e+02 1.154432317606524663e+02
2.607554362504220080e+03 1.519262957703375037e+02 1.519028550958375376e+02 1.527027535545609567e+02 1.609395758275497030e+02 1.835050333753013660e+02 1.697677623878202553e+02 1.378750635885367046e+02 1.176465035984158476e+02 9.847986971739376827e+01 8.287104536366993557e+01 7.229551904574805121e+01 6.131533650297379978e+01 5.271143015017256772e+01 4.425839322942183429e+01 4.197866336118512010e+01
2.657554362504220080e+03 -1.186586901485982715e+01 -1.185211038730903965e+01 -9.231093779061367854e+00 2.837767570421263930e+00 5.683944074180464412e+01 9.795673225613563773e+01 1.018058488587964376e+02 1.023209952521651047e+02 1.027950539149900635e+02 1.002423928648880889e+02 1.023332416652099823e+02 1.002148114417351366e+02 9.877985472917787035e+01 9.654569782281599544e+01 9.913958846201059316e+01
2.707554362504220080e+03 1.963375663423881861e+02 1.962714221662996579e+02 1.921700137789249538e+02 1.919655807743929472e+02 2.177296281108258995e+02 2.409087012042708693e+02 2.218307137797713438e+02 1.855109298437718337e+02 1.579826382591747915e+02 1.314747084930093877e+02 1.144584219095252280e+02 9.374836338605746278e+01 8.045378906120083684e+01 5.825230518326699070e+01 5.507936856511268786e+01
2.757554362504220080e+03 7.957840532243079679e+01 7.957066254628504964e+01 8.204722185289791980e+01 8.686377275388963426e+01 9.498173058601572905e+01 1.241096129677211763e+02 1.367934456576160756e+02 1.184479554713013130e+02 1.076867033087304719e+02 9.378715078313383913e+01 8.936230182577611458e+01 8.101833904415708787e+01 7.474105755062912237e+01 7.058321172558072476e+01 7.104542721948642736e+01
2.807554362504220080e+03 1.229814274244059931e+02 1.229620728741673332e+02 1.239511756522153405e+02 1.272627062950866019e+02 1.350459223707723595e+02 1.487151804585500656e+02 1.452226662827787607e+02 1.174510536413730648e+02 9.730009515374781870e+01 7.726311774992893788e+01 6.618517295186913429e+01 5.213358630306945685e+01 4.196889570284606208e+01 3.051323101545397165e+01 2.751715102860130457e+01
2.857554362504220080e+03 9.337226193023064980e+01 9.336922477373181550e+01 9.434572474034374068e+01 9.837276467896674603e+01 1.089400996942145383e+02 1.369773866959397992e+02 1.496478979098488651e+02 1.314402682753495526e+02 1.235561162085808746e+02 1.126275767848808584e+02 1.123166823509850900e+02 1.065351091091177835e+02 1.042754175286500953e+02 1.004859386648828377e+02 1.024150618270214608e+02
2.907554362504220080e+03 6.566311625587177048e+01 6.566335920820623073e+01 6.804226974921077442e+01 7.085472356005074346e+01 7.521932812016520131e+01 1.111517749099580215e+02 1.291707063134781208e+02 1.100116539823052761e+02 9.901283556758137649e+01 8.455210594843660488e+01 7.974194573693743848e+01 7.015707453648028036e+01 6.417660510498417636e+01 5.738584072726581553e+01 5.431508537235269785e+01
2.957554362504220080e+03 5.567725769818977000e+01 5.567853125041646933e+01 5.785654574168646036e+01 6.075686336041901825e+01 6.421376282970022942e+01 1.031036874826775147e+02 1.246775254519574645e+02 1.082262098727356801e+02 1.010790934578295008e+02 8.969379132273040511e+01 8.824096454711967397e+01 8.193525662594275616e+01 7.843335047960688655e+01 7.513799170412018213e+01 7.498131649743366722e+01
3.007554362504220080e+03 5.625012254577403326e+01 5.624942945177021159e+01 5.834742202244555642e+01 6.127336137091729995e+01 6.465979229954598395e+01 1.029498941489949999e+02 1.251008559083446272e+02 1.089954577210311015e+02 1.015499017884019395e+02 9.024634408408385866e+01 8.867239286449282076e+01 8.239185378228121692e+01 7.878887147010618719e+01 7.548146418930453194e+01 7.517611561100436290e+01
3.057554362504220080e+03 5.592664018094376388e+01 5.592640941159496037e+01 5.802110637160196660e+01 6.072163096207948030e+01 6.439184343389440812e+01 1.030983086124388848e+02 1.237166488742961263e+02 1.069049795703419079e+02 1.000115512978018870e+02 8.847812985560678101e+01 8.719543102350623087e+01 8.075829303556015759e+01 7.724540672229377947e+01 7.388853818756568614e+01 7.340532174596309289e+01
3.107554362504220080e+03 5.485322240818812389e+01 5.485512569045514653e+01 5.684866808191417675e+01 5.915650225901882919e+01 6.449759679095707554e+01 1.032363000346811788e+02 1.193009058372918787e+02 1.014658907182347463e+02 9.570420069893656034e+01 8.387043475671795534e+01 8.300844154451449697e+01 7.628173920772066197e+01 7.285352962312265390e+01 6.939095309259076316e+01 6.847987954169319380e+01
3.157554362504220080e+03 4.982326735914227100e+01 4.982812926575021351e+01 5.165715688397014560e+01 5.412977069968744104e+01 6.354880893397771047e+01 1.007337733235756616e+02 1.130034617703821027e+02 9.683952511438430122e+01 9.283971780343490821e+01 8.207036008409230021e+01 8.248296585238593082e+01 7.643007890129580062e+01 7.365129895575179830e+01 7.065559342085040839e+01 7.068682057348065939e+01
3.207554362504220080e+03 5.050880422026946803e+01 5.051344986317853625e+01 5.203663957750313074e+01 5.490054542315105834e+01 7.170016145496225590e+01 1.045461411189988183e+02 1.103285850820806075e+02 9.544858268625715425e+01 9.126519907840123835e+01 8.116822421158263978e+01 8.153121049299564049e+01 7.579298989534433417e+01 7.298155390900447514e+01 7.016183823685983612e+01 6.978516478543610901e+01
3.257554362504220080e+03 4.803546755779706956e+01 4.804404084862432001e+01 4.908413151070516278e+01 5.018841944395988719e+01 8.890292780834009534e+01 1.162633548911002634e+02 1.044981592491690492e+02 9.391779600649441306e+01 8.732004418826480219e+01 7.919301977775818102e+01 7.774578046741125092e+01 7.303852129840736040e+01 6.948406539090797196e+01 6.732221293242690763e+01 6.488004885524799192e+01
3.307554362504220080e+03 5.427782687891916424e+01 5.428098707978494275e+01 5.449470198301459334e+01 5.630541735797358172e+01 9.743556722684394344e+01 1.211979531114496638e+02 1.074189714784720451e+02 9.874611940927796638e+01 9.149087667396484846e+01 8.422246377435966735e+01 8.238113013736493428e+01 7.818278812459051608e+01 7.462209112859154914e+01 7.264649181723807203e+01 7.006927547617991081e+01
3.357554362504220080e+03 5.348103116021713532e+01 5.348303874007230974e+01 5.368865242257029990e+01 5.704216390529268210e+01 9.986415909723771733e+01 1.209713659695557908e+02 1.059740457748410165e+02 9.882014965510985860e+01 9.108757667543699199e+01 8.440657358206397021e+01 8.214267238216139333e+01 7.824155761003379439e+01 7.446767741907619609e+01 7.267404382857696987e+01 6.985673029259416467e+01
3.407554362504220080e+03 5.375077890955449078e+01 5.375199778597922773e+01 5.409773367460629601e+01 5.874573942489285372e+01 1.020446824992969681e+02 1.203311661261549119e+02 1.042738752031910536e+02 9.807046990122837826e+01 8.967592050278256011e+01 8.327024026411616831e+01 8.035441339073807399e+01 7.653291555038649108e+01 7.235393470373860225e+01 7.063661752649981906e+01 6.691715272094232603e+01
3.457554362504220080e+03 5.333676169328149541e+01 5.333705554077494781e+01 5.394262286170677356e+01 6.001897407472111468e+01 1.031441927043384936e+02 1.198986394842202543e+02 1.037574937218382871e+02 9.829073906356556733e+01 8.982342379104544250e+01 8.372334316372564444e+01 8.072239077607262914e+01 7.706420686061133551e+01 7.286038286923179896e+01 7.122336899781190311e+01 6.762372991764448216e+01
3.507554362504220080e+03 5.089624074813465882e+01 5.089864856192474463e+01 5.198593268247455512e+01 5.923540016175966372e+01 1.022639190766325186e+02 1.175830679451699154e+02 1.013831114333866736e+02 9.635552466986045772e+01 8.787284371122123616e+01 8.201134475727548079e+01 7.888837739622391609e+01 7.538016552802446313e+01 7.113185838425395957e+01 6.960712123293548359e+01 6.579767099370496908e+01
3.557554362504220080e+03 4.658814382709414303e+01 4.659354827976044078e+01 4.816628491485948160e+01 5.617808164687479433e+01 9.926017073312941363e+01 1.141176766276910399e+02 9.816786368566877741e+01 9.340708617525928048e+01 8.503519323962193255e+01 7.941085498653917796e+01 7.618545967727045820e+01 7.280062908568788771e+01 6.851528471423218036e+01 6.704432187596158599e+01 6.351025185255855376e+01
3.607554362504220080e+03 5.366491012740290500e+01 5.366146055919065105e+01 5.533117393242991966e+01 6.159299185501084395e+01 1.031871730178732633e+02 1.223188785874770730e+02 1.065788303476908538e+02 1.000267994718311968e+02 9.165124878737988467e+01 8.511584003254824893e+01 8.231351997145928578e+01 7.834954708216046981e+01 7.428792310792027820e+01 7.230379031542832990e+01 7.038805275736793021e+01
3.657554362504220080e+03 5.506623321076987310e+01 5.506104289706592425e+01 5.686354575591075644e+01 6.229784711042436385e+01 1.026847700943603598e+02 1.248780564391217922e+02 1.102048251855047454e+02 1.020668765409075860e+02 9.410796894946359714e+01 8.684494459166674574e+01 8.448084025653274409e+01 8.011656540660837322e+01 7.627248757046818639e+01 7.402933031636132455e+01 7.223415982801337520e+01
3.707554362504220080e+03 3.366935225013276778e+01 3.367209558130187474e+01 3.553422153772475411e+01 4.052762100003654666e+01 8.868469809396022185e+01 1.156676061424345221e+02 1.057394586994489600e+02 1.018694376516863969e+02 9.697789407106081683e+01 9.236121703379556891e+01 9.216281117270646916e+01 8.944794541440654712e+01 8.710459803602212503e+01 8.559134291716564746e+01 8.634028295987420165e+01
3.757554362504220080e+03 5.702745186465737248e+01 5.702510983390688892e+01 5.880218851062306129e+01 6.348485001935785021e+01 1.025448270226192307e+02 1.266624090452571068e+02 1.130904895691200380e+02 1.038946353970215029e+02 9.645512303458109216e+01 8.880608266320268740e+01 8.674471893175675064e+01 8.220496066583415029e+01 7.866279436169784844e+01 7.627100944924316650e+01 7.401334741875369616e+01
3.807554362504220080e+03 5.241742664715205535e+01 5.242325491450185382e+01 5.423585030778433236e+01 5.922446105298131869e+01 1.011903298777607461e+02 1.187844409692969805e+02 1.023184465667082748e+02 9.595900734207162941e+01 8.759436523835941557e+01 8.161825098335285134e+01 7.838987445930666809e+01 7.480667668307157214e+01 7.097365350796981431e+01 6.890232068053310854e+01 6.575945842552131637e+01
3.857554362504220080e+03 4.979160650563908064e+01 4.979478582578858692e+01 5.151609824659199433e+01 5.595394159050516691e+01 9.746733477459817152e+01 1.206495852153191208e+02 1.095298797444158510e+02 1.045994364256018656e+02 1.003153882254708691e+02 9.598030699416555933e+01 9.680994702746829716e+01 9.479775653571549299e+01 9.390112791896132194e+01 9.249107876253854954e+01 9.641230688186918485e+01
3.907554362504220080e+03 4.074704881876464668e+01 4.075394616281478477e+01 4.296099345296369876e+01 4.748893077468401458e+01 9.263495683083162646e+01 1.160882731331717821e+02 1.013532126396731883e+02 9.382961349051281275e+01 8.596090036105943000e+01 7.862614423702468969e+01 7.550378163765554973e+01 7.068387602925113811e+01 6.704647014580503139e+01 6.240910582964433218e+01 6.294572615169703766e+01
3.957554362504220080e+03 5.506006672265600344e+01 5.505251779656722277e+01 5.696775299431798345e+01 6.165234421146913490e+01 8.491429102854789335e+01 1.165216182062538195e+02 1.147757305494001230e+02 1.000205831725091912e+02 9.479618645939422095e+01 8.463138553714816226e+01 8.418070926442841539e+01 7.816247334624844711e+01 7.506014659250520538e+01 7.168425806631414332e+01 7.313123740934990735e+01
4.007554362504220080e+03 5.102076367565587844e+01 5.101929501703528302e+01 5.313579207402102611e+01 5.682768715515074121e+01 6.905677083512715342e+01 1.031956780567023060e+02 1.120290305907065260e+02 9.593254932553944059e+01 9.128971457405687318e+01 8.066153275386994892e+01 8.051072006969758377e+01 7.436831508321951389e+01 7.141342528410382329e+01 6.817131961729221246e+01 6.971786455866821086e+01
4.057554362504220080e+03 5.359086799878431862e+01 5.359043639118355173e+01 5.546085078746406793e+01 5.799178537836147029e+01 6.837715133843092019e+01 1.057321234733544060e+02 1.173674751713402316e+02 1.000088991303864816e+02 9.574545280639503630e+01 8.441805809507937397e+01 8.439237856719562103e+01 7.774636302457849979e+01 7.493624051395410390e+01 7.115506606186561100e+01 7.149154713199530420e+01
4.107554362504220080e+03 7.666338514135402704e+01 7.663991105354118361e+01 7.812536575869306432e+01 7.966255714340353222e+01 8.590945336897311790e+01 1.218173706746355975e+02 1.411885354997160391e+02 1.236724147100551789e+02 1.154829336638708241e+02 1.032373304853488776e+02 1.016266706181341561e+02 9.423977626762386706e+01 9.063828644518196143e+01 8.564699440589674850e+01 8.524235603910867098e+01
4.157554362504220080e+03 5.941475459177423346e+01 5.939980377917964205e+01 6.132407757554403105e+01 6.448598497326457846e+01 6.787525736719226188e+01 8.054470025660467059e+01 1.180161261376224076e+02 1.276274735642660119e+02 1.127597754886422052e+02 1.048832591658891573e+02 9.987434145612935765e+01 9.530746565148649552e+01 9.065152633540036220e+01 8.716343157267455410e+01 8.647404969257803486e+01
4.207554362504220080e+03 5.657576139879573418e+01 5.656785640862670306e+01 5.845641083384749237e+01 6.155423054962768248e+01 6.285589192263831393e+01 6.350303786730975730e+01 9.292703640315872349e+01 1.242031852896442103e+02 1.173303418117332058e+02 1.031073406931988217e+02 1.026050521660709336e+02 9.576894228194662162e+01 9.322752278943599435e+01 8.939296871792592469e+01 9.134582518591490441e+01
4.257554362504220080e+03 6.751446348771823125e+01 6.749918829909350393e+01 6.924294265472167353e+01 7.203827323156279760e+01 7.349375457969095748e+01 7.182962604461776834e+01 7.631708066421974479e+01 1.095445439734859008e+02 1.364483176204267352e+02 1.194143720421359518e+02 1.110847436320791104e+02 1.021263671119398992e+02 9.609143741302956698e+01 9.091706213480158283e+01 8.849118496894952557e+01
4.307554362504220080e+03 9.860476946322560821e+01 9.857078861297792116e+01 1.003112195703660490e+02 1.029470761865459423e+02 1.038391038105308581e+02 1.020259729113424498e+02 1.026886935670039094e+02 1.068011532019957173e+02 1.381361459599513921e+02 1.484672492880552568e+02 1.280347457845711858e+02 1.162572123633764392e+02 1.049826399329373743e+02 9.834248081645287698e+01 9.110690663611570983e+01
4.357554362504220080e+03 4.869718241082461674e+01 4.869571106438707631e+01 5.069729091986866365e+01 5.407797870927415573e+01 5.568127812409156263e+01 5.436079011256473592e+01 5.546697982646347924e+01 5.775900590954127978e+01 7.299524006639288132e+01 1.073461796794554743e+02 1.168347131812613213e+02 1.039672420316876611e+02 9.990528698734499358e+01 9.430815137158951700e+01 9.352558385865201274e+01
4.407554362504220080e+03 1.241413167888927660e+01 1.242191134371991978e+01 1.517689388607306356e+01 1.889912983699665361e+01 1.922517079972897491e+01 1.962565871981423982e+01 2.345414422117287145e+01 3.466234431179878328e+01 8.378526448017493067e+01 1.018955853480973701e+02 9.396956701079446361e+01 9.438239733581454516e+01 8.973843958175238811e+01 9.038339437663535136e+01 8.492090373564090555e+01
4.457554362504220080e+03 6.391023461420101626e+01 6.394405266731465787e+01 6.691976072561824651e+01 7.228835321365117750e+01 7.329564807390272563e+01 7.068000288578761570e+01 6.777729828806843670e+01 1.001580352074616229e+02 1.202150739650585649e+02 1.000369708113809111e+02 8.780634217992337653e+01 7.740771394226179325e+01 6.945856201565790400e+01 6.452451800681018312e+01 5.706000153609923586e+01
4.507554362504220080e+03 6.571939029828280354e+01 6.571312876687973414e+01 6.786636423425964892e+01 7.101129586130508642e+01 7.154333315254170600e+01 6.997628741166619193e+01 7.143936273312534979e+01 7.984576454408025370e+01 1.185280599851388388e+02 1.267182161933531148e+02 1.077454389688622598e+02 1.006942799621871814e+02 8.991137768140842468e+01 8.524629681166041451e+01 7.631551806366621804e+01
4.557554362504220080e+03 5.702633775255669235e+01 5.702265237341230630e+01 5.909042641158185205e+01 6.209037259660976105e+01 6.295441352082505659e+01 6.203477484150182875e+01 6.386630786940931159e+01 7.610606717848200731e+01 1.162642116212141445e+02 1.224814137312672386e+02 1.056011395012793770e+02 1.002077736846617029e+02 9.057960621010664681e+01 8.701039767965492899e+01 7.877492650508774830e+01
4.607554362504220080e+03 6.063090840643426560e+01 6.062312350206280342e+01 6.252650175355302764e+01 6.565581992192399241e+01 6.706901384715804681e+01 6.568846852157331284e+01 6.646450260137072519e+01 6.948854099656480798e+01 1.056300288835940933e+02 1.345167781007462509e+02 1.228268269251858555e+02 1.103205691319211184e+02 1.023577070449253767e+02 9.586510668355413145e+01 9.042932379255192643e+01
4.657554362504220080e+03 5.441826452464451336e+01 5.442695183229899669e+01 5.711718407965949496e+01 6.076531119899369315e+01 6.185417709089441729e+01 6.076470813691211958e+01 7.377738266010469204e+01 1.149246554617503904e+02 1.292004782114726709e+02 1.084045211504512736e+02 1.084290816443629808e+02 9.830342566246751801e+01 9.518781879321888084e+01 8.969497871208490380e+01 8.779788516952180544e+01
4.707554362504220080e+03 5.055188714186270715e+01 5.055886903411013833e+01 5.303967145010974349e+01 5.604074051200478834e+01 5.601855463244120159e+01 5.567220845894201631e+01 6.416992373744962208e+01 1.046248193415970036e+02 1.184309676097093416e+02 9.715697902738443759e+01 9.648958091052804775e+01 8.590931264903328213e+01 8.248648579244040491e+01 7.687313849257843401e+01 7.529162455667760412e+01
4.757554362504220080e+03 5.611543852029431889e+01 5.611415816845889992e+01 5.820489502485998656e+01 6.131187196662404659e+01 6.204816225939347163e+01 6.076058115465728093e+01 6.625986041764195988e+01 1.068497432120900044e+02 1.263334774213530807e+02 1.051750996579023081e+02 1.023784213219271209e+02 9.194322761284436751e+01 8.797077656749240759e+01 8.239398488844740598e+01 8.079802836204642347e+01
4.807554362504220080e+03 7.204482730507135102e+01 7.202562779249176117e+01 7.367459696350874765e+01 7.676090386477629579e+01 7.863530159640180273e+01 7.686985558051648582e+01 7.806933062369390086e+01 8.671548710601874177e+01 1.270683023287827496e+02 1.376435550186784553e+02 1.204082061859211450e+02 1.133803776828096943e+02 1.038940333930009814e+02 9.925849626908407686e+01 9.288408277406868763e+01
4.857554362504220080e+03 7.431659352603239199e+01 7.429667242451512266e+01 7.583578401551754666e+01 7.854600090854633265e+01 8.041200968735942922e+01 7.890821438065410121e+01 7.945879518205531156e+01 8.011658417657628206e+01 8.956076649970182757e+01 1.259728497495387245e+02 1.394263399993617725e+02 1.210954194367004817e+02 1.139346135051351609e+02 1.048601429833012162e+02 1.030709462279850044e+02
4.907554362504220080e+03 7.462071484237947061e+01 7.460259412090398712e+01 7.606825610759310052e+01 7.864963376530184291e+01 8.056066320416164217e+01 7.914461597025943718e+01 7.967892789713582147e+01 7.958383386334054421e+01 8.101086898378528645e+01 8.788651187938444309e+01 1.275304243368623389e+02 1.430901405922851950e+02 1.245811403739810288e+02 1.166330230233157152e+02 1.049926081210350333e+02
4.957554362504220080e+03 7.322583691945695250e+01 7.320996606396754203e+01 7.464903719975318097e+01 7.723417646489555466e+01 7.922140097155082117e+01 7.789719633341911731e+01 7.837603475938460917e+01 7.838114061690188805e+01 7.912006851939233343e+01 7.812840165761660671e+01 8.634464408460125640e+01 1.298721374084726108e+02 1.504447633327942810e+02 1.324371029946772182e+02 1.307625428503468754e+02
5.007554362504220080e+03 1.193120841425293293e+02 1.192706345269689194e+02 1.203145696627789363e+02 1.220949683296519908e+02 1.241992116019073791e+02 1.234296190073231543e+02 1.237408243214789962e+02 1.237480619909591013e+02 1.247718500872212388e+02 1.227362221828084898e+02 1.217355628016774318e+02 1.255885145797970779e+02 1.448766570349166898e+02 1.714034259983840514e+02 1.689580062934511773e+02
5.057554362504220080e+03 4.483493731871018895e+01 4.483010910231676149e+01 4.657532484118718230e+01 4.970896916700921508e+01 5.180039681350658043e+01 5.088409570019147310e+01 5.159025433059603927e+01 5.175126600019065393e+01 5.239741036614815783e+01 5.101449505471234147e+01 5.144588647255668690e+01 5.242397050107668832e+01 1.004269511712838181e+02 1.423862278605491838e+02 1.353473618930152895e+02
5.107554362504220080e+03 1.206780872745268454e+02 1.206506953070227013e+02 1.218491429618504185e+02 1.236071073069660144e+02 1.254447893908419331e+02 1.249528321128081529e+02 1.251721808761986665e+02 1.250917427794062604e+02 1.260656369174952545e+02 1.247952834090015131e+02 1.248174906431887621e+02 1.238015964596678202e+02 1.288011284240065777e+02 1.316124819695246231e+02 1.331291024682242892e+02
5.157554362504220080e+03 4.422739099648369887e+01 4.422623130897335386e+01 4.602611304020091865e+01 4.830555763674548331e+01 4.935642180302456694e+01 4.899901157455509093e+01 5.007556275052051120e+01 5.019586439957846125e+01 5.074563607995128223e+01 4.999462044455104603e+01 5.113231268916272398e+01 5.683101594500394782e+01 9.457717597997456949e+01 1.600435970431973942e+02 1.947180215077971752e+02
5.207554362504220080e+03 6.445300195205304306e+01 6.444342785466437817e+01 6.606598482483521195e+01 6.875051437115861575e+01 7.036976926128011200e+01 6.900031720202431984e+01 6.915748299337464289e+01 6.921003174267742963e+01 6.998186837803810079e+01 6.922624310797434077e+01 6.997215630281249332e+01 6.976788146507533384e+01 7.477608697750069666e+01 9.679750150284120025e+01 1.095074006839292906e+02
5.257554362504220080e+03 6.216814584940014043e+01 6.216009501364724343e+01 6.377004481894050514e+01 6.630053237474419348e+01 6.771529309275291553e+01 6.647158007929570545e+01 6.674186425457223493e+01 6.669386241679369220e+01 6.719714961399601805e+01 6.659717222580511020e+01 6.721159492857260886e+01 6.719757987772213426e+01 6.936312886780881115e+01 7.727265098571444923e+01 8.045472825820732510e+01
5.307554362504220080e+03 9.572098815272882177e+01 9.571257765523461103e+01 9.706085584075594852e+01 9.898238659247368787e+01 1.005524518870510349e+02 9.954347988161752880e+01 9.973935690344748650e+01 9.965158813469952293e+01 1.003122945794601435e+02 9.916718773490215710e+01 9.951804751982398045e+01 9.937834124311652317e+01 9.959771279310463399e+01 9.900186753646016768e+01 9.998635230534706864e+01
5.357554362504220080e+03 2.626173688886786550e+01 2.626142899389055074e+01 2.789693040041061778e+01 3.122268551603270481e+01 3.516920734689227146e+01 3.570344015177345653e+01 3.598166308547797598e+01 3.538287572006990445e+01 3.542450711396259777e+01 3.324939929015710049e+01 3.326931014397030850e+01 3.322197567444642630e+01 3.378986364408820720e+01 3.161107205888949778e+01 3.153326097695351748e+01
5.407554362504220080e+03 1.302252817620727967e+02 1.302243798261863788e+02 1.309448937466346479e+02 1.326429467673592058e+02 1.356225088277941495e+02 1.359424369107037478e+02 1.367811588301438519e+02 1.372437305965594021e+02 1.394133055828964700e+02 1.370846226827678436e+02 1.367660690758235944e+02 1.366592669288544073e+02 1.385170988178234097e+02 1.355097984812184109e+02 1.361547438233890261e+02
5.457554362504220080e+03 1.509588870912847369e+02 1.509698507708120587e+02 1.519760109922269748e+02 1.539717131411031232e+02 1.575584306321000838e+02 1.575628764090353968e+02 1.585616825734703070e+02 1.592662089113478316e+02 1.623507711866579371e+02 1.593934744002917228e+02 1.589966804658236867e+02 1.588693763675911157e+02 1.611076902191711042e+02 1.576376400923753351e+02 1.585222717086419948e+02
5.507554362504220080e+03 1.222928172545122720e+02 1.223028537105017790e+02 1.234879236189201919e+02 1.261781370400914994e+02 1.309642295288009564e+02 1.315468624300426370e+02 1.333052177675971279e+02 1.346194173376075014e+02 1.390287871873147196e+02 1.354639275009342327e+02 1.351341057859254136e+02 1.350232670339884464e+02 1.383202809164594669e+02 1.337568562701848407e+02 1.359108590714034506e+02
5.557554362504220080e+03 1.122228032740520405e+02 1.122291664236744566e+02 1.135719099128515381e+02 1.165734348306218067e+02 1.216703705664286588e+02 1.219446475296547590e+02 1.236747549202524965e+02 1.250858604124952222e+02 1.299586477792338144e+02 1.264097266865771445e+02 1.267145851671594130e+02 1.271495888191931840e+02 1.314473054278350617e+02 1.265883550463855158e+02 1.301846370963050106e+02
5.607554362504220080e+03 1.145608921994094658e+02 1.145647168294866702e+02 1.158550908297677324e+02 1.187702770749298651e+02 1.236936022909195145e+02 1.237198007264923518e+02 1.252408455523242594e+02 1.264150668763697780e+02 1.308246475399930375e+02 1.272379250415911258e+02 1.275965166055408133e+02 1.282051829951178377e+02 1.327297016875466795e+02 1.281817484489258163e+02 1.322643757441113621e+02
5.657554362504220080e+03 1.155692752161133257e+02 1.155719287634344994e+02 1.168388527466551494e+02 1.196927178043948032e+02 1.245093190148584910e+02 1.244099696286882875e+02 1.257761584242008297e+02 1.267579579813187109e+02 1.307607548829093389e+02 1.271296317041913539e+02 1.272969810562483701e+02 1.277346108239013489e+02 1.317212679564034943e+02 1.273519392163232595e+02 1.309215121436404274e+02
5.707554362504220080e+03 1.177471901631826512e+02 1.177493373139619877e+02 1.189880902430220431e+02 1.217805577948959268e+02 1.265412752289015259e+02 1.263838379533768830e+02 1.276903233249343828e+02 1.285988560556241964e+02 1.324613435123328884e+02 1.287983091655269448e+02 1.288565540234930324e+02 1.291964404480000326e+02 1.329246450579220493e+02 1.286021981778532677e+02 1.317527702251090886e+02
5.757554362504220080e+03 -4.026972309117443416e+01 -4.025685931526115979e+01 -3.674789713541713354e+01 -3.204896983712286840e+01 -2.311914931863750411e+01 -2.434892074018052810e+01 -2.289632227320032953e+01 -2.022386157767435932e+01 -1.056502899229608339e+01 -1.257268731978414067e+01 -1.300075460967030949e+01 -1.599276032917730106e+01 -1.805269415596999139e+01 -3.119131748250657310e+01 -3.806310822264103422e+01
5.807554362504220080e+03 -4.292536778579060552e+01 -4.287947780023497302e+01 -3.839708579889332896e+01 -1.618779544373378343e+01 1.266668221840881081e+01 3.274229656415100465e+01 5.228738817231940317e+01 7.084025924484954828e+01 9.804575526873709634e+01 1.073640513652404138e+02 1.291396204519754463e+02 1.507191556872209901e+02 2.007011807940057793e+02 1.898009493996161723e+02 2.051460152155743799e+02
5.857554362504220080e+03 -6.128907452075218032e+00 -6.165381191723739995e+00 2.730582125987942987e+01 1.463201638558144566e+02 2.787547347767101655e+02 3.707995082901334172e+02 4.219530495859849566e+02 3.013108311580279519e+02 1.449329263114227615e+02 1.136404405927752066e+02 1.345457080099760105e+02 1.060956078971268539e+02 1.205208606947637975e+02 1.234145041526827384e+02 1.183714988321016648e+02
5.907554362504220080e+03 2.383842595363118733e+01 2.383200082889456439e+01 5.102286145297351361e+00 8.637597550822273718e+01 2.605926983837888429e+02 4.353362197333783570e+02 5.787853846307509684e+02 7.140917361481331227e+02 9.635250304350188344e+02 1.084311518710795099e+03 1.183836851978514460e+03 1.251703203003208955e+03 1.339426176450534740e+03 1.080538041732106876e+03 7.964112293082356473e+02
5.957554362504220080e+03 3.819843914308810184e+01 3.810626215642358261e+01 4.187681229816858064e+01 4.976195762984519178e+01 5.533483621631854277e+01 6.587608613695070403e+01 1.072022726177568046e+02 1.223049652859152729e+02 1.125206791515431917e+02 1.081401122883873569e+02 1.080301581275790141e+02 1.053257080020413810e+02 1.056462214752752260e+02 1.018143598758920945e+02 1.068315073999794578e+02
6.007554362504220080e+03 -3.202821161307992526e+01 -3.199294827420714071e+01 -3.071584962517175299e+01 -2.164351942114720728e+01 3.408615883315591955e+00 5.129919151109383080e+01 6.246750143963015489e+01 6.160392294715312289e+01 5.706849053740240407e+01 5.470726237475278708e+01 5.345525061183939641e+01 5.225665078959008270e+01 4.973083888678296205e+01 4.945229184892398422e+01 4.750678310822700467e+01
6.057554362504220080e+03 -1.294708297415850495e+01 -1.293003461415619526e+01 8.286649602200803599e+00 5.617210385788317950e+01 4.449937098291924542e+01 2.711675458787750870e+01 2.604079717226463941e+01 1.697922916644660063e+01 1.442504113349355421e+01 8.008761452381929047e+00 7.266419276461018484e+00 2.969909457746406023e+00 2.402644614923146626e+00 -5.046764487763428786e-01 6.049465478320829176e-02
6.107554362504220080e+03 -2.508269243979223351e+00 -2.513413891054280036e+00 1.563794256909770120e+01 5.255358641377149809e+01 3.618120008650378594e+01 2.208931111378444712e+01 1.735150546757831691e+01 1.038537877441866364e+01 7.903404258508443192e+00 2.970196765490279667e+00 1.416675507314822724e+00 -1.667545149189442855e+00 -2.794533529018870421e+00 -6.489134984009093721e+00 0.000000000000000000e+00
6.157554362504220080e+03 8.272051698962213706e+00 8.251948114145491786e+00 3.021840503191025107e+01 4.937150798386564077e+01 2.707685617969526248e+01 1.754588627320075744e+01 8.727486140795187808e+00 4.771592168402177592e+00 -1.167616310604569163e+00 -3.361703395634856734e-02 4.795213908972664058e-02 7.830719372922770316e-02 8.436419783416576612e-02 -1.321392867183939501e-01 -5.629717642758150786e-01
6.207554362504220080e+03 -1.394304411096099372e+01 -1.391603504015335524e+01 4.857717686190462736e+00 1.009606588298899293e-01 -2.290600655368128713e+01 -3.056538766045353128e+01 -4.995678911675876101e-06 2.864472235925550394e-06 9.687849239529690249e-05 3.144234593153243085e-04 6.609193992053414646e-04 1.110907655138551652e-03 1.655001058222204963e-03 2.920770789085013960e-03 -4.166743305248037932e-01
6.257554362504220080e+03 -2.544790246612909645e-01 -1.760177891078142653e-01 -1.039026155706156557e-01 -1.106470456113802930e-01 -1.234721495482746650e-01 -1.564520643412060374e-01 -1.874538724667552669e-01 -1.755043541977285571e-01 -7.122176148404009421e-02 -2.283692924231699450e+00 -9.200768462666038872e+00 -1.189877297040433390e+01 -1.136805338546819755e+01 -1.061345151429102707e+01 -1.611846931584954845e+00
6.307554362504220080e+03 3.273586272947044051e+01 3.273071817338878020e+01 2.615081491457493357e+01 -7.051971459709996282e+00 -3.001117818128149395e+01 -2.222753300902297440e+02 -3.276830379924234080e+02 -5.612588894014477603e+01 1.076170664524567115e+02 5.719875954840117238e+00 5.404187903484518607e-01 3.293983706641576692e-01 2.215459357394529427e-01 -1.128765225243155923e+00 -1.566512346866212768e+00
6.357554362504220080e+03 1.712568867899700109e+01 1.712441590299067684e+01 3.379531984842348180e+01 9.792443760996498270e+01 1.127614436029833627e+02 -1.035154404939455475e+02 -3.042524418082012971e+02 -1.166808039359664662e+02 4.867590442574775977e+01 -4.268333234212979871e-04 1.690206918605985419e-03 7.865839954074721474e-03 1.648684985286254234e-02 -2.027544918930412332e-01 -5.976415352388840807e-01
6.407554362504220080e+03 -1.787035990491787629e+01 -1.784884127367239870e+01 8.492914281194764436e-01 3.234075607454957435e+01 2.229440715035211085e+01 4.527168113163424934e+00 -2.391551124837515196e+00 -6.494685872020253825e+00 -2.045189481643666340e+01 0.000000000000000000e+00 0.000000000000000000e+00 1.464597003301721983e-09 7.532737957037133547e-09 4.793276295234156254e-08 -1.637925548043541457e-01
6.457554362504220080e+03 -2.620815155763525439e+01 -2.618046251411746894e+01 -7.556425567700934209e+00 1.530304301476639850e+01 -7.131961550647688775e+00 -1.838349884594736139e+01 -2.492373357691300839e+01 -4.724582394452639988e+01 -3.777517887492895293e-09 2.900447685045002528e-09 2.531438527440112872e-08 1.173523009172231337e-07 4.228582371855302585e-07 1.443077547815107611e-06 -1.396259477688618911e-01
6.507554362504220080e+03 -3.814362153520669096e+01 -3.809844223857486156e+01 -2.146589370689742182e+01 -1.951234812222513826e+00 -2.369634458515650266e+01 -3.097019552519624241e+01 -4.264010394699740658e+01 -6.284098628336718191e-09 4.619177654841997919e-09 2.637805501365776374e-07 1.604366409310805250e-06 5.277911560137748215e-06 1.366534724974445729e-05 3.358816597645691409e-05 -9.823141998671473807e-02
6.557554362504220080e+03 6.193205501027730264e+00 6.189266218638289629e+00 2.109050795599260653e+01 3.692581038554151007e+01 1.394914320353599813e+01 -2.644096466952518210e+00 -4.936521071449254637e-03 4.481831610082391212e-03 1.226155764650497561e-02 1.625006163048140981e-02 1.782859000623903539e-02 1.773549445809006336e-02 1.711199724985546650e-02 1.677819012452373346e-02 -1.106420986010595853e-01
6.607554362504220080e+03 3.602431655073266459e+00 3.602322791988351813e+00 1.491855387605646754e+01 4.752766406520971287e+01 2.467334422501740931e+01 6.647999022616281728e+00 2.258652437337719032e+00 2.155015597022592877e-01 1.154564736163943006e-01 6.838886358678018806e-02 4.819185861274754429e-02 3.616929793224004513e-02 2.846314614976375168e-02 2.300193484260609073e-02 -9.443753361364955190e-02
6.657554362504220080e+03 1.657685658304625917e+02 1.655041767846612402e+02 1.579084759708691763e+02 -8.365306977937363442e+00 -1.205909481071244187e+02 6.087576915092053298e+01 -3.615115868789985143e+01 -2.503454259295401461e-08 2.459844115406955703e-08 6.549505287573973611e-08 9.864894362867131155e-08 1.253034179730891029e-07 1.470042451327019513e-07 -2.568618069140041205e-01 -8.371055475654224365e-01
6.707554362504220080e+03 -1.125843368042904480e+01 -1.123771221082674998e+01 3.157969333399847311e+00 2.127712381196674585e+01 9.749530992929933415e-01 -1.033561322528943371e+01 -5.753065540770634393e-09 4.286299154048408564e-09 2.091055725143139610e-08 7.384272158371741829e-08 2.243776618437422643e-07 5.729183291321296730e-07 1.306319648351493269e-06 2.917902425119907100e-06 -3.173396215679462062e-01
6.757554362504220080e+03 2.605024029956081399e+00 2.605295663268806461e+00 1.790299395351461342e+01 3.791170474949084479e+01 1.613823905622759725e+01 1.705676560042134193e+00 -5.460834391108120477e-09 5.381466373974230394e-09 1.429241089969623131e-08 2.320214319973657695e-08 3.199522884544992491e-08 4.078458653374403218e-08 5.130615295142616981e-08 6.364620546225084243e-08 -2.094998480445061928e-01
6.807554362504220080e+03 8.165875229550941583e+00 8.165699265666837903e+00 2.405579817594053083e+01 3.995342560732134984e+01 1.939368731580096394e+01 4.253531764821905092e+00 -7.104238200142357484e-10 4.628675352870197872e-10 1.494159458754441372e-09 3.890721100385018993e-09 7.419633795758870796e-09 1.329216783352552573e-08 3.224005939784801875e-08 5.838820120925631424e-08 -1.254977488389096840e-01
6.857554362504220080e+03 1.307710576087482757e+01 1.307685284804103176e+01 2.868815531747742043e+01 4.802922962272688778e+01 2.889671709906673058e+01 1.054699022250139961e+01 -2.830022908308322229e-09 1.910912095616277987e-09 7.833701072440859810e-09 1.588310633094322511e-08 2.594407966985014134e-08 4.577674721553364362e-08 1.399790667907766057e-07 3.075259446657746255e-07 -9.151450475774902671e-02
6.907554362504220080e+03 8.527738432526529522e+00 8.527768198856696458e+00 2.512014951495786974e+01 4.404309231600574748e+01 2.292705371532659697e+01 2.960711725752865897e-01 -4.488444996427002240e-09 3.289845828090010189e-09 1.082670284268172667e-08 1.941862285597593301e-08 3.110038190501464171e-08 7.443612328272414122e-08 1.869099909303592188e-07 3.200605444091440020e-07 -6.882040683704407358e-02
6.957554362504220080e+03 7.636922209128214512e+00 7.636843770898657624e+00 2.308217414347406660e+01 4.241521408518115521e+01 2.099474094047508999e+01 1.202170687094203050e+00 -4.747909503144430982e-09 3.300128231784713342e-09 1.129152965941477212e-08 2.104455387088908159e-08 4.246537455239060114e-08 1.476345481272521019e-07 2.458254885082972877e-07 4.961730323155059183e-07 -4.859550354782637971e-02
7.007554362504220080e+03 1.141460579729741731e+01 1.141425550414720114e+01 2.308277341365255708e+01 4.608886294295260200e+01 2.566414249024611749e+01 9.754538407634838038e+00 0.000000000000000000e+00 0.000000000000000000e+00 0.000000000000000000e+00 4.324206510252604276e-09 3.712741213864937839e-08 1.033250146047295161e-07 3.090232627371668162e-07 1.257263827974805944e-06 -1.411382993062791635e-02
7.057554362504220080e+03 1.930591024643884879e+01 1.929881376391564984e+01 2.095187769878525330e+01 7.405526523585344023e+01 9.390983488377582944e+01 3.528964405559687378e+01 0.000000000000000000e+00 0.000000000000000000e+00 0.000000000000000000e+00 0.000000000000000000e+00 0.000000000000000000e+00 0.000000000000000000e+00 0.000000000000000000e+00 2.693341941910535923e-08 -2.164263434128791200e-02
7.062554362504220080e+03 4.955222937647100423e+00 4.953926069917907959e+00 1.513010744432282451e+01 5.216469919806009869e+01 3.687056277375372559e+01 9.083168764769894210e+00 -1.077503357945409695e-03 5.543362881139713566e-02 4.593466939171183400e-02 3.506677757948165747e-02 2.543641906803074254e-02 1.619739833475303953e-02 7.477810006607280360e-03 5.077990702044340304e-03 -4.772195616613935515e-02
7.112554362504220080e+03 -8.567465504524577113e+01 -8.559133834646543448e+01 -8.544141175671842348e+01 3.242522451487469226e+01 3.015049436418666460e+02 4.882435815487565947e+02 6.815938279207546202e+01 0.000000000000000000e+00 0.000000000000000000e+00 0.000000000000000000e+00 0.000000000000000000e+00 0.000000000000000000e+00 0.000000000000000000e+00 0.000000000000000000e+00 0.000000000000000000e+00
7.162554362504220080e+03 -1.038218670661261172e+02 -1.037030689301677739e+02 -1.004262664755973447e+02 -8.560691851476049408e+01 -1.096567343886773926e+02 -1.508368670313371638e+02 -1.887444648617230882e+02 -2.039332585953832222e+01 -3.112900882928973899e-03 2.044136278476025442e-03 -3.301887399764968922e-02 -7.499785213258496064e-02 -2.022137006596641806e-01 -1.967446726592435025e-01 -1.016231451249844653e-01
7.212554362504220080e+03 -2.588341708171115307e+00 -2.587978843180757771e+00 1.395809441419788399e+01 3.118372357632543057e+01 4.091438059946233885e+00 -9.667807893436267008e+00 -2.982266767285609887e+01 -2.580585744855895883e-02 -2.928978559430226239e-02 -3.991036151779488172e-02 -5.119108359489675519e-02 -7.228009007562344324e-02 -1.080736951391421258e-01 -1.103916241829973610e-01 -8.780938332256958689e-02
7.262554362504220080e+03 7.681839357871274920e+00 7.669392376908828801e+00 2.393787778158110768e+01 4.945220457750705378e+01 2.635786584669810040e+01 6.483136126638653352e+00 -3.264699457125313370e-02 -3.949213834630127540e-02 -4.719883031645612237e-02 -5.104973480267849251e-02 -6.218589661976391125e-02 -7.674985517542567970e-02 -1.051997760123242337e-01 -1.109940819714667903e-01 -9.707186401585429780e-02
7.312554362504220080e+03 9.736595349638459407e-01 9.708569487319060887e-01 1.119636206074130946e+01 4.471047717638606400e+01 2.784240943957434311e+01 1.082302310272061874e+01 -1.895896094015536049e+00 -5.472511478945382701e-02 -6.539502184762548131e-02 -7.603231380267883033e-02 -8.915332940569890841e-02 -1.115513285150914052e-01 -1.555388007309501663e-01 -1.656282973549080551e-01 -1.363105053125277244e-01
7.362554362504220080e+03 5.760474534966908067e+01 5.759157463546032574e+01 5.493670728563740369e+01 5.104545208383125043e+01 5.389412723748733924e+01 6.921372905765520045e+01 7.277711706559955473e+01 -4.251824370171550349e+00 -1.805337770645396300e-01 -2.077549443262771134e-01 -2.423135783919727892e-01 -2.883662704916931108e-01 -3.410869027669280462e-01 -3.638612384669867583e-01 -3.112465745016235186e-01
7.412554362504220080e+03 -4.402709097403194249e+01 -4.392572213617356880e+01 -3.888438889780983487e+01 -2.743473041236841325e+01 -1.849464115631628403e+01 -5.842061823168203993e+00 9.053920183995666449e+00 1.143079998080186854e+01 1.706222108052519459e+01 -1.421548127792909400e+00 0.000000000000000000e+00 0.000000000000000000e+00 0.000000000000000000e+00 0.000000000000000000e+00 0.000000000000000000e+00
7.462554362504220080e+03 -1.215216737688782978e+01 -1.214435864820759470e+01 -8.780276793902345389e+00 2.599595539164589653e+01 5.506143698313967860e+01 3.199799080454152644e+01 1.129873955240138628e+01 -4.031649040000393924e+00 -1.326218220387626046e-01 -1.702363493049127707e-01 -1.827522178622489890e-01 -2.013028701476578530e-01 -2.471772207904797403e-01 -3.092297488594624721e-01 -3.399944011640123054e-01
7.512554362504220080e+03 -4.172628586756735558e+01 -4.149863804277978829e+01 -3.718396354642224821e+01 1.517905698876913689e+01 7.297539768893757106e+00 -2.919980452545962635e+01 -5.562718333415675193e-04 1.422976505477473142e-04 -1.834213572434290193e-03 6.329521711693198577e-03 3.124382202516780022e-03 2.310103530123324127e-03 -3.600546067282323951e-14 -4.283753190432975839e-11 -7.297880769897390805e-07
7.562554362504220080e+03 -1.260437428484234488e+02 -1.233473207729000904e+02 -1.599252929557746367e-02 -2.796823156865782881e-03 -3.452389078273238304e-03 -2.441796839086612242e-03 2.820261803766820584e-03 1.652928525539950136e-02 7.170790633666244973e-02 7.882902339199346353e-02 1.080578545405898871e-01 7.750142596383596816e-02 3.641334143495491942e-03 7.537786442828052909e-09 -1.466562256312364587e+00
7.612554362504220080e+03 -1.225750785903534279e+01 -1.192499418380804954e+01 -1.076622941925755761e+01 -1.399454969068450738e-01 -8.498025958825783724e-03 2.052650928546948667e-02 6.510073974453818579e-02 9.756214154200031075e-02 1.382539131494681106e-01 1.227501404269823182e-01 -3.225490784433350799e-01 -3.579122416057980288e-02 8.147653975285074415e-03 2.008156515540146742e-05 -1.798575675467057522e+01
