TIME void_Ch2_mesh1 void_Ch2_mesh2 void_Ch2_mesh3 void_Ch2_mesh4 void_Ch2_mesh5 void_Ch2_mesh6 void_Ch2_mesh7 void_Ch2_mesh8 void_Ch2_mesh9 void_Ch2_mesh10 void_Ch2_mesh11 void_Ch2_mesh12 void_Ch2_mesh13 void_Ch2_mesh14 void_Ch2_mesh15 
0.000000000000000000e+00 1.020921949086271893e-05 1.020939377641868024e-05 1.020860447795980608e-05 1.020680490894228335e-05 1.020472361723618022e-05 1.020291889763380385e-05 1.020114124644126134e-05 1.019935987707151939e-05 1.019728027425611904e-05 1.019543163247937683e-05 1.019352487103157994e-05 1.019148824591515492e-05 1.018901234701307923e-05 1.018788202636649774e-05 1.018811671678756275e-05
5.000040000000043960e+01 5.477803348573226927e-01 1.312248136933738818e-01 3.307327058715190948e-01 4.679413921138093069e-01 5.354071526488561883e-01 5.887022007484172814e-01 6.384078901096422731e-01 6.735170362518583254e-01 6.858458013597948932e-01 7.036642713549341455e-01 7.370152380129676439e-01 7.403758203758915579e-01 7.934898664225678022e-01 6.465936405759172834e-01 7.819124808647777147e-01
1.000003999999985922e+02 6.493863295696544746e-01 2.209532195291724899e-01 3.715078732202363732e-01 5.197247337999808536e-01 6.193927924927513651e-01 6.666219076138176769e-01 6.914878170753504527e-01 7.057920608626341297e-01 6.715225754711463546e-01 6.536007158178049892e-01 6.618564070861889803e-01 7.137919644537522590e-01 7.747033304517083607e-01 8.585647129954213641e-01 9.999860093176987652e-01
1.502405034099261059e+02 3.698453456055801336e-01 9.999801244537939171e-01 9.999764081769579871e-01 9.999837119897774240e-01 9.999871882170436876e-01 9.999887555305635445e-01 9.999898626736207774e-01 9.999906834166859548e-01 9.999913680121387261e-01 9.999918785208382621e-01 9.999924379868871949e-01 9.999929232872462048e-01 9.999933344770657317e-01 9.999935103754891141e-01 9.999899013292927741e-01
2.004200391960640388e+02 5.262847191629325128e-01 1.852191423745119525e-01 3.286000756519285582e-01 3.187697236401271228e-01 4.720844543611757427e-01 7.024428521130531289e-01 7.276906367649194074e-01 9.377107194262378487e-01 9.229541457434626839e-01 9.986096656213345746e-01 9.992487127054260343e-01 9.997599284817074716e-01 9.997667711087540043e-01 9.997745844602529131e-01 9.998628970052420017e-01
2.553043625042201370e+02 7.362377366526913665e-04 1.231704563851694308e-04 5.929324904768496635e-02 2.188490216328163596e-01 4.110016598380960562e-01 5.609420173001002929e-01 6.377496537755388273e-01 6.901195959814595549e-01 6.749054142705253057e-01 6.814085542716383781e-01 7.279909051198674153e-01 7.505210159732681463e-01 8.619607026261750793e-01 7.589944339497820547e-01 8.984355380893827014e-01
3.053043625042201370e+02 3.346675383121449406e-04 2.349504258871470464e-04 3.762630169396002477e-05 3.858586377140854617e-02 2.047934317086940459e-01 3.322193412308466209e-01 4.269293728407926869e-01 4.962491213444493177e-01 5.375202075208802555e-01 5.809834528310222623e-01 6.224196716780558969e-01 6.425257878950463297e-01 7.039282385973687495e-01 5.969606450957464228e-01 7.168730302038071045e-01
3.553043625042201370e+02 1.579318976761964408e-04 1.607590409899028886e-04 6.689703420411633914e-05 5.894108111488069977e-03 1.208318435785068201e-01 2.235641613295297481e-01 3.203093859912893304e-01 4.548570603138888391e-01 5.464536712255236850e-01 5.869493613446629121e-01 5.878222976315962134e-01 6.042843951504144329e-01 6.760056152997436785e-01 5.710259541733231359e-01 7.046234534979688435e-01
4.053043625042201370e+02 1.026008918833160076e-04 9.504339300145312191e-05 1.354782890561972683e-05 1.729582112595209331e-01 3.104758167612841624e-01 4.226675061405584244e-01 4.909893985563639762e-01 5.503242180299151576e-01 5.824742337861701369e-01 6.165994436876307550e-01 6.580161793739588427e-01 6.641881189218563630e-01 7.419140824424735881e-01 6.042372004486902259e-01 7.563342137137367693e-01
4.553043625042201370e+02 9.320409020971115834e-05 9.104055372646838683e-05 2.276593591995789724e-05 1.509452979892917691e-02 1.826428060793963415e-01 3.177110440806271696e-01 4.178271477233198583e-01 4.924728863360884890e-01 5.416897325236417204e-01 5.835901502884707215e-01 6.411520999788703490e-01 6.378261486883324283e-01 7.558064205797951907e-01 5.745551035103966253e-01 7.856115344931738909e-01
5.053043625042201370e+02 6.731259258538888936e-05 6.742331917281195399e-05 1.437792303415997777e-05 6.111322504369204323e-02 2.354895918577964986e-01 3.561091877671395123e-01 4.503092673881112229e-01 5.166862132739009628e-01 5.625444282198436285e-01 5.986837307047893075e-01 6.548420417249269931e-01 6.466405756308303276e-01 7.649752261902128536e-01 5.783996239076409918e-01 7.912835698032427700e-01
5.553043625042200802e+02 4.487569373815221733e-05 4.687321222654596491e-05 1.287531213827533312e-05 6.161844054104512886e-02 2.354377147106400392e-01 3.557058405487254493e-01 4.495902484180260283e-01 5.156982321815866133e-01 5.614133406923962344e-01 5.973334762045248159e-01 6.533406338901773802e-01 6.450412688903204295e-01 7.633542355356459641e-01 5.761918232204229495e-01 7.904077357640790780e-01
6.053043625042200802e+02 2.947817107452631492e-05 3.129972550869824328e-05 1.159951835775562460e-05 6.342852780993435413e-02 2.349930053231915339e-01 3.540905532099531405e-01 4.474661349916473907e-01 5.134018126527626347e-01 5.590046923024273307e-01 5.951283709679249245e-01 6.508560658941054955e-01 6.431794140523108272e-01 7.607617731260573057e-01 5.744148018091521646e-01 7.888516690665327014e-01
6.591793625042200802e+02 1.997494696154656024e-05 2.104644704254652002e-05 1.082824670904275046e-05 6.299164533989681791e-02 2.333136132193784074e-01 3.520895663495490213e-01 4.452519438745255465e-01 5.111793941832838417e-01 5.567342689785501619e-01 5.930418965865056347e-01 6.484461073347241866e-01 6.413711204234163743e-01 7.581598158800153531e-01 5.725138829407844243e-01 7.874219685134843383e-01
7.091793625042200802e+02 1.543064440435938152e-05 1.601806848526960458e-05 1.044678167867140607e-05 6.468960077312187196e-02 2.338782442374578441e-01 3.518515970565136985e-01 4.446278983365342108e-01 5.102721188181974510e-01 5.557193922915917295e-01 5.919275932090561909e-01 6.471705858053177218e-01 6.401747758202747107e-01 7.568117976031779603e-01 5.709744220357937383e-01 7.871678918834442706e-01
7.591793625042200802e+02 1.308422988765130112e-05 1.340066452749066760e-05 1.025039131422959567e-05 6.696354029201091740e-02 2.351027152513944229e-01 3.522407150916622709e-01 4.446096615661901952e-01 5.099301141393791648e-01 5.552447113335288176e-01 5.913224579483504773e-01 6.464094253247782973e-01 6.394351698446304466e-01 7.559305705246290863e-01 5.699604873863013399e-01 7.872616245154364645e-01
8.091793625042200802e+02 1.217380640160578955e-05 1.228930070166759338e-05 1.016829249422962534e-05 6.889943052676444912e-02 2.362497055455749784e-01 3.528111515835580803e-01 4.448720635908235965e-01 5.099422022542658972e-01 5.551629135290586659e-01 5.911024945910439143e-01 6.461057777957130988e-01 6.390278021480445547e-01 7.555804812888989863e-01 5.692676068200510642e-01 7.878811757042579744e-01
8.591793625042200802e+02 1.240711344092911025e-05 1.232662710125589947e-05 1.016475170203793606e-05 9.281128293870520574e-02 2.563227081402215668e-01 3.682408122670548511e-01 4.576215474571775910e-01 5.203532460492721334e-01 5.642893694738452259e-01 5.987278023450920417e-01 6.533389736380977864e-01 6.448343069388251525e-01 7.614275082756117863e-01 5.746142148918396142e-01 7.932256081501734002e-01
9.091793625042200802e+02 2.013447853960008145e-04 1.299649574668784507e-04 1.870553989582294870e-05 8.865552376007748703e-02 2.537834100677289206e-01 3.671599486981930172e-01 4.571358616659864094e-01 5.202269034269285664e-01 5.643535591263422191e-01 5.988861905020329557e-01 6.533603279501268846e-01 6.449997176499866480e-01 7.613555043307178583e-01 5.745174012444393963e-01 7.943663656214777768e-01
9.591793625042200802e+02 5.160260572880733150e-04 2.758087515499094361e-04 2.835347654006717025e-05 1.128651617263638496e-01 2.728160646599633865e-01 3.817264824239179899e-01 4.689715697565888797e-01 5.299440316928510919e-01 5.731361048662014790e-01 6.058718396787887706e-01 6.608191773544770387e-01 6.496431287754612649e-01 7.688541423079414683e-01 5.775503943154658426e-01 8.028671514682627075e-01
1.009179362504220080e+03 3.720780617075116294e-04 2.314867045100084766e-04 2.412890087713200757e-05 1.363108263316187008e-01 2.895788603650029103e-01 3.935841878248104164e-01 4.777978792140834541e-01 5.366502317278589729e-01 5.787481259580307125e-01 6.098432099735857648e-01 6.652344670306947760e-01 6.513354693257064065e-01 7.735557397702466087e-01 5.777163961359956801e-01 8.085844510705395560e-01
1.059179362504220080e+03 2.085418894477098146e-04 7.606591682282978382e-05 1.214738800125618814e-02 2.191289697860174246e-01 3.469162624722645916e-01 4.328671517471467389e-01 4.980386297683659369e-01 5.411739465394214132e-01 5.696934658967770515e-01 5.924891580186990581e-01 6.576729412366630889e-01 6.352800679483154855e-01 7.844455914753164505e-01 5.507560060857082940e-01 8.242191915455066020e-01
1.109179362504220080e+03 3.087039685410044123e-04 2.025665320606484401e-04 2.197281557707017922e-05 1.565654528955661429e-01 3.051969346513868642e-01 4.061387026094842034e-01 4.881496776197293275e-01 5.454035164320647500e-01 5.870393459557253779e-01 6.161395664629025770e-01 6.730774050239078932e-01 6.548445872171345661e-01 7.828163032449840797e-01 5.789551975699395170e-01 8.202004026005623727e-01
1.159179362504220080e+03 5.484791476239102119e-04 6.261047714712804075e-05 6.494057498295950637e-03 1.940960443662335111e-01 3.349907288989265597e-01 4.325612579570060623e-01 5.090317630695813111e-01 5.640097585919813250e-01 6.028603051606722385e-01 6.302087270914271677e-01 6.862133686661704424e-01 6.667536446987935017e-01 7.924506382465501542e-01 5.914076003906347800e-01 8.261292655586933709e-01
1.209179362504220080e+03 5.718631412348333274e-04 3.030615893667068365e-04 3.764015596943439480e-05 1.177982509505574593e-01 2.393378741851769353e-01 3.547393264763474274e-01 4.802935581212761651e-01 5.709501492352623275e-01 6.345440747864532494e-01 6.515868250405268958e-01 6.722757613386151077e-01 6.344964752482572523e-01 7.276117211075858737e-01 5.618361087585946878e-01 8.231545775076147820e-01
1.259179362504220080e+03 4.315570132808050057e-04 2.669567495161787193e-04 3.884192804412009106e-05 5.491030421084863028e-02 2.076716311521391578e-01 3.565443791694273279e-01 4.512636624225850324e-01 5.099398054857904317e-01 5.374071930910222505e-01 5.724682302355965646e-01 6.257386849512701632e-01 6.296294871945339322e-01 7.350798106232369067e-01 5.820938840324445529e-01 7.745653247893277138e-01
1.309179362504220080e+03 5.813593734693768859e-04 2.868788497705608434e-04 2.326250243567923835e-05 1.848695154278339747e-01 3.310956127143642180e-01 4.288523203731228195e-01 5.075696207418802786e-01 5.624818113936980168e-01 6.021965225853507242e-01 6.291699098289817993e-01 6.846370536297321507e-01 6.646918449450323063e-01 7.908646628425991532e-01 5.874206076913560670e-01 8.289883186400487380e-01
1.359179362504220080e+03 8.625345228616960569e-05 1.000970587938805957e-05 1.253949446234193243e-01 3.083067094966108757e-01 4.172204214457404525e-01 4.968872150012511590e-01 5.607310748031402170e-01 6.066194581530421903e-01 6.439707733739389317e-01 6.557323877281673319e-01 7.285736438690078032e-01 6.707678231316547279e-01 8.509322251153120797e-01 5.750555743353253924e-01 9.038538422730670874e-01
1.409179362504220080e+03 5.852471577839819545e-04 1.138992293664241572e-04 3.524886993282371796e-03 1.415824549159905577e-01 2.859655512188969406e-01 4.003831407208461868e-01 4.969121162491923482e-01 5.621915522343203797e-01 6.136238146044512565e-01 6.329487118085451725e-01 7.030157032521339167e-01 6.583038721296432527e-01 8.375179559410493857e-01 5.542499718068332193e-01 9.545500630034058354e-01
1.459179362504220080e+03 2.764943511833749170e-03 2.492702398019522046e-05 8.870773896002727421e-02 2.750541268698472597e-01 4.093416372995449803e-01 5.103879335617088620e-01 5.965629539884556021e-01 6.151327147287289909e-01 6.249834069698292360e-01 6.625794061574438176e-01 7.075534929846881704e-01 6.618480927766705602e-01 8.199702834919597727e-01 5.717275649071680288e-01 9.065587315014427272e-01
1.509179362504220080e+03 7.034476982271200586e-04 3.738404002499237384e-05 5.263589572629857188e-02 2.567282952205073299e-01 3.799587879299037296e-01 4.725462207346267096e-01 5.398213725823026721e-01 5.922710392881772590e-01 6.277550345949880484e-01 6.508288121391823111e-01 7.082863750489797328e-01 6.790681733120056407e-01 8.151603675059869714e-01 5.990613194227188965e-01 8.563108023759405940e-01
1.559179362504220080e+03 2.632792743492836317e-04 1.059387837585617955e-05 1.051520469767808219e-01 2.821178238218808865e-01 3.951287641456248667e-01 4.764601701825815216e-01 5.418297138867543827e-01 5.895175401158343487e-01 6.261952419669701841e-01 6.439761653065297908e-01 7.072425679439025004e-01 6.670374052967952272e-01 8.203195504295820450e-01 5.810803887207448559e-01 8.681462081734798719e-01
1.609179362504220080e+03 5.205246381542516293e-04 2.291790945792376597e-05 1.111946897820833280e-01 3.104523255161670825e-01 4.224180244928965600e-01 5.093615805279337883e-01 5.716803454682853891e-01 6.205264919299596782e-01 6.565112356811277916e-01 6.711848326146011567e-01 7.392862476651125281e-01 6.886857090455155150e-01 8.545240845898181004e-01 5.990338572112573479e-01 9.038451506332652041e-01
1.659179362504220080e+03 3.921110274483435116e-04 2.645942184330679061e-04 3.614501276438370728e-05 1.253430535485378916e-01 2.935198712798874898e-01 4.111874618887735866e-01 4.985976579503754724e-01 5.605501959229771680e-01 6.029542479972310742e-01 6.355957220411072583e-01 6.876711132314441421e-01 6.769520234915529233e-01 7.903942519383035936e-01 6.056696219135496717e-01 8.348882782343342024e-01
1.709179362504220080e+03 5.095991194069967797e-04 6.104845244049848004e-05 2.508181487465522067e-02 2.306511554545283837e-01 3.588857123446481112e-01 4.652302893777347514e-01 5.364231788830953196e-01 5.940562838107004140e-01 6.301691671711360243e-01 6.598518519022797957e-01 7.081453073948849042e-01 6.983463952559757493e-01 8.083356967553654293e-01 6.265302627037233618e-01 8.462761004597342263e-01
1.759179362504220080e+03 1.237859532012944476e-05 1.005247978196590738e-05 1.740638541347740709e-01 3.537193995494524734e-01 4.720991903729414574e-01 5.459037543372898815e-01 6.122362121626687692e-01 6.572777036762832426e-01 6.798135846976584018e-01 7.335296815463854259e-01 7.077220143851603584e-01 9.004758881332447507e-01 9.923991644247598387e-01 9.943574680656792619e-01 9.977135805876335972e-01
1.809179362504220080e+03 1.928325604826891635e-04 1.526650094744574763e-04 3.104952945078367116e-05 1.302027747511089184e-02 1.737913217677278521e-01 3.345930396204441770e-01 4.459598299297113932e-01 5.251090803850257949e-01 5.740852044324589176e-01 6.177574716694743673e-01 6.645695994027871478e-01 6.755818930864649907e-01 7.593853687546059383e-01 6.196765500444598729e-01 8.079315118397857320e-01
1.859179362504220080e+03 2.707224488428158207e-04 1.110236574694784613e-04 2.547516694338338339e-04 1.568197587324657860e-01 3.227666698790703781e-01 4.411676166306675029e-01 5.253824737541776813e-01 5.843077272113995635e-01 6.272109822425283587e-01 6.539549634869140649e-01 7.116741538379012244e-01 6.883376594729609943e-01 8.180831290641390474e-01 6.112751267499123564e-01 8.699898892088312463e-01
1.909179362504220080e+03 3.354289368918382270e-04 2.150415453408451711e-04 2.945266536063242000e-05 1.273986124815207899e-01 3.031952925711798863e-01 4.260138179930212932e-01 5.116288129631340054e-01 5.732360280072036351e-01 6.110724403303408048e-01 6.451884983681839270e-01 6.896902146842053272e-01 6.904892344546111893e-01 7.791207040260335059e-01 6.303642252383792055e-01 8.204879750295434038e-01
1.959179362504220080e+03 6.739902784223934741e-05 1.050135254092566317e-05 4.297486347097319304e-02 3.095861722048290909e-01 4.532757397235002150e-01 5.292256015728987739e-01 5.975159674679546562e-01 6.348913435472399724e-01 6.760799799391234988e-01 6.800133915567916354e-01 7.551269930657182883e-01 6.913563134186732073e-01 8.751026307655499492e-01 5.952506583603713874e-01 9.622321946974227158e-01
2.009179362504220080e+03 2.200015804051779086e-04 3.701344280751016152e-05 1.015591340881026941e-02 2.360087377208556769e-01 3.835978333880689650e-01 4.844096231978538003e-01 5.580229796932479891e-01 6.105194450367995573e-01 6.513243797415925185e-01 6.699711103652742361e-01 7.340676384450456338e-01 6.940162919170894673e-01 8.452075052744253414e-01 6.072877384034430781e-01 9.013429361189763123e-01
2.059179362504220080e+03 7.535852441464249490e-05 4.793443761786762863e-05 8.714642829263326285e-03 2.665201444782402951e-01 4.061935773030045937e-01 5.062798421989368469e-01 5.738153668656290618e-01 6.256793607031809756e-01 6.610499325969638740e-01 6.834533574662619015e-01 7.409331458464923914e-01 7.082488669535909054e-01 8.571313773952853321e-01 6.289841502498061399e-01 9.774859464851590740e-01
2.109179362504220080e+03 4.566370080809200465e-05 1.619291815688641385e-05 4.511256617668948921e-02 3.441719562408010469e-01 4.771605295980082539e-01 5.674552561869778966e-01 6.258139261568012035e-01 6.699360311535654811e-01 7.020744986070143190e-01 7.120913795560082082e-01 7.808127267525438731e-01 7.173387534902381235e-01 9.023709482733108800e-01 6.163500864182396288e-01 9.391203030634451832e-01
2.159179362504220080e+03 5.508616261234993035e-05 5.144404156625331890e-05 1.342980821048935091e-05 1.328483986039309395e-01 3.341444390372796946e-01 4.490141351908624734e-01 4.426724672983446962e-01 5.406212255065508954e-01 6.611359662419050709e-01 6.721933433087470267e-01 6.520757381034045785e-01 6.972344457472802182e-01 8.808056080992399117e-01 5.896661980824191573e-01 9.684490477613050263e-01
2.209179362504220080e+03 6.919131491613638980e-05 6.877934420368976109e-05 4.264242278460701584e-05 3.614470666449739062e-05 2.361523444077411957e-05 6.934408569957824404e-03 1.014039923977863716e-01 2.592258462252979290e-01 3.830060420916802100e-01 4.720147433946885740e-01 5.436764689322025612e-01 5.842007952847801944e-01 6.766153441460154294e-01 5.541369987713175016e-01 7.591925928065781370e-01
2.259179362504220080e+03 5.043026486644198097e-05 4.986275221570024861e-05 2.903957550147987353e-05 1.038276463325899882e-05 1.554813738945309276e-01 3.135983538305806007e-01 4.688425531793743994e-01 5.184304286201685263e-01 5.965183920720106281e-01 6.124771514658756688e-01 6.866073956028728720e-01 6.610269190318622812e-01 7.937879673755479093e-01 5.936222472607596279e-01 8.479263950721249721e-01
2.309179362504220080e+03 4.366755701135727950e-05 4.183108153337697355e-05 1.081740484490098912e-05 9.583507848058718526e-02 2.817182156541306326e-01 4.036599113473486877e-01 4.963870899872159792e-01 5.588137363222216436e-01 6.030761527740811090e-01 6.360500465120537683e-01 6.879418118098485913e-01 6.774794431044492971e-01 7.887443198832172486e-01 6.152147219904067210e-01 8.330935646522088511e-01
2.359179362504220080e+03 3.397541165395798391e-05 3.424199158933349720e-05 1.154081790924724401e-05 4.382168545171285373e-02 2.630409474914332524e-01 3.988213369688500265e-01 5.071539566067770899e-01 5.611706090793568968e-01 6.231118699205965283e-01 6.408077251680140973e-01 7.039541600812132538e-01 6.815280946065270795e-01 8.085155384022890690e-01 6.149571551424661831e-01 8.521649825934642930e-01
2.409179362504220080e+03 2.375048665961495848e-05 2.174454823833399673e-05 1.011613002044891355e-05 1.144898821825783980e-01 2.272779545421270975e-01 3.145369744039075433e-01 4.680803955388025961e-01 5.914135352233004239e-01 6.728615809015712212e-01 6.689366979371696997e-01 6.855968525569025029e-01 6.517764660199411031e-01 8.034980246014095107e-01 5.869349779560643077e-01 8.753120871522795943e-01
2.459179362504220080e+03 2.242617074915265586e-05 2.154062594260776090e-05 1.151019487556110731e-05 7.383255057124289700e-02 2.880970047436674508e-01 4.841624328574474223e-01 5.814255881633511036e-01 6.033767073119449265e-01 5.388407674704182027e-01 5.356275703355797280e-01 6.180728007956044490e-01 6.667746355279999815e-01 8.320296225551351288e-01 5.928081782606318129e-01 9.209852586218084669e-01
2.509179362504220080e+03 1.962032025283970123e-05 1.888796775692166817e-05 1.050992244957600736e-05 4.153558396603179714e-02 2.390866119236653431e-01 3.796382948501228483e-01 4.816363593520402442e-01 5.498759285047269962e-01 5.981170556916775016e-01 6.329831698302267329e-01 6.876095641200343778e-01 6.768212197952764297e-01 7.913271982721234998e-01 6.148471123328838051e-01 8.384048343621745003e-01
2.559179362504220080e+03 1.795743274976039790e-05 1.654500600260222555e-05 1.022104931081940230e-05 1.695859538262531607e-01 3.309932381314952821e-01 4.362588803283269923e-01 5.197444908761040816e-01 5.746552340187652819e-01 6.198664178265070879e-01 6.416485909590989856e-01 7.074436803131571860e-01 6.693404594899730053e-01 8.230962838377606783e-01 5.897662760147941441e-01 8.826854389799587697e-01
2.609179362504220080e+03 1.564529886125930807e-05 1.540525295341451382e-05 1.079002773113783422e-05 8.449984475639663734e-03 1.558050029834249783e-01 3.163515246056595731e-01 4.292258849404045895e-01 5.116226697977072080e-01 5.652219549908097385e-01 6.066748728632488374e-01 6.663100026311657986e-01 6.524662841601824859e-01 7.873996006381123181e-01 5.719179499159460223e-01 8.811944024285690569e-01
2.659179362504220080e+03 1.447323430442334337e-05 1.233440007218641105e-05 1.612033941572912934e-05 6.187168550295500669e-02 2.526169239078798756e-01 3.841392126042700306e-01 4.891320045871133670e-01 5.519639814864398808e-01 6.097078607453985111e-01 6.326163017727464144e-01 7.028272373314620181e-01 6.646356517692315613e-01 8.214782500045785252e-01 5.597668360151532019e-01 9.294426549111085567e-01
2.709179362504220080e+03 1.087253938451232895e-05 1.000845622565528999e-05 9.339887004098515466e-02 2.457095978629109945e-01 2.902393229020171495e-01 4.682868803123377832e-01 6.247764828745978605e-01 6.807432683702483445e-01 6.625718026777117631e-01 6.168155252749563111e-01 6.978046353653193368e-01 7.121195690762690544e-01 8.365220309816040478e-01 6.360107932993198654e-01 8.573908052588556927e-01
2.759179362504220080e+03 1.408153040874979183e-05 1.018131833716166064e-05 2.731284546037597225e-02 2.384442230892333259e-01 3.677479156623852385e-01 4.618834629304555683e-01 5.287688525127052230e-01 5.866311439633198344e-01 6.146967166553375383e-01 6.592524003820102729e-01 6.885552975362593253e-01 7.072314253150132624e-01 7.678139329454161111e-01 6.745110576291160065e-01 9.999989994903273338e-01
2.809179362504220080e+03 2.486594160966519584e-04 6.620112535869512979e-05 3.771591198050526419e-03 1.454026054957972824e-01 2.709500807964634883e-01 3.931366191046161696e-01 5.183426269933318897e-01 5.480107443955261060e-01 6.473313900809447574e-01 5.040263822266660698e-01 9.841344272994271281e-01 9.999843481354766528e-01 9.999672471751822611e-01 9.999395168822644564e-01 9.997489478301611054e-01
2.859179362504220080e+03 2.818063780404561494e-04 3.069632632611494610e-05 7.269939741348381557e-02 2.933585284800571680e-01 4.086274693814062609e-01 5.081086969566008804e-01 5.475359538842701213e-01 6.422804058594702159e-01 5.858568739793231783e-01 7.968845649094754569e-01 9.999989561169960739e-01 9.999985651383470620e-01 9.999979061124825153e-01 9.999964625765920267e-01 9.999698632601506931e-01
2.909179362504220080e+03 2.440685680341150333e-04 1.298914435783195464e-05 5.820022943469280174e-02 2.152493825411495865e-01 4.499044293672294081e-01 5.917727476546023047e-01 6.501172261882601777e-01 6.165893673524164287e-01 5.322336390037808451e-01 5.598407174760855476e-01 9.999965965266122137e-01 9.999914515148174976e-01 9.999876192770936756e-01 9.999818501925965553e-01 9.998201974162286287e-01
2.959179362504220080e+03 2.737119278872170353e-04 4.202484932978911206e-05 1.103652111502626681e-02 2.016711722053986244e-01 2.046090905055349407e-01 2.206236611495057398e-01 5.010366364533306305e-01 7.500632468191135160e-01 4.917048282703220807e-01 9.971602215661775626e-01 9.998996016873739068e-01 9.999349598354073665e-01 9.999580668516022675e-01 9.999463361247999948e-01 9.993615626089489279e-01
3.009179362504220080e+03 2.590792181158710922e-05 1.001698230412425396e-05 1.981225634480686115e-01 4.350563114295050160e-01 4.816160243946759345e-01 4.424591157026558363e-01 4.443628611529161221e-01 5.612106792736215599e-01 7.523690832144458440e-01 5.962016904845444110e-01 9.890383464712378947e-01 9.999989080275966113e-01 9.999987104917216207e-01 9.999568768208636493e-01 9.992430154303119094e-01
3.059179362504220080e+03 1.631350574398797323e-05 1.001031656032900839e-05 1.671008286282881783e-01 3.064433703890857008e-01 4.071208217049089861e-01 5.467304718921139894e-01 6.165447551293955497e-01 6.531915282717130067e-01 5.999562050811922953e-01 8.635967517743033950e-01 9.996932474501653010e-01 9.999338419937198186e-01 9.999686369714151368e-01 9.999687356182149767e-01 9.993228276780112829e-01
3.109179362504220080e+03 9.605860396654654191e-05 1.457425270317764442e-05 1.877117035746862436e-02 2.489575185710947158e-01 3.142625829807502158e-01 4.023033205949724245e-01 5.506193479711674055e-01 6.318060910324130308e-01 6.400651323675433657e-01 5.460199898580607725e-01 9.999989998045839545e-01 9.999989975512314500e-01 9.999989921763013934e-01 9.999872480348247494e-01 9.993104304691107220e-01
3.159179362504220080e+03 6.384519706987012999e-05 5.933366086282212390e-05 3.797433507232605867e-05 2.424695912496464904e-05 1.222777096343791170e-02 1.571581520146884126e-01 3.124254040364117246e-01 3.924889558991467853e-01 4.200774790700617656e-01 5.102132290948228066e-01 5.730266960150564026e-01 7.173559957717855484e-01 8.673914297614028213e-01 8.196632017224377842e-01 9.878813265039139146e-01
3.209179362504220080e+03 4.356185717528981890e-05 3.817434774827684735e-05 2.855616123464655725e-05 2.468912620836935450e-05 2.417547980450296058e-05 2.685844796392393319e-05 1.791197210940527322e-05 2.431857297883215541e-04 5.064551401659644903e-02 2.349397198165934508e-01 3.881853389025916035e-01 4.860434488221912486e-01 6.023224451965872861e-01 4.899772247336594000e-01 7.408010127148453305e-01
3.259179362504220080e+03 4.550248964004109024e-05 4.160601397766379477e-05 2.935901070864988679e-05 2.778085738726876521e-05 2.945354039625337777e-05 2.009441005981481987e-05 6.125194179590114953e-03 1.453865946136818632e-01 2.900001184858259085e-01 3.980551901897317335e-01 4.834711696811614945e-01 5.325157257734739469e-01 6.293056918890767015e-01 5.045521189828240383e-01 7.411522484457644389e-01
3.309179362504220080e+03 5.273639423254328933e-05 4.709879709796322507e-05 3.248921832057158218e-05 2.740568319336392808e-05 1.540649188661505201e-05 5.367683221107298749e-04 1.163553372621134591e-01 2.911755624777991325e-01 4.023580810151962117e-01 4.913759928152539036e-01 5.616382509436235182e-01 5.890454403078064782e-01 7.039062312030044399e-01 5.366759042028435012e-01 8.122131735466250335e-01
3.359179362504220080e+03 4.837449367802101749e-05 4.411927249604832466e-05 3.078989691002095706e-05 2.715864483555432082e-05 1.071618268311045052e-05 3.906563836084117614e-02 2.068921796273792968e-01 3.375922196199310776e-01 4.305351682110047373e-01 4.987341122492915946e-01 5.643082958862229992e-01 5.865662704774322611e-01 6.918463736012194776e-01 5.346926596017139710e-01 7.900291764432937347e-01
3.409179362504220080e+03 4.173353104488699411e-05 4.117370001216703385e-05 2.877529245579151573e-05 2.405183199853297269e-05 1.032282543917946864e-05 1.882317315329842256e-01 3.419479373416396961e-01 4.432167550470666462e-01 5.132646584605687901e-01 5.637437810945388206e-01 6.234622327271360787e-01 6.269590839312872976e-01 7.416599438528956867e-01 5.646706376554058160e-01 8.213561863864079493e-01
3.459179362504220080e+03 3.368836182827774809e-05 3.450440015992402971e-05 2.752171348669048121e-05 1.067735383537615968e-05 2.469397124801655033e-02 2.085074816035443201e-01 3.465011842458212699e-01 4.452094516025193460e-01 5.105948664701790429e-01 5.614508591141118554e-01 6.206901967106959184e-01 6.223696749556277830e-01 7.423460510153180314e-01 5.565806044654051377e-01 8.275079399077326370e-01
3.509179362504220080e+03 2.744856199271546529e-05 2.837059350869051868e-05 2.514452557311906139e-05 1.064846299395899514e-05 6.217163506478994711e-02 2.453411337499745992e-01 3.739073366769054552e-01 4.677629009151318407e-01 5.280635725494865484e-01 5.761194355208246742e-01 6.344721384639422368e-01 6.319454012779612828e-01 7.547170903451286827e-01 5.647971446402133555e-01 8.344078906411200869e-01
3.559179362504220080e+03 2.310967761879845298e-05 2.406836051318101522e-05 2.252024866532007999e-05 1.043214475684356072e-05 1.473990646790508674e-01 3.081635441205517467e-01 4.172396853636764491e-01 4.988071144298557025e-01 5.513294675298233694e-01 5.929235903135099406e-01 6.502488990511592348e-01 6.403857468156342048e-01 7.678914267438110564e-01 5.692407311806291226e-01 8.433707241445477232e-01
3.609179362504220080e+03 2.107172830672260737e-05 2.098590701402249246e-05 2.030056566696452811e-05 1.298546320773015813e-05 8.284987096559586666e-04 1.383472581912320865e-01 3.018734643483215740e-01 4.139697405691812326e-01 4.931704212545808264e-01 5.492134922630063087e-01 6.122967231856051296e-01 6.202087317408166989e-01 7.346648943134269638e-01 5.626410040266285328e-01 8.163317444874335083e-01
3.659179362504220080e+03 1.877541232393641670e-05 1.940840673287249797e-05 1.907448614002170203e-05 1.048779310692425775e-05 2.305864545301927054e-02 2.061858182201020961e-01 3.489681410340788048e-01 4.494929590322626067e-01 5.162978909930182603e-01 5.671752129989308111e-01 6.276191150044365674e-01 6.276938463152197389e-01 7.498798713593968213e-01 5.629663490803074044e-01 8.318062534854172574e-01
3.709179362504220080e+03 1.622804472093768486e-05 1.689055635735855210e-05 1.680626632791937196e-05 1.020977301351584508e-05 7.025418505769172317e-02 2.525411002646736347e-01 3.771370050213171399e-01 4.689863937060187449e-01 5.276746154073019834e-01 5.749324406350143635e-01 6.325311034309059055e-01 6.294467227750129013e-01 7.525952820023309453e-01 5.602172478675424561e-01 8.358792064979707614e-01
3.759179362504220080e+03 1.356045494346644807e-05 1.390935714954831880e-05 1.408606514975678181e-05 1.429101063288629766e-05 1.446323376334238135e-05 1.028814496794219030e-05 1.783677827251699266e-01 3.241174299142622894e-01 4.200095080970856487e-01 4.923136210971215676e-01 5.589503118692200623e-01 5.811995588544363045e-01 6.913783030138155317e-01 5.255362619687032888e-01 7.990431341245975982e-01
3.809179362504220080e+03 1.666579016648467974e-05 1.589148527203612104e-05 1.491281267880325935e-05 1.424512537984791560e-05 1.380983290098009147e-05 1.342949392043699180e-05 1.040582983354286900e-05 8.872369859305360984e-03 1.810977885622221673e-01 3.279161750787011886e-01 4.386527709118386298e-01 5.042026204672506173e-01 6.143616962102153023e-01 4.858758192926218578e-01 7.495190279746946072e-01
3.859179362504220080e+03 1.866614512568084847e-05 1.863711583882797206e-05 1.731042511815639463e-05 1.657773266063182390e-05 1.610224484102608448e-05 1.030809927912469433e-05 2.228206312560100655e-02 2.061556963122305741e-01 3.417214703903034834e-01 4.397131920495191415e-01 5.189007425036881171e-01 5.566490833769530688e-01 6.649990090112051222e-01 5.137752628325228388e-01 7.840440394878118724e-01
3.909179362504220080e+03 1.867103223996084135e-05 1.862307003330739130e-05 1.756185167711860694e-05 1.694553472515692585e-05 1.661585205934759381e-05 1.048688807713923631e-05 9.028948630112717394e-03 1.799662695576629001e-01 3.296728271173125502e-01 4.361519971622925818e-01 5.197146326983629328e-01 5.503603249966709798e-01 6.750137319819703441e-01 5.017270195879178774e-01 8.100598789458963722e-01
3.959179362504220080e+03 2.463453833186123051e-05 2.354228450064732375e-05 2.024521630660247189e-05 1.853689345835935639e-05 1.752658504085378633e-05 1.696101493440474545e-05 1.657296278686825269e-05 1.633860077620361825e-05 1.468516025504344512e-05 1.065532862423135343e-05 1.975528253101339199e-02 1.704731804126116690e-01 3.361603097867321699e-01 3.152943565376614687e-01 5.236700935194003037e-01
4.009179362504220080e+03 2.309517809830744536e-05 2.324424623596263288e-05 1.933937098340761444e-05 1.774969835398946315e-05 1.697322274012755584e-05 1.658176223864207705e-05 1.031139795225946001e-05 4.969014790934134923e-02 2.369521135465716688e-01 3.613416858321194525e-01 4.711327786179285715e-01 5.162755516240504772e-01 6.345762007740128885e-01 4.837233081173620830e-01 7.767420420061248443e-01
4.059179362504220080e+03 2.437300277090199261e-05 2.384892104599806872e-05 1.966735232724587960e-05 1.827551926414745846e-05 1.747024235370940094e-05 1.705076514460935133e-05 1.669308802608814211e-05 1.627084527964346527e-05 1.094959193541451614e-05 2.671854005411491984e-02 1.994896604022011743e-01 3.424814694617817068e-01 4.761763255265983319e-01 3.917025729643945908e-01 6.616570986929579679e-01
4.109179362504220080e+03 2.215220479755456326e-05 2.110690649525113409e-05 1.790988894354731336e-05 1.708784293067042804e-05 1.655196870493588846e-05 1.589956652080916453e-05 1.060410596551740941e-05 5.738526906929990179e-03 1.225988557905480919e-01 2.060099869676510764e-01 4.227369204405752035e-01 5.833951609162342233e-01 6.623090166339828944e-01 4.166959715122690033e-01 7.974544369152278822e-01
4.159179362504220080e+03 2.597689549829779881e-05 2.512890535855314919e-05 2.088758826275557341e-05 1.887051144963381816e-05 1.770235304330212324e-05 1.704613165724022035e-05 1.656909212340550242e-05 1.628444931045289987e-05 1.593578805898825668e-05 1.119886795318263528e-05 1.122189126957963455e-03 9.655702634035495668e-02 2.635297592400435152e-01 2.483369446075485432e-01 5.167465563780957449e-01
4.209179362504220080e+03 2.218966804331495198e-05 2.115859161267431935e-05 1.785056776563184559e-05 1.660949090156566712e-05 1.585032250936405890e-05 1.477456164485137077e-05 1.004188303235382918e-05 1.150349393607753012e-01 3.360235480962896482e-01 4.358848115422364056e-01 4.346054870977925644e-01 4.831255454310642294e-01 6.585768348953633389e-01 5.324149257032029237e-01 7.463495238718108604e-01
4.259179362504220080e+03 2.181676061751927506e-05 2.110496929693481008e-05 1.841269480485134446e-05 1.713363493262985945e-05 1.658982669677569862e-05 1.699217926101259174e-05 1.044537095829854764e-05 1.036866110608670663e-02 1.485729660483743053e-01 2.418350092137256935e-01 2.497730800218216918e-01 3.100547943056319866e-01 5.575779039355808209e-01 5.034040815122440282e-01 6.732400603579188347e-01
4.309179362504220080e+03 2.072564837399175981e-05 2.038715837608251203e-05 1.791663425351110663e-05 1.706711436860578363e-05 1.662911923546426146e-05 1.590805810465844176e-05 1.014560768621353281e-05 1.174063452420150144e-01 2.840278665366050559e-01 3.804777728519909696e-01 4.885691014885206185e-01 5.273081395121242965e-01 6.331204491623608765e-01 4.831781887943137344e-01 7.606583693467516838e-01
4.359179362504220080e+03 1.904517746891684900e-05 1.962525102137958178e-05 1.795189369726772459e-05 1.699415244244930262e-05 1.650635734878591859e-05 1.033131852164635839e-05 1.848033346522467285e-02 2.124332806344948477e-01 3.410898551647086885e-01 4.128176886313435490e-01 4.698112068189305712e-01 5.213306067802293553e-01 6.460159575987747260e-01 5.080859273591672443e-01 7.567792389862526559e-01
4.409179362504220080e+03 1.704646349141288874e-05 1.760759797560871573e-05 1.688993109802538537e-05 1.640198289781581210e-05 1.582784522884753402e-05 1.013564789145255803e-05 1.486540413413428019e-01 3.166508817430858658e-01 4.380436919653976080e-01 4.784673024672326247e-01 4.634244850358859025e-01 4.448103642141440495e-01 6.181993797726506035e-01 5.363735278130939976e-01 7.472017650314319859e-01
4.459179362504220080e+03 1.497369287935747627e-05 1.529101533739952242e-05 1.536196444187475858e-05 1.548371415333630477e-05 1.010874972471165828e-05 1.531907727450782797e-01 2.974114056253520655e-01 3.945300735429663197e-01 4.687816323006926966e-01 5.199915903344509704e-01 5.834815570676674668e-01 5.881600638192576724e-01 7.097790446531557773e-01 5.179605680285177538e-01 8.196178056982351690e-01
4.509179362504220080e+03 1.366652731690295822e-05 1.381027971060483661e-05 1.391192889581236479e-05 1.008882937699801881e-05 8.063102411458261676e-02 2.474680294592324636e-01 3.632232077080854160e-01 4.517162977884092157e-01 5.094365268121958668e-01 5.567307492267192792e-01 6.152256508901077225e-01 6.118800461806965796e-01 7.402053483000616829e-01 5.363203748003823046e-01 8.418349843441196301e-01
4.559179362504220080e+03 1.256268663848218455e-05 1.268744539149926142e-05 1.010611620871184059e-05 8.715863794402053943e-02 2.545011612797918876e-01 3.698973774007406345e-01 4.577851866255309154e-01 5.202605131992940057e-01 5.650075882057814525e-01 5.989378933262994309e-01 6.513353849762839598e-01 6.419673710642811448e-01 7.581319313609546917e-01 5.712672404268389625e-01 8.276704089691665489e-01
4.609179362504220080e+03 1.206350409183499355e-05 1.220087967088415130e-05 1.011857872638515869e-05 1.362632489110147949e-02 1.979965295021016425e-01 3.331902821087723843e-01 4.332475924526495992e-01 5.037717756271851144e-01 5.541987049427142820e-01 5.907004766324686074e-01 6.477717067654978900e-01 6.354359295877184399e-01 7.628623537576273428e-01 5.615531157775074389e-01 8.419043566564605729e-01
4.659179362504220080e+03 1.145769399145299949e-05 1.152550382915262034e-05 1.010093681666680961e-05 5.988268397521172293e-02 2.411493674622684213e-01 3.579965753631143000e-01 4.543077175783553634e-01 5.159050369494958543e-01 5.658167486607739161e-01 5.972680066464334248e-01 6.551240206578249348e-01 6.391091256438909962e-01 7.675069227891199164e-01 5.646425206099737748e-01 8.427738503336290599e-01
4.709179362504220080e+03 1.103495035964377579e-05 1.107883011968577419e-05 1.007451968439138989e-05 1.024521626749599762e-01 2.728665317443882965e-01 3.788072337443418869e-01 4.708998651313293649e-01 5.274753685925943625e-01 5.759784710329413082e-01 6.043985742354245350e-01 6.624327827651133038e-01 6.436392516541540321e-01 7.729491696078699681e-01 5.689172547031875471e-01 8.445518419905382324e-01
4.759179362504220080e+03 1.100843542550067736e-05 1.096701843322492922e-05 1.012595984565888580e-05 8.526183428993264202e-03 1.292614235857647564e-01 2.747857064234317526e-01 4.126356093230535427e-01 5.070709288361295863e-01 5.300241732088709634e-01 5.717888793173054873e-01 6.242151729461169474e-01 6.300825941240777439e-01 7.520502569593066067e-01 5.756530853021043503e-01 8.190715829529244818e-01
4.809179362504220080e+03 1.165530320714904764e-05 1.157976578699587003e-05 1.007557998336700631e-05 6.075587098170812106e-02 2.360011613630841054e-01 3.573949931350691722e-01 4.523340990164524955e-01 5.163277077027548234e-01 5.646916566326014575e-01 5.985722133236074383e-01 6.534001474464590231e-01 6.422930763268903664e-01 7.628028466872932567e-01 5.710601688058328795e-01 8.343251005325238445e-01
4.859179362504220080e+03 1.204366752970776531e-05 1.203501372649208633e-05 1.007338860648675886e-05 6.159777711304031955e-02 2.330203701129073268e-01 3.485842499299743880e-01 4.427170758945199736e-01 5.053905008309140801e-01 5.544749240485533637e-01 5.879106923661768791e-01 6.436767237499034788e-01 6.319068036196253679e-01 7.556756951505927411e-01 5.571123032807344666e-01 8.362017279801158276e-01
4.909179362504220080e+03 1.176488912594215056e-05 1.180843961710534583e-05 1.005690848313057158e-05 1.409925906865449052e-01 2.997513924687233988e-01 4.015723028047863408e-01 4.872858225307740154e-01 5.421752630612227675e-01 5.883038306795101979e-01 6.137078897940337896e-01 6.745386433087771083e-01 6.468717190220699687e-01 7.888132713336548640e-01 5.660186601555334818e-01 8.648729032022353103e-01
4.959179362504220080e+03 1.192470682881067929e-05 1.189189653857686454e-05 1.008452660267729211e-05 5.113397832833817269e-02 2.210728455990738361e-01 3.451448298850426921e-01 4.410457533604476565e-01 5.071332760570038678e-01 5.549978672665369928e-01 5.922111101817444379e-01 6.434868010363696822e-01 6.402398510895276340e-01 7.489048927853154680e-01 5.740271807087349298e-01 8.181545454289841368e-01
5.009179362504220080e+03 1.198368546483121453e-05 1.206834892389284795e-05 1.012545218897744348e-05 1.156398445956529353e-01 2.858840524592678456e-01 3.928730464632808617e-01 4.837477834918679220e-01 5.399630105056624219e-01 5.873410190913217477e-01 6.132761196909788382e-01 6.734771223643880589e-01 6.478352549906702951e-01 7.858744060352418348e-01 5.687795507617832147e-01 8.592358554382767410e-01
5.059179362504220080e+03 1.463048773406725412e-05 1.442065364861833093e-05 1.401949743502287275e-05 1.018077588640339688e-05 8.524194633884597805e-02 2.517476192635880183e-01 3.700029544623640310e-01 4.583314490231511495e-01 5.152491263233418550e-01 5.630851000424439423e-01 6.171565007678944115e-01 6.210146960816885775e-01 7.318707700596780441e-01 5.548309291126420906e-01 8.166794223171505163e-01
5.109179362504220080e+03 1.504295203464180287e-05 1.486037762908186416e-05 1.443209411851416712e-05 1.018680299110708611e-05 7.155503707125011881e-02 2.420442589404931399e-01 3.641564793676846934e-01 4.544821503285977338e-01 5.129858735022286842e-01 5.615695318903779487e-01 6.162900181137009881e-01 6.204057823442135078e-01 7.318536841635764345e-01 5.545598525668368195e-01 8.178637091632288136e-01
5.159179362504220080e+03 1.682327879266832813e-05 1.652044306683366040e-05 1.597097432047235986e-05 1.384238968057365271e-05 4.356073695044052822e-05 1.405367070399541896e-01 2.946002307896924965e-01 3.996279144401586048e-01 4.758428656703912463e-01 5.308128365023112583e-01 5.917500746715140814e-01 6.027827094011632969e-01 7.125970177067760813e-01 5.423551405544294601e-01 8.080608615809532491e-01
5.209179362504220080e+03 1.651356973385388117e-05 1.681140028999679280e-05 1.647444011383662578e-05 1.627485620577228745e-05 1.031409608448092397e-05 1.588454675674375038e-02 1.760400770014752814e-01 3.156218322530192633e-01 4.102188935843767426e-01 4.830443027377156473e-01 5.486200237783153133e-01 5.742099767465341786e-01 6.787476236742511215e-01 5.213605792274438322e-01 7.897379718266345217e-01
5.259179362504220080e+03 1.444292636982908397e-05 1.484495975609000009e-05 1.492281173636788323e-05 1.500985205440716111e-05 1.416868710655961264e-05 1.089091350807402101e-05 1.082355175212331433e-01 2.680578540485943906e-01 3.731141413126965456e-01 4.577704911595392168e-01 5.259068931811202718e-01 5.597655212766551314e-01 6.615190501014754920e-01 5.114970976244177514e-01 7.792876920841483868e-01
5.309179362504220080e+03 1.390676062756400450e-05 1.346800176842793556e-05 1.000223834301199356e-05 1.832133328642942260e-01 3.242998777985331982e-01 4.225907675726490731e-01 4.991021261358132288e-01 5.530294542059245311e-01 5.946375650940646240e-01 6.186962340760182588e-01 6.793846273899415422e-01 6.458848884535913770e-01 7.975414249941933376e-01 5.551630784168555266e-01 8.872592219557707827e-01
5.359179362504220080e+03 1.133952602211889650e-05 1.000093525502241664e-05 1.079974456877536571e-01 2.843334110816891913e-01 3.932273176640892487e-01 4.766378338508855950e-01 5.390182445738518346e-01 5.877857038779220611e-01 6.233044182971640979e-01 6.425352549537405311e-01 7.048129680264269004e-01 6.611660319149386122e-01 8.238321584579479939e-01 5.647240828117873201e-01 9.201195144691497463e-01
5.409179362504220080e+03 1.206769836819776239e-05 1.000143230076584773e-05 1.071061830097366080e-01 2.896726080077177690e-01 3.961258218649871821e-01 4.825153062217434896e-01 5.423428685582357689e-01 5.940828921132331741e-01 6.238416638297723527e-01 6.559429898292586936e-01 6.874701475009827867e-01 7.110813913981067769e-01 7.361652543926305858e-01 7.497200870593503375e-01 4.675405179063412131e-01
5.459179362504220080e+03 1.166300418636033937e-05 1.000419395379003806e-05 1.041430485648861259e-01 2.866274888897920037e-01 3.917782746645059877e-01 4.783295083974798967e-01 5.377442199374524723e-01 5.898046339310876185e-01 6.201777031131843199e-01 6.505726150526793816e-01 6.863996275898238686e-01 7.008228268589872245e-01 7.446028746941727450e-01 7.237459446554461717e-01 9.999989999997179746e-01
5.509179362504220080e+03 1.260134617846147156e-05 1.000512628644633723e-05 1.086156497566262147e-01 2.872621626870572320e-01 3.961925995863845307e-01 4.787348485683526889e-01 5.419151405868242177e-01 5.868506657012233507e-01 6.327337611677068541e-01 6.247513382114708858e-01 7.480495530355862899e-01 5.669616597155412441e-01 9.999135689576496011e-01 9.998318397447224504e-01 9.995312082085450189e-01
5.559179362504220080e+03 1.240865465093283560e-05 1.000644843247263163e-05 1.108342065993748321e-01 2.908983835978967702e-01 3.982775438400877888e-01 4.828984625114148277e-01 5.405222456432627887e-01 6.012858273982024659e-01 6.004192668446995951e-01 7.134606740983037154e-01 5.377710562062527622e-01 9.999944815541214060e-01 9.999939172566408851e-01 9.999239989875163825e-01 9.994403496706588674e-01
5.609179362504220080e+03 1.198552120598850398e-05 1.000938122249728723e-05 4.658051663449421648e-02 2.019514098154411852e-01 3.827732839276270504e-01 5.064470822711638620e-01 5.248437142037992720e-01 5.751043274360639890e-01 6.183057005933605410e-01 6.885124900731489639e-01 6.017115326806066200e-01 9.999989972966782936e-01 9.999989818870860248e-01 9.999813742623384627e-01 9.993944372191810865e-01
5.659179362504220080e+03 1.213510912938494646e-05 1.000620554097772017e-05 1.081364687058078422e-01 2.884043128606380013e-01 3.953585547099516262e-01 4.803380594271250414e-01 5.398580753659838471e-01 5.941983667775538880e-01 6.147586766079852216e-01 6.724562476758200180e-01 6.408014346396424532e-01 9.999989999992670020e-01 9.999989999982782374e-01 9.999989999972981325e-01 9.999989999972888066e-01
5.709179362504220080e+03 1.233530935553320261e-05 1.000537050433042554e-05 1.125415306761675532e-01 2.894877187283177999e-01 3.983659551751665417e-01 4.793201801978729248e-01 5.463658155039775588e-01 5.774663952362146802e-01 6.628715069802598725e-01 5.447897431372629162e-01 9.977679931327967378e-01 9.999989999993550427e-01 9.999989999984305600e-01 9.999989999974787658e-01 9.999989999973528665e-01
5.759179362504220080e+03 1.241912430919177272e-05 1.001024074739403464e-05 1.103088493909090834e-01 2.897967525333253747e-01 3.970693879568413798e-01 4.793885537076361114e-01 5.469408936742710114e-01 5.731736395208386625e-01 6.752729876322237645e-01 5.054462985182721635e-01 9.998179522054769786e-01 9.999216479370404143e-01 9.999556081268704544e-01 9.999661889887458965e-01 9.999097462407663395e-01
5.809179362504220080e+03 1.245983749034320585e-05 1.001282332980477988e-05 1.044515581600937576e-01 2.855940464548988866e-01 3.929245212367760143e-01 4.765535312174077887e-01 5.439202592569956085e-01 5.711818677506560471e-01 6.730224731832810114e-01 5.021479925684323442e-01 9.999322384358402260e-01 9.999599249965364089e-01 9.999727934011688468e-01 9.999775052638590900e-01 9.999460282441824388e-01
5.859179362504220080e+03 1.246281589567122542e-05 1.000886187940220459e-05 1.080752747578240802e-01 2.876855787125052188e-01 3.941531399811161740e-01 4.770598778696002462e-01 5.442775820851346591e-01 5.710542100578539504e-01 6.732152997950645590e-01 5.009414797531422936e-01 9.999362158928305488e-01 9.999622451108926002e-01 9.999740800103302796e-01 9.999777679826988841e-01 9.999151909527562720e-01
5.909179362504220080e+03 1.193551805156308024e-05 1.000544054179405903e-05 1.027813302419949837e-01 2.855026425080659513e-01 3.905658611225943933e-01 4.760518274597188570e-01 5.417341324350231080e-01 5.705471848913177269e-01 6.712729182654373350e-01 5.001450066116163162e-01 9.998768246359499567e-01 9.999446200196540069e-01 9.999665336788908787e-01 9.999623360018092821e-01 9.995354266792289000e-01
5.959179362504220080e+03 2.210127763215875241e-05 1.277230246154387733e-05 1.569636123827543028e-01 3.981669984571047372e-01 4.976397332401603091e-01 5.824044994843721179e-01 6.287443218797053035e-01 7.050048216381458177e-01 9.474624528118209543e-01 9.999867066970067331e-01 9.999824326635963212e-01 9.999841861378592212e-01 9.999862989148805559e-01 9.999631121529627409e-01 9.993723704693887600e-01
6.009179362504220080e+03 6.952362519309936541e-04 1.775585648427806555e-03 6.373776130330328638e-01 9.999976803624895938e-01 9.999941529356733971e-01 9.999954771596345493e-01 9.999945535807034380e-01 9.999915586104003440e-01 9.999864128022836196e-01 9.999837543531424622e-01 9.999886983159492759e-01 9.999915045268991109e-01 9.999917777963721610e-01 9.999551121569904000e-01 9.997464775777000767e-01
6.059179362504220080e+03 8.621013203693337820e-05 1.156439826425993771e-05 9.951421918686184642e-02 3.019307194516525072e-01 4.017870840125965515e-01 4.990179103772957592e-01 5.350118591952232050e-01 6.552344401441555499e-01 4.791524195838394728e-01 9.998819947738394331e-01 9.999454993881962128e-01 9.999690488534763722e-01 9.999784234444329956e-01 9.999390705127165768e-01 9.992893748704751999e-01
6.109179362504220080e+03 1.843175209765168137e-04 1.560635453978848270e-04 4.608138928910944705e-05 2.136902933729140867e-03 5.668795218327185581e-02 2.411228470935362911e-01 2.630384200290825092e-01 9.929299173351967545e-01 9.999826295906664164e-01 9.998561334206421680e-01 9.993633968078151630e-01 9.997636987700480038e-01 9.999080511525783033e-01 9.996921064518635713e-01 9.997505088517435468e-01
6.159179362504220080e+03 1.414729904379755614e-05 1.003349626969671389e-05 1.970311650661146496e-01 3.748822056431521110e-01 4.711970763212939839e-01 5.398798569619562837e-01 5.934562870707875692e-01 6.084353045566217588e-01 7.077513574966677323e-01 5.233888213168911285e-01 9.981291300849667314e-01 9.999403271772806523e-01 9.999150785472485925e-01 9.999257546204411984e-01 9.999337425438378224e-01
6.209179362504220080e+03 1.551368791450812240e-04 1.158904752761786019e-05 1.139304514603474150e-01 3.184888495955325305e-01 4.225165871188490407e-01 4.923909403282745179e-01 5.580455550036370616e-01 5.838352411140528275e-01 7.017524121413113436e-01 9.999990000013776470e-01 9.999990000049995276e-01 9.999990000044967076e-01 9.999990000014511438e-01 9.999990000001073298e-01 9.999990000013389002e-01
6.259179362504220080e+03 9.405735497992163486e-05 1.204824919678046321e-05 8.098597411412275515e-02 2.658490513883998152e-01 3.922015407071162696e-01 4.746464199200270961e-01 5.317852862722725060e-01 6.336782069504108827e-01 4.697565573366762615e-01 9.999989999761972337e-01 9.999989909335049720e-01 9.999989584996356040e-01 9.999987775812093638e-01 9.999977601951276496e-01 9.999945467100626040e-01
6.309179362504220080e+03 4.485368906065753750e-05 1.002007349212156530e-05 1.400736598226374752e-01 3.154368028789837353e-01 4.223485598638034300e-01 4.972762487668353493e-01 5.551773268078508128e-01 6.084059639482258808e-01 6.098318045159945022e-01 7.153763812500012476e-01 9.999990000056941941e-01 9.999990000083526231e-01 9.999990000043120775e-01 9.999990000039034044e-01 9.999990000075318353e-01
6.359179362504220080e+03 7.518644386366647877e-05 1.000461680341673171e-05 1.203376292397104474e-01 2.898328370619694394e-01 4.043810553438429434e-01 4.785059581002216178e-01 5.505212883581148686e-01 5.753619817056434549e-01 6.699184130427668915e-01 5.246494474228889926e-01 9.999989999990138712e-01 9.999989999987646261e-01 9.999989999980331001e-01 9.999989999963815324e-01 9.999989999894933757e-01
6.409179362504220080e+03 7.867333058752577573e-05 1.001639194303732496e-05 1.283356175106261932e-01 3.004417533875227142e-01 4.085395232089002460e-01 4.846818838191921386e-01 5.545955298507811992e-01 5.743949999764265124e-01 6.868447787966117657e-01 4.792040547153095242e-01 9.999311259418176556e-01 9.999562258763489142e-01 9.999517397707744504e-01 9.999389727124945448e-01 9.999593280727910871e-01
6.459179362504220080e+03 8.943220126053317567e-05 1.016094128045027786e-05 1.150882707729394827e-01 2.867718915112674183e-01 3.936363528982205207e-01 4.721453069720136231e-01 5.409208518384195363e-01 5.645601703917599856e-01 6.734249921516092252e-01 4.684815228924863462e-01 9.999283044083857597e-01 9.999575625616734520e-01 9.999520036416930102e-01 9.999399851731910482e-01 9.999595653096577941e-01
6.509179362504220080e+03 8.997546503876020427e-05 1.019978846152760466e-05 1.145984977218446332e-01 2.873962001923470733e-01 3.951714257014123377e-01 4.736071537332383063e-01 5.424991236868346167e-01 5.674297238622808548e-01 6.714507542019290121e-01 4.835424708311590325e-01 9.999989999999029378e-01 9.999989999998272205e-01 9.999989999984658651e-01 9.999989999975783528e-01 9.999989999976058863e-01
6.559179362504220080e+03 8.948438825952628089e-05 1.017088038929236296e-05 1.153910379589282997e-01 2.876880222317063640e-01 3.951098925613365509e-01 4.736607616993454561e-01 5.405792493771037766e-01 5.730274610680939906e-01 6.537852469267240174e-01 5.378529323712644139e-01 9.999989999998458723e-01 9.999989999997136447e-01 9.999989999977624278e-01 9.999989999961111931e-01 9.999989999961551579e-01
6.609179362504220080e+03 8.991714090105478027e-05 1.018707637018356124e-05 1.145629969004245963e-01 2.876083189924882322e-01 3.945648182138907778e-01 4.744350777343600001e-01 5.380102047491770456e-01 5.813521954233400457e-01 6.295719301533109213e-01 6.088476436085296095e-01 9.999989999999849832e-01 9.999989999999762125e-01 9.999989999976121036e-01 9.999989999950907871e-01 9.999989999953446951e-01
6.659179362504220080e+03 9.038358957851058370e-05 1.019745583461069791e-05 1.089323120890767910e-01 2.847347513344143377e-01 3.905592975907886122e-01 4.748666290420634484e-01 5.296340137309929474e-01 6.014935092713982190e-01 5.639514842672854744e-01 7.755509451719035940e-01 9.999989999998247781e-01 9.999989999996705681e-01 9.999989999968162957e-01 9.999989999931288009e-01 9.999989999933597273e-01
6.709179362504220080e+03 9.219334466485698792e-05 1.020742342872887329e-05 1.073024008960092313e-01 2.814059357635557701e-01 3.884816902043964904e-01 4.748933907677315713e-01 5.180312566313631795e-01 6.342210502056353505e-01 4.434226428895713945e-01 9.999984650161055644e-01 9.999607531842971131e-01 9.999651537498275289e-01 9.999665994170067185e-01 9.999550316473685418e-01 9.999787491996169342e-01
6.759179362504220080e+03 8.832384490649921715e-05 1.003330557350048882e-05 1.185666757951141376e-01 2.881178535256500028e-01 3.948459331508707981e-01 4.765647937534668865e-01 5.237320035411389130e-01 6.287134660454606339e-01 4.638055857693231254e-01 9.999989999991528711e-01 9.999989999988605494e-01 9.999989999988139200e-01 9.999989999951039987e-01 9.999989999911966798e-01 9.999989999916182315e-01
6.809179362504220080e+03 9.013191874169317812e-05 1.015946472660139428e-05 1.162633142481229870e-01 2.869541025024929248e-01 3.933835590059057141e-01 4.747919938861933087e-01 5.271772991696951349e-01 6.127758445278098653e-01 5.158063102260413979e-01 9.999989999990975820e-01 9.999989999987464184e-01 9.999989999986671485e-01 9.999989999943886820e-01 9.999989999901238713e-01 9.999989999906876426e-01
6.859179362504220080e+03 9.071924237023448810e-05 1.017100326366906729e-05 1.138371950498030388e-01 2.849049841088158730e-01 3.915867562358586462e-01 4.724701633668896283e-01 5.282997410248169157e-01 6.020627844955563912e-01 5.452024269016543245e-01 9.999989999992479062e-01 9.999989999988683209e-01 9.999989999987040079e-01 9.999989999940948060e-01 9.999989999897567206e-01 9.999989999903715621e-01
6.909179362504220080e+03 9.089933600877971747e-05 1.018234743732274743e-05 1.111338028688269447e-01 2.825024996400958832e-01 3.894072213400555649e-01 4.703779895431516866e-01 5.267905274617578071e-01 5.993266256202880449e-01 5.466750278445724476e-01 9.999989999993251777e-01 9.999989999988900813e-01 9.999989999986244049e-01 9.999989999938606600e-01 9.999989999895730897e-01 9.999989999902133553e-01
6.959179362504220080e+03 9.060739613972335483e-05 1.018402401271225359e-05 1.090692060666957619e-01 2.804184421949965089e-01 3.873260684036021195e-01 4.688275403839064492e-01 5.236016868811672609e-01 6.027841676310888852e-01 5.275383714447067218e-01 9.999989999993393885e-01 9.999989999988754263e-01 9.999989999985069433e-01 9.999989999937277663e-01 9.999989999866377710e-01 9.999989999875552593e-01
7.009179362504220080e+03 8.968495480028331531e-05 1.016265000769013591e-05 1.096102712241273647e-01 2.803567702526921224e-01 3.867732477013033909e-01 4.683926009381782496e-01 5.222241166546393032e-01 6.044067224946756411e-01 5.187563241242509893e-01 9.999989999994185474e-01 9.999989999989824518e-01 9.999989999985118283e-01 9.999989999938169172e-01 9.999989999812356478e-01 9.999989999827287868e-01
7.059179362504220080e+03 8.890254459899087341e-05 1.015262748595681060e-05 1.094957606087701291e-01 2.799704669139538860e-01 3.861796904000340813e-01 4.672661252247841124e-01 5.236088771009855813e-01 5.962603908154311405e-01 5.434109535160417392e-01 9.999989999994707279e-01 9.999989999990389622e-01 9.999989999984439937e-01 9.999989999917845429e-01 9.999989999707924460e-01 9.999989999734529844e-01
7.109179362504220080e+03 8.812518000276242495e-05 1.015925086678709493e-05 1.076156538519500994e-01 2.781399382769801365e-01 3.842268279654437735e-01 4.648058882159776251e-01 5.250706715653440382e-01 5.826892811217341261e-01 5.810751421906388270e-01 9.999989999994903789e-01 9.999989999990248624e-01 9.999989999982979993e-01 9.999989999894958181e-01 9.999989999545791930e-01 9.999989999594031120e-01
7.159179362504220080e+03 8.462212651704635504e-05 1.000325685645592543e-05 1.150307625480895823e-01 2.802344095837477900e-01 3.859276640797378310e-01 4.645581286360433992e-01 5.250930752970347504e-01 5.814994479747982448e-01 5.826956754040948372e-01 9.999989999990475109e-01 9.999989999979036481e-01 9.999989999967430210e-01 9.999989999859579815e-01 9.999989999218377168e-01 9.999989999315306299e-01
7.209179362504220080e+03 7.899841610730639892e-05 1.025574563155399677e-05 7.156992475459815484e-02 2.461476116407332049e-01 3.608311213360030911e-01 4.342831538827208737e-01 5.512352218518163927e-01 3.919452165246385955e-01 9.999989999934906226e-01 9.999989999909686400e-01 9.999989999904826954e-01 9.999989999899033810e-01 9.999989999781738748e-01 9.999986722499758507e-01 9.999945449999987357e-01
7.244179362504220080e+03 6.477990973112231351e-05 1.000166305557677419e-05 1.051043960485497919e-01 2.699068280070669457e-01 3.778334939322112729e-01 4.451578364723814407e-01 5.515398080432341033e-01 4.432748025790699264e-01 9.999989999974451260e-01 9.999989999959530973e-01 9.999989999955027908e-01 9.999989999952351161e-01 9.999989999948100117e-01 9.999989999797549434e-01 9.999989999724711032e-01
7.249179362504220080e+03 6.590927581137477880e-05 1.008014203870483187e-05 1.116913150924659093e-01 2.797203767444961797e-01 3.876257291485625811e-01 4.545900850108681723e-01 5.719048371807062825e-01 4.038719691479012996e-01 9.999989999984704170e-01 9.999989999988840861e-01 9.999989999993349477e-01 9.999989999993471601e-01 9.999989999985168243e-01 9.999988011092653117e-01 9.999946744279574196e-01
7.299179362504220080e+03 5.056111290036858477e-05 9.992830566748202396e-06 1.013188038175363015e-01 2.619132258581796102e-01 3.692907292392967333e-01 4.443314304919585012e-01 5.189218085305095096e-01 5.254305758605777310e-01 9.999989999962312082e-01 9.999989999920986250e-01 9.999989999902523241e-01 9.999989999893683645e-01 9.999989999888534431e-01 9.999989999968091903e-01 9.999989999884483227e-01
7.349179362504220080e+03 3.693669552072835239e-05 1.000070245751860158e-05 1.136303969118854090e-01 2.740988375389678544e-01 3.801668208373255586e-01 4.583453467751303911e-01 5.129237812726725743e-01 9.999989999978328159e-01 9.999989999947578312e-01 9.999989999941215624e-01 9.999989999940979146e-01 9.999989999941633068e-01 9.999989999939244978e-01 9.999989997579471490e-01 9.999989938696214331e-01
7.399179362504220080e+03 3.805828129422528580e-05 1.000369836222589461e-05 1.052894487979063182e-01 2.634202746406692497e-01 3.736483449351317154e-01 4.218705089812358477e-01 9.999989999957908937e-01 9.999989999884887348e-01 9.999989999848362121e-01 9.999989999855946055e-01 9.999989999867745505e-01 9.999989999879569380e-01 9.999989999910116056e-01 9.999989999847894717e-01 9.999989873594915535e-01
7.449179362504220080e+03 4.513294484305693718e-05 1.000341507786261006e-05 1.016759918814593294e-01 2.768960403221854549e-01 2.406141759417318449e-01 9.999444596781037475e-01 9.999989954776901113e-01 9.999989541390417180e-01 9.999989207676854841e-01 9.999989023073481142e-01 9.999989000547427898e-01 9.999989051792794736e-01 9.999989135435002341e-01 9.999926985119844680e-01 9.999762280732056308e-01
7.499179362504220080e+03 2.110792810006338838e-05 9.992835046670257734e-06 1.057720446274014181e-01 1.911493034857988105e-01 9.728720547503754146e-01 9.999989999949825403e-01 9.999989999827976206e-01 9.999989999752726400e-01 9.999989999734064661e-01 9.999989999764806736e-01 9.999989999795027007e-01 9.999989999822191944e-01 9.999989999839528076e-01 9.999989999553109410e-01 9.999989984600382575e-01
7.549179362504220080e+03 3.077280400199569989e-05 1.002762873585705597e-05 7.397189513771858238e-02 8.359827001533596258e-01 9.999856140949573424e-01 9.999657852838821359e-01 9.999741790521278206e-01 9.999701487058194616e-01 9.999745852536834345e-01 9.999699144534444084e-01 9.999707455479055485e-01 9.999686801194044294e-01 9.999735790767951826e-01 9.999550853393721628e-01 9.999612954504470963e-01
7.599179362504220080e+03 1.293172460671978223e-05 1.000128010674722272e-05 3.085807610336993023e-01 9.999699979057348198e-01 9.999713941819119434e-01 9.999677020345315581e-01 9.999688489343574460e-01 9.999677782189646535e-01 9.999735466098377268e-01 9.999664670910354269e-01 9.999678694063689477e-01 9.999662537931595097e-01 9.999745025745798710e-01 9.999507437833267121e-01 9.999522480694879034e-01
7.649179362504220080e+03 1.770602693649428762e-05 1.000464141229941236e-05 9.464265242304015224e-01 9.999764295268311898e-01 9.999726716287429262e-01 9.999722124035179682e-01 9.999718858921761155e-01 9.999710336606271177e-01 9.999751556808843533e-01 9.999696370092711062e-01 9.999706053157894070e-01 9.999692247573201964e-01 9.999761318834000656e-01 9.999558746857665215e-01 9.999572574104823586e-01
7.699179362504220080e+03 1.000273142412535116e-05 1.754678337065442018e-01 9.999726542073753555e-01 9.999720809984899983e-01 9.999764197017149137e-01 9.999720734382516740e-01 9.999731425735581825e-01 9.999721477364825750e-01 9.999775848244183418e-01 9.999707223422090729e-01 9.999717682524688067e-01 9.999710539628563488e-01 9.999836030201462167e-01 9.999551672559586768e-01 9.999529764278398680e-01
7.749179362504220080e+03 9.997649981779240802e-01 9.998358594528706789e-01 9.998994560089200512e-01 9.998644897424568967e-01 9.995347480385241568e-01 9.997029180614743771e-01 9.999107993317527532e-01 9.999797166989794484e-01 9.999969249971455421e-01 9.999925843264342307e-01 9.999899202313252689e-01 9.999698270073732465e-01 9.999525696534022901e-01 9.999899046124184343e-01 9.999960994554558669e-01
7.799179362504220080e+03 8.143751688741069402e-05 8.731405098701451317e-01 9.999704382547531800e-01 9.998701865686013823e-01 9.998504578147943134e-01 9.996200477971868281e-01 9.999035901829347317e-01 9.999376712550629431e-01 9.999592467881316393e-01 9.999525490296031771e-01 9.999799004611605868e-01 9.999989947063450124e-01 9.982136994988863865e-01 9.990746121862461582e-01 8.386665500587299205e-01
7.849179362504220080e+03 2.105414129378118948e-01 9.991245714241220321e-01 9.999042633511747713e-01 9.998714767355846300e-01 9.999647753948960327e-01 9.999484680989385588e-01 9.999789373050672614e-01 9.999674728234776433e-01 9.999851568409479086e-01 9.999859583896281157e-01 9.999879169565584203e-01 9.999989997970846201e-01 9.999989971622161855e-01 9.992649579527924653e-01 9.531884872213551851e-01
7.899179362504220080e+03 9.998381195776613328e-01 9.998327072396751003e-01 9.998893763830056791e-01 9.998875610712215645e-01 9.998804281096410618e-01 9.997429739016904238e-01 9.999646073482917341e-01 9.999651504207410779e-01 9.999765434919980489e-01 9.999794667571272333e-01 9.999958691722543591e-01 9.999989998951209769e-01 9.996448109047944008e-01 9.708306993199389279e-01 9.711794449839480370e-01
7.949179362504220080e+03 5.570546872438728592e-01 2.528232475070819052e-01 4.958500447459434080e-01 9.999941642655111318e-01 9.999835502274883048e-01 9.999848786811554868e-01 9.999861479085021543e-01 9.999862554622082067e-01 9.999858482750288990e-01 9.999836477113930311e-01 9.999764598097505841e-01 9.999989998232801103e-01 9.995506581088843268e-01 9.999989737377226184e-01 9.999989828285078541e-01
7.999179362504220080e+03 3.515152670323730688e-01 5.223661123237058890e-01 9.955930141289777158e-01 9.999842647142527241e-01 9.999821379347700878e-01 9.999853626968572273e-01 9.999746507548762375e-01 9.999750751368213786e-01 9.999787320964975690e-01 9.999723199841075161e-01 9.999775921397106027e-01 9.999988682047623589e-01 9.882223921169736025e-01 9.975370828970335779e-01 9.976358205738522500e-01
8.049179362504220080e+03 4.934004255008146017e-02 7.245207327484323723e-02 1.720182696414155332e-01 9.653677036306794745e-01 9.999947482737882032e-01 9.999964509160128578e-01 9.999969407173038283e-01 9.999973459630994155e-01 9.999978318223101681e-01 9.999982649808082380e-01 9.999986488294205778e-01 9.999989997074786308e-01 9.990048965951662252e-01 9.999379168757721592e-01 9.999398635093268428e-01
8.099179362504220080e+03 1.422274646147489267e-02 1.525057092073679038e-02 1.128094654326460139e-01 9.635621792730432178e-01 9.999986952777037974e-01 9.999981943108240401e-01 9.999976813673686626e-01 9.999978463446648203e-01 9.999980973122107875e-01 9.999983774697167593e-01 9.999986962803806279e-01 9.999989972143210615e-01 9.977008476579002361e-01 9.998811123565959358e-01 9.998975729740873231e-01
8.149179362504220080e+03 9.258475156309516063e-03 1.273641531740550038e-02 1.141267837186203810e-01 8.215659360078968465e-01 9.999989999995327894e-01 9.999989999979540523e-01 9.999989999954951303e-01 9.999989999926780504e-01 9.999989999904167481e-01 9.999989999877951785e-01 9.999989999780963812e-01 9.999989998385694356e-01 9.992042279105171065e-01 9.999586820031678425e-01 9.999609210507183210e-01
8.199179362504219171e+03 3.043723760522369821e-03 4.987195878082862320e-03 1.031533533243754464e-01 8.738055501870579667e-01 9.999989999997128676e-01 9.999989999985289257e-01 9.999989999961522713e-01 9.999989999930531948e-01 9.999989999887829439e-01 9.999989999797617157e-01 9.999989999323456447e-01 9.999989998884847298e-01 9.993606685221841923e-01 9.999709230496245382e-01 9.999722998334666935e-01
8.249179362504219171e+03 3.939686556935466925e-05 1.890621395372754925e-05 9.365358014354571714e-02 9.702532960270526807e-01 9.999989999981995226e-01 9.999989464602085931e-01 9.999989778576360289e-01 9.999989906684445540e-01 9.999989961917253867e-01 9.999989986043652523e-01 9.999989996291389627e-01 9.999989999159479837e-01 9.994756103025249638e-01 9.999776380865430525e-01 9.999784555030059030e-01
8.299179362504219171e+03 4.333397915603392266e-05 3.643730476189775572e-05 9.331672067857273156e-02 9.842396752142190675e-01 9.999989408624564424e-01 9.999987808978448856e-01 9.999988278321787494e-01 9.999989117896366242e-01 9.999989594900419165e-01 9.999989861857034867e-01 9.999989998733836982e-01 9.994160119051679336e-01 9.999658620545549548e-01 9.999846797106640706e-01 9.999848468359177067e-01
8.349179362504219171e+03 4.515099344123219081e-05 1.356881610625181293e-05 9.945121672701613680e-02 9.864512986995319643e-01 9.999989906805891726e-01 9.999986703376321229e-01 9.999987563512863220e-01 9.999988867720568386e-01 9.999989541460205800e-01 9.999989853212001290e-01 9.999989998946027248e-01 9.994900816713750968e-01 9.999733659642311423e-01 9.999857468878039501e-01 9.999874702060127518e-01
8.399179362504219171e+03 4.521171680058090478e-05 1.364005344097198783e-05 1.001230471662921673e-01 9.770820321545523601e-01 9.999989684063764761e-01 9.999986437821835050e-01 9.999987490772241916e-01 9.999988895208461459e-01 9.999989571141284506e-01 9.999989821291496161e-01 9.999989999065026502e-01 9.999989999462894907e-01 9.996128737185171476e-01 9.999887670141272000e-01 9.999882306213554450e-01
8.449179362504219171e+03 4.452778391940213204e-05 1.263355910978946801e-05 9.206571555319854883e-02 9.838642468168659061e-01 9.999989999986952371e-01 9.999989999961659271e-01 9.999989999946892194e-01 9.999989999932046292e-01 9.999989999842341382e-01 9.999989999455515255e-01 9.999989999346277081e-01 9.998772294740966293e-01 9.999990006212060578e-01 9.998071902259562105e-01 9.999900129047176733e-01
8.499179362504219171e+03 4.176391791415091801e-05 1.258413842469757904e-05 9.562288006000044249e-02 9.840415560882359580e-01 9.999989999929210782e-01 9.999985153584098896e-01 9.999984533970662781e-01 9.999985244661342421e-01 9.999985943125031529e-01 9.999986613802109847e-01 9.999989954504743261e-01 9.999941623024368731e-01 9.999989999183422906e-01 9.999279293839077321e-01 9.999990000462755102e-01
8.549179362504219171e+03 4.124175462220134941e-05 1.541776145984151205e-05 9.536907781308257004e-02 9.782965488893821115e-01 9.999989922454430857e-01 9.999984635488758933e-01 9.999984792196150440e-01 9.999985723056660225e-01 9.999986500637726428e-01 9.999986828785928372e-01 9.999989906867201572e-01 9.999942266475176922e-01 9.999989998953645598e-01 9.999295518162827356e-01 9.999990000334587625e-01
8.599179362504219171e+03 3.904860204283641071e-05 1.507668157516484677e-05 9.434214026699901112e-02 9.762107143761188377e-01 9.999989997377536355e-01 9.999985279393530657e-01 9.999985101889933281e-01 9.999985913751678890e-01 9.999986667922008410e-01 9.999986763207336926e-01 9.999989865873913919e-01 9.999941273853016899e-01 9.999989998651340750e-01 9.999319765710920072e-01 9.999990000341705265e-01
8.649179362504219171e+03 3.684797765502940324e-05 1.401033554906110117e-05 9.330842674819289639e-02 9.829897018543137799e-01 9.999989999990239742e-01 9.999989999951154340e-01 9.999988683875483675e-01 9.999988943270973207e-01 9.999989068071462039e-01 9.999989064607959222e-01 9.999989914178196715e-01 9.999932238941546814e-01 9.999990000227251263e-01 9.999266685305236990e-01 9.999990000424169301e-01
8.699179362504219171e+03 3.810852287709273333e-05 1.145555487772394102e-05 9.193352231118832874e-02 9.788294904668974894e-01 9.999990000017890956e-01 9.999990000051157679e-01 9.999989712547628917e-01 9.999989676359946067e-01 9.999989556343279462e-01 9.999989393548619487e-01 9.999989980881380802e-01 9.999930481085620437e-01 9.999989994351357048e-01 9.999282266093272309e-01 9.999989999977410005e-01
8.749179362504219171e+03 4.571060339749628956e-05 1.150847140850172943e-05 8.815948778398588481e-02 9.782976481421892245e-01 9.999989999943271757e-01 9.999989999593390522e-01 9.999989847440091673e-01 9.999989828181584661e-01 9.999989776443100054e-01 9.999989745833370858e-01 9.999990000522414046e-01 9.999926293147067824e-01 9.999989948117121719e-01 9.999271167709714581e-01 9.999989999940608332e-01
8.799179362504219171e+03 4.756581487761628085e-05 1.143759735737840861e-05 8.650700429626113908e-02 9.992842721883581358e-01 9.999989979727347267e-01 9.999985164982130303e-01 9.999985802933579748e-01 9.999986504706199764e-01 9.999986436880202723e-01 9.999986547229491318e-01 9.999989999709766320e-01 9.999950828446169115e-01 9.999989955305869094e-01 9.999435083801677671e-01 9.999990000197978013e-01
8.849179362504219171e+03 1.804464569142904878e-03 8.107497134442429054e-05 8.992315823420293786e-02 9.967101398925265476e-01 9.999989999889399295e-01 9.999986710020111191e-01 9.999987750264089925e-01 9.999988084059961979e-01 9.999988271971934628e-01 9.999988573090260457e-01 9.999989998521248147e-01 9.999950984096710460e-01 9.999989956858305051e-01 9.999402686487822711e-01 9.999990000300121862e-01
8.899179362504219171e+03 9.936982164681310709e-04 5.188468703011161391e-05 9.250229769740919705e-02 9.974645552645905466e-01 9.999989999966245602e-01 9.999989998880954856e-01 9.999989024276795258e-01 9.999988314348680074e-01 9.999988254533841436e-01 9.999988279391087698e-01 9.999990000323759620e-01 9.999952585666205263e-01 9.999989952255291525e-01 9.999430762854780719e-01 9.999989999973256660e-01
8.949179362504219171e+03 1.594064496945494320e-04 1.430344504937336320e-05 1.075485790419828946e-01 9.918622631857753058e-01 9.999990000008737168e-01 9.999990000738047113e-01 9.999989999756754289e-01 9.999989999764444804e-01 9.999989999746932146e-01 9.999989999657873385e-01 9.999989998773791688e-01 9.999806255996094295e-01 9.999989999181623235e-01 9.998819777932502761e-01 9.999975919578129036e-01
8.999179362504219171e+03 1.033494255287529433e-04 1.300909143545775359e-05 1.054883086845862794e-01 9.859448274681404945e-01 9.999990000155173364e-01 9.999990000944235513e-01 9.999989999788668760e-01 9.999989999722718181e-01 9.999989996636378109e-01 9.999990000122839229e-01 9.999989968053587530e-01 9.999834033934360544e-01 9.999989999677481034e-01 9.999132466862379331e-01 9.999976736822479007e-01
9.049179362504219171e+03 1.927141886861016265e-04 1.598409667398609552e-05 7.066080197484254921e-02 9.996672296663402513e-01 9.999989998169844796e-01 9.999989931921112740e-01 9.999989999003835450e-01 9.999989999548659636e-01 9.999989998056558749e-01 9.999989999554150799e-01 9.999989997493051730e-01 9.999935020941720376e-01 9.999990000003136092e-01 9.999596361606386541e-01 9.999980806464954242e-01
9.099179362504219171e+03 9.397996567511417566e-05 1.312406079463360450e-05 8.006451765544164711e-02 9.998347111144887389e-01 9.999989992383818693e-01 9.999989996855270791e-01 9.999990000024697734e-01 9.999989996669702563e-01 9.999989988603417146e-01 9.999990002276484269e-01 9.999989998670757441e-01 9.999951215922390224e-01 9.999990000143416102e-01 9.999695451068187912e-01 9.999977782161898476e-01
9.149179362504219171e+03 2.470636850473510206e-03 3.801875079776566128e-05 9.257273711695146456e-02 9.998856931726859409e-01 9.999990002303528192e-01 9.999990000472498419e-01 9.999990000782595923e-01 9.999989969446272386e-01 9.999990002410068524e-01 9.999990001251720662e-01 9.999990005522266800e-01 9.999989993518759723e-01 9.999990000187118921e-01 9.999980139165903781e-01 9.999988612631220963e-01
9.199179362504219171e+03 2.894960022170345337e-04 1.911807347979819303e-05 8.741929839103798616e-02 9.998720439223894862e-01 9.999989999010617803e-01 9.999989999106575489e-01 9.999989998254141810e-01 9.999989998826228632e-01 9.999990000400161838e-01 9.999990000696223902e-01 9.999990001910475934e-01 9.999990000692047243e-01 9.999990000178140548e-01 9.999988482930373124e-01 9.999989836479158400e-01
9.249179362504219171e+03 1.231400214911784882e-03 3.383267423001568746e-05 1.023213027353329779e-01 9.999938514096818887e-01 9.999986491133388000e-01 9.999989136389826339e-01 9.999989736265176843e-01 9.999989929817791889e-01 9.999989943642350054e-01 9.999989978442500593e-01 9.999989998694335247e-01 9.999989999555529696e-01 9.999990000183609506e-01 9.999982792923937103e-01 9.999984441337786967e-01
9.299179362504219171e+03 1.794585622494790020e-02 4.909691190609680699e-04 2.897640366193328654e-01 9.999990000025529291e-01 9.999989999586071932e-01 9.999989999755971581e-01 9.999989999008026542e-01 9.999990000824049430e-01 9.999990000177525484e-01 9.999990000116487643e-01 9.999989998547603731e-01 9.999990001038189247e-01 9.999990000154838077e-01 9.999989999990035461e-01 9.999990000058498474e-01
9.349179362504219171e+03 5.344788046331604625e-04 1.944831324358581865e-05 3.133871382344295409e-01 9.999990000085081654e-01 9.999989984376578267e-01 9.999989998991803963e-01 9.999990001828944486e-01 9.999990000855532024e-01 9.999990000050664740e-01 9.999990000210349228e-01 9.999989998935630009e-01 9.999990000934315670e-01 9.999990000140305257e-01 9.999989999991638623e-01 9.999989999995400058e-01
9.399179362504219171e+03 1.083872659324040317e-04 1.300242033133602175e-05 7.967795394394958097e-02 9.998655521148624992e-01 9.999989998812155445e-01 9.999990000078724517e-01 9.999990001885271651e-01 9.999990001235800063e-01 9.999990001481178226e-01 9.999990001234942971e-01 9.999989999130723950e-01 9.999990002891948615e-01 9.999990000273432100e-01 9.999989867914214070e-01 9.999989690434947232e-01
9.449179362504219171e+03 9.863946829753185820e-05 1.302572836493800899e-05 8.632927284481112240e-02 9.998744052570283092e-01 9.999989999433381849e-01 9.999990000602672069e-01 9.999990001638102699e-01 9.999990000543796942e-01 9.999989999823202247e-01 9.999989999740674929e-01 9.999990001467570222e-01 9.999990003985510523e-01 9.999990000266560930e-01 9.999990000061348416e-01 9.999989999879825842e-01
9.499179362504219171e+03 1.828593252440039937e-02 2.150610729120308573e-04 1.244921835908363861e-01 9.999989624159310031e-01 9.999989999621563541e-01 9.999989927897915409e-01 9.999989934896840182e-01 9.999989997441492973e-01 9.999990001630125747e-01 9.999989980464728534e-01 9.999990008296758548e-01 9.999989979471572976e-01 9.999990000105382082e-01 9.999989988851326617e-01 9.999989975235501483e-01
9.549179362504219171e+03 7.085190217293939607e-01 8.899662226400077980e-01 9.988801372941178425e-01 9.999964423274194658e-01 9.999985582875381418e-01 9.999951711706773771e-01 9.999926770035748591e-01 9.999990002365719555e-01 9.999990001372658366e-01 9.999986644270613123e-01 9.999972110437272965e-01 9.999552402523709249e-01 9.999945940831267421e-01 9.999836982250615014e-01 9.999900437017020804e-01
9.599179362504219171e+03 1.400959267129859576e-01 5.743126824977726891e-02 4.616658950194568178e-01 9.999987358298867424e-01 9.999988171705898043e-01 9.999989999097025350e-01 9.999989998524003720e-01 9.999990003627172719e-01 9.999989935930898577e-01 9.999989751631014334e-01 9.999989889997447090e-01 9.999887448443328664e-01 9.999990000144771685e-01 9.999989986589263857e-01 9.999989991280093804e-01
9.649179362504219171e+03 4.727743813067696727e-02 6.151407577906523039e-02 1.921140793746064779e-01 9.999989977113333817e-01 9.999988445576002416e-01 9.999989990836388731e-01 9.999989995698755907e-01 9.999989788539541680e-01 9.999990007564845129e-01 9.999990002514332899e-01 9.999981588459831983e-01 9.999912777661669194e-01 9.999988364290826048e-01 9.999985874392721685e-01 9.999980890220850904e-01
9.699179362504219171e+03 2.764520842127361246e-03 6.156643508201991612e-03 2.147849149799908042e-01 9.999989995020664990e-01 9.999988611758999779e-01 9.999990001036830334e-01 9.999990000736986850e-01 9.999988073282513046e-01 9.999988294491642948e-01 9.999985754224207657e-01 9.999982547418092560e-01 9.999968054431384035e-01 9.999980891827874308e-01 9.999989906125678063e-01 9.999989841793003320e-01
9.749179362504219171e+03 1.849241821095775739e-04 2.275688600632834371e-03 2.116634994709471751e-01 9.999989998546866543e-01 9.999989339823930345e-01 9.999990007281198690e-01 9.999989962465695159e-01 9.999990002515202203e-01 9.999990000000996693e-01 9.999990003260087468e-01 9.999989999778406968e-01 9.999989999795423357e-01 9.999989997966668431e-01 9.999989997357778826e-01 9.999989996589513375e-01
9.799179362504219171e+03 5.064951702763958313e-02 7.159499551721062657e-03 9.316370381180644200e-01 9.999985976051746217e-01 9.999989579713131072e-01 9.999989583887820555e-01 9.999989707537161321e-01 9.999989690923954955e-01 9.999989853995263633e-01 9.999989874299701764e-01 9.999989871900455407e-01 9.999989834630795826e-01 9.999989863471080431e-01 9.999989839509877410e-01 9.999989816464326386e-01
9.849179362504219171e+03 7.717224069771193122e-03 1.839352468560161852e-02 4.490459111214225585e-01 9.999989806794673530e-01 9.999989996981151208e-01 9.999989996945796156e-01 9.999989995337070781e-01 9.999990001562159003e-01 9.999989999462410850e-01 9.999989999710405808e-01 9.999989999772778138e-01 9.999989999758994719e-01 9.999989999364810034e-01 9.999989999147723685e-01 9.999989999002297791e-01
9.899179362504219171e+03 3.337341958406521859e-03 1.576020278777148786e-02 2.852834682166883740e-01 9.999989928565315989e-01 9.999989998559770665e-01 9.999989995647691199e-01 9.999989980425747493e-01 9.999989988679743869e-01 9.999989991255184840e-01 9.999989993537101718e-01 9.999989994268883020e-01 9.999989994224925960e-01 9.999989824373503033e-01 9.999989543556938587e-01 9.999987379640917773e-01
9.949179362504219171e+03 2.704919436762655630e-03 9.281348368463707491e-03 2.679131764693249984e-01 9.999989993670416188e-01 9.999989999357580261e-01 9.999989998848910489e-01 9.999989987071004061e-01 9.999990000881792129e-01 9.999989983079095035e-01 9.999989924280853204e-01 9.999988772753087840e-01 9.999982409856027488e-01 9.999969909105201893e-01 9.999969394146626112e-01 9.999966086070825044e-01
9.999179362504219171e+03 8.678477140152656821e-04 2.814601189742186715e-03 2.825692339899281702e-01 9.999985996143337941e-01 9.999989996718291474e-01 9.999989977522180107e-01 9.999988470726584033e-01 9.999989657381802566e-01 9.999966653788834314e-01 9.999955761627199458e-01 9.999961544617270714e-01 9.999964577396733834e-01 9.999967861655505441e-01 9.999969290531796062e-01 9.999969428702926155e-01
1.004917936250421917e+04 4.076160471629875133e-04 3.672286555970841226e-05 3.276527982260312721e-01 9.999989917191378641e-01 9.999990000015510638e-01 9.999989996699507611e-01 9.999989994338415178e-01 9.999989989871868046e-01 9.999989984937032172e-01 9.999989988857276302e-01 9.999989990541737761e-01 9.999989990736253276e-01 9.999989986468040826e-01 9.999989986035476841e-01 9.999989985139797755e-01
1.009917936250421917e+04 2.769441012634843565e-04 1.560591366351385514e-05 3.504660306399449143e-01 9.999989981098993397e-01 9.999989999875028568e-01 9.999989999917789918e-01 9.999989994411226935e-01 9.999987227752923369e-01 9.999989951800171140e-01 9.999989971934644117e-01 9.999989978113077438e-01 9.999989978443070138e-01 9.999989986725513758e-01 9.999989993199853711e-01 9.999989996219458277e-01
1.014917936250421917e+04 2.049025463177840862e-04 1.350571664867260045e-05 3.450586705203859128e-01 9.999989977381011919e-01 9.999989998369751554e-01 9.999989998738931796e-01 9.999989989779975996e-01 9.999990004680200384e-01 9.999989997815629250e-01 9.999989998073671726e-01 9.999989998662588420e-01 9.999989998886438247e-01 9.999989999963790899e-01 9.999990001780261206e-01 9.999990001962523190e-01
1.019917936250421917e+04 1.674591729075449820e-04 1.219068763398248828e-05 3.292629317519841781e-01 9.999989985625290512e-01 9.999989996076387166e-01 9.999989996973884798e-01 9.999989987504390720e-01 9.999990004115506537e-01 9.999989998231165744e-01 9.999989998580290917e-01 9.999989998997902418e-01 9.999989999108075400e-01 9.999989998122036372e-01 9.999990000757319475e-01 9.999990001330762990e-01
1.024917936250421917e+04 5.312576060810598371e-04 1.351866869541701666e-05 5.194993430083841846e-01 9.999989987720151463e-01 9.999989980952196378e-01 9.999989985181575447e-01 9.999990019452968948e-01 9.999990000697065451e-01 9.999989998584503104e-01 9.999989998357144971e-01 9.999989998028726568e-01 9.999989998276963554e-01 9.999989993343638695e-01 9.999989992523973248e-01 9.999989993101627839e-01
1.029917936250421917e+04 4.229539695260381752e-04 6.833354224083653143e-04 9.146914099744264393e-01 9.999989942034723800e-01 9.999990001727329103e-01 9.999989999992365819e-01 9.999989955382054818e-01 9.999989959035542331e-01 9.999989871630967642e-01 9.999989848559295291e-01 9.999989854510581422e-01 9.999989868627939815e-01 9.999989869226216799e-01 9.999989870466047259e-01 9.999989858577044144e-01
1.034917936250421917e+04 4.243743224593108125e-04 8.262008057401950753e-04 9.999890993538018691e-01 9.999989884107531868e-01 9.999989646336826521e-01 9.999989704542397995e-01 9.999990003035529318e-01 9.999989993052713633e-01 9.999989990288410402e-01 9.999989990801014805e-01 9.999989992647134729e-01 9.999989994108985369e-01 9.999989993036654257e-01 9.999989991839332015e-01 9.999989990748973101e-01
1.039917936250421917e+04 6.909474145019703145e-04 2.368401897437347539e-03 9.999987194950885616e-01 9.999981049198753968e-01 9.999981759566253237e-01 9.999987186853012133e-01 9.999988866833053880e-01 9.999989024563104012e-01 9.999989135993477829e-01 9.999989221051397426e-01 9.999989302016710768e-01 9.999989358042041809e-01 9.999989413218686174e-01 9.999989497551879936e-01 9.999989470580358253e-01
1.044917936250421917e+04 6.790241033336263466e-04 2.243037722052152686e-03 9.999987450477610951e-01 9.999983750612397859e-01 9.999983842200065309e-01 9.999987913243142401e-01 9.999988868827831556e-01 9.999988793554760447e-01 9.999988746537697981e-01 9.999988734824043490e-01 9.999988752936492808e-01 9.999988737689989859e-01 9.999988823097473167e-01 9.999989168362933833e-01 9.999989188819810026e-01
1.049917936250421917e+04 6.484674556859294304e-04 1.954663531824058897e-03 9.999988422315821968e-01 9.999984657617165817e-01 9.999984623142516016e-01 9.999988373926711471e-01 9.999988860871624752e-01 9.999988961364691953e-01 9.999989053661123561e-01 9.999989148066684708e-01 9.999989220506554366e-01 9.999989225216175948e-01 9.999989248115760399e-01 9.999989332730370162e-01 9.999989328391748478e-01
1.054917936250421917e+04 6.220664202792715661e-04 1.792414607024914045e-03 9.999988955247286482e-01 9.999988430457007471e-01 9.999988419628776937e-01 9.999989538461914185e-01 9.999989699303525326e-01 9.999989688457934234e-01 9.999989677267914212e-01 9.999989682483910736e-01 9.999989688591666148e-01 9.999989678236106405e-01 9.999989666328115145e-01 9.999989654530314631e-01 9.999989628364157612e-01
1.059917936250421917e+04 5.930531443497040261e-04 1.651869246863907391e-03 9.999988904029074588e-01 9.999984540444160075e-01 9.999984664399279577e-01 9.999988676511061270e-01 9.999989558617446983e-01 9.999989575609844472e-01 9.999989506621473900e-01 9.999989516888913021e-01 9.999989516514090626e-01 9.999989487172474822e-01 9.999989472243387967e-01 9.999989452138466905e-01 9.999989417927094282e-01
1.064917936250421917e+04 6.003401745538573591e-04 1.659356244928167660e-03 9.999989020289342667e-01 9.999988730477847865e-01 9.999988715683225671e-01 9.999989649875326014e-01 9.999989879977414509e-01 9.999989880345773186e-01 9.999989826478761223e-01 9.999989818700345534e-01 9.999989803532240984e-01 9.999989785612792836e-01 9.999989860439584266e-01 9.999989868663958781e-01 9.999989832571207771e-01
1.069917936250421917e+04 5.711341911738367950e-04 1.870270587977104987e-03 9.999984071987145784e-01 9.999989717639906628e-01 9.999989722610111986e-01 9.999989978644541200e-01 9.999989965826450167e-01 9.999989972839273822e-01 9.999989979149848107e-01 9.999989981511421266e-01 9.999989980809628198e-01 9.999989977672262276e-01 9.999989973562890544e-01 9.999989963263704595e-01 9.999989956970587457e-01
1.074917936250421917e+04 4.538390888236971390e-04 1.508794254332550830e-03 9.999989679818168664e-01 9.999989553246747542e-01 9.999989594321780917e-01 9.999989856395345988e-01 9.999989623694688357e-01 9.999989624981679981e-01 9.999989632798865768e-01 9.999989631833888781e-01 9.999989631608325880e-01 9.999989637082441485e-01 9.999989623373474190e-01 9.999989603808588923e-01 9.999989583367816515e-01
1.079917936250421917e+04 3.064490522362576163e-04 1.501196373776160194e-03 9.999977648159341648e-01 9.999989959373174475e-01 9.999989956952424208e-01 9.999989977048250323e-01 9.999989992703368635e-01 9.999989997820455390e-01 9.999990000715328620e-01 9.999990001095385717e-01 9.999990001058943756e-01 9.999990000285635672e-01 9.999989999879235203e-01 9.999989997797490426e-01 9.999989996407371295e-01
1.084917936250421917e+04 3.329555204734118323e-04 1.498584877928305428e-03 9.999977539771025548e-01 9.999987737907266583e-01 9.999987681483620827e-01 9.999988977373516219e-01 9.999989716485294666e-01 9.999989734811718378e-01 9.999989717836494929e-01 9.999989732963606714e-01 9.999989733995318097e-01 9.999989697923170606e-01 9.999989718862767329e-01 9.999989753413252025e-01 9.999989762570381524e-01
1.089917936250421917e+04 4.155611248233159099e-04 1.440347510299156255e-03 9.999972087423144584e-01 9.999989266976350155e-01 9.999977673500386466e-01 9.999953371845397010e-01 9.999977678738170006e-01 9.999977580274993505e-01 9.999977725735987866e-01 9.999977856686309563e-01 9.999977904686621066e-01 9.999978018226831633e-01 9.999977998250205724e-01 9.999977813991246522e-01 9.999974291535258519e-01
1.094917936250421917e+04 1.205439306298240586e-04 1.006594783444674131e-03 9.999979764768418544e-01 9.999989992591044041e-01 9.999979191162271519e-01 9.999976403063178809e-01 9.999985711184922188e-01 9.999985294924533807e-01 9.999985291784376784e-01 9.999985159907315291e-01 9.999984869024912681e-01 9.999984348919389587e-01 9.999984198027581650e-01 9.999983962948069127e-01 9.999981878616990283e-01
1.099917936250421917e+04 1.200163398099832228e-04 1.042716447774213713e-03 9.999976411763615847e-01 9.999989995574921631e-01 9.999982288681928955e-01 9.999977279223063453e-01 9.999986313091179246e-01 9.999985502654028524e-01 9.999985168355162157e-01 9.999984671702412120e-01 9.999984144814909603e-01 9.999983366712844601e-01 9.999983313780622662e-01 9.999983539996133430e-01 9.999981666625353816e-01
1.104917936250421917e+04 1.439426706013169745e-04 1.095652551416256316e-03 9.999971201104688179e-01 9.999989998016447501e-01 9.999984655557726532e-01 9.999983107875326516e-01 9.999987409148012318e-01 9.999986628870977112e-01 9.999986535322163972e-01 9.999986230297228662e-01 9.999985718343089580e-01 9.999984446277150330e-01 9.999984140720455938e-01 9.999983906168050662e-01 9.999981677130107549e-01
1.109917936250421917e+04 6.622634541679885481e-05 9.438021112629218232e-04 9.999980881629854101e-01 9.999989996495652900e-01 9.999972994245114322e-01 9.999976793147751231e-01 9.999980298431914161e-01 9.999980169013882314e-01 9.999980719760324099e-01 9.999981011256631191e-01 9.999981002548098408e-01 9.999977914746278618e-01 9.999977604448000434e-01 9.999977357601944616e-01 9.999973457298053647e-01
1.114917936250421917e+04 1.648518187411678396e-02 3.220704254103257114e-02 9.999880098435128817e-01 9.999968947169540767e-01 9.999966993280846594e-01 9.999944704486156688e-01 9.999964480586697180e-01 9.999962347638396976e-01 9.999963435410413881e-01 9.999964708955555448e-01 9.999965754020313513e-01 9.999965203468619279e-01 9.999965984939339636e-01 9.999966905337820400e-01 9.999956210912473997e-01
1.119917936250421917e+04 3.184758964532033443e-02 2.516811107029049560e-02 9.999968802122550793e-01 9.999976888401325148e-01 9.999976123527167804e-01 9.999963374193439059e-01 9.999963094182340306e-01 9.999963237613801459e-01 9.999962574154299677e-01 9.999961459227737492e-01 9.999959928786770202e-01 9.999959684263050042e-01 9.999959511725367012e-01 9.999959016524510025e-01 9.999933694559719477e-01
1.124917936250421917e+04 2.344139551358317627e-02 4.512891880987016102e-02 9.999978460671721248e-01 9.999978419719890432e-01 9.999934191979795717e-01 9.999946839750794014e-01 9.999957681925976116e-01 9.999970841575616110e-01 9.999975259507343228e-01 9.999977262528586541e-01 9.999977490579594619e-01 9.999977464221789791e-01 9.999977457865740771e-01 9.999977311872456642e-01 9.999972944095777416e-01
1.129917936250421917e+04 1.253293417047892690e-02 5.945595055150527751e-05 9.999989573637807494e-01 9.999920047447341531e-01 9.999924331973847336e-01 9.999970304111012176e-01 9.999984512470354581e-01 9.999983742211785431e-01 9.999981187841544550e-01 9.999981362359565695e-01 9.999981435164383425e-01 9.999981408419695850e-01 9.999981571139590075e-01 9.999981821676748872e-01 9.999978191745282352e-01
1.134917936250421917e+04 9.523597580242139024e-03 3.089869792508333885e-04 9.999989901684497307e-01 9.999929166714757178e-01 9.999934640236091132e-01 9.999970937495529233e-01 9.999980152490665075e-01 9.999977221087937851e-01 9.999976160273505998e-01 9.999975812158682364e-01 9.999974996239311409e-01 9.999974373692616103e-01 9.999974168643006589e-01 9.999974101017445882e-01 9.999966240604607481e-01
1.139917936250421917e+04 1.086241094877988221e-03 2.255869318066135686e-03 9.999989815061876008e-01 9.999938551997969993e-01 9.999933763059061231e-01 9.999960001479540894e-01 9.999948596167770321e-01 9.999948184676297203e-01 9.999957965336975230e-01 9.999965409069173639e-01 9.999968619648057500e-01 9.999970109368009341e-01 9.999969894517438673e-01 9.999962086381399828e-01 9.999808902751060602e-01
1.144917936250421917e+04 2.619821595957262151e-05 4.318447601094974747e-02 9.999986210528951647e-01 9.999986310352092511e-01 9.999977910827286820e-01 9.999967890665310000e-01 9.999605796245917277e-01 9.999945226683235600e-01 9.999946819961762490e-01 9.999948105806908405e-01 9.999937275831090044e-01 9.999889125814849233e-01 9.999847856786810985e-01 9.999859582970784810e-01 9.999824193110966597e-01
1.149917936250421917e+04 1.077988901579962156e-03 3.532668502693363244e-02 9.999976413924603902e-01 9.999975335607986793e-01 9.999976264170306051e-01 9.999981012551848458e-01 9.999966504078461327e-01 9.999965630655867077e-01 9.999960745851071975e-01 9.999960855346080590e-01 9.999960380990673414e-01 9.999950359894176355e-01 9.999907269869200421e-01 9.999904577530301930e-01 9.999893227321038358e-01
1.154946256562916824e+04 9.665516689406766782e-03 2.084947340783152234e-02 9.999977800332833233e-01 9.999977692979616917e-01 9.999977074795638465e-01 9.999972619173028709e-01 9.999636925595878356e-01 9.999948276717032236e-01 9.999959811297448598e-01 9.999966714697181569e-01 9.999970646419469311e-01 9.999973685843099869e-01 9.999974990342740400e-01 9.999975453999282449e-01 9.999973762269693811e-01
1.159946256562916824e+04 2.869443393912825269e-03 3.219041562682700003e-02 9.999975335959275791e-01 9.999942921434439302e-01 9.999977204235860340e-01 9.999972842402241602e-01 9.999791628449797853e-01 9.999943827807749042e-01 9.999954076446280204e-01 9.999962264680036794e-01 9.999965835316063645e-01 9.999968489398483040e-01 9.999968327737039919e-01 9.999969026903311464e-01 9.999966672694639014e-01
1.164946256562916824e+04 1.008206593293756994e-03 3.320329897026946808e-02 9.990969575595445296e-01 9.999990002810581480e-01 9.999989997950025078e-01 9.999983544546634517e-01 9.999978955910664435e-01 9.999976814175949302e-01 9.999977697009906352e-01 9.999976770965764983e-01 9.999977198870646511e-01 9.999976609672874828e-01 9.999976797004294093e-01 9.999977265719018904e-01 9.999975801152257704e-01
1.169946256562916824e+04 7.934167845998095145e-04 4.830356453197689331e-02 9.988111183104653179e-01 9.999793092131495920e-01 9.999817813293522262e-01 9.999958398934830628e-01 9.999966204238123213e-01 9.999953828106750153e-01 9.999960520052434410e-01 9.999961132479087134e-01 9.999960929970193035e-01 9.999956558015080654e-01 9.999961080486716725e-01 9.999963275391533513e-01 9.999960725631740210e-01
1.174946256562916824e+04 2.113118554109694311e-04 7.115530304965132780e-02 9.993606282938229946e-01 9.987129719968260710e-01 9.999989895379636229e-01 9.999979746370116773e-01 9.999950101025242288e-01 9.999950282817402503e-01 9.999960114739733230e-01 9.999961986341862064e-01 9.999962959681999441e-01 9.999942608157290636e-01 9.999950624232399887e-01 9.999955518044387759e-01 9.999953510324901540e-01
1.179946256562916824e+04 1.644054239637320449e-03 1.073701749375842174e-01 9.805755976762503545e-01 9.965623620587508169e-01 9.999930031870358782e-01 9.999948439743330253e-01 9.999861525647666394e-01 9.999935849016409195e-01 9.999952474059933261e-01 9.999955635355810557e-01 9.999955510502077649e-01 9.999932106950750743e-01 9.999940467737008509e-01 9.999941501946145728e-01 9.999928164464823022e-01
1.184946256562916824e+04 3.520283309627547587e-04 7.403488313455468262e-02 9.929579536105639370e-01 9.999958886013569082e-01 9.999903521069141155e-01 9.999957502493383998e-01 9.999806801892482389e-01 9.999879933520710029e-01 9.999849850545640129e-01 9.999703389852729885e-01 9.999722745627793730e-01 9.999734754994552555e-01 9.999732556582380250e-01 9.999689321554318111e-01 9.999620941664439933e-01
1.189946256562916824e+04 1.265722645984832407e-04 7.990542079452706004e-02 9.395715366811868696e-01 9.999126959118034286e-01 9.999295030650966476e-01 9.999862911206831573e-01 9.994903142138462648e-01 9.999697413849146788e-01 9.999631394252712635e-01 9.999528093612090052e-01 9.999523018300540134e-01 9.999485744519545083e-01 9.999592393598170093e-01 9.999433227186301787e-01 9.999350441527610212e-01
