TIME void_Ch2_mesh1 void_Ch2_mesh2 void_Ch2_mesh3 void_Ch2_mesh4 void_Ch2_mesh5 void_Ch2_mesh6 void_Ch2_mesh7 void_Ch2_mesh8 void_Ch2_mesh9 void_Ch2_mesh10 void_Ch2_mesh11 void_Ch2_mesh12 void_Ch2_mesh13 void_Ch2_mesh14 void_Ch2_mesh15 
0.000000000000000000e+00 1.020921949086271893e-05 1.020939377641868024e-05 1.020860447795980608e-05 1.020680490894228335e-05 1.020472361723618022e-05 1.020291889763380385e-05 1.020114124644126134e-05 1.019935987707151939e-05 1.019728027425611904e-05 1.019543163247937683e-05 1.019352487103157994e-05 1.019148824591515492e-05 1.018901234701307923e-05 1.018788202636649774e-05 1.018811671678756275e-05
5.000040000000043960e+01 3.003044204351769664e-01 2.413090532621434969e-01 2.752953810976143667e-01 3.176044458095677037e-01 3.479672910009931064e-01 3.783172793683448054e-01 4.067999413202104675e-01 4.343321503754587476e-01 4.493697549113963574e-01 4.690276337558604847e-01 4.895075886277787669e-01 5.113174026401342553e-01 5.273354583653561134e-01 4.936505795798125651e-01 4.999087190533368918e-01
1.000003999999985922e+02 2.684097592953864631e-01 9.822527798207084104e-02 3.032049209069316853e-01 3.958697310765721400e-01 5.236688963948856745e-01 6.021750321323543487e-01 7.107569599511691649e-01 7.922811332061071576e-01 8.597478419422587281e-01 9.069087033087770422e-01 9.185475267652649656e-01 8.995468758597590098e-01 8.853268527295111712e-01 7.547652774061639480e-01 9.467537125431424450e-01
1.502405034099261059e+02 4.897971171482808361e-01 2.498647000661146367e-01 3.846182407153013738e-01 4.871307254181745372e-01 5.365383942746635437e-01 5.642614067780825637e-01 5.931269780039412076e-01 6.248577801601771231e-01 6.641652813006475586e-01 7.084287958379096306e-01 7.641694694795737597e-01 7.682207203535550422e-01 7.664655060469127701e-01 8.359825797719511176e-01 9.999923706071998097e-01
2.004200391960640388e+02 6.036619612049645145e-01 3.052919912816524084e-01 9.787372571071145666e-01 9.998112782098845797e-01 9.999414400999727670e-01 9.999700087383159852e-01 9.999806164320425017e-01 9.999854058190653650e-01 9.999880673133175746e-01 9.999896375604965248e-01 9.999908792442252503e-01 9.999918663989879608e-01 9.999927193222171162e-01 9.999933872878264962e-01 9.999917116892862445e-01
2.553043625042201370e+02 1.322551787691052250e-01 8.126957277627486209e-02 2.226015169713034536e-01 2.903674488131390286e-01 2.774566208033573678e-01 2.963419093485470945e-01 4.254575193901464769e-01 5.883416523428085521e-01 7.351726259302130417e-01 7.770152595633885717e-01 7.723177355498587193e-01 7.660396231042555515e-01 7.372866113721049386e-01 7.211393970239833306e-01 9.999988675302655672e-01
3.053043625042201370e+02 2.665023596596527780e-02 7.838173508076837909e-03 1.117295425711533896e-01 2.742833311464167312e-01 3.774611873512009330e-01 4.601787760750339906e-01 5.239685721090086012e-01 5.750053649886840423e-01 6.076825961198989434e-01 6.349705341683351545e-01 6.830024243666305006e-01 6.729369177800307300e-01 7.818419888605954160e-01 5.933713825725059898e-01 7.979218392693758766e-01
3.553043625042201370e+02 1.652365740248880246e-03 6.839285247800683471e-04 1.194312795443390138e-04 1.195546030918426261e-01 2.654113732773893952e-01 3.706009607633860559e-01 4.545298350432998014e-01 5.167515938168210088e-01 5.575482488377184742e-01 5.950360481384193712e-01 6.440654256214535245e-01 6.470880322060768020e-01 7.435989154064277518e-01 5.826508944667045942e-01 7.619467113901755573e-01
4.053043625042201370e+02 1.538947417846906797e-04 1.507450802944354420e-04 1.243034542914762319e-05 1.100418054396797296e-01 2.294709888813730170e-01 3.298540652783208960e-01 4.092366947655305953e-01 4.706510259683147623e-01 5.130897559729749036e-01 5.503705549604039904e-01 6.065323665105077922e-01 6.020303332876965063e-01 7.229691520485037604e-01 5.346264151997069947e-01 7.510366461178562547e-01
4.553043625042201370e+02 1.539480138480372161e-04 1.317782063574580152e-04 2.009888861917003114e-05 5.479190050557888880e-02 2.167038111665774980e-01 3.327867142341442985e-01 4.243586627099228958e-01 4.909618814139589116e-01 5.357840261877009347e-01 5.743425474260243080e-01 6.284709273626413184e-01 6.267378110949314296e-01 7.366304359434421301e-01 5.617885899714604170e-01 7.557798680903879962e-01
5.053043625042201370e+02 1.103698363808144190e-04 1.031668083967323481e-04 1.790929373637019568e-05 5.263752063539747783e-02 2.125722983225164786e-01 3.285260391524787993e-01 4.198579750890165108e-01 4.866162270885775465e-01 5.314376158418274709e-01 5.703259527831119335e-01 6.241590027218525405e-01 6.231890288923003229e-01 7.323050767615203460e-01 5.579970177254104380e-01 7.526245864843544853e-01
5.553043625042200802e+02 7.036259119964768320e-05 7.152034598351759889e-05 1.515079635279008286e-05 5.303900915859090931e-02 2.118629734149778676e-01 3.272288501890517343e-01 4.182237474097714180e-01 4.847944620385484793e-01 5.295134288243649179e-01 5.684032065524682320e-01 6.220391595156646858e-01 6.213662160082801256e-01 7.300187172702139460e-01 5.560043313423248534e-01 7.510915032828234805e-01
6.053043625042200802e+02 4.358104011269202572e-05 4.611533119796328906e-05 1.301026468923139320e-05 5.169743652219688235e-02 2.100307009497034971e-01 3.254998768015994193e-01 4.164606187089687772e-01 4.830873336779259453e-01 5.278505564700194386e-01 5.667827002285882321e-01 6.203423277287971604e-01 6.198025873574022349e-01 7.284064314847236155e-01 5.541053049225648230e-01 7.505597806453452314e-01
6.553043625042200802e+02 2.824466026350804816e-05 3.006473066292060110e-05 1.165789857298152581e-05 5.217293824415132619e-02 2.098676106189164559e-01 3.250095366139633124e-01 4.157830267445873362e-01 4.822789329131331737e-01 5.269999053947473922e-01 5.658863084960064072e-01 6.193075180300519067e-01 6.188714627688051140e-01 7.273052220599089956e-01 5.528502725097139692e-01 7.505508816690564800e-01
7.096793625042200802e+02 1.971325840710123420e-05 2.065778680194278039e-05 1.086691163026683585e-05 5.528540983389262919e-02 2.121110149399386968e-01 3.262182002060572406e-01 4.165055471345826543e-01 4.825508124844619662e-01 5.270787837819210786e-01 5.657255015458176883e-01 6.189729930868292929e-01 6.184216522452961051e-01 7.268225980796982899e-01 5.519404578885610535e-01 7.512272658075171972e-01
7.596793625042200802e+02 1.632925055462058851e-05 1.684226515891511461e-05 1.052698953372145799e-05 8.691589566986560045e-02 2.413595043378440330e-01 3.496913400944842709e-01 4.369218259461080667e-01 4.998762566586115730e-01 5.426941781840358692e-01 5.790396637055328366e-01 6.322465196618636263e-01 6.284484776677740081e-01 7.390245122981758952e-01 5.609442120257943643e-01 7.622360365953000372e-01
8.096793625042200802e+02 7.382138298711285636e-04 3.264825501444429227e-04 3.641753093699582559e-05 9.086061390281821581e-02 2.450726470180443761e-01 3.546318318641061840e-01 4.418632109782611450e-01 5.049516923933825563e-01 5.477833659956613532e-01 5.838835831559873180e-01 6.368313440077604248e-01 6.328930940322882170e-01 7.430245750719294273e-01 5.643915766747115148e-01 7.678095360995569330e-01
8.596793625042200802e+02 7.532473857388972786e-03 1.509595069201404667e-03 1.319225228848664561e-04 1.520472635628055957e-01 2.921627370885542807e-01 3.896918452176532655e-01 4.694652669933205846e-01 5.270261425865198079e-01 5.665978544464636002e-01 5.985688686500756361e-01 6.519400495516396443e-01 6.416654278035208714e-01 7.579537218737799620e-01 5.701544845918271598e-01 7.826553903949272639e-01
9.096793625042200802e+02 6.595568864259596618e-03 1.367690648225608355e-03 1.177720260954286439e-04 1.588700667246897291e-01 2.968079137887937313e-01 3.931079665947205259e-01 4.719494302968624266e-01 5.289423869321577820e-01 5.682007891007755385e-01 5.997732241907650641e-01 6.530079379293800557e-01 6.422268340774047735e-01 7.590127567921390872e-01 5.698562511956624110e-01 7.858333137431474658e-01
9.596793625042200802e+02 1.971472015481392798e-03 5.897527602581911733e-04 5.004903358053487249e-05 1.568578602071528938e-01 2.952554112781565765e-01 3.915897620504928400e-01 4.707280847945949920e-01 5.277310392340339718e-01 5.672244160682360370e-01 5.987922423394750338e-01 6.520788919697682040e-01 6.412251241104869326e-01 7.583951607049903565e-01 5.684355018128225412e-01 7.871627201945385899e-01
1.009679362504220080e+03 6.162757764527172300e-04 3.227815257965034623e-04 3.102136687256136272e-05 1.508061643993210688e-01 2.907563477085773340e-01 3.878811033834359545e-01 4.678117553043802945e-01 5.251598758985197568e-01 5.650844343985089724e-01 5.969231573170359351e-01 6.501998557399145673e-01 6.397573251265772365e-01 7.567505955502212833e-01 5.669044114016964508e-01 7.872095252432567136e-01
1.059679362504220080e+03 3.258549942989674751e-04 2.261933005125180216e-04 2.417522292993442543e-05 1.504928488658559271e-01 2.907635355970374369e-01 3.879169032860568245e-01 4.679621493842049396e-01 5.252488390056702094e-01 5.653065192175774634e-01 5.969891128073090414e-01 6.504189995940455882e-01 6.395815376124612817e-01 7.572520268868793147e-01 5.663175494037334667e-01 7.890940147929459414e-01
1.109679362504220080e+03 1.877455447061655207e-04 1.574568639856294779e-04 1.953958742773932879e-05 1.491785749699949259e-01 2.900414044622632304e-01 3.874657512764484446e-01 4.677386121582794432e-01 5.250747812030633899e-01 5.652922100707256092e-01 5.969454786834382798e-01 6.504284346755343504e-01 6.394787714620843166e-01 7.573941796476683086e-01 5.660090227651015660e-01 7.904627572310471972e-01
1.159679362504220080e+03 1.256966427069212771e-04 1.168893293836122756e-04 1.684231770650064321e-05 1.513204031936009331e-01 2.923252018156758947e-01 3.897832211077452702e-01 4.699236653789026774e-01 5.271168120792719680e-01 5.673072783217768533e-01 5.987098562008050795e-01 6.522730355346417763e-01 6.408391736237166736e-01 7.592179439494873838e-01 5.671493837137889793e-01 7.930580363309456260e-01
1.209679362504220080e+03 4.055033852960807225e-04 2.476700102357420148e-04 2.494073667107344163e-05 1.545375211947004335e-01 2.949420357088765043e-01 3.920040237878374412e-01 4.717936157925071705e-01 5.287197277546827889e-01 5.688244230297959669e-01 5.999342163007952422e-01 6.535683624964554461e-01 6.416034131567753818e-01 7.605928663185108629e-01 5.674713648899741836e-01 7.956838009465307948e-01
1.259679362504220080e+03 4.147345876189121780e-04 2.534847402070629081e-04 2.514713492391693680e-05 1.581837781290480194e-01 2.977829831090018087e-01 3.942676517507514022e-01 4.736527922211824504e-01 5.302492939377593251e-01 5.702391990557297285e-01 6.010421648723992538e-01 6.547291335369873622e-01 6.422485675164165686e-01 7.617948936472214161e-01 5.677213145484419909e-01 7.980014968292632460e-01
1.309679362504220080e+03 3.642961292153342433e-04 2.355932626858024508e-04 2.386410646086575498e-05 1.598036668670054228e-01 2.991780761061134664e-01 3.954746006257311430e-01 4.746992420460741102e-01 5.311395598433509280e-01 5.711202276865758876e-01 6.017334871538754237e-01 6.554857370983879772e-01 6.426344767794071045e-01 7.626405059800008823e-01 5.678031113382000505e-01 7.999694835775577051e-01
1.359679362504220080e+03 3.124018831651384802e-04 2.142692701665413512e-04 2.238625278208864570e-05 1.602254864076582130e-01 2.997438393853055771e-01 3.960503537730615808e-01 4.752856915253707015e-01 5.316545141295184740e-01 5.717012431338902578e-01 6.021848953335824373e-01 6.560169964326424408e-01 6.428739820435700469e-01 7.632871874348210461e-01 5.678006110224266267e-01 8.017284710570026229e-01
1.409679362504220080e+03 2.772022771483353618e-04 1.978907004995222841e-04 2.082422856333344721e-05 1.617184479608141101e-01 3.012088335881940582e-01 3.974229008796424378e-01 4.764694050097187383e-01 5.326579017885325618e-01 5.726470155655081218e-01 6.029298920852048660e-01 6.567142649996018378e-01 6.433654990548866026e-01 7.638387538811644006e-01 5.681125061307069624e-01 8.031399285923180864e-01
1.459679362504220080e+03 2.895689530537419671e-04 1.981984690628932518e-04 6.780177941800128198e-04 1.703543959846485489e-01 3.073325900168868974e-01 4.034794803694436438e-01 4.811479160156617030e-01 5.372014324607223834e-01 5.766196090280735209e-01 6.065002657874637437e-01 6.604441906747762214e-01 6.458819666749806565e-01 7.677592652610414348e-01 5.700591130004299956e-01 8.077159913347690123e-01
1.509679362504220080e+03 2.965949849312041003e-04 1.475193836160369211e-04 1.923078722080888078e-03 1.742890931653203468e-01 3.102548995043692415e-01 4.063193516284817619e-01 4.833792062123088429e-01 5.393061598254116351e-01 5.784960847532901740e-01 6.081416194427413657e-01 6.621229831292558821e-01 6.469973560848487626e-01 7.694729663172598100e-01 5.708500095494933868e-01 8.103299209821340776e-01
1.559679362504220080e+03 3.103358501332265811e-04 3.838971262296942463e-05 6.287044086701950620e-03 1.847733314358551426e-01 3.182528008168685196e-01 4.139180221107158775e-01 4.894895399465108432e-01 5.450805820510479238e-01 5.836877540365237316e-01 6.125842107063141917e-01 6.670927846857830357e-01 6.498982800353233502e-01 7.749403760420924270e-01 5.728822863500913076e-01 8.164197948249173331e-01
1.609679362504220080e+03 3.446718869592784373e-04 3.013301746075755871e-05 1.137064546230996676e-02 1.939011905465248820e-01 3.251688750016965557e-01 4.207052057673083545e-01 4.948536758471900332e-01 5.502285605920547162e-01 5.881706131749442346e-01 6.166947673495942750e-01 6.709661453176585244e-01 6.531916968739041041e-01 7.782799981040111614e-01 5.759032080529802311e-01 8.199635970106246008e-01
1.659679362504220080e+03 3.865992355895527519e-04 3.103711708995064472e-05 1.309424217737755781e-02 1.966649164924030302e-01 3.271597834389394222e-01 4.226156584145603912e-01 4.963140639252746622e-01 5.515967363057462380e-01 5.893937153568881149e-01 6.177875745085965598e-01 6.719885461767132195e-01 6.539662435954921582e-01 7.792405388689011003e-01 5.764836170303183627e-01 8.219998413861330233e-01
1.709679362504220080e+03 3.668447544853800559e-04 2.863940085418290713e-05 1.547239048658174444e-02 2.008359262022314518e-01 3.304369199503576215e-01 4.258457982748640736e-01 4.989238544047285284e-01 5.541017190302623963e-01 5.916695764397517099e-01 6.197966185849086429e-01 6.741119448728833952e-01 6.553622446821389946e-01 7.814407886526069102e-01 5.776103900641940125e-01 8.250062359386119981e-01
1.759679362504220080e+03 3.238523890359171578e-04 2.581901063580189560e-05 1.705915728691350872e-02 2.038225520610775776e-01 3.330090875011758045e-01 4.284600584896758324e-01 5.011335814187171112e-01 5.562393970771850604e-01 5.936750220600817141e-01 6.215734628526615735e-01 6.760207275550056405e-01 6.566273762852431473e-01 7.834289772584936973e-01 5.786849406265675011e-01 8.277510760241877374e-01
1.809679362504220080e+03 2.923785791971472594e-04 2.387541368429084085e-05 1.821390556180842862e-02 2.060711923305369175e-01 3.350187329235179146e-01 4.305346847631247864e-01 5.029097270674521836e-01 5.579617408256096756e-01 5.953141211023623702e-01 6.230251230109626892e-01 6.775912660848915081e-01 6.576533472900502053e-01 7.850781026398530038e-01 5.795479849592533039e-01 8.302295566730452103e-01
1.859679362504220080e+03 2.685349670979995159e-04 2.236742701266173906e-05 1.957633336079622755e-02 2.087481174997020128e-01 3.374461150129968168e-01 4.330008509904481051e-01 5.050416964836493827e-01 5.600201731450210607e-01 5.972680250803718005e-01 6.247542583341907374e-01 6.794638692284995507e-01 6.588890215841077813e-01 7.870302608690418200e-01 5.806151939235603132e-01 8.328346893980358434e-01
1.909679362504220080e+03 2.355684123409589493e-04 1.999958986961229503e-05 1.915137874183991951e-02 2.097984186807641260e-01 3.384531376229248933e-01 4.339409097819206251e-01 5.058823317428877697e-01 5.607548133520732225e-01 5.981278820659953199e-01 6.251758286399188291e-01 6.805375796481990536e-01 6.585697464768458520e-01 7.889268110387223087e-01 5.796390344362232216e-01 8.360406681492751346e-01
1.959679362504220080e+03 1.990086578303950043e-04 2.028134779777831715e-05 1.196315742138270161e-02 1.984041514576195819e-01 3.313933889346789008e-01 4.280573145885187003e-01 5.019537997799085050e-01 5.572316009047321161e-01 5.954341888530023663e-01 6.231518071647491608e-01 6.781023577078726383e-01 6.578238737794684932e-01 7.859693809957515320e-01 5.799480897665655332e-01 8.336604280924733157e-01
2.009679362504220080e+03 1.690404479080878110e-04 1.982078659966488636e-05 9.509720185251631028e-03 1.952814003081337624e-01 3.301918066251693373e-01 4.273541714602963615e-01 5.019547936399103572e-01 5.573008095959997021e-01 5.958644738257334872e-01 6.235537699364056552e-01 6.786782858539800456e-01 6.582698909232272966e-01 7.866094391519649065e-01 5.805499634724665681e-01 8.348886201722450773e-01
2.059679362504220080e+03 1.421025136804611661e-04 1.590305363692604015e-05 1.272656150771482760e-02 2.047102595441065431e-01 3.368697982332050089e-01 4.330180674013792697e-01 5.061778384919933815e-01 5.609923003785828310e-01 5.991536811943785068e-01 6.257335200878688664e-01 6.819978144134837272e-01 6.585888145994740484e-01 7.912041326080110348e-01 5.793776176115261745e-01 8.406211378495747066e-01
2.109679362504220080e+03 1.190691234385084192e-04 1.166904619634753833e-05 4.420226795692137889e-02 2.449797382379328703e-01 3.674447923400388505e-01 4.576751256376634935e-01 5.260579391914874670e-01 5.778211266086608067e-01 6.139026364480389963e-01 6.377957360692483313e-01 6.939938118532045230e-01 6.677308208609951112e-01 8.006184608870399178e-01 5.885541368639768400e-01 8.463457640266902615e-01
2.159679362504220080e+03 8.019862735837948622e-05 7.306984243897501246e-05 1.659124035200075758e-05 4.046123234716768324e-02 1.997848320327346994e-01 3.277881982013904905e-01 4.254880848755397960e-01 4.961062204620060312e-01 5.437073328809133299e-01 5.846053055888774663e-01 6.352327128729006178e-01 6.381583328778117625e-01 7.398621014332589230e-01 5.743497680946332284e-01 7.926911453572542676e-01
2.209679362504220080e+03 4.941583143576069425e-05 3.573346375939949259e-05 2.291616442619111646e-05 1.687077024176244222e-01 2.970476396723103485e-01 3.889899045602176475e-01 4.660652437774674417e-01 5.195304626724167596e-01 5.605357377054640544e-01 5.897609456886635515e-01 6.410074963542572446e-01 6.321910604548707235e-01 7.439726912346135146e-01 5.576332877550480571e-01 7.986871932956679521e-01
2.259679362504220080e+03 1.852651586072506741e-04 1.540749136808310560e-04 7.601646977197160635e-05 4.673048209023612071e-05 2.435226913990473988e-03 5.520590294181344088e-02 1.977966134234325213e-01 3.180206489013990279e-01 4.046103394669025577e-01 4.741718863151057617e-01 5.308747366643484789e-01 5.702581666073295308e-01 6.392505975309515920e-01 5.405484356272890478e-01 6.990245370789461843e-01
2.309679362504220080e+03 6.574977605088113319e-05 6.352435544894918817e-05 5.903093418789543887e-05 2.575407040373074441e-01 3.827955467961375868e-01 4.884656405155820558e-01 5.517819541128139438e-01 6.080055727204329852e-01 6.390991831856311922e-01 6.654779564700107342e-01 7.234674182050523372e-01 6.867461053121339809e-01 8.492351517234075775e-01 5.763658554203913154e-01 9.543381941116599876e-01
2.359679362504220080e+03 2.694442673629829127e-04 3.503129222594375774e-05 3.314921619002681591e-02 2.541782588479468141e-01 3.634304169909301496e-01 4.701455131092542317e-01 5.403282455476634549e-01 5.942379270650619549e-01 6.428620707977216187e-01 6.559358656987962499e-01 7.323610955372160669e-01 6.773997860175756669e-01 8.530069845184232724e-01 5.840168568438357521e-01 9.207659326273335276e-01
2.409679362504220080e+03 2.366932193286560454e-04 1.627180897015910406e-05 6.054258777020621318e-02 2.671951878233674860e-01 3.754064592588639004e-01 4.756061041345592821e-01 5.339595659994902377e-01 5.928227184428203067e-01 6.237192264178099688e-01 6.490017367373598356e-01 7.097330589436686710e-01 6.685762260393948164e-01 8.291229592692487271e-01 5.804065658283106277e-01 8.919809924884584129e-01
2.459679362504220080e+03 2.063977054373209536e-04 1.029012418769604056e-04 5.953829445950433591e-03 2.020099633680590423e-01 3.386386827218021423e-01 4.348886374540514299e-01 5.069540733922590636e-01 5.606510009875141920e-01 5.953171326101277527e-01 6.267619212538136919e-01 6.733999241123621582e-01 6.656095640618976406e-01 7.681504653808399752e-01 5.981805198798244572e-01 8.159732232301104560e-01
2.509679362504220080e+03 2.796318291219543274e-04 3.161679128168137646e-05 2.695071108556000919e-02 2.347699980775762307e-01 3.645861286939341417e-01 4.686494769608455790e-01 5.354480621267484475e-01 5.936509341732756351e-01 6.287072992955935469e-01 6.543200622949743028e-01 7.132583758804013074e-01 6.803002427866032820e-01 8.252063308589626667e-01 5.987153880478750523e-01 8.801838452489350040e-01
2.559679362504220080e+03 1.404867986404902981e-04 1.154829276672222308e-04 1.437310763003179382e-05 1.551147102246776821e-01 3.109771380656612405e-01 4.150850718206675616e-01 4.981051168094954296e-01 5.547085546579982873e-01 5.977372756088062955e-01 6.255987896777860380e-01 6.827663747693326624e-01 6.616093863876386649e-01 7.914519187255003585e-01 5.874313660224723677e-01 8.461095017634761017e-01
2.609679362504220080e+03 8.530926587600043474e-05 8.694689801663630356e-05 1.011978698290654514e-05 2.060944593761885324e-01 3.430461802884688938e-01 4.445643152268302090e-01 5.138375211878797311e-01 5.687015847514046429e-01 6.045488355700108229e-01 6.320299613859782228e-01 6.813974968393486931e-01 6.669716045526847825e-01 7.802872288403540635e-01 5.937158036319636345e-01 8.289926254374653247e-01
2.659679362504220080e+03 1.049042300734178340e-04 1.310777426735023460e-05 7.023233954099167287e-02 2.641923711503653682e-01 3.744582068923233420e-01 4.696112837659568440e-01 5.352856989950000033e-01 5.895815534121937596e-01 6.240329620881249761e-01 6.537617056643774127e-01 7.070317220893459487e-01 6.857262534288260936e-01 8.247656605333754110e-01 5.913669236045565603e-01 9.861141317241866044e-01
2.709679362504220080e+03 9.588841303331605947e-05 7.637809204039889546e-05 1.175709832629212866e-05 1.860530293477584418e-01 3.380150820816543722e-01 4.371444382967440978e-01 5.156782220866854560e-01 5.692522958485429774e-01 6.089606620955384519e-01 6.355013767059363161e-01 6.847770499503483821e-01 6.716824772698639645e-01 7.834253736954466252e-01 5.918047467946563334e-01 8.385244079800322492e-01
2.759679362504220080e+03 7.067680118703223045e-05 6.871286514702029636e-05 4.708501302375835552e-05 8.121772319438552625e-04 9.369652528086865051e-02 2.532273099708924335e-01 3.802165626111911334e-01 4.690139614487818243e-01 5.255038760775472273e-01 5.767613515477603148e-01 6.246049198629101129e-01 6.427703968223383857e-01 7.244111691179333512e-01 5.913884749604059188e-01 7.832114146523895259e-01
2.809679362504220080e+03 7.332277879295253146e-05 1.033660986875877506e-04 3.950462911117814079e-03 1.869404796796731438e-01 3.211536337904984939e-01 4.338490183686168344e-01 5.099153438855775766e-01 5.723884381149284550e-01 6.112671225529229257e-01 6.409274092565020453e-01 6.965585699812074649e-01 6.708522549236084487e-01 8.107152148893641552e-01 5.851259770345732525e-01 8.692769561783419974e-01
2.859679362504220080e+03 1.333333809719582368e-04 1.124030246442533546e-04 3.508596380541724409e-05 1.004336491115896679e-02 1.041952848683609378e-01 2.515031811284235141e-01 3.844375836924066592e-01 5.021566601063486290e-01 5.674232498133346958e-01 5.975046499078651152e-01 6.261059190250798379e-01 6.337862107419910407e-01 7.609771821860581431e-01 5.975240753229076329e-01 8.003024696475353750e-01
2.909679362504220080e+03 9.982546529068903507e-05 1.158519617597115971e-04 4.953991633651555823e-05 5.337055219527282734e-02 3.156423874455402956e-01 4.761614249153763856e-01 5.756431555132927036e-01 5.624472927988264370e-01 5.840247710574295592e-01 6.569538857238673701e-01 7.422987151343226619e-01 7.627298255684659134e-01 8.653682592770095550e-01 5.861882382379945966e-01 9.402436511911435035e-01
2.959679362504220080e+03 4.627229167055732186e-05 4.307131270044537959e-05 2.088027140413438584e-05 2.248754603638498939e-02 1.573152727883318780e-01 2.877212293266553922e-01 3.856027192451051966e-01 4.479483796647391047e-01 4.830007042786776950e-01 5.353944864385626889e-01 5.907693332599093239e-01 6.000520398925119903e-01 6.776501766068238064e-01 5.327036881541566959e-01 7.744660887587524467e-01
3.009679362504220080e+03 5.306622966187076867e-05 5.681167673214309699e-05 3.702523237412066315e-05 2.713044589058995307e-05 6.897185303313570562e-03 1.104843154373822411e-01 2.512798580484103539e-01 3.648924953380462965e-01 4.401471793808149902e-01 5.037375029978713448e-01 5.605879761593668409e-01 5.871190442398042109e-01 6.776115254867004500e-01 5.362098008315170361e-01 7.618890948300701682e-01
3.059679362504220080e+03 5.211437401497630062e-05 4.806651478544393783e-05 1.961214900744186429e-05 7.153596234229672897e-03 1.621710059094824130e-01 2.983903416159008337e-01 4.076417573908736602e-01 4.807597465357036359e-01 5.303495776155682240e-01 5.773664998898149214e-01 6.242593495213998311e-01 6.341900333224997910e-01 7.318588869907345362e-01 5.780739209255785216e-01 7.942912658100748091e-01
3.109679362504220080e+03 3.867604631935895937e-05 3.792706445422600514e-05 1.004359979294486266e-05 1.800970982257108499e-01 3.106555556653238792e-01 4.230771264300527412e-01 4.912583381088269086e-01 5.504534563933918268e-01 5.848785933365565626e-01 6.183143407063341757e-01 6.616864903800051545e-01 6.605296069992417918e-01 7.556760210350053075e-01 5.976417687845603233e-01 8.037988046640290873e-01
3.159679362504220080e+03 2.120911383589043432e-05 1.880459927928206700e-05 1.001181443716404759e-05 2.378126629091132926e-01 3.631900938824946246e-01 4.666904992738188929e-01 5.325214017185396775e-01 5.862028089292118382e-01 6.184240083499417118e-01 6.467055301531112743e-01 6.999441395788061904e-01 6.705163319843264746e-01 8.191799885344862586e-01 5.648858072419074006e-01 9.254382163693452013e-01
3.209679362504220080e+03 2.484242649999001892e-05 2.330476974407941906e-05 1.001078443288414337e-05 1.744649433043306830e-01 3.221242090157507842e-01 4.266961807646155735e-01 5.009810712353871542e-01 5.587370553170515342e-01 5.946363873467264138e-01 6.272071644373075072e-01 6.724445671558053617e-01 6.662989753058325970e-01 7.687596946529658970e-01 5.986936968030805994e-01 8.184547811456711619e-01
3.259679362504220080e+03 2.263262643329523715e-05 2.090462977953724786e-05 1.500398425360090909e-05 5.430948459770428005e-04 7.944907046911096893e-02 2.601991110050275169e-01 3.807745222220875192e-01 4.784762508238539214e-01 5.389025323897198572e-01 5.856928126896778775e-01 6.534695610492027296e-01 6.340767863719408703e-01 7.906982793351685634e-01 5.483594641226094968e-01 9.166875858724123916e-01
3.309679362504220080e+03 1.949393004168237467e-05 1.819388957707708781e-05 1.007601094032201402e-05 1.401574570754718640e-01 2.815937606387757253e-01 4.050032575935945678e-01 4.741475856256595622e-01 5.438416196653026446e-01 5.774569287638919857e-01 6.147991243508938997e-01 6.647197083072543533e-01 6.497496059697331905e-01 7.780035928305188975e-01 5.717339401736563076e-01 8.473667252586336573e-01
3.359679362504220080e+03 1.982653640151878655e-05 1.886849278337389012e-05 2.021625662018602249e-05 2.691541513354137559e-05 1.353966635001638795e-02 1.404153854592033179e-01 2.848252398733149837e-01 3.986282206321791199e-01 4.748704217653613169e-01 5.383270726022609809e-01 6.003366311014142198e-01 6.114385733415458324e-01 7.346717920393230905e-01 5.478353773856273756e-01 8.366984514345844337e-01
3.409679362504220080e+03 1.899361351785488954e-05 1.758734102969872914e-05 1.021712464071178423e-05 7.580928072568002274e-02 2.297420200338016194e-01 3.792598005113294035e-01 4.523421478531727824e-01 5.272070472795739038e-01 5.609303783230054075e-01 6.002336315806481304e-01 6.461563384259676468e-01 6.412427453902285190e-01 7.499858503322166525e-01 5.683721307818079271e-01 8.148708236429413887e-01
3.459679362504220080e+03 1.878073034626469716e-05 1.553373160969651246e-05 1.316341912518477840e-05 4.674976986610748786e-02 2.622766359231992195e-01 3.847388395415583529e-01 4.938748643988026266e-01 5.529482905130265191e-01 6.064543340168252472e-01 6.369580076414443903e-01 7.099389585133807357e-01 6.686189885552221712e-01 8.313798359116684189e-01 5.834647083654793676e-01 8.922549289816865681e-01
3.509679362504220080e+03 1.942356998504883453e-05 1.879373091686923968e-05 1.653801758156509297e-05 1.269160976411828817e-05 4.652237987302432209e-02 2.005885858265481492e-01 3.287608336672351861e-01 4.160723150946083471e-01 4.751036553965802822e-01 5.259774135480709267e-01 5.780857766614941884e-01 5.941637721533251648e-01 6.898644144779378928e-01 5.350244805634679635e-01 7.735664227513550095e-01
3.559679362504220080e+03 2.964228594815564166e-05 3.064697398015988835e-05 1.084749029649549253e-05 1.677845045302543969e-01 3.234707463869603838e-01 4.217583418469699752e-01 5.028688469558610930e-01 5.576335908717228174e-01 5.982008468328604556e-01 6.267230161335705096e-01 6.793044374362229298e-01 6.628949990394321645e-01 7.823350505416696299e-01 5.921246678591626234e-01 8.367318346446988020e-01
3.609679362504220080e+03 2.162744123316582003e-05 2.060653973675405850e-05 1.698935501119309374e-05 1.451171730600896521e-05 5.254944477361818411e-02 2.073258666787650417e-01 3.234869735719328454e-01 4.144251255260857913e-01 4.751289551420525004e-01 5.272703339837250258e-01 5.820355496398877948e-01 5.960530116983591142e-01 6.980864913720681297e-01 5.376957183797752560e-01 7.840722505218680194e-01
3.659679362504220080e+03 2.096520013068286259e-05 1.721153679789024841e-05 1.069451476252173315e-05 9.145604839797995267e-02 3.015565385745079263e-01 4.098920499408128526e-01 5.132669092453817639e-01 5.651224804440454497e-01 6.150806341738572769e-01 6.392780678973435382e-01 6.954198693445925450e-01 6.769639501674772353e-01 7.934002461167158904e-01 6.090292811991980804e-01 8.386048225896899355e-01
3.709679362504220080e+03 2.132030515052740430e-05 2.071485781324340322e-05 1.748375703215306499e-05 1.106009659286963403e-05 8.758112929152270243e-02 2.490181955821804960e-01 3.904245979582463000e-01 4.646817372521147016e-01 5.261630071684001431e-01 5.668735796223965950e-01 6.218413042278526648e-01 6.174878627711906098e-01 7.418988524048264477e-01 5.242260281234414343e-01 8.578628055751876813e-01
3.759679362504220080e+03 2.205350374660393670e-05 2.081018367271180106e-05 1.690070288396856545e-05 1.014922685495030799e-04 3.309502255699202887e-03 9.457196629991930503e-02 2.604276826128320566e-01 3.831758691045258902e-01 4.711391047056285863e-01 5.348344330664933644e-01 6.071760102568697359e-01 6.098102766452995205e-01 7.538650157749494651e-01 5.359317561510751338e-01 8.977467745840624902e-01
3.809679362504220080e+03 2.169258184382913762e-05 2.054322375482668517e-05 1.050535415311315879e-05 1.166306757112594433e-01 2.703377889365164433e-01 4.026288003471308885e-01 4.765153440170069032e-01 5.470350573940635508e-01 5.818661095654534821e-01 6.190495443541915721e-01 6.645736838575940775e-01 6.595193138607174932e-01 7.636464904146754717e-01 5.908482585687250266e-01 8.204275307859576483e-01
3.859679362504220080e+03 2.603904561524685593e-05 2.622458971987935583e-05 2.403570642772299919e-05 2.923866423927237750e-05 1.599156406192871942e-05 3.519606894448194107e-02 1.763256318017193958e-01 2.948453419096008221e-01 3.839523884994117120e-01 4.447260827741731926e-01 5.075137278507116934e-01 5.374536241183598406e-01 6.271461911372804288e-01 4.918999024093971273e-01 7.297821596010554135e-01
3.909679362504220080e+03 2.569850737734280744e-05 2.530931563810466051e-05 2.112594464915476235e-05 7.657230678412131164e-05 4.714096926345719293e-04 3.028597710889491951e-02 1.800462293109246770e-01 3.202562498575615146e-01 4.252472095931217888e-01 5.014678481894543349e-01 5.778578205360692666e-01 5.896243571082988577e-01 7.283328855964286141e-01 5.248075896010618857e-01 8.542016893863249027e-01
3.959679362504220080e+03 2.347756816087090913e-05 2.351945317740930809e-05 2.007534288904173493e-05 1.015920411375146652e-05 1.785751279820483872e-01 3.191450896712023644e-01 4.212223189127386469e-01 4.939679339253518764e-01 5.438304535169213860e-01 5.833129113021432444e-01 6.358862375366772790e-01 6.324367029234502224e-01 7.460358387784681300e-01 5.613790484180042339e-01 8.219844810819295633e-01
4.009679362504220080e+03 2.107660374222685253e-05 2.143276280740338450e-05 1.902252594605006672e-05 1.030057412036864339e-05 1.776405606317339736e-01 3.253467815503889304e-01 4.276502503050081394e-01 5.037946028158059031e-01 5.546277471159219985e-01 5.926502038585781396e-01 6.516893404260659661e-01 6.354946909193475157e-01 7.726881721148267657e-01 5.551014391704430784e-01 8.574294142372678174e-01
4.059679362504220080e+03 1.897139650393837770e-05 1.937517921699855148e-05 1.889469259312980890e-05 1.037506117728591521e-05 1.019694832284491759e-01 2.618193017273400813e-01 3.736617177768247200e-01 4.594627690272663489e-01 5.145001062813070458e-01 5.612826603517266921e-01 6.159660298873426143e-01 6.174429801200487233e-01 7.331172812256356863e-01 5.474637365004183520e-01 8.198040282938356960e-01
4.109679362504220080e+03 1.706858922695771223e-05 1.748574477203954493e-05 1.739588911702434116e-05 1.028324128052068714e-05 1.588478357224079041e-01 3.060627618545192496e-01 4.085198560741269969e-01 4.861887487017201304e-01 5.367729585808759252e-01 5.784791486490815648e-01 6.329364937035949490e-01 6.282534905003405168e-01 7.477587888515754289e-01 5.560355345794524284e-01 8.279017187868240590e-01
4.159679362504220080e+03 1.563167128802500083e-05 1.598610337594623342e-05 1.022899769640851375e-05 2.183251276047592712e-02 1.990856182243290751e-01 3.303079452479303346e-01 4.289229657522137806e-01 4.984223649177186299e-01 5.482006889309041231e-01 5.852340544321970039e-01 6.406315020497643786e-01 6.317649565120531108e-01 7.537909751089180155e-01 5.582106643598397921e-01 8.314479530080371994e-01
4.209679362504220080e+03 1.439846966751853881e-05 1.469189437281931995e-05 1.017418938322486952e-05 5.283197705814297873e-02 2.298605095950942978e-01 3.507288240212887431e-01 4.459872429313609943e-01 5.101985801213404503e-01 5.587692124715077924e-01 5.926902015232163867e-01 6.483149276701922759e-01 6.366451836009351384e-01 7.595132825901330653e-01 5.629049477566219206e-01 8.334014562207010535e-01
4.259679362504220080e+03 1.327458754879359117e-05 1.354674897021704352e-05 1.012415122223686415e-05 8.805113083243069905e-02 2.562542880910340104e-01 3.670083269726306940e-01 4.579852820095333676e-01 5.178872151294481307e-01 5.651752429851795156e-01 5.964367106439633082e-01 6.526529868045839455e-01 6.377533873484497740e-01 7.637212864961437919e-01 5.619852200591636260e-01 8.376846950834828665e-01
4.309679362504220080e+03 1.240269371382297067e-05 1.260967388166406045e-05 1.009133682014089419e-05 1.172794499225750520e-01 2.767492007583421953e-01 3.815189307756853276e-01 4.685828165034171544e-01 5.260019645415685563e-01 5.716672202760829657e-01 6.012995292302355521e-01 6.575145216490400069e-01 6.404013432348517609e-01 7.680712985700032247e-01 5.634655748073169601e-01 8.408851170227303884e-01
4.359679362504220080e+03 1.165146600453807946e-05 1.182889157344397166e-05 1.006386821574936233e-05 1.453787426194801391e-01 2.959139777634942625e-01 3.951730324034811725e-01 4.784590026145691954e-01 5.336222939203090210e-01 5.776949611941177842e-01 6.058124088721551503e-01 6.619840488059942629e-01 6.428078151322641487e-01 7.719980920528338730e-01 5.648062094679839884e-01 8.437091053795342521e-01
4.409679362504220080e+03 1.110587793819803806e-05 1.122530174427982273e-05 2.339122443542653233e-05 1.697840091755348779e-01 3.109553440788213607e-01 4.073194579800495374e-01 4.861057168653186711e-01 5.404088235168793553e-01 5.822927419972250274e-01 6.098173640039225019e-01 6.653629679743719993e-01 6.449530578675415349e-01 7.749454035808995833e-01 5.659970311569159085e-01 8.457468805551351387e-01
4.459679362504220080e+03 1.073017023782244074e-05 1.004233902282582056e-05 6.919741429226001182e-03 1.898916999247733661e-01 3.224218067912703600e-01 4.175660503577624527e-01 4.917838392651815993e-01 5.461112360877911076e-01 5.856591743820998008e-01 6.130693560704826295e-01 6.678980629171382688e-01 6.464511187516474022e-01 7.774792392581671985e-01 5.662664007535858079e-01 8.480952218087418615e-01
4.509679362504220080e+03 1.047107785411107051e-05 1.001496548662473189e-05 1.634792286658058938e-02 2.035361125608410593e-01 3.301214882328255551e-01 4.241753058229602025e-01 4.954493225517220267e-01 5.496715008488782805e-01 5.877456580935186414e-01 6.149553876366882221e-01 6.694412796497537510e-01 6.471041866142644983e-01 7.791373542184233392e-01 5.659774936446032578e-01 8.497676580352326869e-01
4.559679362504220080e+03 1.029504805932565416e-05 1.000847801606800728e-05 2.432614657599688202e-02 2.126520601795574006e-01 3.351944503177974322e-01 4.284416409458150499e-01 4.977701832850264241e-01 5.518988504006068219e-01 5.890123063693456507e-01 6.160562743800882535e-01 6.703681721759041645e-01 6.473738433394825575e-01 7.801815001485233880e-01 5.656856960355428621e-01 8.506211825805642945e-01
4.609679362504220080e+03 1.017684786330453058e-05 1.000471288635626762e-05 3.263357592866031331e-02 2.206046347647888650e-01 3.398410359725574370e-01 4.320035671352222550e-01 4.998428648343601899e-01 5.536694004423412530e-01 5.900732784802736886e-01 6.168115002585882189e-01 6.710873349379244956e-01 6.473338779840298596e-01 7.810929658448193535e-01 5.647961611739716892e-01 8.521071976399831049e-01
4.659679362504220080e+03 1.011770354740496050e-05 1.000380882132789870e-05 3.453128722602771816e-02 2.225975045110263062e-01 3.417660289683394081e-01 4.341382783338110785e-01 5.016303252462758211e-01 5.555368295273269696e-01 5.917982005855416672e-01 6.182758737726151699e-01 6.730526089279760260e-01 6.477898168751040631e-01 7.844203187333825822e-01 5.616179377286284469e-01 8.623384805826241895e-01
4.709679362504220080e+03 1.010915100198747709e-05 1.000342451447345542e-05 3.109972469791777785e-02 2.161003367199638425e-01 3.376877616704269669e-01 4.293815776437437393e-01 4.980972634866898119e-01 5.513583387947839087e-01 5.891556410485285777e-01 6.133548504899577480e-01 6.729170466912136606e-01 6.360882722904300790e-01 7.993797636531829731e-01 5.062632068123270601e-01 9.669409054676988413e-01
4.759679362504220080e+03 1.010783857842611686e-05 1.000232742866743476e-05 5.642737760668597308e-02 2.394922539192861910e-01 3.516083595977294030e-01 4.404522457145893521e-01 5.050478471248175394e-01 5.585736720290422896e-01 5.909057756144151519e-01 6.252517388746905436e-01 6.557197948964768042e-01 6.884796059425586368e-01 6.970364246419075149e-01 7.495017795792233706e-01 1.796304122621327493e-01
4.809679362504220080e+03 1.028201351052834111e-05 1.000452971522566567e-05 9.201188612484595408e-02 2.696082425254571202e-01 3.659445489514546179e-01 4.545033725726524421e-01 5.122249297290926151e-01 5.680035703824237725e-01 5.976577299722370951e-01 6.343413577064910269e-01 6.622794403512742845e-01 6.967188380081541510e-01 6.984687053732014927e-01 7.571854660553130056e-01 1.807482745297628868e-01
4.859679362504220080e+03 1.077929024912284684e-05 1.000680399946729903e-05 1.068809202674700781e-01 2.763747784142026598e-01 3.805073278144905369e-01 4.616658820771302740e-01 5.240341155919090443e-01 5.726544391602694795e-01 6.076428045022104207e-01 6.285679614747159416e-01 6.856261524257546425e-01 6.558142291483139985e-01 7.899043176968641999e-01 5.898112652349850604e-01 9.999931823108795248e-01
4.909679362504220080e+03 1.105026466335922427e-05 1.001076745737183385e-05 1.119636245069037250e-01 2.785565110728570604e-01 3.837664535864670490e-01 4.634004066143903589e-01 5.256941990407544285e-01 5.750003639591632076e-01 6.054011267789781714e-01 6.398239233452054364e-01 6.613582071067001245e-01 7.139729444150979543e-01 9.999989999990904765e-01 9.999843042380257563e-01 9.993515313680735312e-01
4.959679362504220080e+03 8.000673620759233163e-05 1.104713407098877523e-05 1.101494693212464321e-01 2.772816204699697362e-01 3.828463069571310662e-01 4.615466564262739602e-01 5.289952713781934657e-01 5.606533619375203559e-01 6.462796426431012264e-01 5.214810318959819391e-01 9.382299627392688413e-01 9.999989999992497935e-01 9.999989999980387623e-01 9.999473301719603580e-01 9.994050730666705906e-01
5.009679362504220080e+03 2.391988087556278257e-04 1.340754384226700550e-05 1.106868155453758218e-01 2.795113337604236969e-01 3.829594593905140121e-01 4.669040817999997595e-01 5.145336105340918564e-01 6.140598277758045898e-01 4.848866389274085753e-01 9.999990000088015973e-01 9.999990000062316531e-01 9.999989999997238588e-01 9.998794677488092031e-01 9.993180730304406234e-01 9.996895332853376059e-01
5.059679362504220080e+03 2.637111143109881076e-04 1.525611866939305907e-05 1.210025897915949500e-01 2.912921283836792941e-01 3.952746704112715115e-01 4.763780152554589753e-01 5.345056624251028898e-01 5.951736649810841495e-01 5.868304571469816766e-01 9.999990000170205784e-01 9.999990000166727455e-01 9.999990000167503501e-01 9.999990000161881332e-01 9.998862007502488103e-01 9.995412297156123227e-01
5.109679362504220080e+03 2.241488426705812317e-04 1.724095017017487848e-05 4.866578257186091050e-02 1.708984138649033979e-01 3.896730213794303288e-01 5.322777033463783614e-01 7.697260459978755298e-01 9.999979998409689319e-01 9.999923511199307891e-01 9.999916597366341753e-01 9.999527038935738243e-01 9.997739249218111635e-01 9.968266771732335885e-01 9.946607186345773899e-01 9.948552132393138070e-01
5.159679362504220080e+03 2.461238620905040198e-04 1.310436555536254274e-05 1.140459869769685775e-01 2.811505228849133231e-01 3.855842188658739622e-01 4.648531088940849321e-01 5.274360155088702040e-01 5.749688737818319240e-01 6.114998038686415560e-01 9.999990000082950026e-01 9.999990000064485907e-01 9.998898455760468762e-01 9.994140678083961449e-01 9.997370900058780707e-01 9.995121424430097878e-01
5.209679362504220080e+03 2.699194793351231635e-04 1.337644237593154273e-05 1.105584757641643046e-01 2.741834605588129303e-01 3.805509122125197430e-01 4.523369004802197391e-01 5.435300794526868318e-01 4.866398276541137879e-01 9.999989997991737267e-01 9.999989980071990470e-01 9.999989924573831068e-01 9.998791589315353390e-01 9.994341713304437658e-01 9.996622633182649098e-01 9.995149465455879234e-01
5.259679362504220080e+03 2.684207412159430694e-04 1.443614574261354309e-05 1.146579089447188476e-01 2.786149545204738565e-01 3.831001215582051089e-01 4.690044616330547589e-01 4.935238539474711694e-01 6.771076594264773263e-01 9.999990000001753865e-01 9.999990000019347569e-01 9.999989999997925816e-01 9.999989999984425504e-01 9.999989999968382781e-01 9.998424631729833090e-01 9.995227182661805543e-01
5.309679362504220080e+03 2.499370439796073798e-04 1.001245943670397764e-05 1.434071853816666353e-01 3.031715309926698021e-01 4.140750209941314042e-01 4.751234775486171125e-01 5.781520977926062343e-01 4.982612450602784127e-01 9.999970840709725417e-01 9.999902141652859955e-01 9.999842565481366075e-01 9.998800585760680981e-01 9.994175652476257055e-01 9.996679660502518772e-01 9.995134892227214296e-01
5.359679362504220080e+03 7.003234057494499179e-05 1.003198421344796360e-05 1.544288528160794594e-01 3.160188223508200722e-01 4.253499484271506814e-01 4.874545794369739005e-01 5.782349195797789054e-01 5.251511390994866302e-01 9.998825324828299888e-01 9.999341880934965454e-01 9.999493180740449683e-01 9.998725934681126359e-01 9.999591268043388492e-01 9.998895308379412983e-01 9.999026770125652996e-01
5.409679362504220080e+03 9.998023345835075348e-01 9.999719075291144676e-01 9.998928280848999872e-01 9.998989194662575297e-01 9.999001092557022741e-01 9.999005222326654563e-01 9.999001201059460886e-01 9.998954944937271661e-01 9.998629317922802517e-01 9.993999342004691311e-01 9.998067575291629261e-01 9.997909449604386323e-01 9.975424295579601308e-01 9.965351576721623861e-01 9.973404444312269357e-01
5.459679362504220080e+03 9.999024690299338491e-01 9.998875300795356802e-01 9.998963715283247788e-01 9.998876603698461096e-01 9.998580108376797781e-01 9.994886295929084064e-01 9.988911500955238720e-01 9.984066825912385479e-01 9.986265652110469793e-01 9.981356142460242609e-01 9.980371177811427907e-01 9.979223296808500399e-01 9.979980959336131052e-01 9.971131690638610490e-01 9.976964931261067537e-01
5.509679362504220080e+03 9.999133796351606929e-01 9.998966660052210909e-01 9.999089416837032562e-01 9.998955017909624265e-01 9.998887566591330156e-01 9.998671903366129765e-01 9.997980954999859948e-01 9.994950413386715082e-01 9.970484440635175583e-01 9.949419061663136166e-01 9.943476788573565317e-01 9.933875508796327081e-01 9.936766076366835287e-01 9.923874736923816720e-01 9.944592421828669648e-01
5.559679362504220080e+03 8.774989386352552434e-02 7.549195588737334095e-02 9.999959430256156745e-01 9.998816917146908789e-01 9.998319347471331664e-01 9.995512729049261802e-01 9.992253104137618358e-01 9.988444797762983107e-01 9.988058054919750628e-01 9.982149866706729879e-01 9.979630674849166994e-01 9.978278969187587277e-01 9.979941903838026596e-01 9.974488136753766332e-01 9.981514875658904495e-01
5.609679362504220080e+03 8.948894791679123288e-04 4.624820772409403094e-05 1.149090897198519062e-01 2.916514917497697312e-01 3.953159366814867348e-01 5.097041206855038586e-01 4.212856488948268918e-01 9.269159870301295623e-01 9.990296117824665201e-01 9.984612948374879116e-01 9.981688928246751358e-01 9.980218038492953969e-01 9.981449800674466744e-01 9.976252431873260385e-01 9.982726609784902116e-01
5.659679362504220080e+03 6.305129567532864699e-04 1.003662500649139943e-05 1.448322217269654988e-01 3.108161054276589175e-01 4.212871632161591107e-01 4.956199185442575206e-01 5.475852578179929431e-01 6.333701988018970441e-01 5.344990964864082539e-01 9.998743525461688542e-01 9.998697306945136809e-01 9.998339831105839126e-01 9.998975738180378992e-01 9.996619980136973727e-01 9.995451846855294420e-01
5.709679362504220080e+03 7.829997602641167870e-04 1.289816408521197134e-05 1.305544668225730731e-01 2.983334678169666243e-01 4.076675524961405062e-01 4.865444364860466164e-01 5.382288854524106547e-01 6.258292042823409007e-01 5.247447304568645388e-01 9.999222383402130987e-01 9.998883700186976808e-01 9.998760752376517624e-01 9.999254713394264416e-01 9.997753399310222999e-01 9.995926727810950929e-01
5.759679362504220080e+03 6.008297730910619689e-04 2.377365939808523122e-05 1.208348427646575435e-01 2.933701310859221922e-01 4.057142297635463746e-01 4.911985067475067024e-01 5.420076543496928911e-01 6.395832550722959642e-01 5.173925273134489800e-01 9.998933689963676041e-01 9.998941747167490179e-01 9.998859164389330978e-01 9.999460117736833631e-01 9.998499827377468341e-01 9.997449124283495081e-01
5.809679362504220080e+03 5.456201379913317101e-04 1.116146706282344556e-05 1.526842827747811882e-01 2.895559193442347468e-01 3.591642137522924605e-01 4.952800097351164887e-01 5.937614492591247739e-01 5.812353931049204503e-01 6.787144496559021078e-01 9.999252702440308838e-01 9.999064103412382831e-01 9.998993955953527912e-01 9.999565986022838082e-01 9.998877911373216243e-01 9.998951613649340597e-01
5.859679362504220080e+03 6.651830456928997312e-04 2.041760883685065682e-05 1.206237974859268036e-01 2.929889630695230451e-01 4.044033676302722924e-01 4.735213862158459963e-01 5.773245307305362450e-01 4.765915670359182066e-01 9.170036409268108590e-01 9.999466008007447115e-01 9.999400811632459529e-01 9.999353153285170936e-01 9.999595991972920483e-01 9.999255428077302721e-01 9.999522309512697271e-01
5.909679362504220080e+03 6.797238810762661152e-04 2.533832582854560211e-05 1.252973625575485028e-01 2.975142849475057027e-01 4.093224737401918167e-01 4.783493723014909382e-01 5.779233385376945087e-01 4.959354260010253035e-01 9.999607876248766125e-01 9.999534077942464627e-01 9.999549384813514186e-01 9.999492276205992347e-01 9.999634323510686595e-01 9.999422910179120993e-01 9.999660040371863845e-01
5.959679362504220080e+03 6.300911457845728312e-04 3.026265403510511613e-05 1.285778702214169511e-01 2.997157225365190136e-01 4.094274899161007286e-01 4.894199390814343853e-01 5.381493661345111423e-01 6.359797130827975487e-01 9.999864918086116550e-01 9.999521773597936924e-01 9.999712372672836525e-01 9.999549653533920113e-01 9.999693673160693352e-01 9.999519203557720726e-01 9.999782487483661608e-01
6.009679362504220080e+03 6.566577054224402403e-04 5.549267306757177989e-05 1.350194707919081805e-01 3.034774627072863162e-01 4.097213730661955489e-01 5.096188258861826803e-01 4.646496483325617821e-01 8.510395977124721734e-01 9.999975398964638940e-01 9.999511147464053007e-01 9.999847213622855557e-01 9.999526479108340471e-01 9.999790140862797605e-01 9.999518721776110564e-01 9.999894269812134029e-01
6.059679362504220080e+03 6.843900895047497473e-04 1.338012335901537023e-03 1.369758193768248200e-01 2.980900416501494621e-01 4.290837076031339126e-01 5.296116839154130229e-01 4.213217828426377154e-01 9.999793944604569162e-01 9.999926251087518647e-01 9.999947588212221294e-01 9.999849160231568668e-01 9.999630214718434607e-01 9.999815449878347584e-01 9.999588710032772942e-01 9.999937064135011600e-01
6.109679362504220080e+03 2.112898527052209428e-04 1.145202756381135528e-02 1.516556680934663670e-01 3.182862280879150130e-01 4.214745534742415645e-01 5.152415650708414008e-01 4.871276514658650636e-01 9.999989999991545364e-01 9.999989999985037237e-01 9.999989999983919242e-01 9.999989999983015521e-01 9.999985291926825060e-01 9.999475771304949800e-01 9.999873574922014674e-01 9.999679220548868264e-01
6.159679362504220080e+03 1.177062525036356609e-03 1.191489634076034129e-02 1.529011484729206061e-01 3.172124131960291638e-01 4.290067058576635950e-01 4.836725910306221565e-01 6.110789242935875665e-01 9.999989999992804357e-01 9.999989999985512412e-01 9.999989999983275313e-01 9.999989999977136890e-01 9.999989999959734144e-01 9.999989999742604496e-01 9.999808275475305930e-01 9.999766376286961522e-01
6.209679362504220080e+03 1.493534521214041249e-03 9.561715910796362086e-03 1.525854036605952535e-01 3.119677165505172489e-01 4.419764436109809846e-01 4.149450098638676754e-01 8.349654013131440067e-01 9.999989999992329182e-01 9.999989999984117972e-01 9.999989999980266608e-01 9.999989999964944420e-01 9.999989999910073868e-01 9.999989999714836708e-01 9.999989999541568642e-01 9.999989999590993550e-01
6.259679362504220080e+03 4.763761467159659951e-03 1.519283621471384169e-02 1.636904113614143230e-01 3.172470420548572090e-01 4.675462457621250012e-01 3.483364790212752360e-01 9.999989991589363081e-01 9.999989975054210944e-01 9.999989961181756648e-01 9.999989954560085659e-01 9.999989953312220514e-01 9.999989947129133139e-01 9.999989941686455719e-01 9.999989900714977287e-01 9.999989824972810304e-01
6.309679362504220080e+03 7.785003055260833645e-03 1.451523324699851604e-02 1.585306464860252174e-01 3.184934461707238929e-01 4.470779484146233385e-01 4.241286172226846896e-01 9.999989999986682587e-01 9.999989999976218735e-01 9.999989999971717891e-01 9.999989999969361998e-01 9.999989999911056415e-01 9.999989999782059602e-01 9.999989995542484245e-01 9.999989996418232607e-01 9.999989997068611247e-01
6.349679362504220080e+03 6.364098765373618974e-03 1.169349131358710797e-02 1.534134311731487066e-01 3.179976354882907974e-01 4.261369226456178660e-01 5.056332393895059951e-01 9.999989999987359823e-01 9.999989999974924215e-01 9.999989999968446064e-01 9.999989999965128717e-01 9.999989999963041498e-01 9.999989999955491982e-01 9.999989999866768509e-01 9.999989999793355011e-01 9.999989999770471094e-01
6.354679362504220080e+03 5.893101944634842118e-03 1.111734825268789577e-02 1.526135420941238385e-01 3.177955264220422293e-01 4.224123318812227912e-01 5.187922180326746124e-01 9.999989999989470357e-01 9.999989999978722288e-01 9.999989999973007970e-01 9.999989999969984833e-01 9.999989999967960896e-01 9.999989999960883225e-01 9.999990001896769121e-01 9.999989999884486558e-01 9.999989999847621602e-01
6.404679362504220080e+03 2.411128220750688358e-03 7.332396713925552929e-03 1.477420825155758566e-01 3.184843014449057486e-01 3.862131190148196391e-01 6.687093788992796162e-01 9.999989999989988831e-01 9.999989999978373678e-01 9.999989999971292676e-01 9.999989999967213716e-01 9.999989999964464804e-01 9.999989999956864217e-01 9.999989999891211179e-01 9.999989999805631857e-01 9.999989999782421535e-01
6.454679362504220080e+03 3.133445466680093497e-05 3.086445564811519330e-03 1.438830958784038383e-01 3.220400359259179002e-01 3.315403890842236745e-01 8.702391305035983571e-01 9.999989999989873368e-01 9.999989999976842681e-01 9.999989999968974530e-01 9.999989999963975196e-01 9.999989999960086084e-01 9.999989999952179076e-01 9.999989999870773083e-01 9.999989999842282540e-01 9.999989999838395649e-01
6.504679362504220080e+03 1.572050321587081001e-05 6.634911205550738170e-03 1.472257113585631882e-01 3.353010888272415224e-01 2.843430707067988727e-01 9.999241403283430918e-01 9.999990000253401456e-01 9.999990000321811179e-01 9.999990000248575317e-01 9.999989998850166151e-01 9.999989997165056321e-01 9.999989997119608232e-01 9.999989997011523579e-01 9.999989101490077692e-01 9.999988562542486692e-01
6.554679362504220080e+03 8.244096601465459760e-05 3.416746683151534927e-03 1.422227478252088839e-01 3.169819357133689119e-01 3.551795881760628770e-01 9.999989999969592924e-01 9.999989999946834462e-01 9.999989999936595986e-01 9.999989999931618856e-01 9.999989999929622675e-01 9.999989999928367013e-01 9.999989999923382111e-01 9.999989999400441532e-01 9.999989999222881343e-01 9.999989999311000854e-01
6.604679362504220080e+03 9.628189266153855462e-05 7.965252561459804787e-03 1.709754852497424593e-01 3.306917401377852950e-01 3.696054789117605432e-01 9.999989999993678103e-01 9.999989999989156164e-01 9.999989999985143818e-01 9.999989999980680722e-01 9.999989999975988919e-01 9.999989999970592125e-01 9.999989997792044782e-01 9.999990000860171646e-01 9.999989999972366261e-01 9.999990000364367138e-01
6.654679362504220080e+03 7.310180065908815947e-05 4.256963571541011460e-03 1.447716431525450653e-01 2.997100953882849139e-01 4.738010103479893265e-01 9.999989999984990607e-01 9.999989999969248755e-01 9.999989999960545717e-01 9.999989999954617126e-01 9.999989999950419373e-01 9.999989999949872033e-01 9.999989999947426211e-01 9.999768186705798589e-01 9.999604209559481705e-01 9.999929093978301431e-01
6.704679362504220080e+03 5.555277620076437474e-05 1.998449213223982973e-03 1.521838207616119099e-01 2.934967915544330896e-01 5.475042910298016929e-01 9.999989999863680978e-01 9.999988098246886947e-01 9.999988165185257349e-01 9.999987354525202710e-01 9.999987626436435129e-01 9.999988445585923369e-01 9.999946639242490720e-01 9.999485844214391905e-01 9.999804051759471069e-01 9.999907911234103830e-01
6.754679362504220080e+03 4.973455033588506703e-05 2.146241413329509629e-03 1.466180090994718688e-01 2.725709243989498654e-01 6.578071668976595010e-01 9.999989999997463963e-01 9.999989999994564061e-01 9.999989999991848455e-01 9.999988505476837819e-01 9.999987728826332800e-01 9.999987554410945112e-01 9.999988538157856821e-01 9.999988424562218370e-01 9.999554119032625366e-01 9.999951643077391594e-01
6.804679362504220080e+03 5.575002383360275481e-05 2.335280551521471629e-03 1.509609400612152430e-01 2.291971377922717434e-01 7.684542258171521700e-01 9.999989999986823586e-01 9.999989999969128851e-01 9.999989999958622811e-01 9.999989999951273134e-01 9.999989999946742314e-01 9.999989999937813900e-01 9.999989999931495621e-01 9.999989997461626867e-01 9.999990001123151284e-01 9.998460105645236018e-01
6.854679362504220080e+03 3.716225061676882083e-05 4.974052973196150396e-05 1.467886515067952369e-01 2.281901325364327493e-01 9.001874950898882677e-01 9.999989999988987410e-01 9.999989999973415422e-01 9.999989999962606291e-01 9.999989999953311504e-01 9.999989999946059527e-01 9.999989999930515294e-01 9.999989999877424429e-01 9.999989998367896371e-01 9.999990000947993618e-01 9.998535036335305382e-01
6.904679362504220080e+03 3.744465637663911274e-05 1.362073039612644722e-05 1.483039704802216752e-01 2.147808258895888001e-01 9.965590812876491400e-01 9.999989999993800227e-01 9.999989999985586797e-01 9.999989999980583022e-01 9.999989999981174771e-01 9.999989999986854672e-01 9.999990000072960239e-01 9.999989999557259424e-01 9.999989999276051034e-01 9.999990000876427532e-01 9.998282592957521420e-01
6.954679362504220080e+03 1.766297177642827483e-04 1.248705862166356838e-02 1.566382319145580848e-01 2.232314804650174789e-01 9.999989999959385534e-01 9.999989999961208520e-01 9.999989999958468490e-01 9.999989999955304354e-01 9.999989999979554955e-01 9.999989999958400766e-01 9.999989999958895925e-01 9.999989999586377243e-01 9.999989996354531341e-01 9.999990000886249675e-01 9.998585768300389809e-01
7.004679362504220080e+03 5.366477091345981835e-05 8.291683942842862157e-03 1.509637904259787944e-01 2.622694987010082412e-01 9.999989999988283529e-01 9.999989999985778866e-01 9.999989999982851208e-01 9.999989999979354005e-01 9.999989999976333088e-01 9.999989999966771848e-01 9.999989999824222542e-01 9.999989996802097769e-01 9.999990001311391818e-01 9.999990000655860634e-01 9.998597878177543086e-01
7.054679362504220080e+03 3.407880279983258704e-05 2.897472773933119743e-03 1.443540246220806900e-01 3.092308439837502809e-01 9.999989999982368261e-01 9.999989999971768961e-01 9.999989999964083998e-01 9.999989999959515430e-01 9.999989999952664244e-01 9.999989999955678499e-01 9.999989997954626952e-01 9.999989998230147670e-01 9.999990002622687335e-01 9.999990000655352151e-01 9.998942374030558300e-01
7.104679362504220080e+03 3.053533166194112060e-05 1.767446296346028220e-03 1.367077024122989037e-01 4.188998916214207169e-01 9.999989999988820877e-01 9.999989999978088351e-01 9.999989999969671750e-01 9.999990000611600482e-01 9.999989999975303911e-01 9.999989998263252300e-01 9.999989998964817772e-01 9.999989999716949463e-01 9.999989999329332857e-01 9.999990000459526573e-01 9.999958449379747760e-01
7.154679362504220080e+03 2.582674383142947571e-03 4.746508605945928258e-05 8.179725746020678756e-02 8.485812245470961690e-01 9.999989999861866874e-01 9.999989999687950437e-01 9.999989999689740117e-01 9.999989999861221834e-01 9.999990000472679386e-01 9.999989964035054246e-01 9.999990001900520564e-01 9.999990001599620149e-01 9.999990001758831681e-01 9.999990000542157143e-01 9.999989644201389138e-01
7.204679362504220080e+03 4.514454166642039245e-04 1.848286681996309479e-05 7.772996064698077523e-02 9.898137449865364035e-01 9.999989999982686895e-01 9.999989999893402759e-01 9.999989999886463865e-01 9.999989999932645812e-01 9.999989986050217272e-01 9.999990003299935593e-01 9.999990002945466916e-01 9.999990002512673115e-01 9.999990006172905233e-01 9.999990001608085599e-01 9.999990000409090252e-01
7.254679362504220080e+03 3.048983466085294827e-04 1.857302663168584981e-05 9.994611251986937339e-02 9.806628450962018295e-01 9.999990000139897806e-01 9.999990000055619666e-01 9.999990000069056695e-01 9.999990000159311165e-01 9.999989901755874655e-01 9.999990002158477553e-01 9.999989998473101105e-01 9.999989998703027183e-01 9.999989998442329053e-01 9.999989999880286584e-01 9.999989999997731527e-01
7.304679362504220080e+03 1.418315992244720096e-02 5.401683635832043922e-04 1.530553032714075390e-01 9.995550810330807723e-01 9.999990000538067081e-01 9.999990000562319903e-01 9.999990000636588272e-01 9.999990000917284849e-01 9.999989943235976231e-01 9.999989988928474904e-01 9.999983050707701437e-01 9.999990001237673010e-01 9.999989950522212290e-01 9.999989999964651322e-01 9.999989999973044608e-01
7.354679362504220080e+03 3.764514523753883200e-04 1.943165100173187230e-05 8.934477465653394013e-02 9.731185308063083905e-01 9.999989999964294940e-01 9.999989999926596207e-01 9.999989999888326819e-01 9.999989999926578443e-01 9.999989927454714378e-01 9.999989350476199412e-01 9.999980276045158378e-01 9.999990000929130929e-01 9.999989914248761380e-01 9.999989999524477868e-01 9.999990000085232644e-01
7.404679362504220080e+03 1.015414574592491201e-04 1.304318368336255224e-05 9.935572739791223573e-02 9.878171756374223289e-01 9.999990000186423922e-01 9.999990000165341897e-01 9.999990000218315078e-01 9.999990000674940926e-01 9.999989995464478865e-01 9.999988835150631639e-01 9.999981738287296862e-01 9.999990002915140064e-01 9.999989853235722315e-01 9.999989576687119408e-01 9.999989999968645904e-01
7.454679362504220080e+03 3.952877261317039987e-04 2.732275707065823255e-05 1.195347764742343277e-01 6.867984480392728130e-01 9.999989999988365685e-01 9.999989999946883312e-01 9.999989999902081372e-01 9.999990000107467081e-01 9.999989998969460725e-01 9.999989999809594243e-01 9.999983087483111932e-01 9.999990000997257544e-01 9.999989697754919638e-01 9.999989603117633852e-01 9.999990000486028707e-01
7.504679362504220080e+03 1.152959878162530122e-01 5.331554170152556608e-03 1.064284213642564397e-01 3.509891654378416992e-01 9.999989999965104293e-01 9.999990000146876667e-01 9.999990000300010839e-01 9.999989997095872774e-01 9.999990001250906868e-01 9.999990002372084463e-01 9.999983416961686356e-01 9.999990000637332122e-01 9.999989523990171492e-01 9.999989679090836026e-01 9.999989990583887378e-01
7.554679362504220080e+03 9.577662810697784319e-04 4.240647981361244631e-05 1.050180498245125160e-01 8.318430226590209919e-01 9.999989999989198353e-01 9.999989999955731790e-01 9.999989999893210690e-01 9.999989999358939174e-01 9.999989999429849119e-01 9.999990000441015825e-01 9.999983638943349407e-01 9.999989984425672329e-01 9.999988607182215272e-01 9.999990001103514770e-01 9.999990000316373306e-01
7.604679362504220080e+03 1.860696499753835978e-04 1.546735117705167468e-05 9.834843975486745604e-02 9.073193609941934135e-01 9.999989999989659095e-01 9.999989999942502372e-01 9.999989999866557566e-01 9.999989999469376389e-01 9.999989999228691140e-01 9.999990000352940722e-01 9.999983817361337568e-01 9.999988807044226657e-01 9.999990003297745123e-01 9.999990000342193763e-01 9.999989996198973552e-01
7.654679362504220080e+03 1.175641396885209215e-03 3.062024621548331272e-05 1.179258415441812313e-01 9.985009286695686326e-01 9.999990000011200753e-01 9.999989999991025780e-01 9.999990000322791506e-01 9.999990003137391170e-01 9.999989999853334810e-01 9.999989999776068839e-01 9.999984023583864401e-01 9.999989999999838730e-01 9.999990000866728623e-01 9.999990000799600098e-01 9.999990000446109528e-01
7.704679362504220080e+03 2.895873497846740484e-04 1.770652641652903635e-05 9.121135318233983269e-02 9.870742503128576706e-01 9.999989999997914714e-01 9.999989999982613620e-01 9.999990000743836926e-01 9.999989998173949290e-01 9.999990005047021402e-01 9.999989999478472447e-01 9.999984214384718406e-01 9.999989999999854273e-01 9.999990000301614002e-01 9.999990000224936448e-01 9.999990000212436447e-01
7.754679362504220080e+03 1.000183013904389903e-04 1.276211871001193603e-05 9.067410350540366926e-02 9.998116377882665384e-01 9.999942251451999775e-01 9.999957957991923996e-01 9.999969962717222272e-01 9.999987127976547319e-01 9.999990004437095958e-01 9.999989409140196406e-01 9.999984393182997922e-01 9.999990000000511525e-01 9.999989947506848775e-01 9.999989959403150497e-01 9.999989941161735452e-01
7.804679362504220080e+03 7.304131014199343418e-05 1.192471418166866986e-05 1.126294269652684532e-01 9.999989999921146122e-01 9.999989999858918122e-01 9.999990000062525253e-01 9.999989955065177183e-01 9.999987370077808579e-01 9.999990001950691543e-01 9.999990001574295961e-01 9.999984555077826576e-01 9.999989999999934209e-01 9.999989998491891630e-01 9.999989999127417706e-01 9.999989999854496103e-01
7.854679362504220080e+03 5.277729207243234176e-04 2.432907040769903643e-05 1.313651980921375639e-01 9.999989999947219710e-01 9.999989999854735911e-01 9.999989999816512043e-01 9.999989988096704696e-01 9.999989491435153921e-01 9.999990001162809561e-01 9.999989989813432567e-01 9.999984709199625232e-01 9.999989999999862045e-01 9.999990000278484725e-01 9.999990000222636066e-01 9.999990000171484761e-01
7.904679362504220080e+03 1.420156761244787368e-03 2.437850047314870505e-05 1.492524522962208056e-01 9.999989999944328689e-01 9.999989999907048510e-01 9.999990000029731485e-01 9.999989997413262222e-01 9.999989627469106912e-01 9.999990000137688462e-01 9.999989990365379944e-01 9.999984866793769633e-01 9.999989999999551182e-01 9.999990000417903202e-01 9.999990000363514486e-01 9.999990000539416002e-01
7.954679362504220080e+03 1.340820113591050845e-04 1.042408106739725835e-05 3.022885714359878073e-01 9.999989999927912931e-01 9.999990000317718897e-01 9.999989997306087952e-01 9.999989999526316398e-01 9.999989592225434487e-01 9.999990000352015906e-01 9.999989999509756311e-01 9.999986861323825194e-01 9.999990003539803718e-01 9.999989909277174904e-01 9.999989949852017279e-01 9.999989975978742507e-01
8.004679362504220080e+03 7.207000417644540994e-05 1.052545297469404286e-05 3.107936373812849040e-01 9.999989999949762121e-01 9.999989999970750887e-01 9.999989998155714988e-01 9.999989999229242921e-01 9.999989327469128719e-01 9.999989980986281335e-01 9.999990000000017476e-01 9.999990000740894835e-01 9.999989998450622419e-01 9.999989998053647744e-01 9.999989997974048084e-01 9.999989997900365912e-01
8.054679362504220080e+03 6.253903140259430265e-05 1.031280640514162223e-05 4.368973566500283234e-01 9.999989999974921995e-01 9.999989999870898538e-01 9.999989999106663197e-01 9.999989999342450142e-01 9.999989266234128316e-01 9.999989708647020192e-01 9.999990000024169268e-01 9.999990001307402787e-01 9.999989999087117720e-01 9.999989998898183297e-01 9.999989998926299695e-01 9.999989998874002639e-01
8.104679362504220080e+03 5.128383780846396578e-05 1.020314466075132118e-05 4.921285937804120714e-01 9.999989999968990073e-01 9.999990000061090845e-01 9.999989972923797321e-01 9.999990001939709217e-01 9.999989566805854713e-01 9.999989287162267537e-01 9.999989999999979728e-01 9.999990001341517720e-01 9.999989996946611059e-01 9.999989996478665377e-01 9.999989996886288202e-01 9.999989996873179798e-01
8.154679362504220080e+03 4.589941082655518007e-03 2.861641785354262837e-05 2.158602581081706384e-01 9.999989999966482079e-01 9.999989999833021059e-01 9.999989987745461217e-01 9.999990000874063867e-01 9.999990001091149106e-01 9.999989354562363042e-01 9.999989246747783556e-01 9.999990000953954405e-01 9.999989998735330232e-01 9.999989993296121149e-01 9.999989990371170867e-01 9.999989988374060612e-01
8.204679362504219171e+03 3.132176024200138500e-05 1.402387058617668210e-05 2.279862754979623540e-01 9.999989999971086174e-01 9.999990000058643913e-01 9.999989992515858628e-01 9.999990003621601620e-01 9.999990001344147839e-01 9.999989275142294742e-01 9.999989996837517214e-01 9.999990000227363396e-01 9.999989998445660833e-01 9.999989997302586309e-01 9.999989997254254970e-01 9.999989997148608367e-01
8.254679362504219171e+03 3.771010676601291040e-03 2.676402215538417932e-05 2.610948055388790934e-01 9.999989999972548338e-01 9.999990000076206531e-01 9.999989997121928598e-01 9.999990000313847549e-01 9.999990001364681413e-01 9.999989170023502183e-01 9.999989620218854292e-01 9.999990000062094486e-01 9.999990000960949921e-01 9.999990000651822752e-01 9.999990000670359036e-01 9.999990000688951941e-01
8.304679362504219171e+03 3.758636815694413151e-03 3.188794277546087055e-05 2.342287734593997417e-01 9.999989999986569345e-01 9.999990000761856956e-01 9.999990000517033906e-01 9.999989998371044964e-01 9.999989984076347316e-01 9.999989025319633296e-01 9.999989253019452295e-01 9.999990002178461568e-01 9.999990000814057423e-01 9.999990000220886355e-01 9.999989999072718128e-01 9.999989998031398875e-01
8.354679362504219171e+03 3.535286587365510727e-04 8.481446683875110311e-04 3.093461826664232750e-01 9.999989999990951395e-01 9.999989996420032279e-01 9.999990001375566040e-01 9.999989999567967525e-01 9.999990002041970749e-01 9.999989222629467323e-01 9.999989939332195599e-01 9.999989989462969575e-01 9.999989998375996558e-01 9.999990000133119894e-01 9.999990000640854859e-01 9.999990000671759027e-01
8.404679362504219171e+03 1.121670696965183659e-03 4.986407378043927752e-03 2.607531609868180555e-01 9.999989999964877807e-01 9.999989937916198279e-01 9.999990001986431842e-01 9.999989059803910951e-01 9.999990013339524753e-01 9.999989999074856417e-01 9.999990012367981906e-01 9.999989997412712661e-01 9.999989992041317111e-01 9.999989993858789949e-01 9.999989994507599844e-01 9.999989994473611477e-01
8.454679362504219171e+03 1.650627063742883581e-03 6.645132863265039956e-03 2.805934582368039276e-01 9.999990000123955003e-01 9.999989992404810790e-01 9.999989999693218445e-01 9.999989590844375886e-01 9.999989889100211471e-01 9.999989732504926954e-01 9.999990002543164280e-01 9.999990001933980466e-01 9.999990002154149904e-01 9.999990002208060114e-01 9.999990002167405967e-01 9.999990002022322022e-01
8.504679362504219171e+03 1.332417778426576039e-03 4.685306376579776236e-03 3.115231449530805885e-01 9.999989999984360001e-01 9.999989997443836653e-01 9.999989999248100059e-01 9.999989695032469594e-01 9.999989999732447066e-01 9.999989995887785810e-01 9.999990002208100082e-01 9.999989991494040442e-01 9.999989990983779720e-01 9.999989992105952075e-01 9.999989994157882922e-01 9.999989991746510709e-01
8.554679362504219171e+03 1.097666911503496776e-03 3.427788531082408708e-03 3.433926387154330739e-01 9.999989999977065835e-01 9.999989989091125908e-01 9.999987620593538962e-01 9.999989888437326169e-01 9.999989979898082915e-01 9.999989972178341402e-01 9.999990001336817036e-01 9.999989974302125884e-01 9.999989978562627835e-01 9.999989980664423239e-01 9.999989972850692466e-01 9.999989980769481424e-01
8.604679362504219171e+03 8.901735223602292527e-04 2.587853893798205355e-03 3.781630151074992230e-01 9.999989999784228978e-01 9.999990001471991130e-01 9.999988429129604839e-01 9.999989945783938072e-01 9.999989501276521642e-01 9.999988062409310707e-01 9.999989948690178876e-01 9.999989941359873624e-01 9.999989942771855267e-01 9.999989959798893935e-01 9.999989976510390566e-01 9.999989977758869664e-01
8.654679362504219171e+03 5.926616000636733073e-04 2.934017443792300787e-03 9.997243235382435866e-01 9.999989905472339569e-01 9.999990006147274624e-01 9.999990006548536980e-01 9.999989989141561120e-01 9.999989985665943548e-01 9.999989978617802588e-01 9.999989952799249737e-01 9.999989960873295614e-01 9.999989968604618973e-01 9.999989982373550523e-01 9.999989982008511413e-01 9.999989975122953734e-01
8.704679362504219171e+03 5.164053925942259544e-04 1.521617731764643520e-03 5.187657327784562789e-01 9.999990000334710860e-01 9.999989993000965027e-01 9.999989990414104302e-01 9.999989999936618190e-01 9.999989364233329292e-01 9.999989632535780659e-01 9.999989774353703620e-01 9.999989848759857081e-01 9.999989871033951871e-01 9.999989942554176059e-01 9.999989958679352808e-01 9.999989958802688594e-01
8.754679362504219171e+03 2.857296766951249309e-04 4.359809836453464732e-04 9.991435259086550724e-01 9.999989997472664705e-01 9.999989779174190963e-01 9.999990000911528343e-01 9.999989999716014655e-01 9.999989998970135741e-01 9.999989930052424203e-01 9.999989928606545231e-01 9.999989927722351402e-01 9.999989867281966482e-01 9.999989898998006277e-01 9.999989885606110906e-01 9.999989862732884260e-01
8.804679362504219171e+03 2.821296307591960087e-04 4.134876423650071407e-04 9.998008118950987289e-01 9.999989999637288740e-01 9.999989685765160452e-01 9.999989999786113026e-01 9.999989981607392275e-01 9.999990001154743791e-01 9.999990000185057237e-01 9.999990000200591478e-01 9.999989999739665736e-01 9.999990000043736948e-01 9.999989998314900985e-01 9.999989997587891422e-01 9.999989997368793349e-01
8.854679362504219171e+03 2.906515693227210259e-04 4.408359812212313722e-04 9.999871939299337376e-01 9.999973548828151593e-01 9.999989645717645148e-01 9.999989997171547795e-01 9.999989996943967618e-01 9.999989940039195613e-01 9.999989925993331141e-01 9.999989927094327102e-01 9.999989926602017576e-01 9.999989926244665650e-01 9.999989926619634595e-01 9.999989924839240985e-01 9.999989918863551042e-01
8.904679362504219171e+03 2.801491930784546906e-04 4.114715841879302400e-04 9.999921898475584436e-01 9.999975645217860087e-01 9.999989596158570526e-01 9.999989999999998602e-01 9.999990000000101853e-01 9.999989887637900088e-01 9.999989864937572914e-01 9.999989869149754629e-01 9.999989870157766081e-01 9.999989872180798933e-01 9.999989875638205516e-01 9.999989877704026364e-01 9.999989872361013665e-01
8.954679362504219171e+03 2.628324055229615719e-04 3.750405239249612367e-04 9.999961068411115095e-01 9.999982891432779297e-01 9.999989563330343723e-01 9.999989999999994161e-01 9.999989999999950863e-01 9.999989916859414185e-01 9.999989896761024566e-01 9.999989899015088168e-01 9.999989899136858540e-01 9.999989896083628649e-01 9.999989898139245437e-01 9.999989898957127865e-01 9.999989894173512139e-01
9.004679362504219171e+03 2.264385747863592992e-04 3.443143024322882213e-04 9.999970025067584922e-01 9.999984099314205288e-01 9.999989551462273862e-01 9.999990000000219537e-01 9.999990000000110735e-01 9.999989916448395189e-01 9.999989903557708892e-01 9.999989906701072240e-01 9.999989907618442864e-01 9.999989907850226345e-01 9.999989910633734214e-01 9.999989912115453405e-01 9.999989907652362398e-01
9.054679362504219171e+03 3.201857260507731039e-05 3.246493622199203327e-04 9.999956190356537045e-01 9.999981225418480557e-01 9.999989547704354331e-01 9.999990000000169577e-01 9.999989999989917777e-01 9.999986597032364255e-01 9.999987479303789062e-01 9.999987568703062601e-01 9.999987110299464188e-01 9.999985939074487185e-01 9.999983546275431623e-01 9.999981366697546781e-01 9.999978633854813559e-01
9.104679362504219171e+03 1.029186006867266299e-04 2.982089150518928210e-04 9.999968321559156159e-01 9.999984749006880502e-01 9.999989481564042215e-01 9.999989557330428713e-01 9.999989250864648183e-01 9.999989940579463443e-01 9.999989937977302734e-01 9.999989941520298631e-01 9.999989939439015707e-01 9.999989926408432428e-01 9.999989911232757267e-01 9.999989892695622107e-01 9.999989844744915368e-01
9.154679362504219171e+03 8.534811802418353554e-05 2.870985036725308285e-04 9.999925545960607343e-01 9.999981596944430562e-01 9.999983981267953626e-01 9.999984469079458149e-01 9.999984888557768015e-01 9.999987940868489966e-01 9.999986331171457632e-01 9.999986173490569286e-01 9.999986072759993183e-01 9.999985448706576463e-01 9.999985692896270484e-01 9.999985799693381638e-01 9.999985677475718981e-01
9.204679362504219171e+03 6.089815834001796222e-05 2.819549377387949854e-04 9.999966970061237026e-01 9.999986284364908995e-01 9.999986778996142744e-01 9.999987285773707102e-01 9.999989469688420618e-01 9.999989612018995722e-01 9.999989597924928697e-01 9.999989593519265085e-01 9.999989580529320410e-01 9.999989549502692476e-01 9.999989558225917952e-01 9.999989558847830473e-01 9.999989540828179146e-01
9.254679362504219171e+03 4.734243957026794305e-05 2.808073913757233304e-04 9.999973233631914704e-01 9.999986985017526031e-01 9.999987306716418001e-01 9.999987667093873656e-01 9.999989615749377281e-01 9.999989882323234713e-01 9.999989883835004312e-01 9.999989885861982897e-01 9.999989885566952230e-01 9.999989885384564792e-01 9.999989887889366713e-01 9.999989890831921802e-01 9.999989887851595816e-01
9.304679362504219171e+03 3.919752510211813669e-05 2.851011221273792341e-04 9.999976578930834803e-01 9.999987408743407080e-01 9.999987590607237742e-01 9.999987878976638322e-01 9.999989773795254777e-01 9.999989898039554070e-01 9.999989899958765527e-01 9.999989902023835864e-01 9.999989902238969330e-01 9.999989903023914772e-01 9.999989905611923469e-01 9.999989909073851990e-01 9.999989906752716484e-01
9.354679362504219171e+03 3.412548028028832079e-05 2.949851533893457084e-04 9.999978940286161633e-01 9.999987759374838747e-01 9.999987805365213589e-01 9.999988013998447611e-01 9.999989916930696054e-01 9.999989916177129956e-01 9.999989917432242637e-01 9.999989918962115532e-01 9.999989919092902024e-01 9.999989919744189937e-01 9.999989921402587800e-01 9.999989924374462769e-01 9.999989922486005600e-01
9.404679362504219171e+03 3.113537605089133979e-05 3.060189647700185095e-04 9.999979867137148704e-01 9.999987495989801634e-01 9.999987526347379196e-01 9.999987743778283589e-01 9.999989942038287616e-01 9.999989929659806043e-01 9.999989930620075684e-01 9.999989931910927554e-01 9.999989932270778592e-01 9.999989933465183167e-01 9.999989934561767102e-01 9.999989936989109873e-01 9.999989935667453755e-01
9.454679362504219171e+03 2.902753879778991109e-05 3.081211345991239064e-04 9.999976697443803131e-01 9.999987017444317283e-01 9.999987683997110244e-01 9.999988114487204927e-01 9.999989907610080664e-01 9.999989943622078492e-01 9.999989945354810228e-01 9.999989946865553980e-01 9.999989947799453605e-01 9.999989949579307646e-01 9.999989950449895693e-01 9.999989952646858304e-01 9.999989952023037310e-01
9.504679362504219171e+03 3.300343495525317274e-05 5.601534903668442186e-04 9.999983118289340611e-01 9.999987747446821285e-01 9.999987838122758044e-01 9.999988019209340440e-01 9.999988997888470399e-01 9.999975618225412921e-01 9.999976294707382252e-01 9.999977032109804709e-01 9.999977629256500133e-01 9.999978026993249225e-01 9.999978641258807643e-01 9.999979473313521661e-01 9.999978951292842755e-01
9.554679362504219171e+03 6.045012910204749026e-03 1.709442054530615086e-03 9.999986906658296926e-01 9.999988667564659872e-01 9.999988468557932109e-01 9.999986327905263650e-01 9.999808359496913379e-01 9.999769323108913532e-01 9.999968466298994052e-01 9.999962102985782142e-01 9.999962361351958373e-01 9.999963783919189053e-01 9.999964534028584762e-01 9.999960344862530714e-01 9.999940374578362157e-01
9.604679362504219171e+03 9.926416173571201221e-03 4.390660234503932120e-05 9.999978848032554657e-01 9.999985168992439055e-01 9.999985570024352288e-01 9.999985615631038494e-01 9.999865815299566751e-01 9.999772288285120325e-01 9.999980814309925581e-01 9.999980166257131931e-01 9.999979090430857198e-01 9.999971395764645221e-01 9.999974098290634883e-01 9.999974976090080236e-01 9.999971301969590165e-01
9.654679362504219171e+03 1.288846601500216781e-04 1.206015711224032311e-03 9.999989999862778367e-01 9.999989054223084040e-01 9.999989220343734608e-01 9.999989333971415206e-01 9.999976247436447307e-01 9.999946621685950054e-01 9.999946401336854418e-01 9.999946747095392885e-01 9.999949069728528706e-01 9.999953441993790770e-01 9.999955641826971942e-01 9.999957315936726099e-01 9.999952555794103803e-01
9.704679362504219171e+03 9.766862922942808403e-04 2.224183742477332457e-03 9.999989999802922913e-01 9.999989961597489652e-01 9.999989963192361664e-01 9.999989970085417790e-01 9.999820979281041078e-01 9.999907408699153510e-01 9.999928680977800965e-01 9.999931164635057490e-01 9.999938014853927415e-01 9.999947692331174753e-01 9.999948497326407448e-01 9.999949231262417193e-01 9.999944433364420515e-01
9.754679362504219171e+03 1.201714816864114755e-03 6.957280135413024258e-03 9.999989999943087460e-01 9.999989960667212685e-01 9.999989976221942412e-01 9.999989972305841635e-01 9.999787174858434380e-01 9.999901941315901821e-01 9.999946506154233639e-01 9.999946308396352457e-01 9.999950081541899571e-01 9.999955051566445929e-01 9.999957179195049228e-01 9.999958292136554849e-01 9.999953926786662173e-01
9.804679362504219171e+03 1.000078803737387838e-05 2.750142008277707203e-02 9.999989999845831923e-01 9.999989999929063123e-01 9.999989999951148789e-01 9.999989998459168916e-01 9.999795190588623983e-01 9.999926210697887008e-01 9.999942054272608072e-01 9.999943226691011544e-01 9.999948570739803921e-01 9.999955118998419268e-01 9.999955717313691039e-01 9.999956180653144511e-01 9.999951005531092507e-01
9.854679362504219171e+03 9.999517964768535951e-06 3.480977058166227073e-02 9.999989999874727697e-01 9.999989999910103844e-01 9.999989999940653851e-01 9.999989999167260279e-01 9.999820948788392672e-01 9.999942926460353432e-01 9.999945558142541158e-01 9.999946537673222169e-01 9.999950816488697436e-01 9.999956493530013368e-01 9.999956918838813769e-01 9.999957569937666380e-01 9.999953438213379231e-01
9.904679362504219171e+03 1.000037235445646636e-05 4.509341620636148767e-02 9.999989999881295777e-01 9.999989999916510941e-01 9.999989999946106156e-01 9.999989999848515332e-01 9.999985047238187930e-01 9.999929603349391183e-01 9.999930062509537754e-01 9.999939604206169452e-01 9.999952984969905367e-01 9.999944856256712811e-01 9.999951647156527512e-01 9.999954305624497719e-01 9.999949102234836351e-01
9.954679362504219171e+03 1.000023072238265544e-05 6.334375247064197301e-02 9.999990000255534195e-01 9.999989999817462394e-01 9.999989999807236130e-01 9.999989999770342308e-01 9.999978039306811617e-01 9.999913602780126087e-01 9.999919738003022474e-01 9.999922271224250814e-01 9.999930576105909852e-01 9.999941670747011235e-01 9.999940262069603181e-01 9.999940998524715630e-01 9.999934816999990206e-01
1.000467936250421917e+04 1.000014734721260622e-05 7.208155642518492001e-02 9.999989999957824560e-01 9.999989999976972577e-01 9.999989999953468045e-01 9.999989999951681696e-01 9.999973278701528301e-01 9.999901133411721599e-01 9.999915753223975745e-01 9.999919403006634067e-01 9.999928366142806224e-01 9.999939567066675750e-01 9.999938022598636733e-01 9.999938979872704525e-01 9.999932212889621752e-01
1.005467936250421917e+04 1.000014722838044483e-05 8.039744743215319900e-02 9.999989999906097049e-01 9.999989999905761762e-01 9.999989999854284051e-01 9.999989999884140168e-01 9.999969627019528184e-01 9.999896142483295503e-01 9.999915328574442430e-01 9.999918926937810815e-01 9.999927663173997505e-01 9.999938413919012836e-01 9.999936976509509190e-01 9.999938034497920514e-01 9.999932310558299342e-01
1.010467936250421917e+04 9.999150873100444453e-06 8.054713838422007666e-02 9.999989999968085241e-01 9.999990000212665153e-01 9.999990000230452036e-01 9.999989999927375584e-01 9.999970092290658696e-01 9.999900393739787896e-01 9.999916918757940643e-01 9.999920255889833687e-01 9.999928678803789994e-01 9.999938791503699687e-01 9.999937286210390797e-01 9.999938404016051052e-01 9.999932464895787687e-01
1.015467936250421917e+04 8.702029077270586610e-01 9.995727123345294896e-01 9.999988867035057849e-01 9.999986400097515826e-01 9.999666537250249121e-01 9.999933159580791653e-01 9.999908072416299198e-01 9.999931322648106802e-01 9.999932200007186633e-01 9.999937333810863249e-01 9.999944344410175434e-01 9.999953087857211820e-01 9.999954530487704663e-01 9.999947779490988564e-01 9.999892725451005049e-01
1.020467936250421917e+04 2.806974425202803380e-01 5.317003788160836741e-01 9.999989968442396515e-01 9.979469443701182163e-01 9.999989898011072409e-01 9.999980796073641987e-01 9.999603122526461441e-01 9.999962035237928148e-01 9.999956169167685260e-01 9.999947972324423340e-01 9.999941861874929172e-01 9.999944008585874844e-01 9.999943810377225351e-01 9.999943636240600231e-01 9.999901629687304450e-01
1.025467936250421917e+04 4.112975772335862867e-01 9.999989999969017829e-01 9.999989988489127457e-01 9.999990000694165548e-01 9.999990000201544049e-01 9.999989973159383316e-01 9.999974698837224008e-01 9.999962270689074506e-01 9.999962058198297310e-01 9.999961659750747911e-01 9.999961712834042338e-01 9.999962849143424481e-01 9.999961580109463233e-01 9.999956129131929439e-01 9.999866895994540261e-01
1.030467936250421917e+04 6.380944384040045936e-01 9.999990000018982306e-01 9.999989995623921324e-01 9.999990001873340084e-01 9.999990001457081945e-01 9.999989985538452197e-01 9.999842205117375205e-01 9.999929666500921854e-01 9.999932220771835523e-01 9.999935325603722669e-01 9.999939928869545636e-01 9.999945007931605456e-01 9.999944950572118296e-01 9.999946547898774796e-01 9.999941507358143244e-01
1.035467936250421917e+04 6.009354564558019307e-01 9.999989999971845567e-01 9.999989989998676609e-01 9.999989996601432729e-01 9.999989989193724949e-01 9.999989986984166856e-01 9.999822977850308936e-01 9.999934387200603014e-01 9.999937032072518939e-01 9.999937695920233516e-01 9.999941631012655430e-01 9.999946267360187990e-01 9.999946967974505663e-01 9.999948841789018106e-01 9.999945396031804101e-01
1.040467936250421917e+04 8.577884366637182900e-01 4.519633731937943155e-01 5.377224344850765059e-01 4.491195679056416146e-01 2.450547586283532142e-01 9.707213015583998628e-01 9.166995710575686074e-01 9.999003321817419021e-01 9.999148715089160033e-01 9.999683510847209300e-01 9.999811817104827805e-01 9.999874560934460810e-01 9.999885645899487807e-01 9.999880655995796452e-01 9.999275974002445055e-01
1.045467936250421917e+04 9.999705189468965916e-01 9.999653092892138995e-01 9.999555735246155042e-01 9.836011286305724743e-01 9.998817955689334180e-01 9.982662349505028176e-01 9.982498527234053842e-01 9.981512105598159268e-01 9.999019872062233638e-01 9.980210047150477326e-01 9.977871024309608039e-01 9.973416103943762989e-01 9.995438784436615487e-01 9.966022709055261108e-01 9.956682057834517208e-01
1.050467936250421917e+04 9.999848140609004510e-01 9.999841099961868096e-01 9.999989981811002737e-01 9.991645914928112271e-01 9.999956230781150701e-01 9.999332752152623183e-01 9.999342269587184751e-01 9.999242303649124031e-01 9.999897799418629996e-01 9.998988323700435110e-01 9.998957136746201568e-01 9.998853329054412375e-01 9.999843497323159802e-01 9.998233706910598650e-01 9.997575767814462777e-01
1.055467936250421917e+04 9.999905104194954930e-01 9.999891059661156767e-01 9.999989999621232695e-01 9.998720895437622769e-01 9.999871530327909541e-01 9.999600412190627896e-01 9.999680232418534098e-01 9.999654140671697666e-01 9.999678279395309843e-01 9.999614365619322598e-01 9.999630492541402571e-01 9.999616344286036407e-01 9.999574821562940974e-01 9.999329785154037475e-01 9.999233986383168071e-01
1.060467936250421917e+04 9.999941208414137028e-01 9.999893514117905724e-01 9.999989913877160852e-01 9.999947699839334403e-01 9.999891257220006047e-01 9.999865029245676995e-01 9.999885516893712856e-01 9.999889073204374368e-01 9.999892175753329893e-01 9.999869185835725816e-01 9.999878716265777623e-01 9.999877736154649810e-01 9.999843403941653941e-01 9.999683271658451611e-01 9.999679398563600108e-01
1.063307177920422146e+04 9.997573908503093465e-01 9.999718000747354063e-01 9.999989891936977848e-01 9.999975738748034804e-01 9.999973245467651539e-01 9.999973630823704163e-01 9.999973043064218636e-01 9.999921318178958130e-01 9.999913645528996087e-01 9.999915859788098826e-01 9.999914396818959661e-01 9.999915498267533120e-01 9.999911072610083718e-01 9.999783369157743129e-01 9.999803267217984848e-01
1.063308427920422218e+04 9.997948233048128408e-01 9.999883525302963871e-01 9.999989924730421365e-01 9.999976498767294553e-01 9.999974583358545166e-01 9.999973080120985180e-01 9.999965933334971080e-01 9.999921736545572815e-01 9.999915206220585384e-01 9.999916574860955309e-01 9.999915101255602012e-01 9.999913149534606083e-01 9.999895885894583003e-01 9.999795779978600807e-01 9.999822409603543738e-01
1.063318427920422255e+04 9.999950491744569181e-01 9.999982112306738946e-01 9.999989923842844686e-01 9.999977970241713532e-01 9.999975682793232901e-01 9.999965179695397000e-01 9.999941922941525396e-01 9.999917934993437507e-01 9.999917099858247616e-01 9.999913022431138332e-01 9.999902983884965124e-01 9.999880409672060599e-01 9.999853539904434152e-01 9.999848807848703558e-01 9.999878691210296600e-01
1.068344263002355001e+04 9.999989818754945192e-01 9.999972569903715636e-01 9.999989967010572967e-01 9.999595761048439835e-01 9.999976534028358621e-01 9.999929338766757603e-01 9.999937601039001756e-01 9.999940527398993861e-01 9.999948271651539766e-01 9.999929434544319040e-01 9.999930058920579734e-01 9.999936418558034168e-01 9.999941671623970851e-01 9.999755233108851282e-01 9.999789265584997366e-01
1.073472093169219625e+04 9.999989999784401062e-01 9.999975405472683043e-01 9.999989947104148680e-01 9.999922530639669960e-01 9.999947279603096373e-01 9.999945697902221653e-01 9.999946776170216545e-01 9.999946831838473216e-01 9.999951753298824686e-01 9.999944531472372278e-01 9.999937658848653266e-01 9.999934738196599726e-01 9.999927219131926615e-01 9.999821745901346093e-01 9.999832608670354839e-01
1.077990627146975748e+04 9.999987726593870807e-01 9.999967203402750915e-01 9.999989910883190225e-01 9.999885007937299175e-01 9.999918835245106274e-01 9.999910595492705889e-01 9.999920079926574168e-01 9.999918274513638350e-01 9.999920499897336779e-01 9.999924437824641021e-01 9.999926882250014248e-01 9.999927990857463422e-01 9.999922827159934968e-01 9.999862501348301125e-01 9.999839873097688958e-01
1.078016425987125876e+04 9.999989907092490249e-01 9.999969384157172403e-01 9.999989909955218081e-01 9.999885729413598989e-01 9.999918403737677597e-01 9.999910455881247939e-01 9.999919837764756902e-01 9.999918236334666144e-01 9.999920711682287466e-01 9.999924870418417377e-01 9.999927450762579051e-01 9.999928464071958789e-01 9.999923738022692410e-01 9.999864009076947502e-01 9.999839827852773366e-01
1.147366347586721349e+04 9.999979377006498193e-01 9.999943909271018505e-01 9.999989800387401040e-01 9.999904047461672940e-01 9.999921723110899441e-01 9.999916897894517431e-01 9.999925245587290012e-01 9.999923736106179906e-01 9.999924286672170481e-01 9.999926180941743903e-01 9.999927323340208618e-01 9.999929127997114753e-01 9.999923787809424924e-01 9.999922845329419774e-01 9.999837826571665866e-01
1.147367597586721422e+04 9.999963078273675920e-01 9.999950481365819099e-01 9.999989819390169288e-01 9.999902128713981098e-01 9.999922052764456115e-01 9.999918431121778140e-01 9.999925613917914902e-01 9.999924343462459619e-01 9.999924975536960137e-01 9.999926722365810594e-01 9.999927725073598506e-01 9.999928438069958236e-01 9.999923245235280422e-01 9.999917606774610945e-01 9.999847840589369818e-01
1.147377597586721458e+04 9.999895052451367450e-01 9.999939663074363105e-01 9.999989818741427117e-01 9.999897842488368882e-01 9.999921751621941857e-01 9.999918983703559583e-01 9.999924533215768241e-01 9.999924170746108398e-01 9.999925725983379587e-01 9.999926747781355818e-01 9.999926937473799793e-01 9.999924591535890306e-01 9.999913092683460070e-01 9.999893883305305264e-01 9.999867891941435216e-01
1.178942524344550839e+04 9.999970137819377269e-01 9.999955874061945416e-01 9.999989703704973421e-01 9.999872101513104239e-01 9.999963926315182938e-01 9.999964787358701646e-01 9.999922784656375407e-01 9.999933999715899802e-01 9.999932693371361703e-01 9.999933507847774683e-01 9.999934262640711724e-01 9.999935172275350448e-01 9.999927680937518160e-01 9.999923337040335092e-01 9.999834227911251761e-01
1.268942524344550839e+04 9.999915241474914840e-01 9.999945172645958724e-01 9.999819945002003108e-01 9.999934508486282292e-01 9.999906949701667935e-01 9.999897332700083963e-01 9.999906270152408849e-01 9.999913465507482835e-01 9.999913900175386727e-01 9.999917455503239960e-01 9.999924812043996525e-01 9.999935326093043475e-01 9.999936817673862333e-01 9.999937051268047439e-01 9.999930654631605798e-01
1.358942524344550839e+04 9.999902683897224920e-01 9.999783596609056469e-01 9.999784884381575090e-01 9.999941353289792945e-01 9.999911411499494696e-01 9.999901079597134368e-01 9.999911070289890791e-01 9.999919122186100573e-01 9.999921789160711727e-01 9.999924358348278863e-01 9.999929237943779858e-01 9.999938326538064803e-01 9.999939549966875285e-01 9.999940051874897096e-01 9.999936533668110084e-01
1.448942524344550839e+04 9.999894112018756775e-01 9.999895456866532140e-01 9.999893804659807373e-01 9.999935396233389229e-01 9.999927458102829680e-01 9.999915464241524443e-01 9.999919270563470963e-01 9.999924540013280794e-01 9.999927127674835825e-01 9.999929280705097678e-01 9.999932807681004565e-01 9.999940171600528727e-01 9.999941765392564852e-01 9.999942387141675937e-01 9.999939265514752318e-01
1.538942524344550839e+04 9.999899814887005522e-01 9.999902541728656891e-01 9.999904712429338316e-01 9.999939048244079753e-01 9.999935741589925930e-01 9.999927783156808969e-01 9.999929460724925612e-01 9.999931701788702387e-01 9.999931425420681697e-01 9.999932507602666831e-01 9.999935458423440116e-01 9.999941987778009356e-01 9.999942668717382022e-01 9.999943080987521160e-01 9.999940702712647456e-01
1.628942524344550839e+04 9.999920880522090716e-01 9.999931664712643498e-01 9.999952241668591535e-01 9.999946650124800218e-01 9.999947215943005840e-01 9.999945546963339149e-01 9.999945727356255309e-01 9.999945524384351581e-01 9.999947777488923384e-01 9.999948711496680076e-01 9.999949121240485628e-01 9.999951144625252031e-01 9.999952781211406405e-01 9.999953481198675664e-01 9.999952248861752047e-01
1.718942524344550839e+04 9.999824727585141515e-01 9.999857583374163195e-01 9.999951977722790764e-01 9.999951266553820384e-01 9.999951069220496258e-01 9.999949120046414119e-01 9.999948634276656367e-01 9.999948612391823533e-01 9.999950550886177458e-01 9.999951365904314882e-01 9.999951741388405368e-01 9.999953423715360890e-01 9.999954912474137148e-01 9.999955555681415698e-01 9.999954778075872408e-01
1.808942524344550839e+04 9.999789625314924324e-01 9.999807941750992191e-01 9.999831875108307067e-01 9.999938025091307248e-01 9.999905455062434445e-01 9.999894613798295806e-01 9.999914784277816882e-01 9.999924013610673734e-01 9.999924937658577484e-01 9.999928576757893817e-01 9.999933381206089766e-01 9.999941579451869789e-01 9.999942529556575810e-01 9.999943956796940592e-01 9.999941748973120159e-01
1.898942524344550839e+04 9.999765611367215090e-01 9.999778234495100282e-01 9.999726579855376940e-01 9.999914323001150018e-01 9.999853230921952330e-01 9.999867610534046714e-01 9.999874748379170564e-01 9.999869745217517814e-01 9.999877363965200550e-01 9.999875149190317059e-01 9.999873973393297311e-01 9.999860239563209685e-01 9.999826562692536447e-01 9.999754781139698068e-01 9.999717107489235479e-01
1.988942524344550839e+04 9.999990000574110471e-01 9.999968172866259275e-01 9.996029806181361277e-01 9.999696311752032107e-01 9.999415208700270785e-01 9.999419972921036459e-01 9.999388693710775655e-01 9.999355053783611780e-01 9.999487210423434469e-01 9.999254143226233849e-01 9.999270799684771838e-01 9.999230945702781703e-01 9.999209990543787008e-01 9.998453690977130437e-01 9.998433050917872045e-01
2.078192524344550839e+04 9.997998051654320983e-01 9.983762755064554684e-01 9.996197901466723490e-01 9.999703755925414272e-01 9.999493078626215947e-01 9.999483160494535561e-01 9.999481888978312139e-01 9.999477278957287218e-01 9.999581976544682504e-01 9.999434408612188907e-01 9.999491264744404528e-01 9.999499000833047546e-01 9.999490618980035883e-01 9.999164571560594794e-01 9.999090635012188866e-01
2.168192524344550839e+04 9.998854092409145133e-01 9.990151023763695903e-01 9.996277834818445562e-01 9.999770715718639957e-01 9.999556937103053489e-01 9.999585288897862023e-01 9.999576994298859933e-01 9.999567051356960112e-01 9.999618536667417290e-01 9.999501068266246628e-01 9.999509699439043109e-01 9.999478574150225674e-01 9.999451607905026629e-01 9.999107490464794745e-01 9.998935833211912705e-01
2.258192524344550839e+04 9.998833005050589140e-01 9.993471458575738930e-01 9.996454666591471083e-01 9.999760759290280410e-01 9.999520348779198375e-01 9.999544262051905941e-01 9.999527646333551401e-01 9.999512781937275330e-01 9.999580131786456327e-01 9.999431825247652172e-01 9.999445904264163687e-01 9.999414125414634036e-01 9.999387553101173332e-01 9.998940978802187685e-01 9.998803853294955246e-01
2.348192524344550839e+04 9.998765463279538634e-01 9.992587002974939736e-01 9.996047167922370580e-01 9.999756382121598453e-01 9.999520645192770951e-01 9.999540414998748794e-01 9.999525699621133468e-01 9.999511463758294916e-01 9.999582706913424657e-01 9.999435617343567229e-01 9.999446955654338609e-01 9.999408210441674827e-01 9.999392058170039066e-01 9.998976015384043459e-01 9.998799659150000574e-01
2.438192524344550839e+04 9.999230941849600596e-01 9.994631680892950287e-01 9.996652069761636783e-01 9.999833912703147698e-01 9.999564374358308472e-01 9.999625720124585282e-01 9.999602865247678718e-01 9.999595813844239789e-01 9.999628804942981564e-01 9.999532090841540821e-01 9.999542029843712099e-01 9.999520940785420198e-01 9.999466493557994662e-01 9.999109684235333306e-01 9.999000185787734196e-01
2.506192524344550839e+04 9.998970900433817866e-01 9.993714710890843067e-01 9.996358648316332474e-01 9.999775476086194548e-01 9.999523300082199251e-01 9.999553676173135175e-01 9.999535476113888821e-01 9.999521888009341719e-01 9.999581850439812625e-01 9.999443545496138341e-01 9.999455079300595406e-01 9.999424102986047558e-01 9.999396102213542470e-01 9.998992563726009086e-01 9.998874377225850374e-01
