TIME void_Ch1_mesh1 void_Ch1_mesh2 void_Ch1_mesh3 void_Ch1_mesh4 void_Ch1_mesh5 void_Ch1_mesh6 void_Ch1_mesh7 void_Ch1_mesh8 void_Ch1_mesh9 void_Ch1_mesh10 void_Ch1_mesh11 void_Ch1_mesh12 void_Ch1_mesh13 void_Ch1_mesh14 void_Ch1_mesh15 
0.000000000000000000e+00 1.020922045540531437e-05 1.020939673991477373e-05 1.020867647786266864e-05 1.020702648057646202e-05 1.020509683036486925e-05 1.020344925344356262e-05 1.020183053250776713e-05 1.020021132402708830e-05 1.019827788116672738e-05 1.019660471108173081e-05 1.019488203437392042e-05 1.019304267688865686e-05 1.019074343903028167e-05 1.018971230076120074e-05 1.018994900937382174e-05
5.000040000000043960e+01 3.479282747292709033e-01 2.973144544543377399e-01 3.257113988913827307e-01 3.545132437346857901e-01 3.738943659613102044e-01 3.950748930710425433e-01 4.156763092892304390e-01 4.372284390687639077e-01 4.483722681322437897e-01 4.634536751552824074e-01 4.793346896036222438e-01 4.980360230867797444e-01 5.105624228060797742e-01 4.837456716436625004e-01 4.873909758339067810e-01
1.000003999999985922e+02 3.330330480833817997e-01 4.223324273005242546e-02 2.834511773976252091e-01 5.113324582495160087e-01 5.640851572971390393e-01 6.631363978974232909e-01 7.373705166400241762e-01 8.040119048334986029e-01 8.373293984069729579e-01 9.021535104504949665e-01 9.342830884285848736e-01 9.492946871565633993e-01 9.447595346242306791e-01 8.261554601581033719e-01 9.568204701488949304e-01
1.502405034099261059e+02 4.970480111354022568e-01 2.274796130848544817e-01 3.469961892070449472e-01 4.293210776451121813e-01 4.856407156595587971e-01 5.428545884592649307e-01 6.128286034781780245e-01 6.653915789975066719e-01 7.001556608816480454e-01 7.089138909390690912e-01 7.384739381374960665e-01 7.222537727702396104e-01 8.286627498082151932e-01 6.073263614519226472e-01 8.707917127066128193e-01
2.004200391960640388e+02 7.876658344200847539e-01 6.814952751822438426e-01 9.996111182096749648e-01 9.999141376955242855e-01 9.999689808528097190e-01 9.999822543460892277e-01 9.999870968363518964e-01 9.999894733514075318e-01 9.999910195283561176e-01 9.999920638582550092e-01 9.999929357050889589e-01 9.999936232865100916e-01 9.999943480023260056e-01 9.999947607587653664e-01 9.999932468417983555e-01
2.553043625042201370e+02 3.484917323896085219e-04 1.517988110394571802e-03 1.502449686463358644e-04 5.577011338212837718e-03 1.881179536351729464e-01 3.781570997674043033e-01 5.226492368888675522e-01 6.063742278950344788e-01 5.985706305452520581e-01 5.916798275414117958e-01 6.122304288671887029e-01 7.478130080196518925e-01 9.996805093256297958e-01 9.999156644127644711e-01 9.998919493686680982e-01
3.053043625042201370e+02 3.784808144035042648e-04 2.453215739599240268e-04 9.803440912063586456e-05 1.459788035616442145e-03 1.430891332353911027e-01 2.875712447620275003e-01 3.967453946037369783e-01 4.750830713841690534e-01 5.284888263090302685e-01 5.716593194915788878e-01 6.249531553261056249e-01 6.331540101555926947e-01 7.340226836568376489e-01 5.704803871893967537e-01 7.576718629242297220e-01
3.553043625042201370e+02 2.081247549737467832e-04 1.656355453615547394e-04 7.950725216345128944e-05 1.988903724939662698e-05 7.694482310827807647e-02 2.247839201525968222e-01 3.405991055028325110e-01 4.258783605319511611e-01 4.854150274260706222e-01 5.333638100102284785e-01 5.885849190166464462e-01 6.026998983159902457e-01 7.008340777609316508e-01 5.401175446987377393e-01 7.329784552947539167e-01
4.053043625042201370e+02 1.206126326979901534e-04 1.108354744773529070e-04 4.022109389005536445e-05 9.208379042437216003e-05 1.502197410279931256e-01 2.827444354008517569e-01 3.722556313585390075e-01 4.471013720741505160e-01 4.990605487908300608e-01 5.389425271030628961e-01 6.037723627026847506e-01 5.929478829547554231e-01 7.383613636589438922e-01 5.122101165265054989e-01 7.905593498563774357e-01
4.553043625042201370e+02 1.067960521892179795e-04 9.686371282186048172e-05 1.708063491313979295e-05 1.878908347294133002e-02 1.844484327376429977e-01 3.100435542078002760e-01 4.050959896572050578e-01 4.750964890734609147e-01 5.251438287226689594e-01 5.599682147116178399e-01 6.185810599857356484e-01 6.119863083952725713e-01 7.361691737683579984e-01 5.306380732721193150e-01 7.676197172349573661e-01
5.053043625042201370e+02 7.761982828978469101e-05 7.656850409761246457e-05 1.550485996601862226e-05 2.723194498613804027e-02 1.895669566388854810e-01 3.122037731722767662e-01 4.060087118599761125e-01 4.749849025875845787e-01 5.243529155123932695e-01 5.591416811937767184e-01 6.168085264825931002e-01 6.113326005469669200e-01 7.329831439350608102e-01 5.304626101169327423e-01 7.645239938086882958e-01
5.553043625042200802e+02 4.924542840222984898e-05 5.158400850929046677e-05 1.342325639316996010e-05 3.175108746002016508e-02 1.913887577846071497e-01 3.117528524324151284e-01 4.044673714580307444e-01 4.727618192199092295e-01 5.217027708359969207e-01 5.564480461786240895e-01 6.136155779081307049e-01 6.087531233480949489e-01 7.292460744860951305e-01 5.279559025672548866e-01 7.614587536285314373e-01
6.053043625042200802e+02 3.107929865118339892e-05 3.313517332864244125e-05 1.189573729833558669e-05 3.080508904986694121e-02 1.888082478697994948e-01 3.087603288501609144e-01 4.012062995150701417e-01 4.694776283712549514e-01 5.183988561242190984e-01 5.533440414547515784e-01 6.102742896729478339e-01 6.060281320563029039e-01 7.257227319684917966e-01 5.254550976545701024e-01 7.587267374257947727e-01
6.553043625042200802e+02 2.134801800731865145e-05 2.259149027852563405e-05 1.102702115129999515e-05 2.816411883380988065e-02 1.848161503074657042e-01 3.049556959220492969e-01 3.974138849038618693e-01 4.658840970218428579e-01 5.149223462774875637e-01 5.501613325002190358e-01 6.069492832050173980e-01 6.033245597414059747e-01 7.223544501010634722e-01 5.230224314348242975e-01 7.562383028497258186e-01
7.084293625042200802e+02 1.592142824762232296e-05 1.658501204402779421e-05 1.053537103618081563e-05 2.556379678239096079e-02 1.808403206676026942e-01 3.011890458664672199e-01 3.936655603360029176e-01 4.623406845142596922e-01 5.114963837504691302e-01 5.470387791944515410e-01 6.036620321538370693e-01 6.006882319700497241e-01 7.189796771524427088e-01 5.206776194083334586e-01 7.537973597953129268e-01
7.596793625042200802e+02 1.331908408849440463e-05 1.367907545913863140e-05 1.025641751685179177e-05 4.672158189272103412e-02 2.031220711169978432e-01 3.175812483220874505e-01 4.071880055820736311e-01 4.733616944935565285e-01 5.204852409197430196e-01 5.546316162801973038e-01 6.104448687873985646e-01 6.059405472941791215e-01 7.242531794684708979e-01 5.248976335006004801e-01 7.582288700521251368e-01
8.096793625042200802e+02 1.239999360207353871e-05 1.255832585034320596e-05 1.019644610953578199e-05 6.213250898762529006e-02 2.170631197004699864e-01 3.286363058335030063e-01 4.170645634828143433e-01 4.817843610650530128e-01 5.282933871243157276e-01 5.613946464550009230e-01 6.173778208814477697e-01 6.111376869049882643e-01 7.309179761160151667e-01 5.295283678183072551e-01 7.654485309666219095e-01
8.596793625042200802e+02 1.129737053230560166e-03 3.662440821876968055e-04 3.150519690693548343e-05 1.197400335278354100e-01 2.668139960346624928e-01 3.670105465352935803e-01 4.500540698544314155e-01 5.091582395510066972e-01 5.526673798779139224e-01 5.817561127595919368e-01 6.381648657155545301e-01 6.255840496453936028e-01 7.505252419267792741e-01 5.409871950927821471e-01 7.847334464787073527e-01
9.096793625042200802e+02 7.009616528238601929e-03 1.361744925344545365e-03 1.122530778490396985e-04 1.491233898059801666e-01 2.880262403474542210e-01 3.827618595779690991e-01 4.626078760143206292e-01 5.190461473992002972e-01 5.613000695915311145e-01 5.886369388168868344e-01 6.449473917835398806e-01 6.303294225702127385e-01 7.563391662232927803e-01 5.450377091496972914e-01 7.910907665230100250e-01
9.596793625042200802e+02 4.361587985099678148e-03 8.901743047025901774e-04 7.035451058317945274e-05 1.527080657482712822e-01 2.904867152318864054e-01 3.842355011615550819e-01 4.636567078171319189e-01 5.197131479064646120e-01 5.617497995733137239e-01 5.890457660347122593e-01 6.451188170029034108e-01 6.305213750747531432e-01 7.562004368155774703e-01 5.453972997919670496e-01 7.924193049395653610e-01
1.009679362504220080e+03 9.005671059457075146e-04 3.924952471316233544e-04 3.500614632612484488e-05 1.494513514776179830e-01 2.882667843891809634e-01 3.824188485819417505e-01 4.622913713745046560e-01 5.185860525995388270e-01 5.607872064326744344e-01 5.883698358481329604e-01 6.443831826487146364e-01 6.300332180477576927e-01 7.554937919785496003e-01 5.452866306352263104e-01 7.930477414368252154e-01
1.059679362504220080e+03 5.149145636234221278e-04 2.893195771624501155e-04 2.791470409101236188e-05 1.464691504448097092e-01 2.861675600145847098e-01 3.808876919239825853e-01 4.611319607704407186e-01 5.176865537114974103e-01 5.600224186559501494e-01 5.878795131860090617e-01 6.438117992333004524e-01 6.297191667499826284e-01 7.549064622186569817e-01 5.453211165203323274e-01 7.936453279326302068e-01
1.109679362504220080e+03 2.819986513162597071e-04 2.062034681757016750e-04 2.234868363242151231e-05 1.460379291735359186e-01 2.860161415864700962e-01 3.808095738446509171e-01 4.611588134004998563e-01 5.177208515279758672e-01 5.600936025503403526e-01 5.880008546794373014e-01 6.439399981232623027e-01 6.297574006226662746e-01 7.550428454824987812e-01 5.454980077735400723e-01 7.949018265128464655e-01
1.159679362504220080e+03 1.761235335336593989e-04 1.497926688435343681e-04 1.863099501440563298e-05 1.484636726143384877e-01 2.885556643306799174e-01 3.832264779535690669e-01 4.634921496120507634e-01 5.198506274097269841e-01 5.621564876939773026e-01 5.898875435875334805e-01 6.459031426295483991e-01 6.312335194456490939e-01 7.569137280815386726e-01 5.470318158491249694e-01 7.975259998911691239e-01
1.209679362504220080e+03 1.198729595486561829e-04 1.124936604911455499e-04 1.628672117538821945e-05 1.508395414442161298e-01 2.907587492708412213e-01 3.851960841157349158e-01 4.653051961663793312e-01 5.214645610904474760e-01 5.636738283981310715e-01 5.913109589405534106e-01 6.472639096416699100e-01 6.323770207168678548e-01 7.580688321788445760e-01 5.483219922616384689e-01 7.995013518241819162e-01
1.259679362504220080e+03 8.029368376615719132e-05 8.094879710176245530e-05 1.432369549498279256e-05 1.518537432139308863e-01 2.918848238435310383e-01 3.863011239492530335e-01 4.663848529931001741e-01 5.224658805397731642e-01 5.646344341475719730e-01 5.922759581541856555e-01 6.481497838496831365e-01 6.331839524695181964e-01 7.587867716619317582e-01 5.493358888623355307e-01 8.010981214876337075e-01
1.309679362504220080e+03 3.970703293374113645e-04 2.440012567281358582e-04 2.394348487217653240e-05 1.525624289168171777e-01 2.926315681687555736e-01 3.869709657068743924e-01 4.670471648445038149e-01 5.230440992459360894e-01 5.652111714490070105e-01 5.928274291390254191e-01 6.487249820912961429e-01 6.335502865780395787e-01 7.593678427752756921e-01 5.497797359015774710e-01 8.027975906912354631e-01
1.359679362504220080e+03 3.529669413206052526e-04 2.288303801884997038e-04 2.286025731357774757e-05 1.535467558684373290e-01 2.936498722222373736e-01 3.878709450026791572e-01 4.679211876659710723e-01 5.238075395469798945e-01 5.659604896226045900e-01 5.935233661049671428e-01 6.494394567183582323e-01 6.340434069302502973e-01 7.600534191093225589e-01 5.503495575339989454e-01 8.044355538464758038e-01
1.409679362504220080e+03 3.023693054321317125e-04 2.078887371169946523e-04 2.146738827422964174e-05 1.537257378298626798e-01 2.941162382131346509e-01 3.883718436892008019e-01 4.685080687667809163e-01 5.243546625656916316e-01 5.665365556140529169e-01 5.940931310332402404e-01 6.500274599238392570e-01 6.344725863741801364e-01 7.606292315431060214e-01 5.508857236960582604e-01 8.059378057057154932e-01
1.459679362504220080e+03 2.715938163910535416e-04 1.937204638985114916e-04 2.057536494119982710e-05 1.523683929866497810e-01 2.933466088304206854e-01 3.879593289150538582e-01 4.683070168060969873e-01 5.242788532743828389e-01 5.665442711937945797e-01 5.942272262196837129e-01 6.501165480516024608e-01 6.346394137581536921e-01 7.606894750887133183e-01 5.512536142015920237e-01 8.069372556163318944e-01
1.509679362504220080e+03 2.771615975606958561e-04 1.956400978753825937e-04 2.033814022023702685e-05 1.643314751866088441e-01 3.026958855328362730e-01 3.961433716079071354e-01 4.752764643555625890e-01 5.303025755422735577e-01 5.721106692577806463e-01 5.989041552701113158e-01 6.551005459502424744e-01 6.380139075955081340e-01 7.654815022915183453e-01 5.542201666789989822e-01 8.119462043079725966e-01
1.559679362504220080e+03 2.918554609128953510e-04 1.894217151573395451e-04 1.080175199786401457e-03 1.691961048487993780e-01 3.062521322949627312e-01 3.994390167682143611e-01 4.779853570428735376e-01 5.327103652607563244e-01 5.742923783131279603e-01 6.008291851387457250e-01 6.570263123079584933e-01 6.394344237479406834e-01 7.672286374581949175e-01 5.556140700933740462e-01 8.143962778420046345e-01
1.609679362504220080e+03 2.980129898018879725e-04 1.725933322583413565e-04 3.614948691351752393e-05 1.340112659581184085e-01 2.791853498659020438e-01 3.778612276445632023e-01 4.602461207746466054e-01 5.186688399629155732e-01 5.618670703678229073e-01 5.916225130748306027e-01 6.467612673080381791e-01 6.341836031679509711e-01 7.573067074597265025e-01 5.530127345693310881e-01 8.069116919581990066e-01
1.659679362504220080e+03 3.103127338510582424e-04 3.549118353232907393e-05 7.046611394474299947e-03 1.828807630890735003e-01 3.172866202213536768e-01 4.096829964340361618e-01 4.868501217708697260e-01 5.407131489166766558e-01 5.817235989753599679e-01 6.074473893514699130e-01 6.638250273034089766e-01 6.445616484504680388e-01 7.735354119851678423e-01 5.608064769600199506e-01 8.213109537700448159e-01
1.709679362504220080e+03 3.553673125629487639e-04 3.062221329795150506e-05 1.068633386536843415e-02 1.896670279597071351e-01 3.225203228751751805e-01 4.144718773722305682e-01 4.908899700609641314e-01 5.443394899955600330e-01 5.850375445498340321e-01 6.104065697492720988e-01 6.668655712438404937e-01 6.467885957590235879e-01 7.763428993005607737e-01 5.632339308691123314e-01 8.244857171758480652e-01
1.759679362504220080e+03 3.538570329722077654e-04 2.833951537399363155e-05 1.323458247417728419e-02 1.940637130253856923e-01 3.259493773850541398e-01 4.176672699676046707e-01 4.935947078115808795e-01 5.467796289059365655e-01 5.873291297481022522e-01 6.123964439732345610e-01 6.690008776261046064e-01 6.482164087774885397e-01 7.784548623495526343e-01 5.646035305703008822e-01 8.273698681555581302e-01
1.809679362504220080e+03 3.188650040872065294e-04 2.568419640970544173e-05 1.495436324345605916e-02 1.972336273565114262e-01 3.286572572015941662e-01 4.203460320210717915e-01 4.959423247530898582e-01 5.489630938230435353e-01 5.894185294444534984e-01 6.142559265552092196e-01 6.709816783418485198e-01 6.496134056968865256e-01 7.804018647884776172e-01 5.659971462114352647e-01 8.299902061661674768e-01
1.859679362504220080e+03 2.888021625282620659e-04 2.374399994461190064e-05 1.604384124720907231e-02 1.995205052595497852e-01 3.308095680699849606e-01 4.225695493586834051e-01 4.979420325192945307e-01 5.508474423328505454e-01 5.912434176786289797e-01 6.158956134615982680e-01 6.726981668034880402e-01 6.508831075605012728e-01 7.820308807017553043e-01 5.673054666801893298e-01 8.322239106514853768e-01
1.909679362504220080e+03 2.546731553298020459e-04 2.205963356776488175e-05 1.484334511542004069e-02 1.979226039361681178e-01 3.296783409835886691e-01 4.216400006797409450e-01 4.972241151855292807e-01 5.502167073254353724e-01 5.907541779850317143e-01 6.154775545479603815e-01 6.723906261206024082e-01 6.504219624683595935e-01 7.819462440353943666e-01 5.669732495127199901e-01 8.332443540217805422e-01
1.959679362504220080e+03 2.120548430252933853e-04 2.088650107518755388e-05 1.181715125881933372e-02 1.941258918968398195e-01 3.279282567516732527e-01 4.206141735691760752e-01 4.968534308358906193e-01 5.501167826960680074e-01 5.909166780584037548e-01 6.158067614474616036e-01 6.727614627935324387e-01 6.508755859348824835e-01 7.823652246152217327e-01 5.676721419129383550e-01 8.342965968256867981e-01
2.009679362504220080e+03 1.907141151908981380e-04 2.033560346631615445e-05 1.038844450567183095e-02 1.926103594376130379e-01 3.275547064488285587e-01 4.206783460872048352e-01 4.972579932186212970e-01 5.506414735716234077e-01 5.916198894133315456e-01 6.165070968729069456e-01 6.736623396585751378e-01 6.514331361498983952e-01 7.834586287653465542e-01 5.683435168933980153e-01 8.361213951218323670e-01
2.059679362504220080e+03 1.644608116659725594e-04 2.248230948756317705e-05 6.646229793262111406e-03 1.863711249401837355e-01 3.232132591961772716e-01 4.169247132926869881e-01 4.943544014740111070e-01 5.480775105470802044e-01 5.894402782956970066e-01 6.146436497873496441e-01 6.718634579749358515e-01 6.499225805964188307e-01 7.819893859402443637e-01 5.669850398577748196e-01 8.359885015442267697e-01
2.109679362504220080e+03 1.375588677537088950e-04 1.444042448813082567e-05 1.872266571013894709e-02 2.117979365995375507e-01 3.422120769797301065e-01 4.339909776423530596e-01 5.081644477143385519e-01 5.607106595655861891e-01 6.008463759952823446e-01 6.238296031116898899e-01 6.836184871397509299e-01 6.548239993858440133e-01 7.956883932231832990e-01 5.701437989069559897e-01 8.499366537528665333e-01
2.159679362504220080e+03 1.357225045926710992e-04 7.634909095596999337e-05 4.468176717027063700e-05 1.154813208568774285e-01 2.795149058601618663e-01 3.892921762259584084e-01 4.782946895574265445e-01 5.389129906303886663e-01 5.846352651906883136e-01 6.141074265149538691e-01 6.718422437248279255e-01 6.540833668788812449e-01 7.836710225717171685e-01 5.741806072432602548e-01 8.406663180158330251e-01
2.209679362504220080e+03 2.319371903297246494e-05 1.002532222470194098e-05 1.433918976013603686e-01 3.259986587454543061e-01 4.286076433006951181e-01 5.097718436564422362e-01 5.691772237319345784e-01 6.155516446660794783e-01 6.491678139237757605e-01 6.627780137658395576e-01 7.308921166525544910e-01 6.759983627853392019e-01 8.545799290320904573e-01 5.715264372158544992e-01 9.349847935177315605e-01
2.259679362504220080e+03 2.366502786266874562e-04 1.556334702195398382e-04 6.873608859216732124e-05 1.826352258466877688e-05 1.907436151727473841e-02 1.673277471908338754e-01 3.168144442691067098e-01 4.235956864764758301e-01 4.945543666873293831e-01 5.490516068331593447e-01 6.029461893054040011e-01 6.225623475293872167e-01 7.120894302814337884e-01 5.644805697653068055e-01 7.735671282792210279e-01
2.309679362504220080e+03 4.711561959442836121e-05 1.131411271714928626e-05 4.930030921698581176e-02 2.573945369078128320e-01 3.463894371306082687e-01 4.777461993811092933e-01 5.394773116899835852e-01 6.211374028389995416e-01 6.489751713414596557e-01 7.143545639626582844e-01 7.636811112811270341e-01 7.855919699165347936e-01 8.623477247227636644e-01 9.536566220053113163e-01 9.997979414570227208e-01
2.359679362504220080e+03 1.390698477754777416e-04 1.311781331353120095e-05 2.611018672225359771e-02 2.395106251799608565e-01 3.728842184125212289e-01 4.656098601311882690e-01 5.383773806741705137e-01 5.888955654113703364e-01 6.299862463864822626e-01 6.475805927794821004e-01 7.138180888584081396e-01 6.712700877876086603e-01 8.295321258630958816e-01 5.811190402481059003e-01 8.918733501513085304e-01
2.409679362504220080e+03 1.502899766280195958e-04 1.249989008570331743e-04 1.919683410231102117e-05 6.380281214828797953e-02 2.369119531773644927e-01 3.612448582825721899e-01 4.561286349174744070e-01 5.222578180685738536e-01 5.695019748282629246e-01 6.038102960786716489e-01 6.551087479295729654e-01 6.516584555458838635e-01 7.596904645834601233e-01 5.787515814867991715e-01 8.166901591307211827e-01
2.459679362504220080e+03 9.800673838008488157e-05 1.377439301156395872e-05 8.672438935769809926e-03 2.117492306740169639e-01 3.366218753341226333e-01 4.318754596763283993e-01 5.054466684270808585e-01 5.599643619126721816e-01 5.999574856551164181e-01 6.233997868953079502e-01 6.867862265253834586e-01 6.498066486553055743e-01 8.051150628864460757e-01 5.646058432394217563e-01 8.741655214970167620e-01
2.509679362504220080e+03 1.101068514323653188e-04 9.297608107845010495e-05 2.741972986801619332e-05 1.062915138838840465e-02 1.354825512266726872e-01 3.023649022220161742e-01 4.099258765914531311e-01 4.772664363369111817e-01 5.258093792279697754e-01 5.744562706457466694e-01 6.278141272956532237e-01 6.358926408478469128e-01 7.359992785905754564e-01 5.777014447729338364e-01 7.997981457835608987e-01
2.559679362504220080e+03 7.730537946505401669e-05 1.644124453757978845e-05 6.077716479339546722e-03 1.877110225742777139e-01 3.293518025604025845e-01 4.298524926418652026e-01 5.072227107287463621e-01 5.626074419599544907e-01 6.033621195005341997e-01 6.284523629613691931e-01 6.855866004995752050e-01 6.610762203646982638e-01 7.941605740416790571e-01 5.781216458558119387e-01 8.527159238770273264e-01
2.609679362504220080e+03 6.499803770736516074e-05 1.189364570293117288e-05 2.884178382797177378e-02 2.615393852861133128e-01 3.838463270328231203e-01 4.771347930004354865e-01 5.408148872790600192e-01 5.917768439786419421e-01 6.263892192228155409e-01 6.461892509856794753e-01 7.063213951315019390e-01 6.680029547789355648e-01 8.175805590055934546e-01 5.797580302546344599e-01 8.746255622477070446e-01
2.659679362504220080e+03 2.337482945843933496e-04 5.436688856982457965e-05 2.930746653598530465e-03 1.648659269776370229e-01 3.010552203834515050e-01 4.016550243599264491e-01 4.839175036711891309e-01 5.405142780076873654e-01 5.892122856625053862e-01 6.269251967589490881e-01 6.785309412196414147e-01 6.750760406559789262e-01 7.875535890600856570e-01 5.883130168233738910e-01 8.360797773641646113e-01
2.709679362504220080e+03 1.692680981441573040e-04 1.864243884000616882e-05 5.432771367177095800e-02 2.783447222431187917e-01 3.812964427516151167e-01 4.801990303278572125e-01 5.464830647468384983e-01 5.977462644848110518e-01 6.363730244763392552e-01 6.558125260814954283e-01 7.214688379668608986e-01 6.762540618039745155e-01 8.488100726481956348e-01 5.605471359518915397e-01 9.973208515552042241e-01
2.759679362504220080e+03 5.403120509082745711e-05 1.780057596017590028e-05 4.177116507830595793e-02 2.811986103222370303e-01 4.096612368861345388e-01 5.201446332852893706e-01 5.905224471555655663e-01 6.482847243507454671e-01 6.814767409499146167e-01 7.189453453796833537e-01 7.666384455919793561e-01 7.596859262236556054e-01 8.367168526898209890e-01 7.744875016735682793e-01 9.968633991756635782e-01
2.809679362504220080e+03 8.963618842505001114e-05 7.800414051020463442e-05 2.192747292251716226e-05 6.780183594058511974e-03 1.185248038924864716e-01 2.560729263649251797e-01 3.927827401517455796e-01 4.715893229993006197e-01 5.359610157546450537e-01 5.741200124927664517e-01 6.329168151526378683e-01 6.356282320095133498e-01 7.421006139360596388e-01 5.721220449749774284e-01 8.087085972780394538e-01
2.859679362504220080e+03 5.918264532804667314e-05 5.682737737006723217e-05 4.348433254980361821e-05 6.092783604084707439e-05 1.883618502532100503e-04 9.688760836835940207e-03 9.611857285456405775e-02 2.663056354456851404e-01 3.427192670105158601e-01 4.794771253319920490e-01 5.749372546170002929e-01 6.274579283719247114e-01 5.940205658147884593e-01 7.077322863553294763e-01 9.998211970852920460e-01
2.909679362504220080e+03 1.587407052864768053e-04 4.205659363130039323e-04 5.864023445988789628e-03 3.098742289197162214e-01 4.845747703949171981e-01 5.789735661003134748e-01 6.347671412394507717e-01 6.357997076763919342e-01 6.405305997352509495e-01 6.856976526596796351e-01 7.432519347725945469e-01 6.454360306387360025e-01 7.693771357828941282e-01 6.074283194288194743e-01 9.194829308908746279e-01
2.959679362504220080e+03 6.438673462880488071e-05 7.770276667150638667e-05 1.650705906501245032e-04 1.896188997854434755e-03 8.033154870404210501e-02 3.084288360940011797e-01 4.695046852554420891e-01 5.462598042668985743e-01 5.918666922901801852e-01 6.399136611306239786e-01 6.882442043694523282e-01 6.950591589645911395e-01 7.962905253547438722e-01 6.200431899654167411e-01 9.413433243984423715e-01
3.009679362504220080e+03 1.057886169228594342e-04 1.729214669920293361e-04 5.071571392201321366e-05 1.359483365962266439e-02 1.345290233152952319e-01 2.865158812822376500e-01 3.976449323844695738e-01 4.915866005038641018e-01 5.428001323602346107e-01 6.068546506059433465e-01 6.863023738629457915e-01 8.166903758607403363e-01 9.345369206190727862e-01 9.676479497659836726e-01 9.980754976287540270e-01
3.059679362504220080e+03 8.853941413527622998e-05 1.483956557875269614e-04 2.621696146418767186e-05 1.255323611159138708e-01 3.113536885206541482e-01 4.124601574484758615e-01 4.437304218759542396e-01 4.853686157613466556e-01 5.384184345933253901e-01 6.224912949133051265e-01 6.553149140352380053e-01 6.645647504997715949e-01 7.018036044126455542e-01 5.174738825272502396e-01 9.974377347783361936e-01
3.109679362504220080e+03 5.564147363468846058e-05 5.094518751323654036e-05 1.475450784595209925e-05 1.215135533916807467e-02 1.755760010306453567e-01 3.307527905328666584e-01 4.387079632120174932e-01 5.184223572571189376e-01 5.710211256796766666e-01 6.094142694852050512e-01 6.711040663740234224e-01 6.520488447884146277e-01 7.926696448490260227e-01 5.777160423369221975e-01 8.637493276078003213e-01
3.159679362504220080e+03 3.224355177555279572e-05 1.063243609706541044e-05 1.980818198187519683e-02 2.407566134451005202e-01 3.420865765331870811e-01 4.472869830829321880e-01 5.080839761454287729e-01 5.664832590720285665e-01 6.011354362093846992e-01 6.265868273931770593e-01 6.860751225785652885e-01 6.517319220546156089e-01 8.038367403358575025e-01 5.649143577192615728e-01 8.766883484924414827e-01
3.209679362504220080e+03 3.052739899453394638e-05 2.884807437808641854e-05 1.009989440835832935e-05 2.078338564723064552e-01 3.480012410153421887e-01 4.487626052400799925e-01 5.205568069510576601e-01 5.752726737403264234e-01 6.132328941720186499e-01 6.371237195436872947e-01 6.931225777873569749e-01 6.663866323037390682e-01 7.996466075617035818e-01 5.851403104478752892e-01 8.541994788161522134e-01
3.259679362504220080e+03 2.592237231985781255e-05 2.559755272803061090e-05 1.301754559873035152e-05 7.112257201941547119e-03 1.201725589761877960e-01 2.737010259888354446e-01 4.199751779322062339e-01 5.051938546268104346e-01 5.554832097010158343e-01 5.919228712410333770e-01 6.356415397880462725e-01 6.373311399261769594e-01 7.064248570787038384e-01 5.664592601907447733e-01 7.985193660424295681e-01
3.309679362504220080e+03 2.456601682370465907e-05 2.127442414699822081e-05 1.894915774216984875e-05 5.019700092015824417e-04 8.858009177258706346e-02 2.576101645007992658e-01 3.772124239571736370e-01 4.682814436742413489e-01 5.282455599080561059e-01 5.728747789170886007e-01 6.308229215714321603e-01 6.312269013961214759e-01 7.472766123672337502e-01 5.634786596669870695e-01 8.211272700595309004e-01
3.359679362504220080e+03 2.236717448536814466e-05 2.245797393412825313e-05 1.060365728353712557e-05 1.150026216996674205e-01 3.086110385962242963e-01 4.028438835222505343e-01 5.017449292599328592e-01 5.543419101256518156e-01 6.050620221904897678e-01 6.264451578708973845e-01 6.949500399667817296e-01 6.547102776657524048e-01 8.177091021622220346e-01 5.673430265960600627e-01 8.952844644308243227e-01
3.409679362504220080e+03 1.960797619361262978e-05 1.896080543259293663e-05 1.011924941807329624e-05 1.543849733996972839e-01 3.016795168907615010e-01 4.055920747357823486e-01 4.844276187889514085e-01 5.415354886585288519e-01 5.827119322070999363e-01 6.113610891864490471e-01 6.628171526981663231e-01 6.504230553550689464e-01 7.660033448276920565e-01 5.742083136730407045e-01 8.269233559352343610e-01
3.459679362504220080e+03 1.803624500596675247e-05 1.732940545439396956e-05 1.336464455306255937e-05 2.056299729823934453e-04 7.584317221958462862e-02 2.506388841222434438e-01 3.581451729014421548e-01 4.549836773527116129e-01 5.106239743587532853e-01 5.620566825278698886e-01 6.198847943029873742e-01 6.180417441231750297e-01 7.452755147357014165e-01 5.461185174628441219e-01 8.350909760712922347e-01
3.509679362504220080e+03 1.686900930770739339e-05 1.613618525179895001e-05 1.008164093443602864e-05 6.536431920264856865e-02 2.174458867431774411e-01 3.425112267320897241e-01 4.316033467761226650e-01 4.961198589583774576e-01 5.428375008602734919e-01 5.779301189270775740e-01 6.292431355764828149e-01 6.265660806948492034e-01 7.367411882329398809e-01 5.549664826763044401e-01 8.084547947196961681e-01
3.559679362504220080e+03 1.608204047131489412e-05 1.463451258538331930e-05 1.014155947545324995e-05 1.611298871906692576e-01 3.231113699034229847e-01 4.165212253601589532e-01 5.025422208779320998e-01 5.534151472697086405e-01 5.980937660159938440e-01 6.217020922120708448e-01 6.772799615009196250e-01 6.575366138976147523e-01 7.811010328252241397e-01 5.793869561748443697e-01 8.399932619584106197e-01
3.609679362504220080e+03 1.739310914582228434e-05 1.652943293559296480e-05 1.467455001523405015e-05 1.623116836274683734e-05 2.733705484620172627e-02 1.596596394614467063e-01 2.824908448419853890e-01 3.742649858836977761e-01 4.458322278737927302e-01 4.986249261421525358e-01 5.584881313551565141e-01 5.777331745245082306e-01 6.779941894894049303e-01 5.237098372316619788e-01 7.676950151619726936e-01
3.659679362504220080e+03 1.802485031008470537e-05 1.768986641805769710e-05 1.112847200044454186e-05 1.035409702741144945e-02 1.962056773004469956e-01 3.439059431873909278e-01 4.630019739420033198e-01 5.334243427301860185e-01 5.954370788089913269e-01 6.213357953857413518e-01 6.985562991853903059e-01 6.578889024478425940e-01 8.308344436495759266e-01 5.691791272565157600e-01 9.359143266827767427e-01
3.709679362504220080e+03 1.892757610185845547e-05 1.851233644341200438e-05 1.680531809603618806e-05 1.258677279105205992e-05 3.339425426060231572e-02 2.412781172322561452e-01 3.373493444662439278e-01 4.002744100670098115e-01 4.150236003902683102e-01 4.773172828549870905e-01 5.476018410907032008e-01 5.986928153236465988e-01 7.142556658752673426e-01 5.443121011428208034e-01 7.539808414789124225e-01
3.759679362504220080e+03 2.032446840459876941e-05 1.975295467877104450e-05 1.024771334745008491e-05 1.501709141229806421e-01 2.974489580010915568e-01 4.016648661382437036e-01 4.814665805993455505e-01 5.352863989794932609e-01 5.799835479851697118e-01 6.066473242774885755e-01 6.597574357185050919e-01 6.475384254548052221e-01 7.622111668184029520e-01 5.755103737169422473e-01 8.240455725104318674e-01
3.809679362504220080e+03 1.971647609915755050e-05 1.951413637614081827e-05 1.707919465271744407e-05 1.245532974443149753e-05 2.957375932859293566e-02 1.748416919582441442e-01 3.043282419647390102e-01 3.973394425027977350e-01 4.665074559031822110e-01 5.165829359226090656e-01 5.745187394764492694e-01 5.899774919144258334e-01 6.897315518066593487e-01 5.315470859262989567e-01 7.749379319532025967e-01
3.859679362504220080e+03 2.665453155562201075e-05 2.561555069154088218e-05 1.035338107281565609e-05 1.877151730454362788e-01 3.299081438245166087e-01 4.304695624693958833e-01 5.028867797531959560e-01 5.591113168898015351e-01 5.966963218219831777e-01 6.228703280078924376e-01 6.786633485955316791e-01 6.531868082455077884e-01 7.867907864538543627e-01 5.753517376547538920e-01 8.498650875616373668e-01
3.909679362504220080e+03 2.295132550509996984e-05 2.223305345100626425e-05 1.925225444657958443e-05 1.449452340164405629e-05 2.707293788713400345e-02 1.727884474405561310e-01 2.924982935595487610e-01 3.842803307073778263e-01 4.516608349169976555e-01 5.026449615824060135e-01 5.592854873354091705e-01 5.775502718161922289e-01 6.736667702103480426e-01 5.194148068219565095e-01 7.640284186493875307e-01
3.959679362504220080e+03 2.222287361389178357e-05 1.937867025930385556e-05 1.314951392303081914e-05 7.470815738374632494e-04 9.529305824009057235e-02 2.808165705660507494e-01 4.061302110898138418e-01 4.981522948161005715e-01 5.619967756143288140e-01 5.997965974161897362e-01 6.725858546723095799e-01 6.427888481755825723e-01 8.047790778602348372e-01 5.631385006489847411e-01 8.921757693878999973e-01
4.009679362504220080e+03 2.425690955440397493e-05 2.372857754958086713e-05 1.953066283249792144e-05 1.152445484890001322e-05 4.664049986916346535e-02 2.348842425990778915e-01 3.605536759141976244e-01 4.555409786483362589e-01 5.082210486190903431e-01 5.614876217328588215e-01 6.124736124124769976e-01 6.153934770177932334e-01 7.394485171631673959e-01 5.211156789985221804e-01 8.698632774545966839e-01
4.059679362504220080e+03 2.510214480121327778e-05 2.447586908500734476e-05 2.088814587476218071e-05 3.306643481280021105e-05 6.522848737125842877e-05 1.937564252126141792e-02 1.535397317526326910e-01 2.928118863451729670e-01 3.870771971029554059e-01 4.684219922480402643e-01 5.371087630951074665e-01 5.646684324072341887e-01 6.746527923656877590e-01 5.153543570400267448e-01 7.808506598183226899e-01
4.109679362504220080e+03 2.303631497603720688e-05 2.286347827392633047e-05 1.960452790672624466e-05 1.038998962382692840e-05 1.767942177368460877e-01 3.313580579533703108e-01 4.341557537200582129e-01 5.105862300715148239e-01 5.603467365481270557e-01 5.981212865865236372e-01 6.522311149207347114e-01 6.443217202696130963e-01 7.626241606309343002e-01 5.691204356311519996e-01 8.331943712751372910e-01
4.159679362504220080e+03 2.078629769048639790e-05 2.038982641491517622e-05 1.765901907072103062e-05 1.069882020022763287e-05 1.785585480321659479e-01 3.331219556075613597e-01 4.346120955565154209e-01 5.097301589163029112e-01 5.610762373234512435e-01 5.961764378474937454e-01 6.521581616352580824e-01 6.424981800278908306e-01 7.614533413877887513e-01 5.661264950595635836e-01 8.326304733178879758e-01
4.209679362504220080e+03 1.965465536244728222e-05 1.934325894746591492e-05 1.709783531320844687e-05 7.157902443667620712e-05 1.581887600785012726e-01 3.253080249077077712e-01 4.335410150333730006e-01 5.090013882089505781e-01 5.652658186188436185e-01 6.003794459314020227e-01 6.600758538061403113e-01 6.455188770209929761e-01 7.774735008167730221e-01 5.620977854996178635e-01 8.557363006033693598e-01
4.259679362504220080e+03 1.872389248337650227e-05 1.864737807264074955e-05 1.760053442970140823e-05 1.089258868696260757e-05 1.009740632881493336e-02 1.564736773592231567e-01 3.019454344396824697e-01 4.040636756702502552e-01 4.787792238397587385e-01 5.345405134532650315e-01 5.999482891102564386e-01 6.015687241584348754e-01 7.341177827290656932e-01 5.307040862787971713e-01 8.494309801715991259e-01
4.309679362504220080e+03 1.742954733634673921e-05 1.772691741963520042e-05 1.741383108952442737e-05 1.026790832631343979e-05 7.173142953315182757e-02 2.333178390973695837e-01 3.500111956745465269e-01 4.375741593303937860e-01 4.976282212099649715e-01 5.439811344249614322e-01 6.008975001208423095e-01 6.045564095099131841e-01 7.192393933499944270e-01 5.337050361367301488e-01 8.125270666014962062e-01
4.359679362504220080e+03 1.610750289207695999e-05 1.640820092652439392e-05 1.634574390323268817e-05 1.022401176136683606e-05 1.126039517394879924e-01 2.686683699140676729e-01 3.779649885941411824e-01 4.606175197296145662e-01 5.163290411012392278e-01 5.595385954618874447e-01 6.159692618949665910e-01 6.144434870377704083e-01 7.335023537680177563e-01 5.409140201188120667e-01 8.225857693183044050e-01
4.409679362504220080e+03 1.511010488599046803e-05 1.536893539723234697e-05 1.541429504170858887e-05 1.018413863247613585e-05 1.469442308700216193e-01 2.934059398687662301e-01 3.951899655871399242e-01 4.733652821031160696e-01 5.256799800734723860e-01 5.666278539223695843e-01 6.221853006306814482e-01 6.182174636498594111e-01 7.384411231893160954e-01 5.430616987299491383e-01 8.257131915922671928e-01
4.459679362504220080e+03 1.418811581029763988e-05 1.443623377852935015e-05 1.017143304015519182e-05 1.344934290906221568e-02 1.838715788943442730e-01 3.161995833112306031e-01 4.134633973158214904e-01 4.853425316675379353e-01 5.356103785475050394e-01 5.733738509193146982e-01 6.289042303825811420e-01 6.216810419389097175e-01 7.440608843219196356e-01 5.447357431503596636e-01 8.299551759667636031e-01
4.509679362504220080e+03 1.349869442272577036e-05 1.367119493141090585e-05 1.012326272357792180e-05 3.531263418744841343e-02 2.076998283193587647e-01 3.312106884710023791e-01 4.259365331809486510e-01 4.937754893371567588e-01 5.429918776163853433e-01 5.784971420500472084e-01 6.342491084790274902e-01 6.246097097128419096e-01 7.486550512226134435e-01 5.466203928361440534e-01 8.330661358139320738e-01
4.559679362504220080e+03 1.277050271420058445e-05 1.295479728918645381e-05 1.009860011345280100e-05 6.279538217602183281e-02 2.326418371932361118e-01 3.476307745381828629e-01 4.397043973093869851e-01 5.033474210276096539e-01 5.514300271426659794e-01 5.844375276653561713e-01 6.404084565193096656e-01 6.281144916909061626e-01 7.537584086188066079e-01 5.490372831504478635e-01 8.361101612419790108e-01
4.609679362504220080e+03 1.222458270250466812e-05 1.236153778628406584e-05 1.007977700039585580e-05 9.071904822720187889e-02 2.546474848109679390e-01 3.630470159234380212e-01 4.521991582388257824e-01 5.124783777246820771e-01 5.592135385904308809e-01 5.902417068227154839e-01 6.457506408703499456e-01 6.321680397303280907e-01 7.569828533306267593e-01 5.532935212549102699e-01 8.352953807212810666e-01
4.659679362504220080e+03 1.176758923682316030e-05 1.189477764465207712e-05 1.005948508206810556e-05 1.154635603764800483e-01 2.714090536184556868e-01 3.731261424459179632e-01 4.594842095664797843e-01 5.170269697943968845e-01 5.628911555587797766e-01 5.923211043113648655e-01 6.483114789322406146e-01 6.324238186625444902e-01 7.599172903170852145e-01 5.518816051905176545e-01 8.396043749491240993e-01
4.709679362504220080e+03 1.135397045258142291e-05 1.146202767835348330e-05 1.004868996571014474e-05 1.327563795530575519e-01 2.840372851355788542e-01 3.820768642367338153e-01 4.667047150046311210e-01 5.225497159710539297e-01 5.677583017927619879e-01 5.959572465601759017e-01 6.524205777232127135e-01 6.344270806791345585e-01 7.641404748171206629e-01 5.529283066360477505e-01 8.434841850645370398e-01
4.759679362504220080e+03 1.094806315479833386e-05 1.105393274668796455e-05 1.003289285900441616e-05 1.552292043108609021e-01 2.991369520514434166e-01 3.925573105915654559e-01 4.742064047836837548e-01 5.279151112657839429e-01 5.719032067070348724e-01 5.987665920379366957e-01 6.549751527842612164e-01 6.357872828284659716e-01 7.657269651877762762e-01 5.536914824814945790e-01 8.438778090207529337e-01
4.809679362504220080e+03 1.064990433259161729e-05 1.041274018505276235e-05 2.013961781472556247e-03 1.733261487113765265e-01 3.103322420046635832e-01 4.023938709339866526e-01 4.808993732383890496e-01 5.337557397148293692e-01 5.763320538652839664e-01 6.024717906954960567e-01 6.582277518773027580e-01 6.382373554319354936e-01 7.680435722829963563e-01 5.559096926633613212e-01 8.442481958888673477e-01
4.859679362504220080e+03 1.042587940865255359e-05 1.001570106715729766e-05 9.594090564887088057e-03 1.878133611964782901e-01 3.188938594440322016e-01 4.095190403977950200e-01 4.854374249198140645e-01 5.376342786406310692e-01 5.791066740062531526e-01 6.046628936868980730e-01 6.603368268305120914e-01 6.392254652310768170e-01 7.700379296336503643e-01 5.562218334798743058e-01 8.459148760135367651e-01
4.909679362504220080e+03 1.027010141804546195e-05 1.000739372518738412e-05 1.675542649578326201e-02 1.977757416321567485e-01 3.244765641347173712e-01 4.141875178446432493e-01 4.881892106389723596e-01 5.400099973288635669e-01 5.806440311410363542e-01 6.058617298175569266e-01 6.614238011720802168e-01 6.396094600709978373e-01 7.710616733350263985e-01 5.561426042590156271e-01 8.467421757665091198e-01
4.959679362504220080e+03 1.016270344806889081e-05 1.000403517311704625e-05 2.287383074786281806e-02 2.049806990930136130e-01 3.283843931283331186e-01 4.174106360455573927e-01 4.899786962307280946e-01 5.415425635144873739e-01 5.815362165669714090e-01 6.065342758132279410e-01 6.619813857868815932e-01 6.397152796993933466e-01 7.715477739191822781e-01 5.560007296848449299e-01 8.468967146881637431e-01
5.009679362504220080e+03 1.009044619562661121e-05 1.000210347199611489e-05 2.750218647126262406e-02 2.096565010745317370e-01 3.308097148193386294e-01 4.193244267156912564e-01 4.909260645342856111e-01 5.423207295179045540e-01 5.818671470304909166e-01 6.067601759370587766e-01 6.620486094395814369e-01 6.396507508762672156e-01 7.714580524492288260e-01 5.559454549192622830e-01 8.462527633658535331e-01
5.059679362504220080e+03 1.004420519481441827e-05 1.000096057995678288e-05 3.215023248900610031e-02 2.140051189216950478e-01 3.332451540672544676e-01 4.212006813343573408e-01 4.919558499042036015e-01 5.431658982572054040e-01 5.823112251189507260e-01 6.070555392785133009e-01 6.623017082644105935e-01 6.395088422883878909e-01 7.718409147240617996e-01 5.551216945079588960e-01 8.476154581990175130e-01
5.109679362504220080e+03 1.003636785410489891e-05 1.000131764904720031e-05 1.825906677252114862e-02 1.931657993864511480e-01 3.200107291997147385e-01 4.106826468469418900e-01 4.843126986762328889e-01 5.367402341797770093e-01 5.773946642597196366e-01 6.024113348224062747e-01 6.595908783344043291e-01 6.324198394194655570e-01 7.785823948906355207e-01 5.192942704637653062e-01 9.200792802545385562e-01
5.159679362504220080e+03 1.006370010447358740e-05 1.000185755892961050e-05 3.911330723514591656e-02 2.199968067948677164e-01 3.371789588999716814e-01 4.251199410944460078e-01 4.944675883315610698e-01 5.454991545322659396e-01 5.846318329161811489e-01 6.074426210326439035e-01 6.667280800420503084e-01 6.330211938805909710e-01 7.886889142970582300e-01 5.145268016854178672e-01 9.356923218406061338e-01
5.209679362504220080e+03 1.002221382751923863e-05 9.996562008899451124e-06 7.260647141974808927e-02 2.442043320094202108e-01 3.503686873401350987e-01 4.344446726928196667e-01 4.991728843534673499e-01 5.497125048719625484e-01 5.841669611388938810e-01 6.148942067593636818e-01 6.482785366877941158e-01 6.777065842633763770e-01 6.906120015803308698e-01 7.368891550148914948e-01 1.306925501415670821e-01
5.259679362504220080e+03 1.000532197142552386e-05 1.000035857022494004e-05 1.081400427495782940e-01 2.668976118355533833e-01 3.731570101420438323e-01 4.500042710721836037e-01 5.147021264994477985e-01 5.615266960015370401e-01 5.963704161220370059e-01 6.216058123603505070e-01 6.665620113794280543e-01 6.665481183870773929e-01 7.398249787317392467e-01 6.623458532426929057e-01 9.955612146150497610e-01
5.309679362504220080e+03 1.005508435459675449e-05 1.000016615148025510e-05 1.032990344417421130e-01 2.656766846794665904e-01 3.690476223656264376e-01 4.488386654988155700e-01 5.125489089258817854e-01 5.591004140546914636e-01 5.994515981531861604e-01 6.076486615224022669e-01 6.985706946340660695e-01 5.859266310366869623e-01 9.025127755711763733e-01 9.993187386382881288e-01 9.993400402414843731e-01
5.359679362504220080e+03 1.011623458911550207e-05 1.000100282277251767e-05 1.077363460987212224e-01 2.697548294123703339e-01 3.741468581732129151e-01 4.528852899140209387e-01 5.161057369110891857e-01 5.644212995423555368e-01 5.973884141684795424e-01 6.257703486321615216e-01 6.647272339354527437e-01 9.996856605915139804e-01 9.992596053730871120e-01 9.990957977188952288e-01 9.993083124814092777e-01
5.409679362504220080e+03 1.006504987336479438e-05 1.000807888435180921e-05 1.491380036333444514e-01 3.097347294312525201e-01 4.190860552559508290e-01 4.910305569446448692e-01 5.620673649896578139e-01 5.812335444093441605e-01 9.460161654281125099e-01 9.983197023368513001e-01 9.998759569825992344e-01 9.992690162343982330e-01 9.994613816967865549e-01 9.990292926740407253e-01 9.992962163413805499e-01
5.459679362504220080e+03 9.999410152123219264e-01 9.999029273525289474e-01 9.999301329876210120e-01 9.999110235613749564e-01 9.999060072380003827e-01 9.998953179782319456e-01 9.998869857352172819e-01 9.998697680763786177e-01 9.998381147334218788e-01 9.997708375396188174e-01 9.996306521555287095e-01 9.994574232535954339e-01 9.993690785600038984e-01 9.989695989995298619e-01 9.991768406009883252e-01
5.509679362504220080e+03 9.999077270755717395e-01 9.998844307285930100e-01 9.999094550719517249e-01 9.998937443114945811e-01 9.998912998902534932e-01 9.998839019312135701e-01 9.998785854929526096e-01 9.998643631151952205e-01 9.998440930350903644e-01 9.997982326525096664e-01 9.997400474689949190e-01 9.996404755581659307e-01 9.990415549917728288e-01 9.986767809035022037e-01 9.991605372021318265e-01
5.559679362504220080e+03 9.999365189491148387e-01 9.999149315305758678e-01 9.999258399307660028e-01 9.999071908988278468e-01 9.998930136953644299e-01 9.998615830614262512e-01 9.997156284577459751e-01 9.996596003563514854e-01 9.992571269690784241e-01 9.992052631714877231e-01 9.990570069984460178e-01 9.988372700340794053e-01 9.989115532204675407e-01 9.983920517997723065e-01 9.987893036749173614e-01
5.609679362504220080e+03 9.999938111035796551e-01 9.999872023897229401e-01 9.999879451257376317e-01 9.999855867974178913e-01 9.999793811564181567e-01 9.999652433262978812e-01 9.999420099989776434e-01 9.999217038773834387e-01 9.999033953348148707e-01 9.998886196195240217e-01 9.998541026858113190e-01 9.996998829418733967e-01 9.992934816311969115e-01 9.987619261504543378e-01 9.990959037197785220e-01
5.659679362504220080e+03 9.999894846263600590e-01 9.999836503333839888e-01 9.999848016487083990e-01 9.999821726483488771e-01 9.999747323858393377e-01 9.999562051463927181e-01 9.999219483825466659e-01 9.998845143936089253e-01 9.998354124311770175e-01 9.997292553887714428e-01 9.995080542538117285e-01 9.991582319400298395e-01 9.991443989859405406e-01 9.988231518805640308e-01 9.991352103134305551e-01
5.709679362504220080e+03 9.999830404382444859e-01 9.999728274670597328e-01 9.999733125530698707e-01 9.999491953998475013e-01 9.999037044481721148e-01 9.998822663933613075e-01 9.998204245743711471e-01 9.994827361290946621e-01 9.976054556626140490e-01 9.943026652172133328e-01 9.940761895736086595e-01 9.929222593096524996e-01 9.934499571960805353e-01 9.907435454482653725e-01 9.927888409405905001e-01
5.759679362504220080e+03 6.562020968414644662e-02 1.678796061233095091e-02 1.703824925032887128e-01 9.989107067235146742e-01 9.992275575099783813e-01 9.990667752113512323e-01 9.989102964375762284e-01 9.986711448700116289e-01 9.987790319553455642e-01 9.982988427473948878e-01 9.980974026861453297e-01 9.978236693211053332e-01 9.980807567724877538e-01 9.973333017476284645e-01 9.981304738463387949e-01
5.809679362504220080e+03 1.412902833460416840e-01 1.906919131562286387e-02 1.562635430077060072e-01 4.570106714232293754e-01 9.999990000079679309e-01 9.999990000079068686e-01 9.999990000078818886e-01 9.999990000080787311e-01 9.999989999997775936e-01 9.999989795709919305e-01 9.998918105449086102e-01 9.997916649283266066e-01 9.996460334192676100e-01 9.994707973429626247e-01 9.995527529066517980e-01
5.859679362504220080e+03 1.269317489910230801e-01 7.404502629983031325e-02 1.695327784783457747e-01 2.141323282436585485e-01 9.999690442623796471e-01 9.999744087883214450e-01 9.999789722419952787e-01 9.999817366731871271e-01 9.999833455386556436e-01 9.999841943408780409e-01 9.999848881307384918e-01 9.999852037361911528e-01 9.999737886199967507e-01 9.997634195135515212e-01 9.997873064156174161e-01
5.909679362504220080e+03 1.090169675927984833e-01 7.160139831284242917e-02 1.678992267754636780e-01 2.072352278629796263e-01 9.998819233623671421e-01 9.999569177684732857e-01 9.999722102984432981e-01 9.999785202874383883e-01 9.999817717691178443e-01 9.999835327998850554e-01 9.999848565644439136e-01 9.999857871049467883e-01 9.999861187327000467e-01 9.999555942334615866e-01 9.996344978441468188e-01
5.959679362504220080e+03 6.246527599556089133e-02 1.608348087750087474e-01 2.664475956469639084e-01 2.917859484940004133e-01 5.132522771766293568e-01 9.999990000184502126e-01 9.999990000174026061e-01 9.999990000169135529e-01 9.999990000165569493e-01 9.999990000166020243e-01 9.999990000164621362e-01 9.999990000162602977e-01 9.999990000159328929e-01 9.999702184068318678e-01 9.996642621694526998e-01
6.009679362504220080e+03 5.078359420699313925e-02 1.125749991640446895e-01 2.196816876932349838e-01 3.111427856423106264e-01 5.623112542745222209e-01 9.999989999858974743e-01 9.999989999672997953e-01 9.999989999545030317e-01 9.999989999450634715e-01 9.999989999376145411e-01 9.999989999316728495e-01 9.999989999267383523e-01 9.999989999218485970e-01 9.999702130541733291e-01 9.996941504908866127e-01
6.059679362504220080e+03 2.839821397493479463e-02 3.691376322481391276e-02 1.493649053658819836e-01 2.796479602873310211e-01 8.407343870137489183e-01 9.999989999912937133e-01 9.999989999715990230e-01 9.999989999544413033e-01 9.999989999387631778e-01 9.999989999238835248e-01 9.999989999103829907e-01 9.999989998989085027e-01 9.999989998885402409e-01 9.999612527659332839e-01 9.997002778295768222e-01
6.109679362504220080e+03 1.413249636378052614e-02 3.016699142329039903e-03 2.051824268270435736e-01 2.552954025608017430e-01 7.282689265627517727e-01 9.999990000259646461e-01 9.999990000237382048e-01 9.999990000216949504e-01 9.999990000195333462e-01 9.999990000173244464e-01 9.999990000150443814e-01 9.999990000128726741e-01 9.999990000106020460e-01 9.999978855310535097e-01 9.999657569413475944e-01
6.159679362504220080e+03 2.600928126527317016e-03 1.544259272472708975e-03 1.495599096683597751e-01 2.587529454697693465e-01 8.225839717177174659e-01 9.999990000032259463e-01 9.999990000014744584e-01 9.999990000003640134e-01 9.999989999996321544e-01 9.999989999992310308e-01 9.999989999987747291e-01 9.999989999978399213e-01 9.999989999963238008e-01 9.999982909041411627e-01 9.999404728707237400e-01
6.209679362504220080e+03 7.510356978254750793e-04 4.482170573592274157e-05 1.215122577085952227e-01 2.764256576137217869e-01 9.999768301393373582e-01 9.999839027251271606e-01 9.999882842471834454e-01 9.999913842513519224e-01 9.999938424564477346e-01 9.999957133526138353e-01 9.999970373007009972e-01 9.999978867448345854e-01 9.999983679896364830e-01 9.999939036935280301e-01 9.996660935264382042e-01
6.259679362504220080e+03 7.764658473392971978e-04 1.769654403356422543e-05 1.386428671647527144e-01 2.359547101279311221e-01 9.507965519494414597e-01 9.999958063776527295e-01 9.999922278844894930e-01 9.999909856555774246e-01 9.999908987728606258e-01 9.999912276260130017e-01 9.999919955141602923e-01 9.999929604602354472e-01 9.999939922445199025e-01 9.999946510486195095e-01 9.999925226775662201e-01
6.309679362504220080e+03 2.085273097390444080e-04 2.642026303840055231e-04 1.366914369885101066e-01 3.583874913982300625e-01 9.999975776208781530e-01 9.999948035703586369e-01 9.999939101720748402e-01 9.999940366981153739e-01 9.999948085983203505e-01 9.999958453617470155e-01 9.999968532829062173e-01 9.999975885792284913e-01 9.999979728704265769e-01 9.999584418855336221e-01 9.995970421233720815e-01
6.359679362504220080e+03 2.700923932804779896e-05 8.110738267133848611e-05 1.498690220551242569e-01 3.659333359215992676e-01 9.999810829574885540e-01 9.999864609534707682e-01 9.999895558743976398e-01 9.999913685392435303e-01 9.999924899497362185e-01 9.999930466741400181e-01 9.999935646213329310e-01 9.999940972983492049e-01 9.999946590809764002e-01 9.999716773645396239e-01 9.997442235495070939e-01
6.409679362504220080e+03 2.277290147261185800e-05 7.608326087131764043e-05 1.865727151383270999e-01 2.650451826277022138e-01 9.999990000147155333e-01 9.999990000162392034e-01 9.999989999894211001e-01 9.999989999604844693e-01 9.999989999285792130e-01 9.999989998834601934e-01 9.999989998082602360e-01 9.999989996694719219e-01 9.999989993991821313e-01 9.999805707820093037e-01 9.997527731973322451e-01
6.459679362504220080e+03 2.791446075548340206e-04 6.583986783803676211e-05 1.426829852654148134e-01 3.633379252888272459e-01 9.999990000339636920e-01 9.999990000332165119e-01 9.999989999945350094e-01 9.999989999733773782e-01 9.999989998823942683e-01 9.999989997600404745e-01 9.999989996331476449e-01 9.999989994644181701e-01 9.999989992718074650e-01 9.999989219229827864e-01 9.999747836335399764e-01
6.504679362504220080e+03 1.215855427486580510e-04 1.181470928766952455e-05 1.748827223243323847e-01 3.342248704091626554e-01 9.999990000208547336e-01 9.999990000214279418e-01 9.999989999975119614e-01 9.999989999795229068e-01 9.999989998648658451e-01 9.999989996799416581e-01 9.999989995400494491e-01 9.999989993136132460e-01 9.999989981787400506e-01 9.999989953850995095e-01 9.998330260985597295e-01
6.509679362504220080e+03 2.491317063321323065e-04 1.810505228077833624e-05 1.044705441655189998e-01 3.180528580785594306e-01 9.999990000183334171e-01 9.999990000197944706e-01 9.999990000077724206e-01 9.999989999906577776e-01 9.999989998767351285e-01 9.999989996673979142e-01 9.999989995116693731e-01 9.999989992132034544e-01 9.999989976247708467e-01 9.999989952764571921e-01 9.998825034622587093e-01
6.559679362504220080e+03 9.922283602627780797e-05 1.471071859458525904e-05 1.912551692118477642e-01 3.274499865613272331e-01 9.999990000080154484e-01 9.999990000107193966e-01 9.999990000124399092e-01 9.999990000161481651e-01 9.999990000212578556e-01 9.999990000224892039e-01 9.999990000110885457e-01 9.999989999852039180e-01 9.999990000056151462e-01 9.999989997756933979e-01 9.999887167317436099e-01
6.609679362504220080e+03 9.139071520323103419e-05 1.142344210178224161e-05 1.366262367689057011e-01 4.817632117723971152e-01 9.999990000165006609e-01 9.999990000134821866e-01 9.999989999980720690e-01 9.999989999836680354e-01 9.999989999567414634e-01 9.999989999143815700e-01 9.999989998512445188e-01 9.999989997727920521e-01 9.999989996545342041e-01 9.999989993273089572e-01 9.999989980061637640e-01
6.659679362504220080e+03 6.212237743792596481e-05 1.024395887081256778e-05 8.688527557667921619e-02 6.664615455361895258e-01 9.999990000189832307e-01 9.999990000018359471e-01 9.999989999819079989e-01 9.999989999446927680e-01 9.999989998913346723e-01 9.999989998297341698e-01 9.999989997661736796e-01 9.999989997062928015e-01 9.999989993203466376e-01 9.999989990534835504e-01 9.999989987735110608e-01
6.709679362504220080e+03 3.984531456607099493e-04 1.087763361139496034e-05 1.375625624304177841e-01 4.179436729122763539e-01 9.999990000075008600e-01 9.999990000164450388e-01 9.999990000280365443e-01 9.999990000426111081e-01 9.999990000578319327e-01 9.999990000733485207e-01 9.999990000871427087e-01 9.999990001042031729e-01 9.999990000743241847e-01 9.999990001477738755e-01 9.999990001500357328e-01
6.759679362504220080e+03 5.883122350816290502e-05 1.005823978196760967e-05 1.483663810644196557e-01 6.334656522146633328e-01 9.999989999917228145e-01 9.999989999753258196e-01 9.999989999714786748e-01 9.999989999862544110e-01 9.999990000445680982e-01 9.999990000811864732e-01 9.999990001033249865e-01 9.999990001361040992e-01 9.999990000506364662e-01 9.999990000646176158e-01 9.999990000303974336e-01
6.809679362504220080e+03 3.427675822984496722e-05 1.001494307408763636e-05 1.301956897969759608e-01 6.861243642932434161e-01 9.999989999957487052e-01 9.999989999893312831e-01 9.999989999878712288e-01 9.999990000017270342e-01 9.999990000425929004e-01 9.999990000669840562e-01 9.999990001041620946e-01 9.999990001354893687e-01 9.999989999913876382e-01 9.999989999820942943e-01 9.999989999737552981e-01
6.859679362504220080e+03 3.853717336039544058e-04 1.957616158120488472e-05 1.020652243158580441e-01 6.527193181932606780e-01 9.999990000154372893e-01 9.999989999944238761e-01 9.999989999688300157e-01 9.999989998957370396e-01 9.999989996902044487e-01 9.999989991647040277e-01 9.999989980165627790e-01 9.999989969510044707e-01 9.999989974879249788e-01 9.999989961029379648e-01 9.999989962178298386e-01
6.909679362504220080e+03 2.747755349448900860e-04 1.259885148820015979e-05 1.610128307510496071e-01 5.872792611909771754e-01 9.999990000238152543e-01 9.999990000164320492e-01 9.999990000103251564e-01 9.999990000184246774e-01 9.999990000700949011e-01 9.999990000898800746e-01 9.999990000649591204e-01 9.999989999126595031e-01 9.999989998568069582e-01 9.999989994119984349e-01 9.999989990377617932e-01
6.959679362504220080e+03 1.400782948721146842e-05 1.001118787354538961e-05 9.000448110665651424e-02 7.538351230304212169e-01 9.999989999959900677e-01 9.999990000097301879e-01 9.999990000295453374e-01 9.999990000720287986e-01 9.999989999877620939e-01 9.999989999895777526e-01 9.999989999849296929e-01 9.999989999740990232e-01 9.999989999722226353e-01 9.999989999433868126e-01 9.999989999371158289e-01
7.009679362504220080e+03 2.231452549840010822e-05 1.003481213616593716e-05 1.100621529799052090e-01 8.194793806384468304e-01 9.999990000158769377e-01 9.999990000064516993e-01 9.999989999348043446e-01 9.999989992968030261e-01 9.999989995254883191e-01 9.999989996360078015e-01 9.999989997166541800e-01 9.999989997707333655e-01 9.999989998351502818e-01 9.999989998104796829e-01 9.999989998329711360e-01
7.059679362504220080e+03 2.028368208275289333e-04 1.302262954535915337e-05 1.628343960424698533e-01 7.225188545875060875e-01 9.999990000222821473e-01 9.999989999987838329e-01 9.999989999381001526e-01 9.999989999296665655e-01 9.999989998469260843e-01 9.999989997366218741e-01 9.999989996191821495e-01 9.999989994926062886e-01 9.999989996151417149e-01 9.999989995229238149e-01 9.999989995696720868e-01
7.109679362504220080e+03 3.392561382208811983e-05 1.001531716833795267e-05 1.052187772905215091e-01 8.914544645916022692e-01 9.999989999937860530e-01 9.999989999975723576e-01 9.999990000705951676e-01 9.999989999842744393e-01 9.999989999853727829e-01 9.999989999842110455e-01 9.999989999800755758e-01 9.999989999637908245e-01 9.999989999798917228e-01 9.999989999609489866e-01 9.999989999367625559e-01
7.159679362504220080e+03 1.722879883327857280e-04 1.000584153194265277e-05 1.130203603598063794e-01 9.613224318138531288e-01 9.999989999933215357e-01 9.999989999959524312e-01 9.999989999959751907e-01 9.999989999674205876e-01 9.999989999601307522e-01 9.999989999564996568e-01 9.999989999506767591e-01 9.999989999456958545e-01 9.999989999603223767e-01 9.999989998782636835e-01 9.999989999085918679e-01
7.209679362504220080e+03 8.314342451657450817e-05 9.998849951555332930e-06 1.319426910136113074e-01 9.865627122281900307e-01 9.999989999959619791e-01 9.999989999884932868e-01 9.999989998721516837e-01 9.999989999159952792e-01 9.999989998612905939e-01 9.999989997535300157e-01 9.999989996242450996e-01 9.999989995286139299e-01 9.999989995655959030e-01 9.999989994457378906e-01 9.999989994445115382e-01
7.259679362504220080e+03 1.179073077142815605e-05 9.986338325764248611e-06 8.592905330510770823e-02 9.999641158530427898e-01 9.999910702177481348e-01 9.999956278055455172e-01 9.999972676113135783e-01 9.999977324251029254e-01 9.999977638616238673e-01 9.999978424907635111e-01 9.999978573560378559e-01 9.999978523846914102e-01 9.999980083737097791e-01 9.999976903196340361e-01 9.999957547585298645e-01
7.309679362504220080e+03 1.000441699779766704e-05 1.000257301515121804e-05 1.124264329143127711e-01 9.999956763635491352e-01 9.999962588579794920e-01 9.999970848048118643e-01 9.999979125790171564e-01 9.999981640003342553e-01 9.999982273653833520e-01 9.999984190702441156e-01 9.999986176379437319e-01 9.999987578102903507e-01 9.999988407076237928e-01 9.999987692681416851e-01 9.999982148526348480e-01
7.359679362504220080e+03 1.674398594049895592e-02 1.507738040746066084e-04 1.316669648946059978e-01 9.999989886524530691e-01 9.999989162897582329e-01 9.999988648900084431e-01 9.999987853956820993e-01 9.999987556231704211e-01 9.999986533383617981e-01 9.999984945905633360e-01 9.999982904116209159e-01 9.999980910721725236e-01 9.999980846265928980e-01 9.999976810978600250e-01 9.999913506687065912e-01
7.409679362504220080e+03 8.881353673484661954e-03 1.848401350217701849e-04 6.821688997818903255e-02 9.999589603144088956e-01 9.999860578201300587e-01 9.999921476398708764e-01 9.999952437098229563e-01 9.999958435366442799e-01 9.999959001939365821e-01 9.999962624423076596e-01 9.999968094761841897e-01 9.999971545828998387e-01 9.999975166469475818e-01 9.999958263936842284e-01 9.999748615887644743e-01
7.459679362504220080e+03 4.548895759428097215e-05 1.002571006398352910e-05 1.794198564410775520e-01 9.999989999952202391e-01 9.999990000220154718e-01 9.999989995282799748e-01 9.999989998707377037e-01 9.999989981945959228e-01 9.999989974149510186e-01 9.999989986563023736e-01 9.999989983952881634e-01 9.999989963081035160e-01 9.999989993504891928e-01 9.999961641926322642e-01 9.999711895709647580e-01
7.509679362504220080e+03 4.955779889282452039e-05 1.002455920462955676e-05 2.066722919868455577e-01 9.999989999940928076e-01 9.999989999930680717e-01 9.999989998513036937e-01 9.999989999308325217e-01 9.999990003670335970e-01 9.999989615987681102e-01 9.999990000849969807e-01 9.999989997633583760e-01 9.999989990150224273e-01 9.999989998096081578e-01 9.999989997875966541e-01 9.999960942133647723e-01
7.559679362504220080e+03 4.862511881587905892e-03 9.007306282041660994e-05 1.926975307957078387e-01 9.999990000221802289e-01 9.999989999872002100e-01 9.999989998056525442e-01 9.999989999313326772e-01 9.999990002498569952e-01 9.999989998791202206e-01 9.999990000588800942e-01 9.999989999901718329e-01 9.999989999076031033e-01 9.999990000698786297e-01 9.999989999942512364e-01 9.999989999837943788e-01
7.609679362504220080e+03 6.950574743503860203e-03 3.690547531039004622e-03 2.440958515734491519e-01 9.999990000012888292e-01 9.999989999875894542e-01 9.999989999309693012e-01 9.999989999543481556e-01 9.999990001747289803e-01 9.999989998472460506e-01 9.999990000744248819e-01 9.999989996509927037e-01 9.999990001376959370e-01 9.999990000513265809e-01 9.999989999922407335e-01 9.999990000060524631e-01
7.659679362504220080e+03 9.722862180632406903e-04 1.269312643289122417e-05 2.354441020975496790e-01 9.999989999967152654e-01 9.999989998264858793e-01 9.999989999941483187e-01 9.999990000005862800e-01 9.999990001847155474e-01 9.999989987226990396e-01 9.999990002852596760e-01 9.999989999809428820e-01 9.999990000711057592e-01 9.999990000344113339e-01 9.999989999923546424e-01 9.999989999115420636e-01
7.709679362504220080e+03 3.649160225651639308e-05 1.018423563910679481e-05 2.161448971975927225e-01 9.999989999995366752e-01 9.999990000367056098e-01 9.999990000256183675e-01 9.999989999962846099e-01 9.999990003786916049e-01 9.999989999089162751e-01 9.999990001216138014e-01 9.999990001116400018e-01 9.999990000688286917e-01 9.999990000474651142e-01 9.999989999963068144e-01 9.999989999617235892e-01
7.759679362504220080e+03 7.553115191791667619e-03 2.262063005887788387e-05 2.218930875502936051e-01 9.999989999876734981e-01 9.999990002471210726e-01 9.999989998906503308e-01 9.999990001121071836e-01 9.999990001789536009e-01 9.999989999429090837e-01 9.999990000489786812e-01 9.999990001290404162e-01 9.999990001137836204e-01 9.999990000456211447e-01 9.999989999961209630e-01 9.999990000633288689e-01
7.809679362504220080e+03 2.316432097228168560e-05 1.002049665099014716e-05 2.085782759620188609e-01 9.999989999951520714e-01 9.999990001789433869e-01 9.999990002459665517e-01 9.999989977517244055e-01 9.999990001179748234e-01 9.999989999716785150e-01 9.999989999904639326e-01 9.999990000011848013e-01 9.999990000572988036e-01 9.999989999991736322e-01 9.999989999924021600e-01 9.999989997445047907e-01
7.859679362504220080e+03 4.892834821662659094e-05 1.092760051358487694e-05 1.532309657362261046e-01 9.999989999962344278e-01 9.999989992507806180e-01 9.999990003639960268e-01 9.999990000664075174e-01 9.999989999450685785e-01 9.999989990299168463e-01 9.999989987891851895e-01 9.999990002614261853e-01 9.999990000865002227e-01 9.999989998682888848e-01 9.999990000133750501e-01 9.999990000246475885e-01
7.909679362504220080e+03 8.230217909811436000e-03 2.558958459584847024e-04 1.458728055160672943e-01 9.999989999792359141e-01 9.999989974635739021e-01 9.999988913342077179e-01 9.999989574495782296e-01 9.999989649686802373e-01 9.999989738016231700e-01 9.999989874005683621e-01 9.999989915901316140e-01 9.999989999074705427e-01 9.999989998977777406e-01 9.999989998038223415e-01 9.999989947063723239e-01
7.959679362504220080e+03 9.805920375726856237e-05 1.193656844523994408e-05 1.660141577947752967e-01 9.999989999989735701e-01 9.999989958563199055e-01 9.999989998869445174e-01 9.999989702095880562e-01 9.999989689349325639e-01 9.999989584394464170e-01 9.999986365010591349e-01 9.999990008500514449e-01 9.999990002169520942e-01 9.999989989117432643e-01 9.999989994819540318e-01 9.999989997469808101e-01
8.009679362504220080e+03 5.227324231611791584e-03 3.281112671249321626e-04 1.506510736473765655e-01 9.999989999680334307e-01 9.999989956843957639e-01 9.999963067296809838e-01 9.999989458650897500e-01 9.999990003227188229e-01 9.999990010356890613e-01 9.999989916651278454e-01 9.999990001314984500e-01 9.999977410722420412e-01 9.999983181307221525e-01 9.999980442431489758e-01 9.999964337265763170e-01
8.059679362504220080e+03 2.309651828270748992e-04 2.301686459143531625e-03 2.140747603047063186e-01 9.999989999858228673e-01 9.999989948939254081e-01 9.999989999443745781e-01 9.999990001157397224e-01 9.999989999807780139e-01 9.999990003939380756e-01 9.999989666402701038e-01 9.999990000995968575e-01 9.999986430024309092e-01 9.999989095567434205e-01 9.999988741500688283e-01 9.999987760509272405e-01
8.109679362504220080e+03 1.461398174507378962e-04 2.533531629313977122e-03 2.678180841407970525e-01 9.999989999967400234e-01 9.999989996155861371e-01 9.999989996798507308e-01 9.999990000877767571e-01 9.999989996517292257e-01 9.999990002327183714e-01 9.999989648226957906e-01 9.999990000733071094e-01 9.999988758996972704e-01 9.999989859006256365e-01 9.999989950611490874e-01 9.999989835323965792e-01
8.159679362504220080e+03 1.129889355578029907e-04 1.887651310548672887e-04 2.986952977394649600e-01 9.999989999503446914e-01 9.999989977939490737e-01 9.999989999998712964e-01 9.999990004665704202e-01 9.999989982159969149e-01 9.999990001294617459e-01 9.999989653532368461e-01 9.999990000579171978e-01 9.999989620147546887e-01 9.999989955596008118e-01 9.999989960973111325e-01 9.999989933618368410e-01
8.209679362504219171e+03 7.477295282374643863e-05 1.181429642329362308e-05 3.217371669629364717e-01 9.999990002326958338e-01 9.999989992025160035e-01 9.999990000001842683e-01 9.999989998592601070e-01 9.999989999532353790e-01 9.999990000066417695e-01 9.999989542597454983e-01 9.999989809787183104e-01 9.999988112479263336e-01 9.999989897699541608e-01 9.999989876614635564e-01 9.999989871535628350e-01
8.259679362504219171e+03 5.834513197113595540e-05 1.120852123222002217e-05 3.513500212726596295e-01 9.999990001873936274e-01 9.999989932684848482e-01 9.999989999789304917e-01 9.999989460407109343e-01 9.999989896633708630e-01 9.999989989136545132e-01 9.999989535709229438e-01 9.999989875776797987e-01 9.999989314966043485e-01 9.999989962689690426e-01 9.999989958162943671e-01 9.999989958640654875e-01
8.309679362504219171e+03 3.829086292488614320e-05 1.043499013812253735e-05 4.040316690881368134e-01 9.999990000700964554e-01 9.999989785765248662e-01 9.999990000001568458e-01 9.999983677385765324e-01 9.999989494523011668e-01 9.999989946716354439e-01 9.999989547638056253e-01 9.999989924249944595e-01 9.999989753358854427e-01 9.999989982182782011e-01 9.999989979863438405e-01 9.999989979396511908e-01
8.359679362504219171e+03 3.072972256816120521e-05 1.035423687033087820e-05 4.124861397149389153e-01 9.999989996698599448e-01 9.999989897425434204e-01 9.999989998878151543e-01 9.999988126108377839e-01 9.999989728511256004e-01 9.999989661070617375e-01 9.999989389708205945e-01 9.999989937087275793e-01 9.999984069238888607e-01 9.999988515663578159e-01 9.999990000855872863e-01 9.999989999310628930e-01
8.409679362504219171e+03 4.132593408125391553e-05 1.051480498316944521e-05 4.269440787423958161e-01 9.999989999702132426e-01 9.999988886215146477e-01 9.999989999993625922e-01 9.999984287016011608e-01 9.999983045107825319e-01 9.999989500075161519e-01 9.999990155580632534e-01 9.999989999842516797e-01 9.999987184075085356e-01 9.999989041067016693e-01 9.999989798314145029e-01 9.999989777206259589e-01
8.459679362504219171e+03 2.053202961297885705e-04 1.002754831904157975e-05 9.998375288266141414e-01 9.999990000056541151e-01 9.999988077332946368e-01 9.999990000004230772e-01 9.999990000000377188e-01 9.999989349292396357e-01 9.999988773622002780e-01 9.999989839531532310e-01 9.999989994979122665e-01 9.999987848710975014e-01 9.999989212535033145e-01 9.999989986832482636e-01 9.999989985925730185e-01
8.509679362504219171e+03 1.232377816491749911e-04 1.000018611695193588e-05 9.998810076552473447e-01 9.999989999430223264e-01 9.999989990930705508e-01 9.999989991561529790e-01 9.999989991737719963e-01 9.999989988645022754e-01 9.999988993777010338e-01 9.999989992554181306e-01 9.999990002739266304e-01 9.999990002470491302e-01 9.999989958291652936e-01 9.999989960400336164e-01 9.999989958779700316e-01
8.559679362504219171e+03 3.712639422680459237e-05 1.000461978635005615e-05 9.999331159278094239e-01 9.999950997494201355e-01 9.999969223940575747e-01 9.999970356823734141e-01 9.999971115174750569e-01 9.999966580083295975e-01 9.999989346460812500e-01 9.999989068871567577e-01 9.999989069715751189e-01 9.999989070569876848e-01 9.999989059747692588e-01 9.999989038770088490e-01 9.999988974198151803e-01
8.609679362504219171e+03 1.235828675534403820e-03 1.228952138302738456e-05 9.999937636989131295e-01 9.999978072836502863e-01 9.999981750584769902e-01 9.999982050113025434e-01 9.999982257634785210e-01 9.999979084556648301e-01 9.999987651895634322e-01 9.999989692700225197e-01 9.999989588840478838e-01 9.999989599504791604e-01 9.999989612822967056e-01 9.999989614826331197e-01 9.999989587202812169e-01
8.659679362504219171e+03 9.171851863911227457e-04 1.302460516113713143e-05 9.999977077490014299e-01 9.999986643342074766e-01 9.999987516199532189e-01 9.999987531875431657e-01 9.999987543816258873e-01 9.999978605877500870e-01 9.999987676272561465e-01 9.999989256235115587e-01 9.999989075530599791e-01 9.999988972436679724e-01 9.999988812970005414e-01 9.999988746426105024e-01 9.999988683785210331e-01
8.709679362504219171e+03 6.054395109455165295e-05 1.455515122059274145e-05 9.999975213386969042e-01 9.999983489757591215e-01 9.999983590223004981e-01 9.999984185954943205e-01 9.999989471585748468e-01 9.999988287104435436e-01 9.999987861933528066e-01 9.999988110251822881e-01 9.999988000380469755e-01 9.999987811923710668e-01 9.999987755678552137e-01 9.999987684144104882e-01 9.999987550614659604e-01
8.759679362504219171e+03 1.209001229004447154e-05 1.419690603703821067e-05 9.999978095192046945e-01 9.999986720194308232e-01 9.999986743877818940e-01 9.999987358272379723e-01 9.999989417435272143e-01 9.999989341834495393e-01 9.999989258145857152e-01 9.999989247158034278e-01 9.999989241778791671e-01 9.999989203112189529e-01 9.999989141803409254e-01 9.999989134183749906e-01 9.999989078952781218e-01
8.809679362504219171e+03 1.118189582288477835e-05 1.572662933862750470e-05 9.999978215932983083e-01 9.999986306495546318e-01 9.999986313123301329e-01 9.999986949676750170e-01 9.999987386575767134e-01 9.999988633909790980e-01 9.999988619374153842e-01 9.999988677792309710e-01 9.999988665871583082e-01 9.999988723092906318e-01 9.999988714888203845e-01 9.999988704358275804e-01 9.999988600306113362e-01
8.859679362504219171e+03 1.092885437497956689e-05 1.360467251821522514e-05 9.999980500311893561e-01 9.999986870346492251e-01 9.999986889098452236e-01 9.999987388032502977e-01 9.999971171546162552e-01 9.999977431636284386e-01 9.999977805700470679e-01 9.999978248919033641e-01 9.999978738475702178e-01 9.999980650533649706e-01 9.999981113718410253e-01 9.999981878683613656e-01 9.999981777215090073e-01
8.909679362504219171e+03 1.091011467929552338e-05 1.326444298600974710e-05 9.999981652087100992e-01 9.999987233183337265e-01 9.999987253628367379e-01 9.999987675142948396e-01 9.999947366343912014e-01 9.999969301296893764e-01 9.999973172585004955e-01 9.999974577372283679e-01 9.999975027737162403e-01 9.999977550573805329e-01 9.999976862521309240e-01 9.999976796241636379e-01 9.999974172997313504e-01
8.959679362504219171e+03 1.089485799674633954e-05 1.314333957470637952e-05 9.999982437511597544e-01 9.999987286753001525e-01 9.999987302060399097e-01 9.999987651911023123e-01 9.999946150697496261e-01 9.999970483006241917e-01 9.999973215867012932e-01 9.999974466122354411e-01 9.999977335589949057e-01 9.999977400531333549e-01 9.999976831850786452e-01 9.999976940350350230e-01 9.999974624788262600e-01
9.009679362504219171e+03 1.085596244421852480e-05 1.302914613682230549e-05 9.999982535345166568e-01 9.999987464116200098e-01 9.999987478047492884e-01 9.999987751340981834e-01 9.999843506226192558e-01 9.999973673563222754e-01 9.999979812562689307e-01 9.999981842158812695e-01 9.999982167373883124e-01 9.999982518325035707e-01 9.999982262879025807e-01 9.999982336485088164e-01 9.999981224435012805e-01
9.059679362504219171e+03 9.781944510046058222e-03 2.469914258015419584e-02 9.999975131955251006e-01 9.999984565583193152e-01 9.999984608285936716e-01 9.999986076975323490e-01 9.999852751827222885e-01 9.999963242071809866e-01 9.999972563329173614e-01 9.999970373521041012e-01 9.999967537709362198e-01 9.999963629464835302e-01 9.999963482025341355e-01 9.999964105791731006e-01 9.999959703474641248e-01
9.109679362504219171e+03 9.191891852373587288e-03 1.693367139228714457e-02 9.999949579488290885e-01 9.999984944836660672e-01 9.999985565373153973e-01 9.999987006604956763e-01 9.999867070806323088e-01 9.999932478895272592e-01 9.999948961143971804e-01 9.999913725851240498e-01 9.999912859787726260e-01 9.999924773712219883e-01 9.999927195098963217e-01 9.999934881623472327e-01 9.999931317105328343e-01
9.159679362504219171e+03 1.623054241481449280e-03 1.096970897504618302e-05 9.999985461868474701e-01 9.999988282897985803e-01 9.999988274336744087e-01 9.999988397875084756e-01 9.999951600152185982e-01 9.999975341199194290e-01 9.999972273529076361e-01 9.999962620494979859e-01 9.999952139739223256e-01 9.999944485077320033e-01 9.999945033699894070e-01 9.999947691932228322e-01 9.999942090762306002e-01
9.209679362504219171e+03 1.702294849957626663e-03 1.736996460259962124e-05 9.999987364530604772e-01 9.999988383075686382e-01 9.999988385833659121e-01 9.999988420146159740e-01 9.999986940604848051e-01 9.999987366911972098e-01 9.999985441512101447e-01 9.999984514608952768e-01 9.999983342652224438e-01 9.999982394335459324e-01 9.999981834294945360e-01 9.999981088818166164e-01 9.999976808900700176e-01
9.259679362504219171e+03 1.397679114293303099e-03 1.607318987836457106e-05 9.999988614356700722e-01 9.999989445512418307e-01 9.999989452296599302e-01 9.999989492250317413e-01 9.999988145218307034e-01 9.999985408387757069e-01 9.999985458540845418e-01 9.999985650996138231e-01 9.999985803991466859e-01 9.999984398052098600e-01 9.999984505813074298e-01 9.999984624513247322e-01 9.999983312876291608e-01
9.309679362504219171e+03 1.267067388446199011e-03 1.420620363488933873e-05 9.999987932049503314e-01 9.999988248460837115e-01 9.999988495486564766e-01 9.999989016518296969e-01 9.999988056554781624e-01 9.999987192817425541e-01 9.999976988057638350e-01 9.999979224064119432e-01 9.999981034899501076e-01 9.999977138713871394e-01 9.999977937668327321e-01 9.999978709270120891e-01 9.999977715729693184e-01
9.359679362504219171e+03 1.252476977611928239e-03 1.173327979043808938e-05 9.999989590528063355e-01 9.999989615583669833e-01 9.999989632540470241e-01 9.999989721818655086e-01 9.999989870070973286e-01 9.999983987775473704e-01 9.999983904817660862e-01 9.999983958956437657e-01 9.999984003211968009e-01 9.999980356656656966e-01 9.999980449217186207e-01 9.999980575397077187e-01 9.999980282470892767e-01
9.409679362504219171e+03 1.109071548316291399e-04 1.989094135038973243e-05 9.999989970833927933e-01 9.999989967047022699e-01 9.999989950757623980e-01 9.999989936119025868e-01 9.999989982515057330e-01 9.999989668061490811e-01 9.999989662912308619e-01 9.999989664626680597e-01 9.999989665775432801e-01 9.999989414647225683e-01 9.999989417391997870e-01 9.999989417165743300e-01 9.999989395496559075e-01
9.459679362504219171e+03 1.619680764808632397e-05 7.905882513869080081e-05 9.999989999847815891e-01 9.999989999877965108e-01 9.999989999900863458e-01 9.999989999923306616e-01 9.999966068075029080e-01 9.999974886176142830e-01 9.999975053391055857e-01 9.999975815502365473e-01 9.999976604469171804e-01 9.999978133057635388e-01 9.999978739637626068e-01 9.999979846748879853e-01 9.999980400915657874e-01
9.509679362504219171e+03 3.117202375069031729e-05 3.831421837873030291e-04 9.999989999705835020e-01 9.999989999730671819e-01 9.999989999829516085e-01 9.999989999911491623e-01 9.999990001018014274e-01 9.999988641809519629e-01 9.999988644309376618e-01 9.999988688899726919e-01 9.999988727352943085e-01 9.999988556168355469e-01 9.999988568241595654e-01 9.999988576307164978e-01 9.999988544655981082e-01
9.559679362504219171e+03 8.617378091375968560e-05 1.090914052765773858e-03 9.999989999646369254e-01 9.999989999730066748e-01 9.999989999759275605e-01 9.999989999790426243e-01 9.999990002631488073e-01 9.999988805721028440e-01 9.999988793790627328e-01 9.999988816337614939e-01 9.999988839451946498e-01 9.999988739159617612e-01 9.999988749513919473e-01 9.999988758471038963e-01 9.999988737694839314e-01
9.609679362504219171e+03 1.835207726499003299e-05 1.534433813511822120e-02 9.999989995282880795e-01 9.999989993087304851e-01 9.999989993971222235e-01 9.999989998265544910e-01 9.999990002990155613e-01 9.999989721143799359e-01 9.999989719284306799e-01 9.999989723718287760e-01 9.999989728635526598e-01 9.999989705556943109e-01 9.999989707648393455e-01 9.999989709225524104e-01 9.999989705131631101e-01
9.659679362504219171e+03 9.999369209544932652e-06 3.826683044641177728e-02 9.999989996770765055e-01 9.999990000071150575e-01 9.999990000987751815e-01 9.999989997024284483e-01 9.999990003588710152e-01 9.999989923289936966e-01 9.999989921745501276e-01 9.999989922053886815e-01 9.999989923099948941e-01 9.999989917129209482e-01 9.999989918077434314e-01 9.999989919313466702e-01 9.999989918988254622e-01
9.709679362504219171e+03 1.006103751652524178e-05 6.251521831990276834e-02 9.999989995761040529e-01 9.999989996664551128e-01 9.999989999104926808e-01 9.999989999067276925e-01 9.999990001064411604e-01 9.999989985689039518e-01 9.999989985494155409e-01 9.999989984686773470e-01 9.999989983720692921e-01 9.999989981258518013e-01 9.999989980864377737e-01 9.999989980726942118e-01 9.999989980791224031e-01
9.759679362504219171e+03 1.003958735062743420e-05 7.038782309241481405e-02 9.999989995882820892e-01 9.999989996010222315e-01 9.999989996760121347e-01 9.999989998102657429e-01 9.999990001251188865e-01 9.999990000390475142e-01 9.999990000404940238e-01 9.999990000356566711e-01 9.999990000175824623e-01 9.999989999572123089e-01 9.999989999212095526e-01 9.999989998394540613e-01 9.999989997858037549e-01
9.809679362504219171e+03 9.997888781416838769e-06 8.528262389820517875e-02 9.999989999597148627e-01 9.999989999357752346e-01 9.999989995995306469e-01 9.999989990898322523e-01 9.999990002082328466e-01 9.999989911944764387e-01 9.999989911984329405e-01 9.999989911480909877e-01 9.999989911142903587e-01 9.999989901863396424e-01 9.999989901109697099e-01 9.999989899498590296e-01 9.999989898336619776e-01
9.859679362504219171e+03 9.994681736642996287e-06 9.431117385998888381e-02 9.999989978852655836e-01 9.999989979399178663e-01 9.999989980218398911e-01 9.999989984759264372e-01 9.999989639427998567e-01 9.999988922587648155e-01 9.999988920659409475e-01 9.999988914166042520e-01 9.999988910977587464e-01 9.999988837333937397e-01 9.999988833970278046e-01 9.999988827725405649e-01 9.999988826521263308e-01
9.909835612504219171e+03 1.278038560293565942e-04 1.403943533967306201e-01 9.999989538588555105e-01 9.999989543957122917e-01 9.999989528802715189e-01 9.999985746088392302e-01 9.999711216186235596e-01 9.999957642641243982e-01 9.999964661485239992e-01 9.999972355368043075e-01 9.999976421494918277e-01 9.999972206340864700e-01 9.999972529947920297e-01 9.999972840503178473e-01 9.999970146839772811e-01
9.959835612504219171e+03 1.183771803027835085e-04 1.663117813783636378e-01 9.749742472798125226e-01 9.999990000632091869e-01 9.999990000604319640e-01 9.999990001359762015e-01 9.999989824409986072e-01 9.999989711388566072e-01 9.999989726924312095e-01 9.999989746156953130e-01 9.999989438898727601e-01 9.999987873410188799e-01 9.999988053584654146e-01 9.999988175084547626e-01 9.999986966245364428e-01
1.000983561250421917e+04 2.809552006199890554e-05 1.851259084748145267e-01 9.987419534769830243e-01 9.999990001597568456e-01 9.999989995953882937e-01 9.999988872172307364e-01 9.999973562417794337e-01 9.999979545431192385e-01 9.999982292836415709e-01 9.999986225411034990e-01 9.999985062976119998e-01 9.999984608651276696e-01 9.999984687369466441e-01 9.999949592588441849e-01 9.999845904194961665e-01
1.005983561250421917e+04 2.256947091029177596e-05 4.059871374214745754e-01 6.932637606085020332e-01 9.997858501476312165e-01 9.999222826908271688e-01 9.999953379271883103e-01 9.999983150265682186e-01 9.999969393098053771e-01 9.999975532733111905e-01 9.999979912664828108e-01 9.999979507600864626e-01 9.999963789827706062e-01 9.999938605162089766e-01 9.999920981324584845e-01 9.999871143112142313e-01
1.010983561250421917e+04 1.702950996319928229e-05 2.170143321876670250e-01 9.999989995085546424e-01 9.999989993544432521e-01 9.999989989092917808e-01 9.999989895434242548e-01 9.999801133004225795e-01 9.999952078697373903e-01 9.999965219844801911e-01 9.999966465837467622e-01 9.999956267145224675e-01 9.999929726557543752e-01 9.999904229249930721e-01 9.999919446703041670e-01 9.999899900746741510e-01
1.015983561250421917e+04 1.168340718054438471e-05 2.476574645904901784e-01 9.999989997256369945e-01 9.999989997884697335e-01 9.999989995071986160e-01 9.999988216589279499e-01 9.999986905604072440e-01 9.999987100939702334e-01 9.999986951352420883e-01 9.999972995022601285e-01 9.999935970924835882e-01 9.999946246745592404e-01 9.999944064750863060e-01 9.999947825112434074e-01 9.999942992056218838e-01
1.020983561250421917e+04 1.206665765770131030e-05 2.519639241514270434e-01 9.999989998415095283e-01 9.999989997140110720e-01 9.999989994234361745e-01 9.999989953587951064e-01 9.999989363612313831e-01 9.999987849613111157e-01 9.999988393338085091e-01 9.999988754011254199e-01 9.999984578786119682e-01 9.999965177137979389e-01 9.999959927043807761e-01 9.999961089212354715e-01 9.999956452782107208e-01
1.025983561250421917e+04 1.023477881041231344e-05 2.729907934244257262e-01 9.999989999855636302e-01 9.999989999386658113e-01 9.999989998545917302e-01 9.999989998944683878e-01 9.999980680160037716e-01 9.999978274364313968e-01 9.999980291023856660e-01 9.999980324933039899e-01 9.999979668263047072e-01 9.999973128824873880e-01 9.999968803299652542e-01 9.999968903759174355e-01 9.999967006662497937e-01
1.030983561250421917e+04 2.347876419051722659e-05 2.635770632897339039e-01 9.999989999578887678e-01 9.999989999082112835e-01 9.999989998485031562e-01 9.999989999908287519e-01 9.999981387133614064e-01 9.999979194777282032e-01 9.999980849365818214e-01 9.999980945426908407e-01 9.999981701057967243e-01 9.999979861745728060e-01 9.999976721967077653e-01 9.999976793747968884e-01 9.999975943465382322e-01
1.035983561250421917e+04 2.446491673961477398e-05 2.650009409368340174e-01 9.999989999717187050e-01 9.999989997261655716e-01 9.999989995171464363e-01 9.999989898288976775e-01 9.999985316472925767e-01 9.999984415006620830e-01 9.999984728254287525e-01 9.999983478133626091e-01 9.999981488803034724e-01 9.999980018454097674e-01 9.999979634159836817e-01 9.999979617917121866e-01 9.999979338687958741e-01
1.040983561250421917e+04 1.458254162095428715e-05 2.944267159419691193e-01 9.999990000315904792e-01 9.999989998114646728e-01 9.999989992709049647e-01 9.999989997556547605e-01 9.999989455799804805e-01 9.999987505640766106e-01 9.999987813396482572e-01 9.999987994483239273e-01 9.999980243382613487e-01 9.999978348240249337e-01 9.999978431510344601e-01 9.999978614146689537e-01 9.999978728770524405e-01
1.045983561250421917e+04 1.095636065605449327e-05 3.263390161471513284e-01 9.999990000234226795e-01 9.999990000279130875e-01 9.999989999751313086e-01 9.999989997199486558e-01 9.999989915282735398e-01 9.999989814192719040e-01 9.999989827139895704e-01 9.999989779336501128e-01 9.999987165786665688e-01 9.999987090383356536e-01 9.999986912988526599e-01 9.999986830999878507e-01 9.999986817204066236e-01
1.050983561250421917e+04 2.125430007285178670e-05 3.068091403116969818e-01 9.999989998932149460e-01 9.999989997627900529e-01 9.999989956641023303e-01 9.999989390553917223e-01 9.999988392686849359e-01 9.999987473123672643e-01 9.999987242360067752e-01 9.999985952776826448e-01 9.999986754052784255e-01 9.999986752417727720e-01 9.999986658293226194e-01 9.999986567490292133e-01 9.999986572303961596e-01
1.055983561250421917e+04 2.423817946290902529e-05 4.199332959566499657e-01 9.134232526710670541e-01 9.999989999875302793e-01 9.999989999725426015e-01 9.999990000180741800e-01 9.999988791588712012e-01 9.999987541023740434e-01 9.999986708209517294e-01 9.999981933591146621e-01 9.999981255162329052e-01 9.999980373370853659e-01 9.999979891366339579e-01 9.999979388780289025e-01 9.999979157359289994e-01
1.060983561250421917e+04 9.999990001687467656e-01 9.999626722926741040e-01 9.999293247738022528e-01 9.997200516771924672e-01 9.994960294938920464e-01 9.999940769717271527e-01 6.988499497117828252e-02 5.113658314058862064e-01 5.746242863748536323e-01 9.993093361354478121e-01 9.996367857108969801e-01 9.996017366185677711e-01 9.998590865347902756e-01 9.995607896205049858e-01 9.993749656323774877e-01
1.065983561250421917e+04 9.942575147491418130e-01 9.938869193071138142e-01 8.801892638012251968e-01 7.123664880791839016e-01 6.885755072718162673e-01 6.595372834907359261e-01 9.997126325714383865e-01 9.999990000136365076e-01 9.999989999979839173e-01 9.999989829797989449e-01 9.999277340149377302e-01 9.999421140504977101e-01 9.999394486270529736e-01 9.999366446479385218e-01 9.999209083133672182e-01
1.070983561250421917e+04 9.999910322759530956e-01 9.998935313688351867e-01 9.986485080934910386e-01 8.781579393463357919e-01 9.997301724617105867e-01 9.999493416426301629e-01 9.999374418661360897e-01 9.999458748500131833e-01 9.999421239633060621e-01 9.999291941999686184e-01 9.999308097321735200e-01 9.999380906967050286e-01 9.999424691293913314e-01 9.999390889801407223e-01 9.999303725997744641e-01
1.075983561250421917e+04 9.998781493712262103e-01 9.997087994285897006e-01 9.995949802059840295e-01 3.469250201270561162e-01 9.741562330814410586e-01 9.999959398192898030e-01 9.999643418324013489e-01 9.998907387526579926e-01 9.998899865345264315e-01 9.998280611172973842e-01 9.998876515258304787e-01 9.998486819557259597e-01 9.998964308517158672e-01 9.998632950902783811e-01 9.998552579029205134e-01
1.080983561250421917e+04 8.388256235124131877e-01 5.560509220245254403e-01 7.667379060932483226e-01 9.999618023786366328e-01 9.999909720374663413e-01 9.999537816996129092e-01 9.999523455868816191e-01 9.999491739854806660e-01 9.999895919793584387e-01 9.999417527960332563e-01 9.999483751999304060e-01 9.999489781033256142e-01 9.999898817197259149e-01 9.999400641514587518e-01 9.999323860009210474e-01
1.085983561250421917e+04 9.982294413383513421e-01 9.987301289794642267e-01 9.986314492692520695e-01 9.990964200005258977e-01 9.999585531102296310e-01 9.990576809173128403e-01 9.990493001287459318e-01 9.991597524017886700e-01 9.999636158349446413e-01 9.992910032746170623e-01 9.992992869207395490e-01 9.993147948643003042e-01 9.999724583753798468e-01 9.993183260480326124e-01 9.991499113459882953e-01
1.090983561250421917e+04 9.994633660394711683e-01 9.999076810033418194e-01 9.996540186548118490e-01 9.997938313287894063e-01 9.999927682255677075e-01 9.997799707854543305e-01 9.997918681668528373e-01 9.998270956683766864e-01 9.999939237682927695e-01 9.998647521668734273e-01 9.998725718241223692e-01 9.998793188266065224e-01 9.999927759952424999e-01 9.998484203333672937e-01 9.998243699926820938e-01
1.095983561250421917e+04 9.998372313729126937e-01 9.999813914451002317e-01 9.999650125014515334e-01 9.999742882480948669e-01 9.999919215630089786e-01 9.999646707093053921e-01 9.999673134381561468e-01 9.999681654191130420e-01 9.999913742678719908e-01 9.999605432139280214e-01 9.999631653920105778e-01 9.999643730221032811e-01 9.999922299138149784e-01 9.999608751510359328e-01 9.999553232520898005e-01
1.100983561250421917e+04 2.088247329596823743e-01 9.999859007654658960e-01 9.999854443441247298e-01 9.999891733030890073e-01 9.999931542338822421e-01 9.999856708666899907e-01 9.999856033570547753e-01 9.999856441759927828e-01 9.999925092709892605e-01 9.999814616765400066e-01 9.999826266051448087e-01 9.999827824449897262e-01 9.999925575491147578e-01 9.999784911093925199e-01 9.999763744652114816e-01
1.103882291640421499e+04 6.664892775551390924e-01 9.980482846894292992e-01 9.999925336896602346e-01 9.999913768628138078e-01 9.999934987981720091e-01 9.999893182687430437e-01 9.999891047790250287e-01 9.999885924777698332e-01 9.999930644393255630e-01 9.999855216293931370e-01 9.999865610821607742e-01 9.999869519536475071e-01 9.999932428690949671e-01 9.999848242425460887e-01 9.999841091774599455e-01
