TIME void_Ch1_mesh1 void_Ch1_mesh2 void_Ch1_mesh3 void_Ch1_mesh4 void_Ch1_mesh5 void_Ch1_mesh6 void_Ch1_mesh7 void_Ch1_mesh8 void_Ch1_mesh9 void_Ch1_mesh10 void_Ch1_mesh11 void_Ch1_mesh12 void_Ch1_mesh13 void_Ch1_mesh14 void_Ch1_mesh15 
0.000000000000000000e+00 1.020922045540531437e-05 1.020939673991477373e-05 1.020867647786266864e-05 1.020702648057646202e-05 1.020509683036486925e-05 1.020344925344356262e-05 1.020183053250776713e-05 1.020021132402708830e-05 1.019827788116672738e-05 1.019660471108173081e-05 1.019488203437392042e-05 1.019304267688865686e-05 1.019074343903028167e-05 1.018971230076120074e-05 1.018994900937382174e-05
5.000040000000043960e+01 5.462908210978546508e-01 1.304974665827541014e-01 3.301917032478527969e-01 4.666229358314430975e-01 5.356607107045191496e-01 5.853976060949173110e-01 6.358464439020857784e-01 6.664596086774086103e-01 6.775670841053815785e-01 6.924162620945140123e-01 7.387149498741130138e-01 7.284253059366415650e-01 8.154106586072694673e-01 5.816509550807272833e-01 8.121552959219681123e-01
1.000003999999985922e+02 6.203350694120876030e-01 3.227899043123033107e-01 4.359259452456950568e-01 4.617069768051985101e-01 4.504648973278758683e-01 4.887257389481039493e-01 5.796292526584864158e-01 6.578585684293919433e-01 7.334109432643822757e-01 7.671448145397249396e-01 7.826126743816164133e-01 7.867247650807019932e-01 7.425803440666575161e-01 7.726900881591267645e-01 9.999833114534333323e-01
1.502405034099261059e+02 3.766640668896109601e-01 9.999971706784139824e-01 9.999926312842717380e-01 9.999916926683313223e-01 9.999912578087439829e-01 9.999910274543184485e-01 9.999911660175966333e-01 9.999914587835889712e-01 9.999918336390286600e-01 9.999921591905684970e-01 9.999925903495799906e-01 9.999929933804396764e-01 9.999933534326131968e-01 9.999935047971748592e-01 9.999895563467234849e-01
2.004200391960640388e+02 6.127189166954079003e-01 5.787631339337974412e-02 3.488053729771298794e-01 5.938944027465001829e-01 6.410753587843395218e-01 6.079310460415741080e-01 5.487246940301050424e-01 8.626576134032568621e-01 9.774496398307641609e-01 9.846243257022697648e-01 9.993662184890069744e-01 9.993584923024908528e-01 9.992138447358246411e-01 9.991296328437564434e-01 9.997252072581416238e-01
2.553043625042201370e+02 7.250405466943106274e-04 1.212150213197081490e-04 7.206171802222388623e-02 3.320491191550382637e-01 4.039902684720422799e-01 4.639391331582820022e-01 5.306087534104051429e-01 5.539942939907679387e-01 6.498216131610295987e-01 7.061095287773437867e-01 7.403682315228965471e-01 7.192756989607128615e-01 8.624776324272133143e-01 6.005458371467679024e-01 9.448751759479802059e-01
3.053043625042201370e+02 3.283873279439811872e-04 2.294566488202776761e-04 3.672686787384103052e-05 3.870685652925726083e-02 2.054515138092772308e-01 3.297899537570774808e-01 4.244026566039952320e-01 4.916047858628373457e-01 5.364813924626912200e-01 5.731936648247873967e-01 6.156310084693308315e-01 6.314699782914743320e-01 7.044365634083529226e-01 5.713529555111142022e-01 7.230448617409682699e-01
3.553043625042201370e+02 1.465130651666857664e-04 1.546127739116561579e-04 5.574173949186742662e-05 1.465654627383097645e-02 1.364681705497015618e-01 2.665672238622408541e-01 4.377212727334197084e-01 5.168060317632429124e-01 4.791268528786850611e-01 5.153979954915871575e-01 6.223197516173524235e-01 6.218354114146954492e-01 6.495234996755695489e-01 5.314564822870335714e-01 7.148408432836920179e-01
4.053043625042201370e+02 9.999386876611859084e-05 9.263103415376934579e-05 1.411044660116950357e-05 1.697355240094806650e-01 3.157540754167112440e-01 4.144348742866598156e-01 4.939472421977220695e-01 5.423106291892704212e-01 5.836456421397571148e-01 6.092299621814389887e-01 6.535551995555216598e-01 6.544692027351155517e-01 7.445895077706782272e-01 5.766292764310159136e-01 7.673899776737072020e-01
4.553043625042201370e+02 9.225007664690548987e-05 8.994202172350983227e-05 2.382772988171567849e-05 1.496977088659016443e-02 1.807577546719922046e-01 3.160344484076911264e-01 4.153379939551218314e-01 4.891892641177936207e-01 5.409123230020144169e-01 5.780715996693369663e-01 6.384670267087131368e-01 6.303206170723963941e-01 7.579053385145713140e-01 5.547693671665748782e-01 7.964429456474517721e-01
5.053043625042201370e+02 6.700869817815243725e-05 6.702635380126270603e-05 1.421286717729878214e-05 6.067474589441797933e-02 2.344312959704379917e-01 3.546028285499706612e-01 4.479659912357526474e-01 5.142581656155322811e-01 5.620349368209202057e-01 5.941052682521530404e-01 6.528787153043289493e-01 6.401317227971784485e-01 7.680498974635115994e-01 5.586078970284177325e-01 8.036543704069643024e-01
5.553043625042200802e+02 4.480664167133124729e-05 4.679759271846719530e-05 1.277960673411987600e-05 6.121144395631920171e-02 2.344113662527308461e-01 3.541745117288243039e-01 4.473151100072121911e-01 5.133067605483445650e-01 5.609415976128686587e-01 5.928645491347471763e-01 6.514804701640145579e-01 6.387173080000057013e-01 7.664237199670087541e-01 5.568848110739741397e-01 8.025606277308642289e-01
6.053043625042200802e+02 2.947306438521482514e-05 3.132256719742148622e-05 1.154984816077788726e-05 6.299820192854721501e-02 2.339296100378057963e-01 3.526219366544330325e-01 4.451529289678858303e-01 5.110475496328613643e-01 5.584929348542412297e-01 5.906993920948472310e-01 6.489482886788958682e-01 6.369316214058425851e-01 7.636709616639841824e-01 5.555900054738366345e-01 8.005286480951808725e-01
6.591793625042200802e+02 1.997887007210258597e-05 2.107299626467160446e-05 1.080422765640686231e-05 6.255443050593513521e-02 2.322480069645268819e-01 3.506423649984554691e-01 4.429606637635519761e-01 5.088626646814390364e-01 5.562241242384148299e-01 5.886967571104820829e-01 6.465558976545591197e-01 6.352755023664115042e-01 7.609361358113523321e-01 5.542813388414129516e-01 7.986290772448082498e-01
7.091793625042200802e+02 1.543358568303624854e-05 1.603406560364382063e-05 1.043403365889809409e-05 6.424452118666161560e-02 2.328248261074373771e-01 3.504303133114132218e-01 4.423656752317481899e-01 5.080227261151561979e-01 5.552111803542904012e-01 5.877099535580064815e-01 6.453370486806817574e-01 6.342795482669560947e-01 7.594851026496595159e-01 5.533935367799757143e-01 7.979671754948893803e-01
7.591793625042200802e+02 1.308589548008006076e-05 1.340937593377556596e-05 1.024330431529821946e-05 6.651092883720377547e-02 2.340530892870061608e-01 3.508387936538224228e-01 4.423628732792406759e-01 5.077334714280365979e-01 5.547315266793542143e-01 5.872029019365584412e-01 6.446172414797637362e-01 6.336964733084554657e-01 7.585174484216387070e-01 5.529025164673698756e-01 7.977349159870371631e-01
8.091793625042200802e+02 1.217432369777394030e-05 1.229257377167731262e-05 1.016347937444482201e-05 6.843261956595127204e-02 2.352157160136356118e-01 3.514188530384502185e-01 4.426520944031027138e-01 5.077901159975395373e-01 5.546548706810456864e-01 5.870761123517943547e-01 6.443661906182186483e-01 6.334427896298912009e-01 7.580918625416187551e-01 5.527237513018213866e-01 7.980560905520187598e-01
8.591793625042200802e+02 1.240582946371359108e-05 1.232623922876529028e-05 1.015973846663364321e-05 9.221418279591230005e-02 2.553854288234937986e-01 3.667791193143070672e-01 4.554522608170211151e-01 5.182328926370141087e-01 5.637525889792016631e-01 5.947593301470782690e-01 6.515775223940825089e-01 6.392634843811708656e-01 7.638975288277103370e-01 5.580050519570409762e-01 8.035123081122098609e-01
9.091793625042200802e+02 1.979630064749055745e-04 1.271903904830694158e-04 1.827413968808922227e-05 8.803187973605221261e-02 2.528923604417823157e-01 3.657184706017478915e-01 4.550623447755514639e-01 5.181962792090105685e-01 5.638330070332121524e-01 5.951265721994867253e-01 6.516938717553359961e-01 6.397587797726941305e-01 7.636627436264000757e-01 5.589064731922148699e-01 8.040809151908617780e-01
9.591793625042200802e+02 5.051757190836065302e-04 2.691602899312536519e-04 2.731528444871134540e-05 1.120826355133585361e-01 2.721310739670982914e-01 3.803056386664299682e-01 4.671747510444215767e-01 5.281908790865910142e-01 5.727108564293273973e-01 6.027047000657322906e-01 6.594793741355731154e-01 6.452455460106943930e-01 7.708441740605308512e-01 5.644471095066450061e-01 8.112261873829637038e-01
1.009179362504220080e+03 3.641217301137158698e-04 2.260801052853623821e-04 2.330992512224344286e-05 1.353365470653603297e-01 2.891488276083297726e-01 3.918950091624042176e-01 4.762001066853169817e-01 5.347901550999271114e-01 5.784356347370511742e-01 6.066448634878904844e-01 6.640770232354993308e-01 6.469714853833363755e-01 7.756739839539721348e-01 5.647299210992343665e-01 8.172068486928700803e-01
1.059179362504220080e+03 2.104164500828471307e-04 1.041125189986545272e-04 6.894869649171180004e-03 2.178996537590969507e-01 3.344588739873136651e-01 4.142810129177288414e-01 4.791668603992437769e-01 5.345956307784128780e-01 5.832278886691384390e-01 6.100141848252612631e-01 6.676443506710597608e-01 6.348392145217630622e-01 7.745779183972223425e-01 5.461875809221956590e-01 8.305818208726276630e-01
1.109179362504220080e+03 3.026213177759814067e-04 1.986578575103509269e-04 2.130692807270633427e-05 1.552940322604278722e-01 3.051356875033726102e-01 4.044225433724855101e-01 4.869365450814005514e-01 5.437684524861885471e-01 5.868420021642564155e-01 6.134999538306661337e-01 6.722099540082923097e-01 6.512795299569450469e-01 7.846137927438305848e-01 5.683153548732676752e-01 8.277154238429700328e-01
1.159179362504220080e+03 5.358341384715898867e-04 6.577068067487104326e-05 5.588104999607036889e-03 1.928344095007246961e-01 3.323156858523723667e-01 4.315478967135872868e-01 5.074772854577951353e-01 5.632348957376930310e-01 6.031097873258975950e-01 6.270709165236918459e-01 6.850034022419613233e-01 6.605329644589534865e-01 7.961267150796847991e-01 5.721723973747276926e-01 8.403576244463645262e-01
1.209179362504220080e+03 5.857643954589109633e-04 2.828580635473686286e-04 3.538534658533438716e-05 1.943885966500838447e-01 3.591693848674724632e-01 4.195959877114545655e-01 4.458995170082673543e-01 4.582825766446855242e-01 4.921534591112670110e-01 5.855380644908758647e-01 6.795616952272444111e-01 6.847588989258007741e-01 7.917266454275564413e-01 5.951307756859677278e-01 7.952831900191040804e-01
1.259179362504220080e+03 4.241096778204455926e-04 2.607225017377433817e-04 3.829433985319418728e-05 5.529420925919414226e-02 2.273957511650444574e-01 3.436113254851116405e-01 4.142519498148181656e-01 4.762640491268151366e-01 5.537614161514619049e-01 5.979053349234753068e-01 6.250629869676728179e-01 6.296586548196495547e-01 7.330821347375223729e-01 5.593869839232715746e-01 7.862470140508721617e-01
1.309179362504220080e+03 5.698796078645679492e-04 2.806018050354773053e-04 2.214601719166785627e-05 1.838138351083432043e-01 3.306744523038097072e-01 4.273371155070665450e-01 5.066994073802257859e-01 5.611523690887877391e-01 6.023499242445613522e-01 6.269821249151493747e-01 6.843745791369981735e-01 6.615330857059804615e-01 7.930471538294830980e-01 5.774502080386426650e-01 8.366386719176550635e-01
1.359179362504220080e+03 6.597764961273703806e-05 1.001282276869377386e-05 1.221178274361081617e-01 3.112658976046345782e-01 4.197717773715062273e-01 4.979774092758821324e-01 5.633802453414826772e-01 6.066272020695224754e-01 6.442648172787021066e-01 6.541930190878875173e-01 7.279648380891041715e-01 6.687400240182550526e-01 8.518027111092537629e-01 5.736932496256686997e-01 9.064168754221577640e-01
1.409179362504220080e+03 5.663952759898430948e-04 1.310119543160010293e-04 2.006747716033833052e-03 1.334671475497749005e-01 2.726158707600606079e-01 3.705451518554276347e-01 4.840526169098643416e-01 5.454604556688121830e-01 6.113189295279868318e-01 6.365637048844737800e-01 7.108876738389835470e-01 6.611240829199862556e-01 8.450758769634926226e-01 5.453471893111698776e-01 9.796006974432511782e-01
1.459179362504220080e+03 2.921461803383832746e-03 3.004615013168515652e-05 1.110826550474745822e-01 3.599829179030103465e-01 4.311183307023553901e-01 4.378972104393879516e-01 4.758835038714174237e-01 5.923783620992590926e-01 6.676050183968726959e-01 6.701511803548071411e-01 6.999012044185544124e-01 6.465053300059020458e-01 8.014325301949667413e-01 5.783378999514697805e-01 9.310966111445451165e-01
1.509179362504220080e+03 6.903892227153594126e-04 3.585321090888421962e-05 5.232944442470460061e-02 2.557767932700891200e-01 3.805446272424704568e-01 4.703527992681361680e-01 5.400545267458005672e-01 5.901934822759348220e-01 6.285947235635768182e-01 6.481612462186636670e-01 7.083942390615679541e-01 6.757153640643854819e-01 8.172371874145214488e-01 5.893565876780902935e-01 8.642616261803482969e-01
1.559179362504220080e+03 2.583443393033056450e-04 1.062288081730279877e-05 1.053666595599457995e-01 2.805313625365363772e-01 3.948314571588497635e-01 4.751656815479888829e-01 5.414120698776219154e-01 5.881126076831016958e-01 6.262966303917371080e-01 6.420460466085633477e-01 7.072408264464181693e-01 6.645482382706581204e-01 8.218800718236201064e-01 5.739366677452265586e-01 8.747718591117720210e-01
1.609179362504220080e+03 5.108791122510428781e-04 2.217448468028373270e-05 1.107824578997218812e-01 3.091647478742199362e-01 4.226656713256562448e-01 5.071758640726528045e-01 5.718424319750861073e-01 6.183171564896536854e-01 6.573225087113288012e-01 6.683834208747438943e-01 7.398411236078898945e-01 6.851597158459095116e-01 8.570267851626462985e-01 5.887420966260401567e-01 9.152552274450477254e-01
1.659179362504220080e+03 3.836624439994539026e-04 2.588062469050110732e-04 3.490531549950112988e-05 1.233314829951775438e-01 2.951897586208364066e-01 4.091579564159858462e-01 4.984963377909822357e-01 5.590426548079925340e-01 6.038016697877790495e-01 6.332717363952076184e-01 6.872412492970155773e-01 6.735921805613692692e-01 7.931414353168696474e-01 5.938777226199044579e-01 8.439336507136927512e-01
1.709179362504220080e+03 5.079573831078480328e-04 6.365941281145691486e-05 2.433435780437898099e-02 2.545711294243183653e-01 3.580269779620473547e-01 4.536855906822152562e-01 5.280001085490187984e-01 5.811159008388759872e-01 6.274157072507414723e-01 6.541855650752563811e-01 7.074147554252711023e-01 6.890772848792723337e-01 8.093991964689966068e-01 5.936215461359009016e-01 8.691505741179582634e-01
1.759179362504220080e+03 1.181988741123050760e-05 1.000550943170196858e-05 1.716840363856144691e-01 3.562639040594167139e-01 4.699580182518532934e-01 5.485102381055514398e-01 6.105419887029043258e-01 6.598144703129160682e-01 6.780021955248357601e-01 7.370647404251744472e-01 7.030486158852089495e-01 9.106042942814569496e-01 9.967914157978026157e-01 9.990831989564999960e-01 9.998810246222671339e-01
1.809179362504220080e+03 1.890374535675472896e-04 1.493936659576896534e-04 3.166652273683485459e-05 1.178821673566780859e-02 1.732755122297854333e-01 3.335928104059003307e-01 4.445334736180475144e-01 5.231785509763492437e-01 5.739736908285989481e-01 6.141549270126450688e-01 6.612421862958405283e-01 6.694051186581280177e-01 7.606245575161632022e-01 6.016937491778572289e-01 8.163762575020137024e-01
1.859179362504220080e+03 2.659428613959859220e-04 1.070741860120375043e-04 2.197353424639814177e-04 1.555944116517492537e-01 3.254265560967505300e-01 4.374123756138033614e-01 5.233482344809701203e-01 5.809677840232538859e-01 6.229228705809701783e-01 6.495214054109230695e-01 7.052326851908582439e-01 6.815543238155065131e-01 8.185940696366758029e-01 5.968082383971942129e-01 8.826589635579177306e-01
1.909179362504220080e+03 3.286975476888379403e-04 2.097389835903727272e-04 2.928835163299086392e-05 1.233158000505110985e-01 3.048169354416385146e-01 4.223130629366935174e-01 5.103400874727899161e-01 5.705763141834407914e-01 6.125999637032912837e-01 6.398894680558705472e-01 6.850527442855971483e-01 6.812277502883375968e-01 7.775475451484838985e-01 6.020305272777768391e-01 8.345909660189840817e-01
1.959179362504220080e+03 7.562240898113617730e-05 1.095359787603057107e-05 3.762055856922940505e-02 3.234514553595940201e-01 4.456330263280907089e-01 5.402473049146284678e-01 5.938379366391125513e-01 6.418887040991898552e-01 6.708168080745033901e-01 6.856156224947550504e-01 7.542407681524435636e-01 6.907623949937967689e-01 8.889360984856594650e-01 5.746743062295294191e-01 9.643030116421946740e-01
2.009179362504220080e+03 2.143885556702514650e-04 5.004081218666254442e-05 8.384690649912504221e-03 2.353154004468778204e-01 3.836689519704048479e-01 4.827166844875073193e-01 5.582726696056390381e-01 6.093888778087114266e-01 6.508280492071387702e-01 6.696347522140200237e-01 7.333064794288074451e-01 6.943308205561982138e-01 8.436983954957077980e-01 6.113585688422376041e-01 8.985372335928054621e-01
2.059179362504220080e+03 9.859209059767112338e-05 8.875801075599393448e-05 6.812632097655649081e-03 2.683045914985368596e-01 4.063348858570917099e-01 5.069926133204607499e-01 5.758263370179960150e-01 6.263368360919910893e-01 6.636866848120839268e-01 6.858206448061328064e-01 7.450109674791350889e-01 7.111117507291262463e-01 8.660005863234329082e-01 6.239347308992869712e-01 9.829987518955002335e-01
2.109179362504220080e+03 4.479861370571581065e-05 1.650069321543847327e-05 3.950238505819176488e-02 3.423642780983835454e-01 4.760784068135074931e-01 5.621366196762763723e-01 6.247892845389063643e-01 6.651052059350482937e-01 7.040817752607809732e-01 7.072388390326520557e-01 7.787415601878385774e-01 7.208261907682216307e-01 8.886513077795015203e-01 6.237480240591093406e-01 9.493890752723510573e-01
2.159179362504220080e+03 5.430130012351884515e-05 5.075608941170666258e-05 1.359122179356593083e-05 8.534737538822001479e-02 2.864753834255640008e-01 5.128326807766494522e-01 6.067002182706685565e-01 5.198596515192405176e-01 5.311016424100837297e-01 7.092046731360139855e-01 7.984199208561844063e-01 6.329621358374458717e-01 7.619270011914285323e-01 6.513935675929644065e-01 9.913806929972724946e-01
2.209179362504220080e+03 6.844361730124246630e-05 6.807172842976182787e-05 4.246085196635082404e-05 3.601362874942100610e-05 2.791187896665416491e-05 4.669106563078338420e-03 9.652717091428206220e-02 2.611198357913144807e-01 3.800328086058610833e-01 4.741756927769322782e-01 5.423559816396047450e-01 5.854085800224585467e-01 6.763367756566155409e-01 5.513164225672215757e-01 7.603349868597785166e-01
2.259179362504220080e+03 4.977114226009895950e-05 4.914094177883875959e-05 2.828454649941218677e-05 1.049764999314040467e-05 1.449715348751396127e-01 3.225430392899416576e-01 4.578477488538021389e-01 5.290752198670102269e-01 5.857656814895905173e-01 6.217728459041675926e-01 6.783367886825379944e-01 6.670546560874279773e-01 7.890839884928675385e-01 5.978673761136014120e-01 8.461552457629778479e-01
2.309179362504220080e+03 4.368277074197434546e-05 4.299543091539668549e-05 1.093904631949291366e-05 9.469103074561086020e-02 2.829069516876366319e-01 4.012202473409103853e-01 4.956669081451947623e-01 5.562104505959936107e-01 6.034052360882748989e-01 6.316600096170124079e-01 6.868411097908090346e-01 6.713304862237855497e-01 7.915133884680327636e-01 5.973417709885849858e-01 8.448029017382264749e-01
2.359179362504220080e+03 3.354238820334213753e-05 3.240116209533946723e-05 1.145068797317195849e-05 2.988431482450158369e-02 2.675349960429385110e-01 3.719302596778942815e-01 5.122908911912744667e-01 5.561192026418873002e-01 6.107632114690874081e-01 6.559370492250854445e-01 6.925396219157224920e-01 6.870507973305476357e-01 8.123785500101885493e-01 6.031739790912296062e-01 8.590335069017615011e-01
2.409179362504220080e+03 2.427014686330904357e-05 2.220044306811346603e-05 1.031797427296080302e-05 1.829038440342045102e-01 4.091323529841381923e-01 5.017850937729656513e-01 4.908954333359497602e-01 4.453734940340840498e-01 4.711216871977978449e-01 6.046389293701395218e-01 7.223359041220449583e-01 7.250896448124803939e-01 8.524450924169787447e-01 6.119285882894767159e-01 8.418745020688911396e-01
2.459179362504220080e+03 2.074593753633423038e-05 1.927338843524455415e-05 1.054091984584668232e-05 6.629314228180814561e-02 1.981670855626045391e-01 2.687042856935046298e-01 4.390999536482488863e-01 5.906645764358532391e-01 6.952259510260492270e-01 7.086341433742930906e-01 7.200374994544096463e-01 6.406502725414257027e-01 7.522549966564214818e-01 5.773619632764678267e-01 9.432725557446083320e-01
2.509179362504220080e+03 1.961837940080654212e-05 1.896453440377791319e-05 1.051881183574463072e-05 4.271409083986531935e-02 2.377280756889203761e-01 3.782273375813725025e-01 4.788144102708670191e-01 5.479883424923938096e-01 5.966483601663012948e-01 6.283130760843541607e-01 6.853966400954312199e-01 6.690943098458043137e-01 7.952367267458408939e-01 5.927026876524696952e-01 8.537591075958917974e-01
2.559179362504220080e+03 1.796116315439452173e-05 1.660492526536804905e-05 1.023026928121898170e-05 1.673792836584721000e-01 3.333507650596796434e-01 4.338910287348528572e-01 5.204117972331890885e-01 5.732357392455120770e-01 6.205066143015695035e-01 6.402017431193942620e-01 7.077091292956094737e-01 6.677771985260191334e-01 8.241683621713156160e-01 5.855611480339800723e-01 8.871429698075711245e-01
2.609179362504220080e+03 1.564698683697352246e-05 1.538446577061533129e-05 1.078799674318383286e-05 7.280608121773872281e-03 1.527270125446271720e-01 3.139937719480012102e-01 4.265739497413159609e-01 5.085241644307604281e-01 5.648794927870588456e-01 6.028438407520657627e-01 6.649237459632765246e-01 6.480107478546300870e-01 7.885927625821868014e-01 5.575730908464227031e-01 8.930066084559331596e-01
2.659179362504220080e+03 1.447055592685372408e-05 1.244950563604105197e-05 1.381571345127414762e-05 6.078837784426003449e-02 2.426472826349617140e-01 3.811090434327344956e-01 4.887584049769951866e-01 5.517333167362825641e-01 6.043005157897974877e-01 6.270576847035250756e-01 6.954825358924966450e-01 6.579972104632072494e-01 8.349071112309979226e-01 5.736597764546738087e-01 9.291648643910840333e-01
2.709179362504220080e+03 1.109253741592038937e-05 1.000163959295123127e-05 9.501960368440277860e-02 3.908212104229997208e-01 5.213532402136689115e-01 5.510204946388788105e-01 5.152342609942187623e-01 4.757246948090993466e-01 5.184874835881733146e-01 6.232845080655812220e-01 7.312780281814463823e-01 7.525516841713640881e-01 8.888501310014848000e-01 6.595492600106316328e-01 8.068710716364859703e-01
2.759179362504220080e+03 1.404263151500025506e-05 1.017687267698486502e-05 2.139632335912167171e-02 2.279945962299896878e-01 3.477395261907501589e-01 4.637521410296759350e-01 5.274458560507917504e-01 5.905476872919748210e-01 6.275644981901222774e-01 6.526633034687540080e-01 6.969285847985924320e-01 7.001762532510351633e-01 7.688672463311203575e-01 6.729518875200187766e-01 9.999989999184054623e-01
2.809179362504220080e+03 2.442671328143517450e-04 6.912375399714099067e-05 3.389407023087918826e-03 1.307086568440848640e-01 3.294920000751642708e-01 3.943809847380270184e-01 4.627201259004770639e-01 5.694767378313839723e-01 6.767399156745357303e-01 4.883718017930043231e-01 9.863328893570513234e-01 9.999897069224714663e-01 9.999754204810340497e-01 9.999580840202837440e-01 9.998767684978540071e-01
2.859179362504220080e+03 2.809375840891065461e-04 3.077629190212884309e-05 8.194263720563726983e-02 3.076356122885508526e-01 3.906622006763615929e-01 4.879009772769619668e-01 5.540509860472506709e-01 6.473943590766741973e-01 5.899053450102565987e-01 7.926983304564566568e-01 9.999989519277827643e-01 9.999985374885711487e-01 9.999978293543598795e-01 9.999968697587501287e-01 9.999929015104018770e-01
2.909179362504220080e+03 2.573006557404069268e-04 1.314487554292272522e-05 9.022471927595693275e-02 2.819786321506496107e-01 2.836268263725487127e-01 2.459009121908860840e-01 3.694350239852933204e-01 5.825347409380876584e-01 7.865186737925716765e-01 5.567161397797338873e-01 9.999988142190756601e-01 9.999978405462695008e-01 9.999963523112124220e-01 9.999942612694587840e-01 9.999453635818873476e-01
2.959179362504220080e+03 2.673830046667006717e-04 3.468818640338411938e-05 2.974448707885505791e-02 2.111413191983295690e-01 4.465699112500700618e-01 5.516609355415401650e-01 5.239648716411919871e-01 4.902857543870703938e-01 4.882972298022865698e-01 9.998875305862441332e-01 9.999027243458311620e-01 9.999378915645537047e-01 9.999586261731457926e-01 9.999668050931507235e-01 9.999154407862221872e-01
3.009179362504220080e+03 2.737140649317368828e-05 1.001256840616692015e-05 8.368566097849201857e-02 1.956979021683028230e-01 4.181791672878711341e-01 5.894338400722571869e-01 6.743425570381696987e-01 6.535050668858400913e-01 6.289324999215232248e-01 5.584695317829003747e-01 9.879076615974056175e-01 9.999989947775524968e-01 9.999989807997640145e-01 9.999985576895222827e-01 9.999471611535801774e-01
3.059179362504220080e+03 1.550614172205648441e-05 1.001224008055491178e-05 2.398607359569819297e-01 3.946000908962911669e-01 3.906382746960674335e-01 4.297637729871855439e-01 5.633523930305907035e-01 6.859896014518583884e-01 6.307425225358707088e-01 8.560368692597357665e-01 9.996573614269582686e-01 9.999333839557780212e-01 9.999681985509326632e-01 9.999803516047696128e-01 9.999513214059236876e-01
3.109179362504220080e+03 9.449395177887441458e-05 1.382000365216955815e-05 2.271140733765116687e-02 2.175703758745906324e-01 4.122754227257668380e-01 5.057921646583788400e-01 5.150923314500975847e-01 5.095938939965266590e-01 6.356606095039083471e-01 5.885117778747862571e-01 9.999989999658973616e-01 9.999989993049841486e-01 9.999989975752168192e-01 9.999988897921757713e-01 9.999679611039534732e-01
3.159179362504220080e+03 6.337330379126872976e-05 5.929071562845124923e-05 3.873306447201756500e-05 2.031902908104912253e-05 8.323562481146852890e-03 1.022303016814710697e-01 2.636550489605205549e-01 4.254625092501673200e-01 5.287607131996686638e-01 5.698787692988737108e-01 5.696871409765247307e-01 7.264376285032815295e-01 8.930112817371494982e-01 9.059565507676754503e-01 9.405476818818261364e-01
3.209179362504220080e+03 4.336859195912984874e-05 3.786136569684557670e-05 2.834570064642316702e-05 2.480719314712100297e-05 2.517179100169264678e-05 2.979672467594260318e-05 1.926012344126374346e-05 2.554390378069269058e-04 5.349882061888461271e-02 2.391725248629853473e-01 3.861344893270787226e-01 4.849008811233853078e-01 6.022226510962047641e-01 4.937824744492199658e-01 7.394250678841557400e-01
3.259179362504220080e+03 4.511181064261817234e-05 4.119461865627794557e-05 2.916311661466276247e-05 2.759328437493463310e-05 2.939952677685378724e-05 2.167453129118134369e-05 4.375964933027411824e-03 1.500625861990712295e-01 2.878477550649364836e-01 4.013828300656253623e-01 4.818894269411369002e-01 5.342127108740866159e-01 6.290183334110044377e-01 4.974894287767677170e-01 7.447973218479390090e-01
3.309179362504220080e+03 5.239259976512826401e-05 4.658781463291536423e-05 3.231130575709661231e-05 2.724499121194005370e-05 1.536904731773955479e-05 5.129118055638505523e-04 1.158010067099368295e-01 2.889671427889106692e-01 4.039938740796441552e-01 4.881568661516839103e-01 5.628168748129906973e-01 5.861488462116626330e-01 7.064465630040881461e-01 5.309356054453978624e-01 8.167265742623913694e-01
3.359179362504220080e+03 4.803470499534860639e-05 4.365099249112547536e-05 3.057287443222107430e-05 2.684378393117969276e-05 1.063661853325271582e-05 3.880272576382111371e-02 2.049512954279925359e-01 3.368331568796264497e-01 4.292550614481116522e-01 4.972487700724247950e-01 5.628766517567541650e-01 5.847825010811266155e-01 6.916821396714387671e-01 5.308058165718608779e-01 7.920650522822766382e-01
3.409179362504220080e+03 4.146620164158399009e-05 4.088456875230105076e-05 2.868787735435408267e-05 2.379341437408596512e-05 1.024243846927476825e-05 1.879811032228161649e-01 3.409280737388494242e-01 4.422044120245655630e-01 5.131099385300746940e-01 5.618954179616472144e-01 6.229451638062125651e-01 6.244919918322675567e-01 7.429814915079725468e-01 5.574146070472354442e-01 8.265271530382727327e-01
3.459179362504220080e+03 3.360973973595715071e-05 3.441361898117650602e-05 2.743462728173543387e-05 1.062537961954926171e-05 2.449085574384428018e-02 2.074163834042732080e-01 3.460655306259866615e-01 4.434557679209827352e-01 5.109979298420358473e-01 5.592826092327177756e-01 6.206862684533559493e-01 6.200870255286921040e-01 7.435046477912615748e-01 5.514451887096886162e-01 8.312554216974905597e-01
3.509179362504220080e+03 2.742806488506117655e-05 2.838516251107190102e-05 2.512310591090797328e-05 1.060862178950514388e-05 6.190651130272102620e-02 2.442069219444781003e-01 3.735251769649525766e-01 4.660212346623703872e-01 5.285744600263213577e-01 5.739619327815549399e-01 6.345676348231111819e-01 6.296839109818659352e-01 7.559072225629432928e-01 5.598270046469494554e-01 8.381410041183708914e-01
3.559179362504220080e+03 2.311202799845020573e-05 2.410482709091381877e-05 2.252469934574049415e-05 1.039871846601915388e-05 1.467438082898859797e-01 3.076189156857629947e-01 4.165060871229420703e-01 4.976966945550997390e-01 5.515715326676419172e-01 5.913027524714942196e-01 6.502972910213402624e-01 6.385711793431366745e-01 7.689570127139634392e-01 5.649758479859084970e-01 8.468869904638910429e-01
3.609179362504220080e+03 2.106292845479987825e-05 2.098500706339613924e-05 2.031022570233259025e-05 1.303811175984317020e-05 7.134655212296306783e-04 1.363165561977974782e-01 3.013582108189832853e-01 4.119855432658207639e-01 4.929998467815137619e-01 5.469567721950553407e-01 6.113920558536852790e-01 6.177812486547820114e-01 7.352390555035833719e-01 5.568170360548808651e-01 8.199343596506749599e-01
3.659179362504220080e+03 1.877422790271472255e-05 1.942515181123978207e-05 1.908939335687727940e-05 1.047534798284882536e-05 2.303262128290510871e-02 2.045032613470561533e-01 3.487424719968422737e-01 4.474219463364679794e-01 5.167694823375491575e-01 5.648029416415549786e-01 6.275755396147936205e-01 6.252808700338512438e-01 7.509865095455143802e-01 5.577692326261359801e-01 8.355705598362584974e-01
3.709179362504220080e+03 1.623271890409510104e-05 1.690904328259864255e-05 1.682779943571338112e-05 1.019379073412844426e-05 6.998137371822352182e-02 2.517786558194984314e-01 3.767704338503582440e-01 4.675279889382674692e-01 5.282582021392411287e-01 5.730281480859246157e-01 6.328491859666214303e-01 6.274356098943049131e-01 7.539219175059823641e-01 5.557396826375509136e-01 8.394803942693648269e-01
3.759179362504220080e+03 1.356222061596220006e-05 1.391810732352556635e-05 1.410027680194942773e-05 1.431615101526562711e-05 1.448737910983851679e-05 1.007346706084534876e-05 1.778517738715652829e-01 3.234838147944396058e-01 4.197254301553701716e-01 4.911934508758247220e-01 5.585745377793308597e-01 5.798672679937275642e-01 6.918688226726720236e-01 5.222248313189609137e-01 8.012219842216914412e-01
3.809179362504220080e+03 1.665752071489310279e-05 1.586035793688929279e-05 1.489137211736683623e-05 1.422067261313573336e-05 1.377563971125136087e-05 1.339459809525761154e-05 1.046799664336284115e-05 9.663658692733717928e-03 1.785429112322245160e-01 3.276003919980536305e-01 4.376623891426385526e-01 5.015974025829175176e-01 6.159560633706939736e-01 4.863409222226857676e-01 7.492057585598096425e-01
3.859179362504220080e+03 1.865837677598480802e-05 1.862001241297355018e-05 1.729655695093952177e-05 1.653819341292127172e-05 1.603532953361038878e-05 1.029325005144048546e-05 2.219147032106085979e-02 2.048481420444087375e-01 3.418536629937194427e-01 4.372854561420810304e-01 5.187405902178592321e-01 5.542159421547416809e-01 6.658858770945361716e-01 5.088940809971772561e-01 7.869285115436229772e-01
3.909179362504220080e+03 1.866377540011130738e-05 1.861192706528093190e-05 1.755100378939793550e-05 1.692699563145469896e-05 1.659182211960207482e-05 1.050414003669157605e-05 7.706674431805088377e-03 1.879308410589028422e-01 3.249350152631380051e-01 4.167780374952140821e-01 5.175446285434186500e-01 5.560389680896554720e-01 6.703511697594687346e-01 5.111407023180617459e-01 8.057413496027362454e-01
3.959179362504220080e+03 2.459478030229178368e-05 2.348436637273392988e-05 2.022932632436125596e-05 1.853100163332720417e-05 1.751143941058138582e-05 1.694437543657562260e-05 1.655257042192369185e-05 1.631150117348631077e-05 1.463594476053101901e-05 1.060100706966530535e-05 1.947347842188434583e-02 1.668960755617905634e-01 3.354127899177640204e-01 3.070120094952545897e-01 5.256107910577897391e-01
4.009179362504220080e+03 2.305993244052850368e-05 2.317164684994321290e-05 1.930139026731003939e-05 1.769115995739283485e-05 1.689788205243610353e-05 1.650399224520801309e-05 1.028381148400504435e-05 5.773782358245695134e-02 2.356295759583904026e-01 3.691139793372554267e-01 4.653170020085835579e-01 5.172079039343200346e-01 6.286635501404268522e-01 4.842662384025858135e-01 7.780726714316832382e-01
4.059179362504220080e+03 2.428869750492213884e-05 2.376565286172177641e-05 1.963750261866960707e-05 1.824528999158514332e-05 1.743297239030593539e-05 1.701298756592742410e-05 1.663776042216452003e-05 1.607413445113660069e-05 1.115169786425624798e-05 2.507958310765196971e-02 2.022903854967639803e-01 3.377034177347744137e-01 4.795175236619935721e-01 3.867986359905306037e-01 6.636864433765764515e-01
4.109179362504220080e+03 2.206480598465642063e-05 2.102124162015944823e-05 1.785343306114754678e-05 1.705803676993497515e-05 1.664685095776521009e-05 1.629760624837063392e-05 1.123648142689075263e-05 1.140485287560240660e-02 2.269053746349876943e-01 4.024270840467515931e-01 4.006225182853924149e-01 3.334951670895467957e-01 5.382952044163481498e-01 5.120835806550763092e-01 7.961121690204405743e-01
4.159179362504220080e+03 2.592340596350483628e-05 2.505658584799273951e-05 2.087025720805841191e-05 1.886436785913238421e-05 1.768312388149499744e-05 1.702404688010227985e-05 1.654234266390519390e-05 1.625887998031557409e-05 1.589883785743663504e-05 1.163119900723709555e-05 3.506677977117563221e-03 1.484749821727939234e-01 3.826261873961826487e-01 3.398906309183245544e-01 4.891559138646491833e-01
4.209179362504220080e+03 2.212003064410026219e-05 2.108328011790376128e-05 1.778492508967308248e-05 1.653352513850131359e-05 1.579224179849988028e-05 1.471613350930163597e-05 1.004378301584881530e-05 7.163790014377720283e-02 2.223532304026202833e-01 4.092625082512474366e-01 5.717740718962163182e-01 5.779674766412404852e-01 5.818646872216250987e-01 4.915192778023628195e-01 7.680866757673120437e-01
4.259179362504220080e+03 2.178903317261327106e-05 2.103766440606642436e-05 1.837144406502586421e-05 1.709210907886319212e-05 1.659937812619335592e-05 1.695948183731499299e-05 1.030418349919395352e-05 3.133823463243972512e-02 1.662942354476991957e-01 3.457250219241466693e-01 4.745662474505129014e-01 5.177983148971776473e-01 5.080432502911537140e-01 3.847481269020800454e-01 7.122702758015929669e-01
4.309179362504220080e+03 2.068540641827300080e-05 2.033651130245067208e-05 1.788090645258665786e-05 1.703263091319036980e-05 1.658224899192266936e-05 1.581878068091773168e-05 1.012747909919782255e-05 1.624484910630828449e-01 2.905084398791938916e-01 3.908488971836365788e-01 4.697550222202303560e-01 5.175494931272550669e-01 6.284650860267338990e-01 4.930607641911194938e-01 7.572156139147904197e-01
4.359179362504220080e+03 1.905090703767165478e-05 1.964146267672112450e-05 1.790729892971119457e-05 1.695154561459749949e-05 1.648090342100914590e-05 1.036542142997035292e-05 9.390673215382500452e-03 1.608507122449766846e-01 3.144953729682975485e-01 4.253731616699537033e-01 5.273211034181612966e-01 5.519825038039094522e-01 6.301228160541429979e-01 4.984592466508813158e-01 7.608873594954581598e-01
4.409179362504220080e+03 1.714499827838958609e-05 1.780504771835635214e-05 1.683772928507259325e-05 1.635609160874210762e-05 1.471621881642109765e-05 1.015065764037549027e-05 8.358380837468613878e-02 1.970281857002826598e-01 2.738219199469172360e-01 4.114189965042733266e-01 5.548430065361437125e-01 6.107272990020886638e-01 6.483540371777075650e-01 4.680837606225801695e-01 7.649183012624463096e-01
4.459179362504220080e+03 1.615759003632724606e-05 1.607230515701748468e-05 1.542406256191510081e-05 1.544558858299454316e-05 1.012214122388365206e-05 1.511406414545654053e-01 3.010317898222169553e-01 3.924399379758850559e-01 4.687526053479691979e-01 5.190097110920345314e-01 5.821774225989712059e-01 5.871134046661430350e-01 7.081733585188236813e-01 5.186299502934546002e-01 8.192470053108554806e-01
4.509179362504220080e+03 1.459519537837564514e-05 1.447684177139239568e-05 1.409969591060897144e-05 1.012100468057392855e-05 7.880974810979342327e-02 2.500670984417455722e-01 3.621814376818079939e-01 4.521760773459844729e-01 5.096479861315895699e-01 5.563023560940917323e-01 6.152497347839792630e-01 6.109482340050383931e-01 7.403678378449489728e-01 5.346415975048058877e-01 8.433978177774335006e-01
4.559179362504220080e+03 1.310650207944078009e-05 1.288628726908953653e-05 1.000752703280264939e-05 8.474613553796125909e-02 2.551912349781909617e-01 3.673259385429658574e-01 4.571591209155728697e-01 5.178545135045672376e-01 5.650132635727775909e-01 5.957379582819474217e-01 6.506596207747095129e-01 6.382080307730019220e-01 7.593552011103641419e-01 5.623265339364258431e-01 8.335421063238642736e-01
4.609179362504220080e+03 1.226695653499765374e-05 1.236740666848421189e-05 1.003778772735157956e-05 1.404676476844677994e-02 1.963175756829430019e-01 3.332894096992169430e-01 4.313367923148802019e-01 5.034229261318002857e-01 5.533668005364237308e-01 5.896217462340134219e-01 6.469880192687671450e-01 6.339595113154347095e-01 7.632587262717054344e-01 5.574001046368977086e-01 8.451795397067523030e-01
4.659179362504220080e+03 1.194068733987375917e-05 1.182991111384129768e-05 1.001755463958860649e-05 5.989080400966276946e-02 2.399909825410709296e-01 3.580090058181453205e-01 4.523450048591569073e-01 5.158823664390222996e-01 5.647723850151575853e-01 5.965576520784122705e-01 6.541700658631921517e-01 6.379722359264348164e-01 7.678267729544800968e-01 5.607649842573947385e-01 8.459890268194911744e-01
4.709179362504220080e+03 1.149535027856432673e-05 1.131417426757488376e-05 1.001641238846891911e-05 1.023169120605300214e-01 2.719577485168715447e-01 3.785862492844428995e-01 4.691267803361224287e-01 5.273318956679887703e-01 5.749704189511772867e-01 6.035947267081294143e-01 6.614616569096642973e-01 6.423663164223666344e-01 7.733314595219908938e-01 5.646112980049896590e-01 8.480935278756083218e-01
4.759179362504220080e+03 1.101549895359016570e-05 1.165886376302787864e-05 1.017992631621441612e-05 9.932081848131655774e-03 1.651810518277213868e-01 3.018534280151080607e-01 3.530680230640337314e-01 4.471065561102360864e-01 5.429421761038726313e-01 5.695826470175642253e-01 6.450826930219087929e-01 6.380584295002963424e-01 7.393895722607888299e-01 5.618757329107072485e-01 8.279874694877438213e-01
4.809179362504220080e+03 1.164551653251947088e-05 1.154551461146814113e-05 1.006304415404562704e-05 6.031536313756842571e-02 2.353548891716990832e-01 3.565792213873689720e-01 4.508895561954350817e-01 5.155489909278729854e-01 5.641685672837696286e-01 5.971016098990759025e-01 6.527053622535936572e-01 6.404156672337496525e-01 7.635633141556991133e-01 5.658677082676710768e-01 8.381848052881865074e-01
4.859179362504220080e+03 1.204487706578844007e-05 1.200438317612198011e-05 1.006089786401907050e-05 6.112502082568321837e-02 2.324599209959203328e-01 3.479801173013242210e-01 4.412343528593992148e-01 5.049582024904305522e-01 5.538279968424963950e-01 5.869408662279121947e-01 6.430209817994545496e-01 6.306705059143200565e-01 7.561566847965436322e-01 5.535300093578739977e-01 8.391202949002507516e-01
4.909179362504220080e+03 1.178283934354366997e-05 1.185134049009792088e-05 1.004671262510644519e-05 1.400704094908543362e-01 3.000237378022425072e-01 4.006713080134585159e-01 4.867531818743624505e-01 5.418357551363344182e-01 5.879958846211507106e-01 6.133297630047386262e-01 6.742162914756452130e-01 6.464861288404553097e-01 7.888769493422117529e-01 5.648262664483900686e-01 8.663967309916689175e-01
4.959179362504220080e+03 1.191777445312399041e-05 1.189708737296753219e-05 1.007795672788710962e-05 5.048137907150353904e-02 2.207043021016444617e-01 3.435322762222892679e-01 4.393233550212118921e-01 5.053623233919586344e-01 5.545307697602630537e-01 5.890869995676759618e-01 6.423537866314189548e-01 6.362996703129202292e-01 7.504236103149676262e-01 5.637153967698816937e-01 8.246943129933570482e-01
5.009179362504220080e+03 1.198852411709382224e-05 1.205842782090323967e-05 1.012314862629481882e-05 1.132166424069430133e-01 2.886560432651235075e-01 3.889435416520103939e-01 4.840634067973773602e-01 5.370469441108394193e-01 5.876348439253736844e-01 6.117055473177018809e-01 6.733518916712737390e-01 6.469253251893829493e-01 7.863960915349416103e-01 5.656324051475384307e-01 8.625312168938005231e-01
5.059179362504220080e+03 1.462711421342045518e-05 1.440300607576474635e-05 1.399449439119372501e-05 1.017088041609187724e-05 8.481997405545292634e-02 2.505987855547212040e-01 3.695218203109961741e-01 4.565327046884005147e-01 5.157227276729303700e-01 5.608204705648504040e-01 6.170597181047504654e-01 6.186269562701555147e-01 7.329489541362599336e-01 5.495920961381963732e-01 8.201781923083867332e-01
5.109179362504220080e+03 1.503863312525021701e-05 1.484879070690831407e-05 1.440556791269358895e-05 1.017583302405529218e-05 7.121026121372467377e-02 2.408627466516432558e-01 3.637209040768358825e-01 4.526382420801989825e-01 5.134773421860523435e-01 5.592681926602620646e-01 6.162136264975902611e-01 6.179936526491034421e-01 7.329543357642096524e-01 5.492771137725463992e-01 8.214163024277914005e-01
5.159179362504220080e+03 1.681861838431435339e-05 1.650492491244623632e-05 1.595430489647895123e-05 1.377975255930082729e-05 3.777364892369073507e-05 1.392780018260167674e-01 2.938317954292016254e-01 3.981904462276631973e-01 4.755386016360735324e-01 5.290351503005142897e-01 5.910377480602074796e-01 6.008430431128573002e-01 7.131823366434875133e-01 5.376024938561578814e-01 8.111449613950856286e-01
5.209179362504220080e+03 1.651213495118663958e-05 1.681154344314579558e-05 1.647630509240416977e-05 1.627105056589127441e-05 1.029601867179518674e-05 1.567426521393670141e-02 1.746750645801012913e-01 3.147952369638043479e-01 4.094986106162972761e-01 4.812855990030399100e-01 5.478353552751757949e-01 5.721846835033226331e-01 6.792830054092952041e-01 5.167523258150077403e-01 7.924990081372302875e-01
5.259179362504220080e+03 1.444385908929184185e-05 1.485224981203572502e-05 1.493508743253120961e-05 1.502691967021954296e-05 1.411859627849307574e-05 1.085914335942468388e-05 1.074344769681765815e-01 2.668251102133936126e-01 3.733277221404774915e-01 4.553495333979744597e-01 5.258946021542486582e-01 5.573274720519436620e-01 6.625561511871037590e-01 5.068984720116292975e-01 7.819652451395318060e-01
5.309179362504220080e+03 1.382647771361281101e-05 1.365177336937009046e-05 1.003069702077369529e-05 1.853018438397982803e-01 3.226546997527087735e-01 4.239637878821942985e-01 4.985792817816969702e-01 5.541637359217440606e-01 5.944695338915958471e-01 6.197106280293277480e-01 6.794215805941028474e-01 6.469852582645033712e-01 7.973884553680651299e-01 5.573100151991620121e-01 8.865178389445215190e-01
5.359179362504220080e+03 1.519420993881596927e-05 1.000232941270762012e-05 1.079307353553047993e-01 2.850241882303845564e-01 3.922961208841068692e-01 4.768808060850370234e-01 5.387549593915034185e-01 5.877661785059916655e-01 6.232933658359505191e-01 6.423522763386478873e-01 7.049747020881421689e-01 6.607668479559350994e-01 8.242429822754289148e-01 5.633131990638259312e-01 9.236587253105990047e-01
5.409179362504220080e+03 1.293059012964614172e-05 1.000141982707979273e-05 1.066084440841935654e-01 2.909473714846955716e-01 3.953964496546926721e-01 4.827165325385822103e-01 5.426510906456527561e-01 5.939047128738872416e-01 6.242342943017730184e-01 6.558546229432025143e-01 6.881343701923846590e-01 7.110181907767908482e-01 7.363816996396951309e-01 7.504501547772903791e-01 4.570303600397372934e-01
5.459179362504220080e+03 1.062867150853743559e-05 1.000027909903219941e-05 1.046657437682541741e-01 2.864661201215142339e-01 3.920417836705004655e-01 4.774727601827869483e-01 5.385685182549194705e-01 5.887988381995564735e-01 6.211983272136635259e-01 6.494978383073242156e-01 6.874488785745286323e-01 6.997552680498966282e-01 7.456298858343568536e-01 7.226972628261104648e-01 9.999956507482611334e-01
5.509179362504220080e+03 1.163971157913923982e-05 1.000258600147939534e-05 1.086555623481415406e-01 2.870881924382093775e-01 3.961004230825439509e-01 4.784011577526265935e-01 5.421903258916451751e-01 5.864419188197423916e-01 6.331337806981794936e-01 6.242983840359724867e-01 7.484771622723968010e-01 5.664469590854445125e-01 9.999982038054883171e-01 9.999448579790631841e-01 9.994212953554194590e-01
5.559179362504220080e+03 1.169747906313876283e-05 1.000090957425276526e-05 1.114928562979223964e-01 2.902990944362166537e-01 3.985185981609415951e-01 4.821333805258943284e-01 5.410838122363837988e-01 6.005049736774336067e-01 6.011576871793825605e-01 7.126438699465992288e-01 5.385164855782700322e-01 9.998715204872319351e-01 9.999046190158396019e-01 9.999095176923200601e-01 9.998379677800125487e-01
5.609179362504220080e+03 1.159277302717685188e-05 1.000684789745877428e-05 6.159204238396994574e-02 3.139779553411505275e-01 3.443677417694647747e-01 3.931549097609150500e-01 5.177830331675382647e-01 5.098029975994933238e-01 5.945620063855974191e-01 7.221575065709040508e-01 6.170225222622535144e-01 9.999989779386742050e-01 9.999988499876109049e-01 9.999983812291953766e-01 9.999731616287260705e-01
5.659179362504220080e+03 1.218970559888951051e-05 1.000596154653308151e-05 1.083270314975110227e-01 2.885045472733023808e-01 3.952414429573671284e-01 4.799246640601195768e-01 5.402435989039839903e-01 5.936301547118849609e-01 6.153663020223892888e-01 6.717881399141467647e-01 6.415115224991012610e-01 9.999989999992582312e-01 9.999989999983480704e-01 9.999989999974907562e-01 9.999989999974836508e-01
5.709179362504220080e+03 1.169035534656111733e-05 1.000035996136463744e-05 1.133687150208949335e-01 2.891511247029506237e-01 3.985561239532140476e-01 4.789962025755190589e-01 5.466802757583548722e-01 5.770859953296482159e-01 6.632713513338246436e-01 5.443432364324529704e-01 9.977459121012247634e-01 9.999989999993523782e-01 9.999989999984713052e-01 9.999989999976089949e-01 9.999989999974850940e-01
5.759179362504220080e+03 1.189694983916279002e-05 1.000215421311611335e-05 1.104731454972650573e-01 2.897570198074913561e-01 3.971960739652654060e-01 4.790305566166635498e-01 5.473255904776209713e-01 5.726939499333674188e-01 6.758262853436727280e-01 5.047998104715943901e-01 9.999939196735513347e-01 9.999944138988151598e-01 9.999945892915688139e-01 9.999943580641060814e-01 9.999886250237119967e-01
5.809179362504220080e+03 1.214298570148724484e-05 1.000481739178038966e-05 1.042580059392466535e-01 2.859150972479147512e-01 3.929191860417300397e-01 4.762920452826817641e-01 5.442731504624515049e-01 5.706969973472115765e-01 6.735512470652331718e-01 5.014737414538378291e-01 9.999987323582668619e-01 9.999987510654665401e-01 9.999986615731485395e-01 9.999984913133993514e-01 9.999982345217023338e-01
5.859179362504220080e+03 1.224131011497838834e-05 1.000314930140757193e-05 1.079455647723350370e-01 2.878888522530868577e-01 3.942005553415839914e-01 4.768073075623015522e-01 5.446119805537399383e-01 5.705961253245147580e-01 6.737100901835026967e-01 5.002947473242196352e-01 9.999989999989690181e-01 9.999989999982742406e-01 9.999988948998870253e-01 9.999988203432991218e-01 9.999955812319686332e-01
5.909179362504220080e+03 1.196405264891695351e-05 1.000920241668637039e-05 1.012715494177788556e-01 2.869774054778846950e-01 3.897479610987250043e-01 4.762407627712141878e-01 5.418503546429556117e-01 5.701299306669976863e-01 6.718958232228917637e-01 4.991473972287194805e-01 9.999964169264373703e-01 9.999967808651322176e-01 9.999968961004542800e-01 9.999964195738637596e-01 9.999722206977648131e-01
5.959179362504220080e+03 2.383939272574748429e-05 1.327315416372606911e-05 1.527684611541221260e-01 4.021341242111231562e-01 4.974901177142928566e-01 5.825605700619620464e-01 6.267841368750228792e-01 7.063967525634896605e-01 9.469098127270095810e-01 9.999939719924945125e-01 9.999896092776917600e-01 9.999887801552895805e-01 9.999891707634690485e-01 9.999885017467168291e-01 9.999410426086398074e-01
6.009179362504220080e+03 6.485785425909646948e-04 1.612391249257736974e-03 6.343511097146596889e-01 9.999976399162832097e-01 9.999954133534129097e-01 9.999960526128748306e-01 9.999942809327385662e-01 9.999903589905155821e-01 9.999856051700438675e-01 9.999828376795560914e-01 9.999886161056437128e-01 9.999913345642296170e-01 9.999918015970989948e-01 9.999564090786441373e-01 9.997508291873964392e-01
6.059179362504220080e+03 9.118215664427966900e-05 1.177920660356285778e-05 1.009498753677084970e-01 3.006631284685359895e-01 4.038871085375748682e-01 4.965441164068616353e-01 5.374098800519599983e-01 6.527504243994395328e-01 4.812501749262317885e-01 9.997051234067734216e-01 9.999085507886450452e-01 9.999555438989530254e-01 9.999711020523210925e-01 9.999369025444667658e-01 9.992966229681832235e-01
6.109179362504220080e+03 1.808989410981529133e-04 1.531409590671928376e-04 4.573465761553810086e-05 1.980401821970691287e-03 5.143706891475978427e-02 2.186748818142300044e-01 2.859739935702962921e-01 9.997198418530276465e-01 9.998751107198587951e-01 9.998313235844691338e-01 9.993576209010999190e-01 9.997614005706783047e-01 9.999118086778634451e-01 9.997049887126133738e-01 9.997554403244696131e-01
6.159179362504220080e+03 1.407145019656762139e-05 1.003382466271822323e-05 1.896743702422461209e-01 3.733871970249120764e-01 4.710324558463310773e-01 5.366661603818206894e-01 5.943366233662442655e-01 6.069285129767290066e-01 7.081910188145805751e-01 5.236133164620033753e-01 9.959148292351290843e-01 9.999668155088162758e-01 9.998888922921527200e-01 9.999326370434244993e-01 9.999403876533566882e-01
6.209179362504220080e+03 3.412594854367512008e-05 1.005094982037502772e-05 1.249895312814407328e-01 2.796688822016284992e-01 4.151237891132540381e-01 4.952478122867685628e-01 5.726315654732988536e-01 5.809037777402773495e-01 7.031762217777097757e-01 9.999990000008167623e-01 9.999990000029560511e-01 9.999990000015813729e-01 9.999989999998659673e-01 9.999989999989992162e-01 9.999989999972301868e-01
6.259179362504220080e+03 9.714574063373066090e-05 1.234554701186471324e-05 8.534543782437289949e-02 2.606063304881862108e-01 3.950300390211170520e-01 4.744233241694041925e-01 5.316236477680665873e-01 6.303164874439745047e-01 4.685263158717350995e-01 9.999989999556122555e-01 9.999989879452487740e-01 9.999989582551770395e-01 9.999988537327919591e-01 9.999983382374227903e-01 9.999964012174652472e-01
6.309179362504220080e+03 4.445028828689996355e-05 1.002566005386855461e-05 1.369119245205440427e-01 3.171334827438045956e-01 4.206973550519596539e-01 4.977088639040104789e-01 5.543637546547215411e-01 6.085367123672379419e-01 6.094432008859326233e-01 7.130278712432284172e-01 9.999990000054168604e-01 9.999990000087985997e-01 9.999990000071918850e-01 9.999990000056294681e-01 9.999990000090326348e-01
6.359179362504220080e+03 6.988234531854556071e-05 1.000243685769376775e-05 1.216402975496245903e-01 2.879706449317805950e-01 4.035189073551868622e-01 4.790544537620479160e-01 5.499761019217865865e-01 5.761062017382690970e-01 6.695367870349632211e-01 5.223911789294484187e-01 9.999989999990993583e-01 9.999989999990992473e-01 9.999989999988699862e-01 9.999989999985604561e-01 9.999989999983944777e-01
6.409179362504220080e+03 7.454870440321929848e-05 1.000901875347076308e-05 1.289674922420101788e-01 3.003766069719105425e-01 4.079558484809573393e-01 4.847196126438201302e-01 5.543319595723045223e-01 5.744435021339029390e-01 6.867651538558156021e-01 4.773700239047895533e-01 9.999276384569325549e-01 9.999557555366298534e-01 9.999506367654867889e-01 9.999390153041353146e-01 9.999586811469489689e-01
6.459179362504220080e+03 8.626935613868578600e-05 1.013999539520789643e-05 1.153409445026052776e-01 2.868990741744688600e-01 3.931880392922223466e-01 4.719404751929902053e-01 5.409359075042793341e-01 5.643366647361610644e-01 6.736208185465589748e-01 4.665102778675480066e-01 9.999231981706334649e-01 9.999572235184149838e-01 9.999506069196194558e-01 9.999399632496345225e-01 9.999589453303592279e-01
6.509179362504220080e+03 8.835649824165552643e-05 1.016780704661478479e-05 1.148543387043221009e-01 2.874229187545692676e-01 3.946060461734910985e-01 4.735694440059366461e-01 5.423589930107773904e-01 5.673621261161864160e-01 6.715372334364435591e-01 4.813043983751212895e-01 9.999989999998883938e-01 9.999989999998327717e-01 9.999989999994988166e-01 9.999989999991869549e-01 9.999989999991655276e-01
6.559179362504220080e+03 8.843635088710460120e-05 1.016531768311589929e-05 1.156226198668036664e-01 2.875667815637447111e-01 3.944581190276238991e-01 4.737368629643130546e-01 5.403441130300117301e-01 5.730511153951729497e-01 6.538365500852892920e-01 5.351117106702807380e-01 9.999989999998203372e-01 9.999989999997149770e-01 9.999989999992422440e-01 9.999989999987223266e-01 9.999989999986585998e-01
6.609179362504220080e+03 8.894308376525111566e-05 1.017776396671290712e-05 1.147186226197564607e-01 2.878213238879192559e-01 3.939797776004158592e-01 4.744254493464459266e-01 5.379311306741718646e-01 5.812752061817879623e-01 6.297945406044302974e-01 6.057994579823469117e-01 9.999989999999627788e-01 9.999989999999745471e-01 9.999989999994847167e-01 9.999989999988789791e-01 9.999989999989137290e-01
6.659179362504220080e+03 8.975581339014595151e-05 1.020690295777471336e-05 1.086370100054203924e-01 2.854498224706233378e-01 3.904289234695344502e-01 4.742541334465799063e-01 5.301527151579946695e-01 6.007800624308130555e-01 5.647174526774630943e-01 7.736977690889438319e-01 9.999989999998083468e-01 9.999989999996743428e-01 9.999989999990426259e-01 9.999989999982127342e-01 9.999989999981422351e-01
6.709179362504220080e+03 8.563998377744000217e-05 1.002929285592258392e-05 1.059624021638879421e-01 2.870253360794035591e-01 3.862797094887425731e-01 4.782618045994384004e-01 5.175681000666935150e-01 6.368031097536189788e-01 4.459315952858767251e-01 9.999989448160271355e-01 9.999847892543313188e-01 9.999393191249587032e-01 9.999655322893229448e-01 9.999584282001332536e-01 9.999766084471444216e-01
6.759179362504220080e+03 6.619515307135885054e-05 1.000155742896917365e-05 1.194306275050402572e-01 2.874697216614688355e-01 3.944525090557833846e-01 4.765057510308897126e-01 5.236176397417006134e-01 6.286634422003790634e-01 4.616353304486863762e-01 9.999989999991873990e-01 9.999989999988666556e-01 9.999989999988365685e-01 9.999989999976152122e-01 9.999989999956111486e-01 9.999989999955911646e-01
6.809179362504220080e+03 8.082206170273014420e-05 1.010649564066323780e-05 1.167223799524438610e-01 2.866166160244685290e-01 3.929276803709303434e-01 4.747963121193738423e-01 5.270670140088447031e-01 6.127983828980571035e-01 5.131919427768507624e-01 9.999989999991398815e-01 9.999989999987668465e-01 9.999989999987335398e-01 9.999989999967685561e-01 9.999989999932932250e-01 9.999989999934175700e-01
6.859179362504220080e+03 8.751587887950155640e-05 1.014362728818494843e-05 1.141474711426681554e-01 2.847661350146507009e-01 3.909759730978808467e-01 4.725974955664587474e-01 5.281138345303969528e-01 6.021975954015358345e-01 5.424012965251852059e-01 9.999989999992763279e-01 9.999989999988766476e-01 9.999989999987665135e-01 9.999989999956985232e-01 9.999989999914661309e-01 9.999989999916455430e-01
6.909179362504220080e+03 8.937236637108026749e-05 1.016458901174772437e-05 1.113797437366516596e-01 2.824607580372133220e-01 3.886925552359456471e-01 4.705734333488665322e-01 5.265529856566658617e-01 5.995072795288587386e-01 5.438539337147660913e-01 9.999989999993448286e-01 9.999989999989175038e-01 9.999989999987326517e-01 9.999989999945579910e-01 9.999989999906550020e-01 9.999989999908476257e-01
6.959179362504220080e+03 8.963989258540038072e-05 1.017128958832864482e-05 1.092955575499020698e-01 2.803687426584717257e-01 3.865998103124472229e-01 4.690143687647385096e-01 5.233627902472974824e-01 6.029358589624337350e-01 5.248190628381836920e-01 9.999989999993553758e-01 9.999989999988818656e-01 9.999989999986361733e-01 9.999989999944829400e-01 9.999989999907001881e-01 9.999989999908608374e-01
7.009179362504220080e+03 8.888875562866052019e-05 1.015252506426920408e-05 1.098277372411229774e-01 2.802670078943249043e-01 3.860944641944455968e-01 4.685342576147562554e-01 5.220206591665975671e-01 6.045121914018041220e-01 5.161196701770520701e-01 9.999989999994312040e-01 9.999989999989962186e-01 9.999989999987122236e-01 9.999989999946199415e-01 9.999989999909836280e-01 9.999989999911463867e-01
7.059179362504220080e+03 8.817311519299313551e-05 1.014331615556688632e-05 1.096896614738226972e-01 2.799470911947182228e-01 3.854720526540924008e-01 4.674386935830148748e-01 5.234000178121694935e-01 5.964069450534705830e-01 5.406739937375558691e-01 9.999989999994876033e-01 9.999989999990568368e-01 9.999989999987152212e-01 9.999989999947537234e-01 9.999989999912988203e-01 9.999989999914431493e-01
7.109179362504220080e+03 8.739607154309211715e-05 1.014864981021663860e-05 1.077662092255512044e-01 2.783234934191956000e-01 3.835322270942255196e-01 4.649351394819998262e-01 5.249269593949456025e-01 5.828071100163428886e-01 5.783198927484752838e-01 9.999989999994904899e-01 9.999989999990320788e-01 9.999989999986098610e-01 9.999989999948361019e-01 9.999989999913074801e-01 9.999989999914131733e-01
7.159179362504220080e+03 8.402664550974423376e-05 1.000330127890221734e-05 1.149106292344211216e-01 2.799981809912364117e-01 3.855206687313445513e-01 4.646320335333981033e-01 5.249301933281922405e-01 5.816779382269009480e-01 5.799073583852121239e-01 9.999989999990290812e-01 9.999989999978802224e-01 9.999989999970078092e-01 9.999989999933424079e-01 9.999989999878240443e-01 9.999989999876491842e-01
7.209179362504220080e+03 6.988893066942873536e-05 1.003828500318432963e-05 7.285690681832862614e-02 2.453120794277721395e-01 3.614921635211125750e-01 4.332281672919581217e-01 5.519223939987305538e-01 3.901755930739107536e-01 9.999989999936710339e-01 9.999989999909998373e-01 9.999989999904131954e-01 9.999989999899175919e-01 9.999989999856118139e-01 9.999989981291168561e-01 9.999989964492967953e-01
7.244179362504220080e+03 2.957520785828731834e-05 9.995944533418099650e-06 1.053550867773197092e-01 2.679181881541428667e-01 3.766516593554811165e-01 4.478784036022696591e-01 5.525077910328892727e-01 4.400893501095646809e-01 9.999989999975230637e-01 9.999989999960036124e-01 9.999989999955286590e-01 9.999989999947143104e-01 9.999989999897536119e-01 9.999989999753111647e-01 9.999989999760867665e-01
7.249179362504220080e+03 2.756140496565914346e-05 1.000050451257679012e-05 1.125368760076035923e-01 2.795603692425048803e-01 3.870267240452948676e-01 4.545788909343936313e-01 5.715249079982940295e-01 4.027284204342428953e-01 9.999989999986461653e-01 9.999989999990472889e-01 9.999989999994912671e-01 9.999989999985560152e-01 9.999989999931964135e-01 9.999989982165062852e-01 9.999990002790832833e-01
7.299179362504220080e+03 3.263617225702054121e-05 9.991749922646657160e-06 1.029403832596575696e-01 2.611167760231416501e-01 3.691396777999477741e-01 4.442898421122746799e-01 5.189464302679773766e-01 5.230828749700887625e-01 9.999989999962213272e-01 9.999989999920699812e-01 9.999989999901849336e-01 9.999989999883237557e-01 9.999989999799853146e-01 9.999989999553230424e-01 9.999989999565164212e-01
7.349179362504220080e+03 1.286937930095655585e-05 9.999685708424673082e-06 1.162214016639324804e-01 2.718453013646940364e-01 3.812864397238679981e-01 4.574026537359345279e-01 5.114755564142851041e-01 9.999989999978923239e-01 9.999989999949113750e-01 9.999989999942723307e-01 9.999989999941808483e-01 9.999989999921433670e-01 9.999989999750021896e-01 9.999989999112199879e-01 9.999989999192424595e-01
7.399179362504220080e+03 1.335057844080336782e-05 9.993493984339970544e-06 1.070261943924555176e-01 2.622465018875685949e-01 3.738069334216539974e-01 4.200761111535744607e-01 9.999989999958692755e-01 9.999989999887369807e-01 9.999989999849735467e-01 9.999989999854886902e-01 9.999989999864935530e-01 9.999989999838607702e-01 9.999989999517426842e-01 9.999989994240678914e-01 9.999989995179854319e-01
7.449179362504220080e+03 1.974147616613558705e-05 9.994645237975043845e-06 1.025764955755596314e-01 2.757628996879863958e-01 2.398711341007403186e-01 9.999936898203256597e-01 9.999940856404588851e-01 9.999947787383339781e-01 9.999956551602593446e-01 9.999966524925019140e-01 9.999973598770655059e-01 9.999978950180031800e-01 9.999978030963940778e-01 9.999682021820592848e-01 9.999930622144043157e-01
7.499179362504220080e+03 1.280109799653724257e-05 9.992241689772382820e-06 1.075144016568614774e-01 1.909072126086392152e-01 9.721604250094876276e-01 9.999989999950344988e-01 9.999989999828042819e-01 9.999989999751107694e-01 9.999989999729528289e-01 9.999989999758762682e-01 9.999989999788650996e-01 9.999989999815241948e-01 9.999989999834248966e-01 9.999989999804594909e-01 9.999989998752260023e-01
7.549179362504220080e+03 2.997688354636240845e-05 1.005141009805321402e-05 7.443116970392361920e-02 8.345707484850822810e-01 9.999859445990265661e-01 9.999660389715225861e-01 9.999745504746460067e-01 9.999703058633003794e-01 9.999746326159112408e-01 9.999700459789899742e-01 9.999707367007437675e-01 9.999685664203312729e-01 9.999731074120874474e-01 9.999516002987957064e-01 9.999607261582108553e-01
7.599179362504220080e+03 1.159873513654841486e-05 1.000131051006586239e-05 3.068604803773240519e-01 9.999702208178489204e-01 9.999714528036002248e-01 9.999678427427112215e-01 9.999689612427499208e-01 9.999679391970662801e-01 9.999736041256918062e-01 9.999667147544722967e-01 9.999681510753481994e-01 9.999665571919978957e-01 9.999740091829902866e-01 9.999508429666043030e-01 9.999574513920043151e-01
7.649179362504220080e+03 1.721960111122816840e-05 1.000446593250254737e-05 9.462900333570496425e-01 9.999735683295220001e-01 9.999721508702208439e-01 9.999701274759323910e-01 9.999703046190693279e-01 9.999693057809724284e-01 9.999742902846575632e-01 9.999677931423317512e-01 9.999689700664925462e-01 9.999674241106566441e-01 9.999746284862733869e-01 9.999546384149133882e-01 9.999626128220051591e-01
7.699179362504220080e+03 1.000289664886574485e-05 1.753486051893791975e-01 9.999720605401122286e-01 9.999719102427656603e-01 9.999762319525786758e-01 9.999718439408676884e-01 9.999729210984514838e-01 9.999719191116829276e-01 9.999775058857224286e-01 9.999704866437633122e-01 9.999713915329176972e-01 9.999699778249797610e-01 9.999826536895202178e-01 9.999558680433509039e-01 9.999552815446787202e-01
7.749179362504220080e+03 9.997452091092480231e-01 9.998320058271102928e-01 9.998970541015818059e-01 9.998533668010447517e-01 9.997910202135313895e-01 9.997563720983129176e-01 9.999207147475248636e-01 9.999799017662126532e-01 9.999971147748233369e-01 9.999935725577300261e-01 9.999924854612806113e-01 9.999923535560397703e-01 9.999829772553920915e-01 9.999471676499751549e-01 9.999990001788371385e-01
7.799179362504220080e+03 9.031913627162811025e-05 8.722861132411512397e-01 9.995414797547221841e-01 9.990207970524679348e-01 9.965398239807661263e-01 9.956112308111468856e-01 9.958563582383086477e-01 9.957032542662823671e-01 9.960469268192172487e-01 9.956294106851228953e-01 9.955025859907347119e-01 9.952761684932422970e-01 9.946416652475185138e-01 9.822926850044443325e-01 8.201128719584217519e-01
7.849179362504220080e+03 2.119184809494454036e-01 9.990475506772258374e-01 9.998380136565424570e-01 9.996839084720493540e-01 9.995182971356634249e-01 9.991773068338246633e-01 9.989987910912743185e-01 9.988017224520802095e-01 9.987031162004885720e-01 9.982592374932345303e-01 9.979045585766891380e-01 9.973608068993031761e-01 9.966644706285384681e-01 9.922460857866797213e-01 9.613593059204650348e-01
7.899179362504220080e+03 9.971030600903127983e-01 9.986064252401203323e-01 9.980112002167034202e-01 9.964189678682177087e-01 9.958272082451027352e-01 9.949886436914079368e-01 9.956068839996000674e-01 9.955630625024511904e-01 9.961512165940485941e-01 9.959219497765385842e-01 9.960898687487842462e-01 9.961146160908184166e-01 9.961362793943605576e-01 9.921570094873767287e-01 9.955857537654558831e-01
7.949179362504220080e+03 5.705402782795376826e-01 2.573755184846452382e-01 4.939389760883345915e-01 9.999990013546286027e-01 9.999985250106613321e-01 9.999973483967132815e-01 9.999572731452620600e-01 9.999472736014733965e-01 9.999801106506533976e-01 9.999652779452844475e-01 9.999623789296127052e-01 9.999563641652779999e-01 9.999497613293194531e-01 9.999973136689603859e-01 9.999983313342031277e-01
7.999179362504220080e+03 3.490581047831374795e-01 5.236339371730783787e-01 9.954890265788693959e-01 9.999346464456481121e-01 9.999459269593889976e-01 9.998812009114799171e-01 9.998580097621200258e-01 9.998213719151627377e-01 9.999190304665812601e-01 9.997071414376318410e-01 9.991124957249752914e-01 9.968066789486268453e-01 9.911981647599278356e-01 9.795280739015056470e-01 9.882072994135856492e-01
8.049179362504220080e+03 3.367634538408140754e-01 1.475553516723518976e-01 1.675241905538512599e-01 7.271974494746497042e-01 9.999548876959424293e-01 9.999383409875982620e-01 9.999387978346025996e-01 9.999365537225595180e-01 9.999674991134720470e-01 9.999242336116163088e-01 9.999259617462012972e-01 9.999208163710637809e-01 9.999623207724708251e-01 9.998756483627675440e-01 9.998489013078770693e-01
8.099179362504220080e+03 2.243619140810386089e-02 1.453053187759743847e-02 1.157812393463840128e-01 9.632568511961158153e-01 9.998971440551986944e-01 9.999071050587374776e-01 9.999047541524027638e-01 9.999009199086343891e-01 9.999637465170696515e-01 9.998755358087237921e-01 9.998721306717662793e-01 9.998660587612027140e-01 9.999513228389587116e-01 9.997523463428139578e-01 9.993955348951748530e-01
8.149179362504220080e+03 1.279335208709686707e-02 1.254450844912815589e-02 1.132618335024792727e-01 8.177159086272964839e-01 9.999666529260906600e-01 9.999558024944591450e-01 9.999574242203737029e-01 9.999553408417665157e-01 9.999706940638934949e-01 9.999482028961553803e-01 9.999499166818590634e-01 9.999444066071959680e-01 9.999659381689238735e-01 9.999165787979560349e-01 9.999067693230813125e-01
8.199179362504219171e+03 4.850848844369614644e-03 4.665442587493502311e-03 1.032911698065672734e-01 8.710941909257655658e-01 9.999732212928029718e-01 9.999638175017235842e-01 9.999660901124494128e-01 9.999640443362970421e-01 9.999729797445238155e-01 9.999595669869960624e-01 9.999613078443002623e-01 9.999557362081816780e-01 9.999680031429292182e-01 9.999374926225614857e-01 9.999335780674876162e-01
8.249179362504219171e+03 1.405197288247490286e-03 5.567565185813513570e-05 9.200974284700209893e-02 9.707493928369770320e-01 9.999766272072379003e-01 9.999700410189962252e-01 9.999719227430147184e-01 9.999698390421493110e-01 9.999752736179464696e-01 9.999670429569748054e-01 9.999684032521800603e-01 9.999626770726752767e-01 9.999707572395920563e-01 9.999495400850219040e-01 9.999477996676217062e-01
8.299179362504219171e+03 1.191785895062883580e-05 1.250627443351469101e-05 8.834238046501630137e-02 9.899780024277258228e-01 9.999852320492281788e-01 9.999778663663846379e-01 9.999803482692357637e-01 9.999774549655637834e-01 9.999792853447707630e-01 9.999754662406212802e-01 9.999722647614242010e-01 9.999711290304625910e-01 9.999772928950625417e-01 9.999547397734573906e-01 9.999607614852566995e-01
8.349179362504219171e+03 1.000323453746423210e-05 9.998237775010540229e-06 9.821184182946193775e-02 9.885038006990096715e-01 9.999964173742422746e-01 9.999781002166555632e-01 9.999877907461549587e-01 9.999794982922106668e-01 9.999838774646508943e-01 9.999793635742182385e-01 9.999767177863434497e-01 9.999754776610142448e-01 9.999799016137608243e-01 9.999617042486314000e-01 9.999673143342204806e-01
8.399179362504219171e+03 1.000152567162077978e-05 9.997796759898478354e-06 9.384574385447685962e-02 9.851916905438579120e-01 9.999942494121494274e-01 9.999780992204038155e-01 9.999856217152461868e-01 9.999793303744305417e-01 9.999825064023560861e-01 9.999794679766039751e-01 9.999762497192473676e-01 9.999756364739026404e-01 9.999757741799801813e-01 9.999686220684075311e-01 9.999700259267674252e-01
8.449179362504219171e+03 1.000242670370087840e-05 9.997534396865535787e-06 9.008414200198394672e-02 9.861596502043566970e-01 9.999989999985378075e-01 9.999989999965414045e-01 9.999989999948162289e-01 9.999989999948423192e-01 9.999800011691798440e-01 9.999796264463933770e-01 9.999819305619581655e-01 9.999746037331295190e-01 9.999799827569217925e-01 9.999662666505038100e-01 9.999745525820392666e-01
8.499179362504219171e+03 1.000282762794546551e-05 9.999474058161807283e-06 9.335606782673872006e-02 9.878838658603950051e-01 9.999990001758187752e-01 9.999796889304042313e-01 9.999884407218472271e-01 9.999805158262609073e-01 9.999850499238476242e-01 9.999809929512798456e-01 9.999792208691813400e-01 9.999801033734463385e-01 9.999823483312156869e-01 9.999751384439045099e-01 9.999760716439415331e-01
8.549179362504219171e+03 1.000439829543925746e-05 1.000038199084910235e-05 9.266770622231522425e-02 9.829155027265998879e-01 9.999983834306175323e-01 9.999783235356279887e-01 9.999899106361694878e-01 9.999795672635637400e-01 9.999859202422441973e-01 9.999811192371556023e-01 9.999815436721156692e-01 9.999828914551862624e-01 9.999842636927814832e-01 9.999776384485451475e-01 9.999782841243075593e-01
8.599179362504219171e+03 1.000377337703217977e-05 9.999392621877868916e-06 9.183966450720212893e-02 9.801858211520938502e-01 9.999989894697023374e-01 9.999781965927274641e-01 9.999902869495453928e-01 9.999793258479052760e-01 9.999861519092081430e-01 9.999820268115595656e-01 9.999845235249554820e-01 9.999835362446930498e-01 9.999849548576459357e-01 9.999803491396224153e-01 9.999818878462524152e-01
8.649179362504219171e+03 1.000283759073915097e-05 1.000009697023109430e-05 9.041210908715655026e-02 9.873706238207275998e-01 9.999989999992039413e-01 9.999989999973323274e-01 9.999926171401983810e-01 9.999798026999159317e-01 9.999885146149413151e-01 9.999829158995515721e-01 9.999867253237270104e-01 9.999837568384097874e-01 9.999854692177082560e-01 9.999830975647374665e-01 9.999859217654201160e-01
8.699179362504219171e+03 1.000119126038065249e-05 9.997550994883956494e-06 8.704942324520366370e-02 9.807648039469203383e-01 9.999990000014917779e-01 9.999990000036989013e-01 9.999982034186352120e-01 9.999768169169188647e-01 9.999903807415522206e-01 9.999829067401598826e-01 9.999872015048517637e-01 9.999840862763733629e-01 9.999860755020333336e-01 9.999836681848282005e-01 9.999863636235989395e-01
8.749179362504219171e+03 9.999052936918290509e-06 9.994126492754321504e-06 8.653479329950866661e-02 9.825255019757088704e-01 9.999989999943056374e-01 9.999989999829604903e-01 9.999985737457474100e-01 9.999789752084889960e-01 9.999932817823601328e-01 9.999862699446800951e-01 9.999866098221915633e-01 9.999857874189356233e-01 9.999852628889142059e-01 9.999849506916655972e-01 9.999871656049761359e-01
8.799179362504219171e+03 9.998282271285140313e-06 9.995029666169377637e-06 8.418116834713697261e-02 9.999344462588045657e-01 9.999988951410535565e-01 9.999819917280670101e-01 9.999912102106556233e-01 9.999847235739065532e-01 9.999905482564549475e-01 9.999892507807053299e-01 9.999871543581524413e-01 9.999872442709029086e-01 9.999874715913833478e-01 9.999840722253496850e-01 9.999858988211557387e-01
8.849179362504219171e+03 1.033556342372590709e-03 1.011311348615545490e-05 8.459267298502001764e-02 9.999243303275014982e-01 9.999989978459911111e-01 9.999822605479729010e-01 9.999923186935142372e-01 9.999850864369622672e-01 9.999929328610233092e-01 9.999888524573117277e-01 9.999878306258662697e-01 9.999875300671030587e-01 9.999875681452541354e-01 9.999850345031517929e-01 9.999867648154434630e-01
8.899179362504219171e+03 7.320345055454564138e-05 1.010432130946267235e-05 8.739952702367555226e-02 9.999240209702163762e-01 9.999990000019507441e-01 9.999989999816090158e-01 9.999872260544885316e-01 9.999918279104937913e-01 9.999936000866874730e-01 9.999913547592516050e-01 9.999903429785199638e-01 9.999897873647549673e-01 9.999894419182812078e-01 9.999892239170520281e-01 9.999910047001575597e-01
8.949179362504219171e+03 1.001551595104621160e-05 1.000346391185321468e-05 1.053781932259841153e-01 9.935299267317193594e-01 9.999990000108806010e-01 9.999990000314745719e-01 9.999990001448585408e-01 9.999990000098377685e-01 9.999989962541062649e-01 9.999985388897294492e-01 9.999878255021783513e-01 9.999934578413330888e-01 9.999874205231271684e-01 9.999931772380818984e-01 9.999926153032749898e-01
8.999179362504219171e+03 1.000694167980950511e-05 1.000255397512072525e-05 9.170138762529339571e-02 9.999040931602591886e-01 9.999990000163169190e-01 9.999990000308607296e-01 9.999990000949041669e-01 9.999989999479489411e-01 9.999989999290950227e-01 9.999989999526264217e-01 9.999989999092790960e-01 9.999927101216983250e-01 9.999906342499279566e-01 9.999915938737251597e-01 9.999931857077993813e-01
9.049179362504219171e+03 1.413365965871708525e-05 9.983627696396942612e-06 7.204325847565755392e-02 9.999902517003537161e-01 9.999984585577188501e-01 9.999989209206699980e-01 9.999989815860684805e-01 9.999989941493637735e-01 9.999989979197281276e-01 9.999989997161049526e-01 9.999989999327093537e-01 9.999923364878468002e-01 9.999938173223746896e-01 9.999920201487113580e-01 9.999935012753931041e-01
9.099179362504219171e+03 1.000698530722030165e-05 9.991733344300081986e-06 8.120598537619089230e-02 9.999727019806331496e-01 9.999990000428647940e-01 9.999989992485361912e-01 9.999989996079262644e-01 9.999989997641535178e-01 9.999989998335352404e-01 9.999989999931068185e-01 9.999989999927485496e-01 9.999925619420849676e-01 9.999917359527789040e-01 9.999928896397448641e-01 9.999933031644521186e-01
9.149179362504219171e+03 4.462489761871747153e-04 1.001817174747118428e-05 8.950216772947744426e-02 9.999644101233895466e-01 9.999990000231320231e-01 9.999990001792230521e-01 9.999990000037908278e-01 9.999989999754331782e-01 9.999989999393674722e-01 9.999989999818064135e-01 9.999989999441730726e-01 9.999989998749160280e-01 9.999989626513879903e-01 9.999988585647280326e-01 9.999980605751540574e-01
9.199179362504219171e+03 1.126075799166882188e-05 9.999985428223344004e-06 8.606076055418894477e-02 9.999581523733426236e-01 9.999990000120635436e-01 9.999989997866253200e-01 9.999989998920262302e-01 9.999989999303904309e-01 9.999989999604514956e-01 9.999990000525718070e-01 9.999989999980997135e-01 9.999989999947890285e-01 9.999989999907655802e-01 9.999989482347095837e-01 9.999986501378550496e-01
9.249179362504219171e+03 1.558009831099569330e-05 1.011137592799867461e-05 1.018148903296842156e-01 9.999988322886805836e-01 9.999989347961265596e-01 9.999989745404153085e-01 9.999989866374467962e-01 9.999989900705731349e-01 9.999989934339282849e-01 9.999989966627959026e-01 9.999989985121809921e-01 9.999989993657154574e-01 9.999989997701774769e-01 9.999983921561427236e-01 9.999957699594533844e-01
9.299179362504219171e+03 8.750485735440557966e-03 1.760981253333073247e-05 3.004932223571513683e-01 9.999990000066215634e-01 9.999990000204638241e-01 9.999989999540012109e-01 9.999989997564947553e-01 9.999989998889109444e-01 9.999990001612667490e-01 9.999990000258400791e-01 9.999990000080341002e-01 9.999990000118686995e-01 9.999989999953544650e-01 9.999989999842052724e-01 9.999990000377791954e-01
9.349179362504219171e+03 4.922634490610015319e-05 1.010935419540040529e-05 3.147980626832721507e-01 9.999990000086917963e-01 9.999989999906281346e-01 9.999990000127505496e-01 9.999989997367617622e-01 9.999989999060485690e-01 9.999989999856973011e-01 9.999990000041815152e-01 9.999990000209123542e-01 9.999990000080942742e-01 9.999989999955217757e-01 9.999989999903822202e-01 9.999989999970273491e-01
9.399179362504219171e+03 1.108081411815155413e-05 9.991784432414415161e-06 7.809979758619381429e-02 9.999344602157476114e-01 9.999989998507776701e-01 9.999990003320223808e-01 9.999990006443448820e-01 9.999990002207549411e-01 9.999990002665398725e-01 9.999990000197006568e-01 9.999990000035436921e-01 9.999990001722586230e-01 9.999990000499504594e-01 9.999989980626298181e-01 9.999988750842992991e-01
9.449179362504219171e+03 1.001601402794184353e-05 9.999043397126038590e-06 8.410105344658233562e-02 9.999306272377953553e-01 9.999990005337150434e-01 9.999990003035729158e-01 9.999989999477468805e-01 9.999989999195010304e-01 9.999989999296426957e-01 9.999989999635805482e-01 9.999989999407651320e-01 9.999989999817040509e-01 9.999990000075419383e-01 9.999989999942933139e-01 9.999989999742846525e-01
9.499179362504219171e+03 2.002857250589273885e-02 1.038592513827874258e-04 1.241136782812189004e-01 9.999989931428227008e-01 9.999989961148304518e-01 9.999989961937942873e-01 9.999989952509650282e-01 9.999989939768578751e-01 9.999989934600036490e-01 9.999989943007548954e-01 9.999989957845155653e-01 9.999989974758651812e-01 9.999990001571543718e-01 9.999989982713024528e-01 9.999989633958845658e-01
9.549179362504219171e+03 7.119355972500234220e-01 8.877957642268063942e-01 9.987918491443544822e-01 9.999986353434534569e-01 9.999980934172364444e-01 9.999975581659615864e-01 9.999989999102499860e-01 9.999989998617480058e-01 9.999989997228299066e-01 9.999990002425407365e-01 9.999990005209840049e-01 9.999990000799237055e-01 9.997389951773337780e-01 9.999100617091165599e-01 9.999858301748029143e-01
9.599179362504219171e+03 3.055104570846154180e-02 5.924555941380652002e-02 5.671227273192336327e-01 9.999990000313511151e-01 9.999989999195600943e-01 9.999990000092485731e-01 9.999990004372167895e-01 9.999989994122914228e-01 9.999989996387972369e-01 9.999990001265604000e-01 9.999990003069547662e-01 9.999990000881117114e-01 9.999989999426618370e-01 9.999990000342010577e-01 9.999990000417336988e-01
9.649179362504219171e+03 9.990652194453178425e-03 5.534875375563086397e-02 2.169682143204617053e-01 9.999990000161324000e-01 9.999989999105582950e-01 9.999989998513745260e-01 9.999990001553477059e-01 9.999989992062369160e-01 9.999990001207571533e-01 9.999990001305193443e-01 9.999990000941955115e-01 9.999990001180973920e-01 9.999989973890242023e-01 9.999988161144374166e-01 9.999973674703923621e-01
9.699179362504219171e+03 2.577239704198677867e-05 5.043320327055814432e-05 2.187894893693671516e-01 9.999989999522894690e-01 9.999989998524184687e-01 9.999990000178180516e-01 9.999990000715635041e-01 9.999989994220545020e-01 9.999990000773921750e-01 9.999990000448881755e-01 9.999989996146150251e-01 9.999990001105171222e-01 9.999989925552982273e-01 9.999989997393087249e-01 9.999989932208592780e-01
9.749179362504219171e+03 2.038002100328306800e-05 2.244930208151260716e-05 2.135939657684161608e-01 9.999989998772066402e-01 9.999989998914415867e-01 9.999990000585200489e-01 9.999989999956280240e-01 9.999989997006739628e-01 9.999990001072353030e-01 9.999989999195764145e-01 9.999989999619451897e-01 9.999990000161909087e-01 9.999989999592241441e-01 9.999990000405327706e-01 9.999989997751774773e-01
9.799179362504219171e+03 4.215496435117624396e-02 5.171514976711698817e-03 9.428146399471580841e-01 9.999990000816014746e-01 9.999989647800754389e-01 9.999990002357811436e-01 9.999989999105175498e-01 9.999989997559021182e-01 9.999989999211176261e-01 9.999989999780808381e-01 9.999989999805187768e-01 9.999990000262798384e-01 9.999989994887110711e-01 9.999989985036989992e-01 9.999989913969125066e-01
9.849179362504219171e+03 1.199666986160159571e-01 8.370931380815511968e-02 2.429813231750949654e-01 9.999990000981083815e-01 9.999989956157202542e-01 9.999989998371328070e-01 9.999989991343504192e-01 9.999989989891570064e-01 9.999989992522211324e-01 9.999990002317227233e-01 9.999989995903326712e-01 9.999990000946085145e-01 9.999989998345296671e-01 9.999989994140907612e-01 9.999989959556810915e-01
9.899179362504219171e+03 1.103626615291493883e-02 7.962146630682009896e-02 1.991205594045365734e-01 9.999989990561347630e-01 9.999989994135064508e-01 9.999989981671315586e-01 9.999989968964756448e-01 9.999989967057376639e-01 9.999989971549080314e-01 9.999989990078191893e-01 9.999989963391205938e-01 9.999990001045730992e-01 9.999989912738653786e-01 9.999989678951481942e-01 9.999987387463874500e-01
9.949179362504219171e+03 4.992799903355014078e-03 1.057733719868101351e-02 2.610701156710611426e-01 9.999989995433553602e-01 9.999989995184059843e-01 9.999989995733554737e-01 9.999989988832221899e-01 9.999989992571877151e-01 9.999989986480416482e-01 9.999989645637568092e-01 9.999990001346720225e-01 9.999990000676748370e-01 9.999983682804867158e-01 9.999983828059479940e-01 9.999963994706636550e-01
9.999179362504219171e+03 1.562077725396951965e-03 2.849382969429252606e-04 2.834847870684680249e-01 9.999989990518847183e-01 9.999989990626596548e-01 9.999989973922830400e-01 9.999989972121047233e-01 9.999989962424462586e-01 9.999986833723601976e-01 9.999976648612264318e-01 9.999989498404079358e-01 9.999989982912956821e-01 9.999981476852658480e-01 9.999981012570833272e-01 9.999957364516784963e-01
1.004917936250421917e+04 4.119160055131347261e-04 3.941124229667735681e-05 3.325908707780214080e-01 9.999990003752311507e-01 9.999990003152013918e-01 9.999989991244395693e-01 9.999989977960923593e-01 9.999989978785911449e-01 9.999989641177577937e-01 9.999983686459826826e-01 9.999987250048241183e-01 9.999989969589915262e-01 9.999989972371080560e-01 9.999989973464271653e-01 9.999989967676973235e-01
1.009917936250421917e+04 2.812421732633360399e-04 1.932515896748369984e-05 3.623285230861698070e-01 9.999989999913301286e-01 9.999989999921473638e-01 9.999989999937893836e-01 9.999989991111151166e-01 9.999983877751705830e-01 9.999988785106278533e-01 9.999990007206547293e-01 9.999990000459432204e-01 9.999989941107466640e-01 9.999990000166298909e-01 9.999989996010979487e-01 9.999989997420503096e-01
1.014917936250421917e+04 2.168556056207163196e-04 1.573272578233044267e-05 3.560466000472651271e-01 9.999990000675695878e-01 9.999990000322895867e-01 9.999989999712183275e-01 9.999989999619534053e-01 9.999990007005513659e-01 9.999989998635616661e-01 9.999989998637699440e-01 9.999989999077748548e-01 9.999989928066167488e-01 9.999990000521047362e-01 9.999990000185458028e-01 9.999990001380385518e-01
1.019917936250421917e+04 1.724428915288726989e-04 1.531228009897580094e-05 3.357949286034618841e-01 9.999990000066689699e-01 9.999990000178128335e-01 9.999989999905771754e-01 9.999989999864494772e-01 9.999990005594889819e-01 9.999989999248711792e-01 9.999989999367806526e-01 9.999989999487061132e-01 9.999989978504215671e-01 9.999989994513013292e-01 9.999989999831657705e-01 9.999990001171131793e-01
1.024917936250421917e+04 6.720070025552936149e-04 1.557957808822776717e-05 5.142251469392254970e-01 9.999989999913025951e-01 9.999989999939120633e-01 9.999989999950847919e-01 9.999989999959419951e-01 9.999990004844997449e-01 9.999990000445287963e-01 9.999990000371431487e-01 9.999990001258310945e-01 9.999990001029861464e-01 9.999989998536081837e-01 9.999989998955759463e-01 9.999989999178935385e-01
1.029917936250421917e+04 2.827779381122229470e-04 1.225241503964142737e-05 9.180681725227221035e-01 9.999989999767091575e-01 9.999989999849002720e-01 9.999989999873178936e-01 9.999990018561490945e-01 9.999989988064176272e-01 9.999989959305197740e-01 9.999989922443789370e-01 9.999989925040532190e-01 9.999989926966197373e-01 9.999988908064804116e-01 9.999989220302184512e-01 9.999989644322772042e-01
1.034917936250421917e+04 1.021628021837524367e-04 1.495721093049768370e-05 9.999985123325305647e-01 9.999989121991480490e-01 9.999989148187566901e-01 9.999989399985008687e-01 9.999990003068685018e-01 9.999989993348159523e-01 9.999989994261669901e-01 9.999989996203308973e-01 9.999989997299776334e-01 9.999989997568239364e-01 9.999989895408032403e-01 9.999989841991376860e-01 9.999989934900516131e-01
1.039917936250421917e+04 3.834358595340852413e-05 2.146945914434562845e-05 9.998718328076924289e-01 9.999987505806515742e-01 9.999987308424072019e-01 9.999985365195553921e-01 9.999988847906390310e-01 9.999988968930733080e-01 9.999989021612357698e-01 9.999989094378964882e-01 9.999989182277322364e-01 9.999989282531606127e-01 9.999989537655367133e-01 9.999989617254991803e-01 9.999989292132591689e-01
1.044917936250421917e+04 2.069796110345302701e-05 2.085647654090527254e-05 9.998773506936561306e-01 9.999989717386275068e-01 9.999989668833870748e-01 9.999987938552211686e-01 9.999988614154110556e-01 9.999988619290892666e-01 9.999988572681824950e-01 9.999988498073093535e-01 9.999988442264999833e-01 9.999988459506289340e-01 9.999989256493609924e-01 9.999989307366525804e-01 9.999989087884540995e-01
1.049917936250421917e+04 1.945454591311598575e-05 1.913880484274042625e-05 9.998897997888128719e-01 9.999989758404360662e-01 9.999989589715549965e-01 9.999988412744493793e-01 9.999988780772052221e-01 9.999988862015826152e-01 9.999988889803176351e-01 9.999988945642103166e-01 9.999989000581338550e-01 9.999989053886855217e-01 9.999989362455071751e-01 9.999989414956914624e-01 9.999989226333084735e-01
1.054917936250421917e+04 1.838152664688249186e-05 1.855571393262626164e-05 9.999328854085414164e-01 9.999989950284515761e-01 9.999989780779533488e-01 9.999989549034435932e-01 9.999989649615426135e-01 9.999989654650773829e-01 9.999989649684807302e-01 9.999989650061885671e-01 9.999989655331583682e-01 9.999989660235778510e-01 9.999989665721674692e-01 9.999989665524248172e-01 9.999989531088576689e-01
1.059917936250421917e+04 1.739916168633346452e-05 1.809762584384783847e-05 9.999482812922726449e-01 9.999971682658101990e-01 9.999976840411651802e-01 9.999986574104839931e-01 9.999988997897631959e-01 9.999989203263164317e-01 9.999989224805733157e-01 9.999989274770950676e-01 9.999989327983604959e-01 9.999989393405476212e-01 9.999989517938905337e-01 9.999989575026236865e-01 9.999989390034376147e-01
1.064917936250421917e+04 1.877726273532392807e-05 1.835758971806296375e-05 9.999975169105079775e-01 9.999985916285690779e-01 9.999986523068223887e-01 9.999988880290494597e-01 9.999989654692824637e-01 9.999989717957484814e-01 9.999989704306064819e-01 9.999989689470271115e-01 9.999989685295858077e-01 9.999989716103370174e-01 9.999989831665450080e-01 9.999989849175985324e-01 9.999989786029479522e-01
1.069917936250421917e+04 1.725391339396380224e-05 1.970825237036058326e-05 9.999989982554730039e-01 9.999989550818957351e-01 9.999989599929269835e-01 9.999989955295480737e-01 9.999989968510104577e-01 9.999989973481285821e-01 9.999989976634504618e-01 9.999989979347053692e-01 9.999989979392138739e-01 9.999989977179950529e-01 9.999989966046304302e-01 9.999989956202522956e-01 9.999989941387176229e-01
1.074917936250421917e+04 1.018890812354368748e-04 1.763223178609826962e-05 9.999990000125431600e-01 9.999989815705119245e-01 9.999989693781088373e-01 9.999989886458671151e-01 9.999989675093288177e-01 9.999989660468168173e-01 9.999989660635210109e-01 9.999989660141567205e-01 9.999989658317409713e-01 9.999989660456208851e-01 9.999989678222463985e-01 9.999989654347808399e-01 9.999989521450463048e-01
1.079917936250421917e+04 1.367481639700936904e-05 1.950405920871971585e-05 9.999716224260014608e-01 9.999984663585059774e-01 9.999989175306107647e-01 9.999989929952746159e-01 9.999989986310092727e-01 9.999989993541141819e-01 9.999989996499552003e-01 9.999989998556840787e-01 9.999989999031515531e-01 9.999989997248642792e-01 9.999989992783316906e-01 9.999989998701588334e-01 9.999989997308832423e-01
1.084917936250421917e+04 1.165569885544662759e-05 1.964702222220189923e-05 9.999832568027587909e-01 9.999872868161433503e-01 9.999939309711858293e-01 9.999984247555852024e-01 9.999988970696178647e-01 9.999989219190080769e-01 9.999989272119731432e-01 9.999989331351640809e-01 9.999989388602061879e-01 9.999989460084836024e-01 9.999989801569716397e-01 9.999989875337724765e-01 9.999989809779716854e-01
1.089917936250421917e+04 6.868074193915202905e-05 3.022040515570676315e-05 9.999478427532003666e-01 9.999394107525109154e-01 9.999341755825338351e-01 9.999753960774143691e-01 9.999977723516264572e-01 9.999977031552210738e-01 9.999977157814945450e-01 9.999977208560588693e-01 9.999977275718586744e-01 9.999977535579275267e-01 9.999982545914103405e-01 9.999981478275713487e-01 9.999754677589732799e-01
1.094917936250421917e+04 1.381319783829567563e-05 1.390713822052966448e-05 9.999609274985621354e-01 9.999690116119498429e-01 9.999709123436004710e-01 9.999856705287865077e-01 9.999976421393785841e-01 9.999978828484686888e-01 9.999981345326023341e-01 9.999981773584294409e-01 9.999982011850089281e-01 9.999982244812396504e-01 9.999984914227875166e-01 9.999985443643654159e-01 9.999975524456925502e-01
1.099917936250421917e+04 6.918761972409191415e-04 1.386344241529424519e-05 9.999667855994341936e-01 9.999760224962507271e-01 9.999782799256260457e-01 9.999895652482215791e-01 9.999980490419144719e-01 9.999980616333438155e-01 9.999981585057696742e-01 9.999980927027348754e-01 9.999980359963186460e-01 9.999980138993824763e-01 9.999984230505668537e-01 9.999985364108111563e-01 9.999977016912193761e-01
1.104917936250421917e+04 2.503055454207241386e-04 1.504165106896973697e-05 9.999763290134883187e-01 9.999863194643603403e-01 9.999891253873740560e-01 9.999939891596419939e-01 9.999982889619445370e-01 9.999981426848827404e-01 9.999982693480448104e-01 9.999981824605383984e-01 9.999980785554449803e-01 9.999979841630375343e-01 9.999983683674008583e-01 9.999985120910820369e-01 9.999974844107953897e-01
1.109917936250421917e+04 6.117551477512647956e-05 1.396622401190408503e-05 9.999683748238783476e-01 9.999725331919028237e-01 9.999743277353019266e-01 9.999860001784074415e-01 9.999971246336272213e-01 9.999973956625693994e-01 9.999976916656060366e-01 9.999977257260984631e-01 9.999977231380168252e-01 9.999977137855637910e-01 9.999982639671372020e-01 9.999983775743580550e-01 9.999945080858489987e-01
1.114917936250421917e+04 1.507425163359632156e-02 3.606747733318210747e-02 9.999955271434201043e-01 9.999956014816873129e-01 9.999953312846513453e-01 9.999828849391508845e-01 9.999921716519866166e-01 9.999938202874104620e-01 9.999958881133143018e-01 9.999959888317061507e-01 9.999961321120726110e-01 9.999964187528131987e-01 9.999978039403972785e-01 9.999947207809742888e-01 9.999480274397146706e-01
1.119917936250421917e+04 1.617639069004084273e-02 1.445906417542366929e-02 9.999985382791070077e-01 9.999982977113730520e-01 9.999982783649656870e-01 9.999965866007993753e-01 9.999916285292337337e-01 9.999961559588529392e-01 9.999960650187580402e-01 9.999958984610304302e-01 9.999957945633503043e-01 9.999960180973663793e-01 9.999975045605244972e-01 9.999952963746645551e-01 9.999550950015035911e-01
1.124917936250421917e+04 8.786888072006806411e-03 4.499344739737956567e-02 9.999954431977426950e-01 9.999949126945266720e-01 9.999623920520540610e-01 9.999883848964279398e-01 9.999971874280835227e-01 9.999975866338801644e-01 9.999975825037417110e-01 9.999976872722458054e-01 9.999976788543023520e-01 9.999976773303580480e-01 9.999982053207482346e-01 9.999980240932091480e-01 9.999744484990260585e-01
1.129917936250421917e+04 1.202972544445555722e-02 1.281440657880702886e-05 9.999883340344934979e-01 9.999880013941107038e-01 9.999891725588981872e-01 9.999959679269792012e-01 9.999980292311316799e-01 9.999980560991859058e-01 9.999979632685853659e-01 9.999979741720865789e-01 9.999979758044508227e-01 9.999980066758394903e-01 9.999984415253602155e-01 9.999981923941608786e-01 9.999500337788376214e-01
1.134917936250421917e+04 2.232400068939171834e-05 1.362383031987801348e-05 9.999869138351363818e-01 9.999869435741828294e-01 9.999899337225970353e-01 9.999961083591021316e-01 9.999979233869792372e-01 9.999976840353733687e-01 9.999975528538359582e-01 9.999974269156290951e-01 9.999973226140544957e-01 9.999972640128551582e-01 9.999980932592255067e-01 9.999978047644162427e-01 9.999416022977560825e-01
1.139917936250421917e+04 1.282652624947306088e-05 2.835209539257449438e-05 9.999943729891268562e-01 9.999940404332767763e-01 9.999931388025753431e-01 9.999951281484703580e-01 9.999956208641496147e-01 9.999952763148869384e-01 9.999957615441792402e-01 9.999964483437605578e-01 9.999968842108529765e-01 9.999970533028839093e-01 9.999979870985487018e-01 9.999934788792259610e-01 9.999216911727668577e-01
1.144917936250421917e+04 3.593459025952477383e-04 1.156148110925776622e-02 9.999989565697864347e-01 9.999988687604477455e-01 9.999982802832512174e-01 9.999959560430284888e-01 9.999288765550700120e-01 9.999961317512405801e-01 9.999959603220687221e-01 9.999959496868866538e-01 9.999961002691711842e-01 9.999962909789434917e-01 9.999978291075649617e-01 9.999945922274203758e-01 9.999911856145007327e-01
1.149917936250421917e+04 5.628412993626017791e-04 8.393697092769556237e-03 9.999986091738196636e-01 9.999985172660007526e-01 9.999985211973368981e-01 9.999987443851447999e-01 9.999970908230115807e-01 9.999965627519493694e-01 9.999963120918344828e-01 9.999959167548733152e-01 9.999958033323439466e-01 9.999960344394380751e-01 9.999977515656487403e-01 9.999956279919316460e-01 9.999945394461334791e-01
1.154946256562916824e+04 2.500901577591359629e-02 2.223309383572141633e-03 9.999988076221217881e-01 9.999987390059531522e-01 9.999986835633465354e-01 9.999977127295101020e-01 9.999312284763766101e-01 9.999970166438415520e-01 9.999971674914959197e-01 9.999974822772370597e-01 9.999977902614566316e-01 9.999980519071698382e-01 9.999986573315117200e-01 9.999983080169804195e-01 9.999982228402277684e-01
1.159946256562916824e+04 1.732870921220020259e-03 3.765687006358878902e-02 9.793742352272053475e-01 9.999990000228780040e-01 9.999989919346293776e-01 9.999980315602273739e-01 9.999397654826315263e-01 9.999966988770938592e-01 9.999966801250641524e-01 9.999968926914215572e-01 9.999972553089838678e-01 9.999976262555729800e-01 9.999984709104051683e-01 9.999979796090439077e-01 9.999978586225750643e-01
1.164946256562916824e+04 3.305997482265310775e-04 3.561121188493077128e-02 9.995563823869531017e-01 9.999990002755109186e-01 9.999990001773042536e-01 9.999985049353128375e-01 9.999873069172439122e-01 9.999989121142097703e-01 9.999979603714175269e-01 9.999969473582023261e-01 9.999981970598981196e-01 9.999980794869114398e-01 9.999981952431544752e-01 9.999982425798439323e-01 9.999981644581297235e-01
1.169946256562916824e+04 2.404215957710446341e-04 4.870444439057140112e-02 9.995532080327789171e-01 9.999990002803128553e-01 9.999989927513626142e-01 9.999980377541320964e-01 9.999980134431988299e-01 9.999966532081159265e-01 9.999967055121770088e-01 9.999967536369935850e-01 9.999967897957003915e-01 9.999964849086055985e-01 9.999965759280969868e-01 9.999966430192052114e-01 9.999963781229536108e-01
1.174946256562916824e+04 1.978179285717545158e-04 7.750588934919266926e-02 9.998614023545626672e-01 9.999990003031518082e-01 9.999989221160164865e-01 9.999976676647291951e-01 9.999973139231105312e-01 9.999960651424889546e-01 9.999961235573755491e-01 9.999962455413743401e-01 9.999964058266168632e-01 9.999958966517297210e-01 9.999960607500028020e-01 9.999962786495160127e-01 9.999961811318570648e-01
1.179946256562916824e+04 1.091007696700855819e-03 1.396272285299820504e-01 9.946334459792139926e-01 9.994302793300380294e-01 9.999698091089493923e-01 9.999928040872682056e-01 9.999949604548690196e-01 9.999946271904609496e-01 9.999950427339905357e-01 9.999955797338830887e-01 9.999959226519041788e-01 9.999953318606520369e-01 9.999954522162264325e-01 9.999954475473276094e-01 9.999945372943108701e-01
1.184946256562916824e+04 1.770039226374707497e-04 6.959229883743067724e-02 9.932665532536537611e-01 9.999989699282275657e-01 9.999970315620366756e-01 9.999971265853693225e-01 9.999906220707355242e-01 9.999882084263688187e-01 9.999885067084594015e-01 9.999875585515902721e-01 9.999847945194403342e-01 9.999816993805145104e-01 9.999831197317906595e-01 9.999835853037407629e-01 9.999758485338463565e-01
1.189946256562916824e+04 1.225983762989633647e-04 8.143340168223844877e-02 9.363916509609451211e-01 9.999976453974771529e-01 9.999842970555682387e-01 9.999952296992536960e-01 9.999463550704521531e-01 9.999376748332857723e-01 9.999787312637159475e-01 9.999558620347173132e-01 9.999718611494379239e-01 9.999661381343666333e-01 9.999691333648654812e-01 9.999653449023846452e-01 9.999638430287871582e-01
