TIME void_Ch1_mesh1 void_Ch1_mesh2 void_Ch1_mesh3 void_Ch1_mesh4 void_Ch1_mesh5 void_Ch1_mesh6 void_Ch1_mesh7 void_Ch1_mesh8 void_Ch1_mesh9 void_Ch1_mesh10 void_Ch1_mesh11 void_Ch1_mesh12 void_Ch1_mesh13 void_Ch1_mesh14 void_Ch1_mesh15 
0.000000000000000000e+00 1.020922045540531437e-05 1.020939673991477373e-05 1.020867647786266864e-05 1.020702648057646202e-05 1.020509683036486925e-05 1.020344925344356262e-05 1.020183053250776713e-05 1.020021132402708830e-05 1.019827788116672738e-05 1.019660471108173081e-05 1.019488203437392042e-05 1.019304267688865686e-05 1.019074343903028167e-05 1.018971230076120074e-05 1.018994900937382174e-05
5.000040000000043960e+01 3.010672464710408280e-01 2.602652532353647019e-01 2.843345551350315303e-01 3.118493197810699447e-01 3.305003636897359542e-01 3.510790142506187705e-01 3.708747952907023859e-01 3.922834242330766052e-01 4.036284363580182610e-01 4.188553441146457557e-01 4.346131134512151717e-01 4.537273762913606179e-01 4.658577098768077462e-01 4.450830761346039610e-01 4.463392207847329818e-01
1.000003999999985922e+02 2.965336916805742518e-01 5.916531720360351798e-02 3.914423660509102065e-01 6.494978919150730112e-01 7.641418739919789704e-01 8.529137897846026384e-01 8.920327590096952530e-01 9.013100101307607304e-01 9.030838241995358118e-01 9.267142678399312716e-01 9.237674011269101371e-01 8.947277301686878959e-01 8.657134967688776550e-01 7.410341780499590802e-01 9.832783559334977719e-01
1.502405034099261059e+02 3.415865558882722475e-01 1.767812311097727296e-01 2.843642111043797049e-01 3.745322602725350558e-01 4.390030684998938448e-01 4.931014463427208505e-01 5.486733949513665776e-01 5.844613924411534711e-01 6.150694255493281970e-01 6.280915976401433287e-01 6.527085840125432803e-01 6.633751975827223424e-01 7.048191186066443681e-01 6.461453462766066913e-01 3.161217117426056711e-01
2.004200391960640388e+02 7.541415421391879370e-01 2.155298887377010697e-01 4.242593914713521652e-01 5.293760777344344026e-01 5.773037779786681645e-01 6.157822594401393124e-01 6.586568495312479232e-01 6.886047406165172191e-01 6.966651128406592397e-01 7.302810874686146425e-01 7.220233929185315702e-01 9.103776653665184293e-01 9.999990001517099492e-01 9.999989925708254734e-01 9.999822908088935591e-01
2.553043625042201370e+02 2.450655316573997853e-03 1.499736176225969879e-02 1.275178771219081294e-03 6.187407493255434737e-02 2.906446303470751613e-01 3.784709868142041023e-01 4.716601427907285982e-01 6.760750940138434695e-01 6.799804306171245427e-01 9.677691938745064393e-01 9.999933019248619104e-01 9.999916238992854201e-01 9.999915584132668123e-01 9.999915860896220199e-01 9.999909393753396714e-01
3.053043625042201370e+02 3.490628219813297624e-04 2.166752083261169585e-04 8.403422082616146310e-05 2.106821298115700149e-05 4.342152680128889136e-02 2.299877066392576330e-01 3.748076984874304518e-01 4.712298921949524821e-01 5.351312986485778911e-01 5.808091650134022954e-01 6.376763639873253009e-01 6.423570631718150681e-01 7.574866315094397340e-01 5.396524010199665877e-01 8.630923478295067230e-01
3.553043625042201370e+02 2.525151399795509850e-04 1.948912644759533055e-04 8.915846772843768911e-05 2.617276781188093858e-05 2.890706325404997917e-02 1.850837582047352992e-01 3.248358924709640050e-01 4.252171798317036511e-01 4.906527329184816044e-01 5.451040673837005412e-01 5.987003937436605749e-01 6.216038416341870265e-01 7.030354535292373530e-01 5.679426098638968856e-01 7.272878611812902960e-01
4.053043625042201370e+02 1.322270142124620242e-04 1.134124573209439223e-04 6.156166955578607478e-05 1.428745387231278085e-05 1.111610619364691716e-01 2.429960528317356983e-01 3.419455750343288747e-01 4.174521272027983954e-01 4.721520573069337146e-01 5.135637868021509789e-01 5.707874351650276123e-01 5.767757353933046227e-01 6.887406559537804229e-01 5.036773803740030031e-01 7.243345767553471815e-01
4.553043625042201370e+02 1.066783956242233747e-04 9.566006312469470978e-05 1.847748893690340490e-05 9.987629399925623472e-03 1.692189629526427153e-01 2.944896853635316503e-01 3.886560309219376230e-01 4.594194723504717026e-01 5.100344302776753658e-01 5.456757109625398616e-01 6.043379257321703779e-01 5.995205874381032141e-01 7.231653906034565260e-01 5.183732203917519321e-01 7.548178124494121510e-01
5.053043625042201370e+02 8.440326849754681228e-05 8.138938605507915639e-05 1.769073048800007744e-05 1.021439523203054520e-02 1.676007855941690772e-01 2.930671629676873113e-01 3.880235043001332707e-01 4.586451210623753161e-01 5.091958521687467432e-01 5.452751987835317005e-01 6.029571591972378020e-01 5.999963684461081526e-01 7.199742669778038673e-01 5.197517510013898168e-01 7.508734965354451063e-01
5.553043625042200802e+02 5.567559904922830463e-05 5.756536738185668195e-05 1.428792667022560596e-05 1.596219941092258052e-02 1.711710973604864960e-01 2.938904127039541625e-01 3.875243022441698382e-01 4.572113647590316798e-01 5.072167540102553440e-01 5.430817814854541625e-01 6.002867703423548917e-01 5.978165090942063609e-01 7.165891494879260692e-01 5.177042800485627261e-01 7.478306032963608629e-01
6.053043625042200802e+02 3.521563017277986511e-05 3.749135020387118247e-05 1.242923084327871419e-05 1.744320678155901472e-02 1.709662410677926236e-01 2.925778614253801146e-01 3.856298671014714019e-01 4.549845329203375255e-01 5.047890208419685276e-01 5.406771826021765648e-01 5.975863832862269298e-01 5.955860672950722412e-01 7.135451486925408204e-01 5.155952655860980283e-01 7.453211280379369308e-01
6.594293625042200802e+02 2.284489354956362569e-05 2.423835189838728516e-05 1.128519368835970603e-05 1.574474795875747957e-02 1.673632668937417023e-01 2.888979630161145895e-01 3.818733034544820049e-01 4.513394129551895895e-01 5.012376645424736488e-01 5.373965123207952166e-01 5.941352537249077193e-01 5.927924609956856106e-01 7.099852565220990952e-01 5.131123209980738009e-01 7.426341995624076153e-01
7.094293625042200802e+02 1.693856195554195463e-05 1.771601449647923721e-05 1.072374347895182012e-05 1.351869311967519513e-02 1.634809139106647990e-01 2.851336642368931251e-01 3.781386449666173100e-01 4.477680198084984520e-01 4.977505305458869711e-01 5.342000156766960606e-01 5.906920680223297637e-01 5.901175380922131231e-01 7.063074577783764463e-01 5.107359412423592149e-01 7.397511886031193917e-01
7.594293625042200802e+02 1.381907753625163592e-05 1.424203990719872600e-05 1.041321279857607615e-05 1.201609691533564971e-02 1.606714895799364884e-01 2.823566367745827810e-01 3.753340005464664286e-01 4.450856649635706042e-01 4.951455120730390846e-01 5.318060469539872548e-01 5.882082594642252804e-01 5.880549579931640958e-01 7.037822775502254879e-01 5.088787373985523832e-01 7.380630213221693880e-01
8.094293625042200802e+02 1.240242746047567943e-05 1.264376112353076066e-05 1.020150913160479662e-05 4.036654453325475012e-02 1.933239323126753340e-01 3.078264965317215607e-01 3.972827561033725474e-01 4.636955525173976911e-01 5.113114342346174457e-01 5.456737543830844084e-01 6.017023283890308161e-01 5.981308655739877578e-01 7.160651600000422778e-01 5.170817838231163144e-01 7.493014533262152277e-01
8.594293625042200802e+02 6.481118199671472295e-05 1.939170488806387404e-05 1.056105302680905120e-05 5.570179268927068217e-02 2.088580258664627654e-01 3.215767609535731264e-01 4.100591751266548513e-01 4.753111892742443723e-01 5.219341134467861965e-01 5.555992221356715888e-01 6.107013980984278279e-01 6.066604647023372543e-01 7.231684027667621972e-01 5.255922174088706322e-01 7.560025796030901413e-01
9.094293625042200802e+02 5.835772565260179297e-03 1.044064933752956613e-03 7.901439964789335076e-05 1.307815504550356722e-01 2.707379051573318707e-01 3.668541957055093672e-01 4.476173317687953679e-01 5.052701757683211170e-01 5.481197951345437858e-01 5.764444784604961791e-01 6.325912902732873100e-01 6.201537258406292219e-01 7.446748770025689579e-01 5.350652367551005373e-01 7.774061455522541797e-01
9.594293625042200802e+02 7.163168432936121988e-03 1.423527894749135629e-03 1.193771242634569384e-04 1.475813778589464553e-01 2.835542529492272590e-01 3.767982407963377800e-01 4.558815265870719280e-01 5.120661515972266820e-01 5.540794692511654684e-01 5.816260528925000228e-01 6.373622393073236081e-01 6.241168576556500591e-01 7.484703192674854177e-01 5.388306065594890004e-01 7.822477095389138713e-01
1.009429362504220080e+03 7.613135455270193114e-03 1.489837085932371611e-03 1.217490524177904072e-04 1.592709110629485780e-01 2.931204893645222853e-01 3.846526181429970603e-01 4.626566851692496263e-01 5.176791213920245438e-01 5.591107706030187252e-01 5.859115858088115303e-01 6.415109944227336269e-01 6.272808720914384573e-01 7.519320267565294813e-01 5.416444974746550400e-01 7.869201652077717490e-01
1.059429362504220080e+03 8.707369034277668771e-03 5.975488363104417347e-04 8.783066038539264625e-03 1.757098594260744773e-01 3.062313526453762647e-01 3.952472713690852735e-01 4.716891374758014344e-01 5.251001062049017731e-01 5.659537045198598237e-01 5.907936546912446740e-01 6.466845517174214519e-01 6.301705667064985139e-01 7.569865895884738682e-01 5.452915209733740776e-01 7.933479693320947268e-01
1.109429362504220080e+03 1.278051108233774734e-02 5.793331162653970676e-04 2.057748948236184927e-02 1.405800862220590031e-01 2.010599369382325696e-01 2.620831756327990369e-01 4.075473719652935589e-01 5.493632159400092529e-01 6.707958598740484391e-01 7.092738281864676697e-01 7.378120005089668920e-01 7.153561410653137553e-01 7.247879751969887874e-01 5.057325912915887622e-01 8.676836619435682740e-01
1.159429362504220080e+03 1.607390005760604701e-02 9.063693287419399966e-04 5.018876759156482015e-02 2.298169127009683232e-01 3.465942871743028508e-01 4.314751389573969198e-01 5.023876177066650683e-01 5.527049562434049879e-01 5.912316205202619024e-01 6.137412341246375469e-01 6.701852916622210721e-01 6.485010455995116052e-01 7.785703704153850158e-01 5.614627184913770774e-01 8.143474691826312339e-01
1.209429362504220080e+03 1.768274694065849820e-02 1.015118447042667824e-03 6.511402704243615669e-02 2.461524944568803108e-01 3.589741435121281410e-01 4.431835034854814670e-01 5.120353575483949093e-01 5.617750262436804753e-01 5.992834746484390074e-01 6.210681520691483382e-01 6.780268631946974045e-01 6.536007914440399302e-01 7.867169987088995509e-01 5.658652186369460546e-01 8.244985733565559638e-01
1.259429362504220080e+03 1.907174608210152056e-02 2.312948208679149048e-03 7.176256630535959857e-02 2.526770921527795033e-01 3.646207268955377057e-01 4.487552762216770463e-01 5.169799148318876547e-01 5.665346650774164550e-01 6.039809083663939537e-01 6.250173142589159347e-01 6.831977332818435222e-01 6.559384198092976792e-01 7.930597312013593081e-01 5.674187175734308752e-01 8.333850226227950131e-01
1.309429362504220080e+03 4.165930611468105296e-03 6.433623525351833076e-04 4.697831406690201016e-03 1.403966685506907175e-01 2.764690878218891146e-01 3.720545040075797782e-01 4.523030961009437134e-01 5.107505731039068131e-01 5.533207931613698394e-01 5.850427835779038466e-01 6.370674411774609469e-01 6.316041554962932292e-01 7.448561956514779814e-01 5.538883329076985662e-01 7.899813162003719302e-01
1.359429362504220080e+03 1.177609794194697671e-03 1.077917726905448879e-04 3.913805657474684480e-02 2.277874963707106626e-01 3.557930683707017927e-01 4.466311658771592863e-01 5.197803376689202892e-01 5.712309178887490235e-01 6.112534612192633832e-01 6.328576414159299279e-01 6.907717538043530725e-01 6.658599832287686038e-01 7.995684717619478965e-01 5.778625732317753672e-01 8.443487593162556371e-01
1.409429362504220080e+03 2.494351925278598110e-04 1.731449347411131266e-05 2.792361033716401694e-02 2.202588812912107397e-01 3.384084742149207625e-01 4.250475161200957808e-01 4.980280702997311737e-01 5.481560701871524000e-01 5.876876303362634779e-01 6.104627672846562048e-01 6.673003281229207273e-01 6.448498461217136990e-01 7.756419085233791089e-01 5.595255527066100854e-01 8.201028855329636214e-01
1.459429362504220080e+03 1.771530817962209631e-04 4.377656464986431607e-05 1.051649743020275155e-02 2.176630221414791178e-01 3.534317909235102917e-01 4.438190262102499895e-01 5.191291850452707246e-01 5.713688158011429596e-01 6.083472824780711274e-01 6.326222379675174867e-01 6.858161452407237624e-01 6.714795107830852094e-01 7.850362722186606801e-01 5.956121719869491571e-01 8.166018160288800454e-01
1.509429362504220080e+03 1.214223450212331180e-04 9.424601409764663939e-05 1.771889634365628186e-03 1.412242561108707495e-01 3.368925714454170661e-01 4.839059187101722448e-01 5.690309950267526951e-01 6.049394017287627046e-01 5.931744979118699357e-01 5.635942951322624461e-01 6.333230998282516344e-01 6.323041930266235511e-01 8.284776668810798217e-01 5.801436451897094004e-01 8.824343649129373635e-01
1.559429362504220080e+03 2.054649069595244470e-03 1.925965549518414356e-04 2.311787123156181650e-02 2.185012253259527859e-01 3.562135250334615422e-01 4.509741887410858019e-01 5.254723182335878651e-01 5.784219428494818960e-01 6.183203488316529883e-01 6.381021765830056092e-01 7.036963500013243555e-01 6.635671179656418284e-01 8.213807179629826205e-01 5.719255775566565170e-01 8.799985076296170661e-01
1.609429362504220080e+03 1.960507319847469912e-03 3.258924303245103898e-04 9.612911436440725599e-03 1.624893933314866534e-01 3.043886757432530676e-01 4.063833205723420550e-01 4.857046260699312556e-01 5.434564143652315105e-01 5.846336438370074440e-01 6.133315955235583150e-01 6.599536185295290514e-01 6.599306659529451391e-01 7.573268881789958495e-01 5.826950136650062007e-01 8.029486553491398393e-01
1.659429362504220080e+03 3.552558873304904451e-03 2.365194931212387245e-04 7.091860594447085830e-02 3.559272342951421142e-01 4.835063906109736687e-01 5.179934400181136489e-01 5.048844489433776950e-01 4.531162649136584730e-01 3.911709452249084173e-01 5.727617731687061342e-01 7.377554961943276757e-01 7.542909749700852373e-01 9.134953402590575422e-01 6.047168160620017829e-01 8.665671905175680312e-01
1.709429362504220080e+03 5.853272940256509013e-04 3.267959617967158424e-04 7.128990123870772777e-05 4.054161959763197265e-02 1.156214334827612017e-01 1.584817148585214719e-01 3.429102870724320407e-01 6.270215784670184478e-01 6.855810409185345566e-01 7.001764235170621076e-01 6.851103175802195633e-01 6.296827216920072301e-01 5.822904659983345610e-01 5.374478644901941049e-01 8.914532085017620178e-01
1.759429362504220080e+03 7.581107120059778215e-05 1.102948991096449191e-05 8.304036324989942652e-02 2.578530489415491456e-01 3.859250344529352450e-01 5.064807367277659456e-01 5.671145291842282221e-01 6.255920753988545302e-01 6.511256052537872652e-01 6.749678350116301573e-01 7.270136298751163073e-01 7.176112722760614737e-01 8.236583174959509757e-01 6.905240480743356501e-01 9.993189196495609883e-01
1.809429362504220080e+03 1.034888315060754289e-04 7.219933322792113182e-05 9.036064973102077985e-03 1.538312932006401512e-01 2.226905616620739325e-01 2.668193948465164000e-01 3.844291968071559817e-01 5.229928815359276006e-01 6.931752411736700203e-01 7.730084674625006258e-01 8.338704110131123226e-01 8.228899995669136658e-01 8.410569109131431631e-01 6.951792906739335809e-01 7.912843211053325332e-01
1.859429362504220080e+03 1.236517199571866539e-04 6.350198280314430128e-05 1.730967370568183353e-02 2.929981352323810517e-01 4.195904210117915589e-01 4.539626188451097444e-01 4.542987211932989489e-01 4.058707263981045088e-01 3.323725746618706456e-01 4.705011062636376140e-01 6.515396916290453477e-01 7.111338448116416577e-01 8.902948425173917713e-01 6.112730961983255940e-01 8.276047168852489477e-01
1.909429362504220080e+03 1.921021446295921955e-04 9.961226143594885223e-05 4.417949099681759383e-03 1.928542861470236569e-01 3.910782555054219123e-01 5.164676091510710387e-01 6.111270573510590998e-01 6.704639920702752942e-01 6.150116271846921556e-01 5.930496763524824022e-01 5.531576636959134596e-01 5.888164923259358030e-01 8.202976715184282508e-01 6.036017830969846454e-01 8.828434234503020894e-01
1.959429362504220080e+03 1.134309955470797003e-04 1.002980940138226677e-04 1.852487932785594919e-05 2.497706638015404490e-01 4.535553521949446942e-01 5.332479272342237619e-01 5.275292671354960827e-01 4.758378660529966053e-01 3.078097439671283464e-01 4.226484910798999906e-01 7.091902108931790183e-01 7.510515680909123359e-01 8.216365131862488624e-01 6.550604820380985238e-01 7.883167924034393259e-01
2.009429362504220080e+03 1.880040658721935482e-04 5.744558385812752492e-05 2.043940296336018217e-02 2.415089071447765190e-01 5.066164531153346529e-01 6.548425905174545258e-01 8.040477451803359488e-01 8.296291721942727904e-01 7.606164234909056354e-01 7.789204181436760743e-01 7.755438044749493054e-01 7.850301907633182585e-01 8.894791445643658312e-01 8.395496005046455545e-01 9.986535004955048311e-01
2.059429362504220080e+03 8.486298578870435719e-05 9.363655550762089660e-05 1.985758886723981633e-04 2.655823159662644515e-03 6.251794242645468402e-02 3.190608807428373939e-01 4.460490343944525926e-01 4.530101366287027642e-01 4.174484651374358868e-01 5.085424679550064608e-01 6.484205428929226134e-01 6.696618253714636815e-01 7.028618542619844423e-01 5.640930732889457566e-01 7.523601237890108484e-01
2.109429362504220080e+03 1.087923332789405081e-04 1.056545191338569570e-04 5.789944069551694665e-05 2.079969884622519423e-05 4.852354645259998600e-02 1.971981248492909178e-01 3.499825050534740023e-01 4.534752798193854018e-01 4.207002693012277250e-01 3.580561721529130770e-01 3.781206951442545039e-01 6.120512688319217354e-01 7.273593251279208971e-01 5.788233623968177533e-01 6.740869616488757154e-01
2.159429362504220080e+03 1.040376305244236952e-04 9.798344852487057843e-05 2.538679217767463091e-05 1.333381723032290578e-01 2.734959070465192155e-01 3.251672475712683030e-01 4.052767472201329046e-01 4.972417664191529085e-01 6.280000065868572845e-01 6.753935799019717967e-01 6.984066905555024185e-01 6.570460368273534080e-01 8.077098153410883219e-01 6.294877193452258490e-01 9.537690275637691339e-01
2.209429362504220080e+03 7.978722613071248982e-05 7.816677865200657061e-05 2.866728458672304145e-05 6.965654733927252595e-02 2.501938450016773507e-01 3.665656857729682194e-01 4.924342511236491360e-01 6.078315440443277096e-01 7.016554538833028598e-01 7.140975806755804900e-01 7.325230070094597146e-01 6.983238006903418338e-01 8.044423742368886909e-01 7.309575192847467262e-01 9.792845208393670120e-01
2.259429362504220080e+03 1.531210017037597866e-04 1.307332231930225322e-04 6.528165263656480002e-05 5.056560745345578994e-05 3.863173413770271320e-05 1.052030702205468578e-02 1.014414433356217310e-01 3.045945492678591160e-01 3.341022491876862177e-01 2.747032513144229138e-01 3.180958076047855076e-01 5.677308316593735471e-01 8.130314186170589652e-01 5.439486436947802428e-01 8.202051866662287694e-01
2.309429362504220080e+03 8.268040947921763808e-05 9.081856008526361930e-05 1.593827189544496986e-05 1.988516013056668696e-01 4.216711242175517627e-01 5.009559668798456711e-01 5.065715405907610380e-01 4.879298415334650807e-01 4.385345466985977603e-01 5.595498527591222793e-01 7.326195584400410077e-01 6.944617494801180735e-01 8.108191458527788109e-01 5.637213751705314468e-01 9.497475247724165293e-01
2.359429362504220080e+03 5.532312053738455639e-05 5.277666742245840288e-05 1.387726318750212078e-05 2.529034196469544596e-02 2.158900738079629067e-01 3.671282851132039449e-01 4.744737919994261310e-01 5.446995836842696281e-01 5.607962472629876016e-01 6.192492093280911325e-01 6.876769149690815652e-01 6.503935942429937000e-01 8.028710019211297011e-01 5.964709197814408448e-01 8.456331795417605379e-01
2.409429362504220080e+03 4.067786630579581355e-05 3.913549264838592977e-05 1.316387615385463303e-05 4.272169839031955685e-02 2.433966843960697901e-01 3.907063923716799225e-01 4.945195381959179293e-01 5.641784903610275181e-01 6.123045860844938959e-01 6.431097216220307278e-01 7.027663491939893925e-01 6.789754964698175854e-01 8.109037894789389300e-01 6.089359477740151627e-01 8.601254285013310019e-01
2.459429362504220080e+03 2.806849016674459191e-05 1.356251893986249505e-05 3.557166523843498913e-04 1.000467099138811489e-01 2.475089406132771064e-01 4.746802617656386003e-01 6.060440554913254507e-01 6.628426255133457179e-01 6.809362486497128053e-01 6.818141144284560751e-01 7.009313149156161105e-01 6.999071799734269961e-01 8.165659346791583895e-01 5.826882321323628711e-01 8.673305023025548177e-01
2.509429362504220080e+03 2.566813905057623135e-05 2.336014601537537188e-05 1.099297992112458154e-05 5.294838401542566186e-02 2.470322995998404658e-01 3.818951021009717173e-01 4.823097834791602589e-01 5.480670593985614847e-01 5.974020957315805402e-01 6.290156165261002741e-01 6.873996684542511559e-01 6.687669238305746777e-01 7.973672553747606084e-01 5.975360906151231388e-01 8.501927479568046619e-01
2.559429362504220080e+03 2.284862145753865735e-05 2.198365245232888849e-05 1.257893388461583409e-05 5.931587452145666017e-02 2.576916988990236579e-01 3.871846159003218824e-01 4.847159943493256629e-01 5.424170817359748042e-01 5.955730610633080957e-01 6.177746943881338160e-01 6.836090190656113341e-01 6.532455001668215910e-01 7.965724560350981864e-01 5.704819637946383359e-01 8.612485106121997580e-01
2.609429362504220080e+03 2.097559356210619222e-05 1.943971204643135350e-05 1.076966010387493866e-05 6.333379404524523693e-02 2.649035679681834288e-01 3.899102690880396627e-01 4.923121520176796939e-01 5.533475064565163137e-01 6.063172399425017511e-01 6.290148348373205689e-01 7.011536807542515515e-01 6.578669428512921025e-01 8.260259517841701538e-01 5.712385524047305374e-01 8.989399961935991001e-01
2.659429362504220080e+03 1.916010959846642720e-05 1.827154352862037776e-05 1.010165844858770728e-05 1.145669664018852257e-01 2.651157682511179337e-01 3.960938738534581227e-01 4.772729135800662381e-01 5.385665175664731130e-01 5.819669372817547481e-01 6.104540212617369788e-01 6.643553737031580031e-01 6.490589194534110984e-01 7.700917779656714091e-01 5.683810361076089279e-01 8.332269960369796946e-01
2.709429362504220080e+03 1.843906545925768812e-05 1.812641077888117825e-05 1.520966952863165093e-05 1.261230645114270825e-05 8.088059352957088777e-02 2.297003877617055934e-01 3.551644129895390467e-01 4.399454620286434303e-01 5.048288304090082779e-01 5.490690140400075192e-01 6.082898214072791632e-01 6.134523579748483169e-01 7.245945354179607056e-01 5.491280745284095044e-01 8.010945897629557777e-01
2.759429362504220080e+03 1.886286450493553037e-05 1.892138047262997155e-05 1.052162268114870996e-05 1.698676908657135998e-02 1.995009420377857334e-01 3.418057675062871614e-01 4.425443198333323669e-01 5.154222755956006097e-01 5.682765715597560829e-01 6.006059280215612084e-01 6.625699743503882244e-01 6.436051792216600509e-01 7.779528727793076914e-01 5.664620861528761875e-01 8.458830340345120380e-01
2.809429362504220080e+03 1.764617419098985911e-05 1.684434534590126622e-05 1.364399072269292817e-05 2.501661990798262954e-03 1.677238364988384578e-01 2.960954382891370362e-01 4.062403178973666429e-01 4.761365600797209940e-01 5.325660042699242869e-01 5.692653659342755690e-01 6.249850596655407431e-01 6.242425717093562643e-01 7.357610065835844537e-01 5.526249610427608205e-01 8.095173921224365632e-01
2.859429362504220080e+03 1.682393280096342581e-05 1.637502193089876258e-05 1.063722075016348972e-05 6.977380999533692833e-03 1.672062467831513244e-01 3.109184731070042673e-01 4.144736916484461076e-01 4.910215703595876002e-01 5.440410411717171435e-01 5.829291957297837445e-01 6.401347128259418096e-01 6.333423926769942147e-01 7.561306648507963857e-01 5.601503925578497078e-01 8.294252075685579761e-01
2.909429362504220080e+03 1.581502063955199125e-05 1.508334929194667223e-05 1.041797464372048756e-05 2.388888306892031355e-02 2.029228584757956366e-01 3.418255878239180312e-01 4.429381728290375242e-01 5.189306481903599444e-01 5.696977759450178036e-01 6.044399256177265256e-01 6.702519491922742656e-01 6.439065115889965885e-01 7.943149554943705892e-01 5.684126179679959145e-01 8.648124663157117364e-01
2.959429362504220080e+03 1.539567712415993534e-05 1.512061882614555839e-05 1.048262783268453515e-05 2.957673985339850237e-02 2.239158144796865868e-01 3.643853353363910585e-01 4.708743753040061097e-01 5.411709528098539446e-01 5.958301020217897648e-01 6.237348629956078749e-01 6.974162850730293295e-01 6.555947461090728678e-01 8.317832711793557987e-01 5.662076781335779740e-01 9.288577015774793777e-01
3.009429362504220080e+03 1.486200316776873864e-05 1.437438263248569681e-05 1.028277468547880529e-05 5.367149435286334980e-02 2.468137983531154545e-01 3.694469783266506324e-01 4.696190982035388650e-01 5.338619332522883676e-01 5.844862045972426534e-01 6.132731369275271627e-01 6.789335781834363592e-01 6.473374077882898536e-01 8.015386205681125364e-01 5.645876741900914819e-01 8.774146593592901944e-01
3.059429362504220080e+03 1.415747005094262905e-05 1.360884985164186689e-05 1.019249463418251702e-05 1.121533802047935263e-01 3.008369042090009993e-01 3.921566649012622197e-01 4.924364344653744396e-01 5.435636300960053902e-01 5.962173442081798447e-01 6.170107656321427436e-01 6.865294384569762265e-01 6.476912653945370302e-01 8.077352773474454350e-01 5.631763042459223545e-01 8.817731341833565661e-01
3.109429362504220080e+03 1.323850137969851545e-05 1.349978946070605215e-05 1.004174635048708008e-05 1.768324596389917180e-01 3.241544977649466475e-01 4.182952036215386582e-01 4.990361264013548626e-01 5.515360332040856184e-01 5.953584378265495136e-01 6.183531250534287649e-01 6.791536308342832617e-01 6.501561806758624495e-01 7.922113391314005160e-01 5.669932442310406939e-01 8.584498353011315031e-01
3.159429362504220080e+03 1.211205639838003579e-05 1.237282992391542637e-05 1.019162836505624410e-05 6.586944164894636966e-02 2.509571145864386565e-01 3.708728692174526054e-01 4.706789162027204543e-01 5.342479359213856416e-01 5.848949596995354216e-01 6.133943607715321988e-01 6.774929145792040197e-01 6.496250040532817183e-01 7.965909117789227167e-01 5.679671807304381703e-01 8.681138324569179776e-01
3.209429362504220080e+03 1.199139150955142659e-05 1.214939143393285246e-05 1.017271462225266307e-05 1.183144724609504345e-01 2.814620146766738107e-01 3.885922067825450799e-01 4.761637624847026018e-01 5.349779523584190510e-01 5.808851962317064244e-01 6.092300426780343781e-01 6.672682497288572323e-01 6.473541736138301861e-01 7.791966907170723156e-01 5.688835618029727259e-01 8.444475263723936198e-01
3.259429362504220080e+03 1.131359987731903735e-05 1.151081370897202043e-05 1.016491425481287222e-05 1.856426831870770788e-01 3.264209996714017015e-01 4.193300091986244538e-01 4.985421854015696930e-01 5.508179643807533665e-01 5.941204692505258622e-01 6.172063250395557477e-01 6.781735465619318504e-01 6.484129700432190724e-01 7.922047053740089995e-01 5.640606476956917525e-01 8.621244856606117279e-01
3.309429362504220080e+03 1.085906384326613707e-05 1.093546663430162466e-05 1.003545657547373580e-05 1.585671281935457921e-01 3.070683905270814029e-01 4.052862159713812029e-01 4.870648535133521029e-01 5.418027929863373782e-01 5.863520134189725841e-01 6.102095357075296711e-01 6.730180999200046088e-01 6.383254093848518274e-01 7.989140761557737003e-01 5.170495685916799422e-01 9.494600086312869891e-01
3.359429362504220080e+03 1.058792548398347481e-05 1.001338462602347007e-05 2.925571609505117285e-02 2.144604434954965611e-01 3.455081583008403068e-01 4.323430246961967316e-01 5.085100634764229133e-01 5.565196522314430627e-01 6.011409190849125173e-01 6.222158949753220369e-01 6.648167767494020941e-01 6.864713004456541867e-01 7.131444989986153171e-01 7.389361443426823994e-01 1.647341711255686236e-01
3.409429362504220080e+03 1.043222569573005216e-05 1.000121882264278021e-05 1.007541912835970555e-01 2.834456751622224102e-01 3.829287714099117723e-01 4.704768245183051922e-01 5.309039871150730283e-01 5.827222015427624413e-01 6.126021577244147309e-01 6.458611615064930866e-01 6.761873800058478823e-01 7.064292632944352279e-01 7.175605522280823489e-01 7.611959887496468902e-01 2.848661903599046252e-01
3.459429362504220080e+03 1.025657850483981637e-05 1.000064572793497019e-05 1.159928969985224989e-01 2.843987584653643319e-01 3.928107041425197843e-01 4.718144997746774316e-01 5.371395138689072368e-01 5.821747831069589152e-01 6.230630035370847697e-01 6.304586534204545956e-01 7.175887651810289869e-01 6.207357926854183416e-01 9.018072904492936415e-01 9.999989999988792011e-01 9.999988951646046065e-01
3.509429362504220080e+03 1.653749219067092156e-05 1.000946635648088345e-05 1.186032095735641972e-01 2.898894662531003585e-01 3.972436412233835146e-01 4.767926214971863197e-01 5.418334385859475688e-01 5.845521844941460321e-01 6.335043433217663056e-01 6.169250616989496727e-01 7.628578024181454920e-01 9.999989999999040480e-01 9.999989999997614953e-01 9.999989006121623447e-01 9.999696724512032731e-01
3.559429362504220080e+03 8.014683913762036670e-05 1.004951384444906120e-05 1.227382854795643352e-01 2.951911345380356377e-01 4.014842167666403117e-01 4.852561392122100581e-01 5.309627474118497892e-01 6.359318019247612863e-01 4.959834741798924140e-01 9.529697973714964521e-01 9.999990000025874570e-01 9.999990000020880787e-01 9.999990000004720381e-01 9.999989769090126268e-01 9.999757590878682878e-01
3.609429362504220080e+03 2.060343317715739855e-04 1.048534629952536513e-05 1.247869993115149206e-01 2.965082750710652526e-01 4.049382677345254034e-01 4.813311988722177026e-01 5.543549655510446872e-01 5.684086819807468993e-01 6.968866290283017850e-01 9.999989999997940249e-01 9.999989999995967382e-01 9.999989999992991985e-01 9.999989999988990741e-01 9.999989999987408673e-01 9.999990000042610072e-01
3.659429362504220080e+03 2.725064810390823156e-04 1.282543104035606385e-05 1.259698979263580154e-01 2.955503651178006952e-01 4.061439427921880729e-01 4.791582680501171310e-01 5.656817440888329829e-01 5.337454530541527742e-01 7.979761686404659438e-01 9.999989999995311241e-01 9.999989999987300981e-01 9.999989999978855515e-01 9.999989999969851606e-01 9.999989999961907960e-01 9.999989999966955034e-01
3.709429362504220080e+03 3.416057987861836616e-04 1.073088627038248408e-05 7.034426362398858712e-02 1.975674766610251154e-01 4.575232613305289520e-01 5.943641887330087803e-01 5.456889671677668252e-01 5.323865200383866014e-01 4.690354585275400834e-01 9.999718425392593035e-01 9.999744205848505318e-01 9.999781092369768309e-01 9.999813570453889300e-01 9.999819469713641107e-01 9.999067785304638356e-01
3.759429362504220080e+03 4.736174101602241057e-04 3.182919455590739840e-05 6.813156937102578248e-02 2.654876265019428527e-01 3.929877959693893752e-01 4.359790845112322955e-01 4.365550147530081748e-01 6.088267534558453598e-01 4.604931071033447343e-01 9.861610533963717229e-01 9.999966598269978135e-01 9.999968189865704460e-01 9.999969433823975296e-01 9.999966296142760447e-01 9.999637143872170952e-01
3.809429362504220080e+03 1.622375862109147698e-04 1.001302991430384637e-05 1.314938276360560765e-01 2.962170329688869064e-01 4.058997496626262080e-01 4.855966173607878522e-01 5.281517441149666814e-01 6.416751120384461826e-01 4.655706580369642911e-01 9.973765609259344078e-01 9.999989333916113887e-01 9.999989090458915042e-01 9.999988882483711317e-01 9.999984564589444735e-01 9.999543512378955556e-01
3.859429362504220080e+03 3.435767035195706753e-04 1.817457763061751071e-05 1.207944188191889395e-01 2.973410395316960497e-01 4.022418484410774653e-01 4.862533416210595427e-01 5.356792638445472265e-01 6.271948763582650965e-01 5.284516866930351053e-01 9.974694670314989686e-01 9.999990000143851310e-01 9.999990000138549995e-01 9.999990000129299617e-01 9.999990000127988443e-01 9.999990000154664882e-01
3.909429362504220080e+03 6.587991085909693928e-05 1.004428536867293886e-05 5.552788158250934053e-02 2.614385939687880467e-01 4.350691804350815817e-01 5.316172470753479651e-01 5.421083523744710808e-01 4.602950010353917265e-01 5.752703730773255364e-01 5.598341942284509321e-01 9.996218470819226987e-01 9.999655199429172692e-01 9.999440885972461501e-01 9.999411043406500887e-01 9.999694187369488896e-01
3.959429362504220080e+03 1.610124963735734657e-04 1.846036607143398893e-05 6.625032715389868321e-02 2.723672201434915174e-01 3.709214855581742243e-01 4.658805764832661400e-01 5.378532409466150188e-01 5.632209981760127882e-01 6.781878313126179503e-01 4.858033464738511498e-01 9.999989990348094882e-01 9.999989965916136203e-01 9.999989936081125075e-01 9.999989893112941619e-01 9.999989834885817386e-01
4.009429362504220080e+03 1.122182643192074603e-04 1.473568829800911229e-05 1.972164436685629532e-02 1.978125191101272606e-01 3.212294715748705842e-01 4.145381098473965298e-01 4.926223865315694783e-01 5.284162640131798705e-01 6.366943997615504003e-01 4.230038645421982380e-01 9.999990000121521394e-01 9.999990000151464109e-01 9.999990000143499369e-01 9.999990000141782964e-01 9.999990000155267733e-01
4.059429362504220080e+03 1.680367688695284849e-05 1.000702461080040652e-05 1.439720471138382085e-01 3.035582024787445432e-01 3.667835670882543253e-01 4.700368434918993366e-01 5.655199411505738016e-01 6.027543902535269504e-01 6.137209202673320485e-01 6.643843745725186434e-01 9.999969722794200822e-01 9.999960922936403929e-01 9.999961502787100276e-01 9.999962826851469533e-01 9.999961458023161054e-01
4.109429362504220080e+03 4.980239208407325217e-05 1.650581706657181275e-05 9.820648332579206760e-03 1.961274812261676603e-01 2.453415717672387253e-01 3.033791384468110253e-01 4.539973010479927407e-01 5.566230744249412998e-01 6.534313910138707104e-01 4.114720843197023359e-01 9.999989999884724146e-01 9.999989999820024789e-01 9.999989999785525718e-01 9.999989999746851099e-01 9.999989999701598409e-01
4.159429362504220080e+03 2.526127082299813950e-05 1.000431363973196617e-05 1.180440885356877356e-01 2.960239765391729505e-01 3.778325855268448996e-01 4.402428946143213118e-01 5.073751639298119676e-01 5.564238859706833740e-01 6.546582194523978826e-01 5.433062072851456703e-01 9.999989353986473706e-01 9.999988338734059345e-01 9.999987709506984457e-01 9.999987057939695445e-01 9.999985459918430131e-01
4.209429362504220080e+03 3.381520834267042765e-05 1.087193584624393008e-05 9.580829886555709829e-02 3.489484949374650480e-01 3.482482318177526626e-01 3.399461638824161636e-01 5.379373886601959143e-01 7.239779441899901746e-01 4.746973110524955186e-01 9.999990000138566648e-01 9.999990000174636684e-01 9.999989988472678393e-01 9.999986995385313771e-01 9.999778689463336701e-01 9.999864040571035950e-01
4.259429362504220080e+03 2.935624592904383088e-05 1.202593421975238216e-05 2.510839390197040083e-02 2.078444135902527135e-01 3.979381546716729834e-01 4.951527394794378867e-01 4.959541258338823200e-01 5.842265843892443522e-01 5.819533207535620978e-01 9.689906963710249732e-01 9.999989999975397170e-01 9.999989999956281350e-01 9.999989999941618635e-01 9.999989999928784457e-01 9.999989999918417194e-01
4.309429362504220080e+03 3.110866615847707547e-05 1.096394838350062446e-05 3.117271692532960770e-02 1.278553744283147664e-01 2.356472477285977141e-01 4.872543424888959862e-01 6.257386367630866086e-01 5.901372519759955360e-01 5.936855602270804111e-01 9.999989999952638708e-01 9.999989999940783747e-01 9.999989999943307284e-01 9.999989999933386331e-01 9.999989999920564365e-01 9.999989999911200744e-01
4.359429362504220080e+03 5.338126342480593775e-05 2.003030134503415449e-05 4.335337333753467226e-04 1.287143608722889077e-01 2.811413495680588071e-01 3.864886642825064444e-01 4.664924223583992169e-01 5.588992970022885753e-01 4.289237226897750777e-01 9.999990000171007365e-01 9.999990000193413886e-01 9.999990000197432893e-01 9.999990000135431378e-01 9.999990000126760537e-01 9.999990000201764984e-01
4.409429362504220080e+03 2.239816067621453925e-05 1.007588050135276027e-05 8.622461791899445338e-02 2.638372525478452357e-01 3.659799774535872907e-01 4.570853867336592269e-01 5.359958184129378633e-01 5.042415634084689291e-01 8.981091719581445476e-01 9.999461678196664982e-01 9.999311549632659002e-01 9.999333717330526339e-01 9.999505911623369769e-01 9.999201052468402739e-01 9.999417541252142438e-01
4.459429362504220080e+03 5.133059673310669247e-05 3.894489077023755865e-05 2.087347665136627881e-03 2.542256254769225121e-01 3.202049898510260229e-01 3.869255453537908673e-01 4.786834154147076581e-01 5.432974721003960283e-01 6.235213211907424391e-01 9.999342280792340443e-01 9.999162042352074398e-01 9.999158095611309083e-01 9.999515860622044672e-01 9.999003955235081786e-01 9.999200406421404619e-01
4.509429362504220080e+03 8.158278486330505037e-05 1.329071654716164572e-05 2.493496580773430296e-02 1.511443348316589552e-01 2.969291019756373218e-01 5.153593752989961141e-01 6.051962299717915661e-01 5.607023947843232659e-01 5.811036500600138544e-01 9.999295623242712150e-01 9.999140039463421115e-01 9.999166542730802965e-01 9.999497648765798274e-01 9.999015629269139005e-01 9.999254453530784792e-01
4.559429362504220080e+03 1.101031575195692599e-04 3.835470259999816602e-05 2.374389652265210780e-03 1.795122488955929463e-01 2.998106515685954321e-01 3.952797420898189196e-01 4.518764242098866069e-01 5.709017932968010189e-01 3.679895567497369901e-01 9.998602755529336639e-01 9.999963893613564858e-01 9.999878638218300253e-01 9.999531907125475128e-01 9.999718760812577045e-01 9.999728730110315489e-01
4.609429362504220080e+03 9.724904280154796749e-05 1.294462655957816860e-05 2.529078230554933013e-02 2.160131561236788289e-01 2.509718986525695250e-01 4.135486419768642508e-01 6.205588781666819820e-01 4.543346615130849919e-01 8.674346342849116320e-01 9.999279717685520819e-01 9.999181311320994858e-01 9.999175879001858114e-01 9.999498236412812657e-01 9.999014666897435566e-01 9.999240633056541983e-01
4.659429362504220080e+03 1.431117794883970799e-04 1.773010782301027703e-05 9.761046896234632300e-03 1.470743280554970001e-01 3.336840081798149171e-01 4.794475743070142904e-01 4.952617303383415326e-01 5.124107657704066732e-01 9.999989997880601722e-01 9.998165391404078006e-01 9.998772523386679767e-01 9.998618490119344226e-01 9.999437706134259862e-01 9.998316738005132986e-01 9.998536063341122437e-01
4.709429362504220080e+03 9.312991624303223277e-05 1.010901344161430816e-05 8.052048372745956861e-02 2.506796214211428064e-01 3.497090350642779177e-01 4.412300503616710667e-01 4.774011279390951712e-01 6.232295201646941285e-01 9.999989999884301151e-01 9.995957080061683708e-01 9.998754282677726479e-01 9.998614896054143220e-01 9.999438913818842201e-01 9.998304118470165980e-01 9.998529058599158192e-01
4.759429362504220080e+03 1.059409960454994623e-04 1.000466629844343916e-05 1.004435643612551360e-01 2.652135217139086065e-01 3.635750005035645605e-01 4.660995316614205408e-01 4.325051859173397739e-01 8.153205579419192661e-01 9.999989999978627919e-01 9.996852349954882255e-01 9.998821539872857489e-01 9.998720960725371310e-01 9.999451489751887134e-01 9.998446376715838246e-01 9.998680631199300395e-01
4.809429362504220080e+03 1.173512570975356793e-04 1.006217621390230692e-05 8.874177166281481399e-02 2.621259099636121248e-01 3.726347596376355931e-01 4.600962328055495099e-01 4.248933030347654682e-01 9.999874504016708077e-01 9.998919834144098795e-01 9.996196899057095964e-01 9.998683342884918668e-01 9.998623005080824466e-01 9.999434629107371020e-01 9.998300665990564884e-01 9.998502235414022943e-01
4.854429362504220080e+03 1.216388784875977196e-04 1.155453877136375683e-05 5.518384581261737143e-02 2.347585252603842099e-01 3.310682289829848246e-01 3.855777216092142190e-01 6.396834111836697812e-01 9.999990000099291398e-01 9.998864990498144145e-01 9.995512802934481966e-01 9.998053046462430649e-01 9.997878447792445389e-01 9.999229383052209430e-01 9.997502659086504595e-01 9.997820904767938943e-01
4.859429362504220080e+03 9.251357487931823509e-05 1.000545114887756890e-05 9.299913983090568603e-02 2.788994950981963927e-01 2.865288926971031325e-01 3.152487784114423319e-01 6.500722752004965965e-01 9.999990000076115493e-01 9.998856097883342953e-01 9.995421770793859739e-01 9.997950113936495686e-01 9.997873616670546193e-01 9.999231367990957242e-01 9.997514898185744237e-01 9.997833430111673358e-01
4.909429362504220080e+03 6.793692045261367292e-05 1.000879727311802510e-05 1.140629958324198001e-01 2.762434187155570209e-01 3.817111257724590256e-01 4.541313248491726240e-01 9.999989997157954225e-01 9.999989921971517148e-01 9.998761304896559565e-01 9.994996265197421126e-01 9.996958933462702923e-01 9.996930277830082812e-01 9.998669950004754892e-01 9.996614855282223155e-01 9.997041927974359421e-01
4.959429362504220080e+03 1.110107585570881377e-04 1.002590431407653979e-05 1.032609616248601342e-01 2.615396955280051561e-01 3.846749932926723514e-01 4.239037334454111017e-01 9.999963159807059299e-01 9.999963223115052591e-01 9.998793633466815933e-01 9.995475820438303183e-01 9.997234224561096783e-01 9.997160220687149046e-01 9.998788909834921412e-01 9.996786515799097605e-01 9.997181965546820814e-01
5.009429362504220080e+03 1.501474404971248576e-04 1.039390496688459731e-05 1.031562037263980686e-01 2.733398808163058358e-01 3.481578820630353288e-01 5.704951364075975251e-01 9.999982076200449876e-01 9.999983802332184091e-01 9.999869351152855801e-01 9.996503464631403268e-01 9.998341022020096336e-01 9.998222921117677631e-01 9.999323284864520822e-01 9.997663020841519588e-01 9.997957609710923510e-01
5.059429362504220080e+03 9.559578100452317470e-05 9.991361555681049374e-06 8.847809622510216521e-02 2.560106264528547726e-01 2.551149140475418853e-01 9.910320076921008692e-01 9.998850130883452092e-01 9.998822966174460980e-01 9.999433890446671747e-01 9.998566894746897527e-01 9.995589392933519335e-01 9.993527381176903202e-01 9.992642746292899059e-01 9.987022921594669311e-01 9.991201454434749385e-01
5.109429362504220080e+03 9.652511377537177531e-05 1.055308785020439794e-05 6.981087393325098589e-02 3.256952480174274411e-01 9.999905790587705345e-01 9.998810988081233697e-01 9.996482409316075346e-01 9.998490604396944592e-01 9.999324272473395503e-01 9.997975514936041641e-01 9.989899486683699870e-01 9.987524236910618747e-01 9.988088004487319926e-01 9.983084283954414273e-01 9.991581499752708595e-01
5.159429362504220080e+03 1.366950139721633158e-04 1.146629012296239055e-05 7.095449814023414847e-02 2.438048042680948380e-01 4.359073577424851242e-01 9.999371123575906406e-01 9.996389610485716393e-01 9.998846466579576209e-01 9.999503984124586964e-01 9.998656820853164540e-01 9.996904378403617120e-01 9.995310887873721795e-01 9.994228030005688490e-01 9.987970999208931611e-01 9.991957061889819025e-01
5.209429362504220080e+03 1.387051792764892779e-04 1.018442327232540040e-05 1.000179050884671544e-01 2.843148070731970622e-01 2.475052037085135603e-01 9.998216762858641582e-01 9.996855078481774459e-01 9.999377782972476147e-01 9.999516560833976442e-01 9.999170925973230872e-01 9.999247125421544258e-01 9.999179022547332041e-01 9.999527410106892056e-01 9.998735555207353132e-01 9.998968532111508489e-01
5.259429362504220080e+03 1.123693024010022910e-04 1.000929936823182219e-05 1.040425990732109646e-01 2.836238285259197744e-01 2.518763122190538772e-01 9.998795229303579779e-01 9.998912546086806685e-01 9.998912307916575370e-01 9.999515015560734854e-01 9.998701780901667613e-01 9.997406479730714945e-01 9.996822351762294501e-01 9.997603130792154236e-01 9.994290568103059158e-01 9.994952143074006257e-01
5.309429362504220080e+03 9.770579695430704553e-05 9.994186610800943646e-06 1.039779829732737776e-01 2.705535341051245601e-01 2.974287261305599284e-01 9.998808911866183813e-01 9.998927178366757706e-01 9.998910729354519855e-01 9.999518131680674715e-01 9.998689350390193020e-01 9.997327752541278478e-01 9.996407913952686242e-01 9.995016648593968434e-01 9.987854839481501434e-01 9.992272686487815303e-01
5.359429362504220080e+03 5.547459839107568802e-05 9.996396014891764610e-06 1.058153476801447224e-01 2.327933486157221787e-01 5.120950035454129301e-01 9.999193425826219395e-01 9.998935926798463436e-01 9.998889295433607272e-01 9.999509767369042512e-01 9.998638355879880812e-01 9.996755233865400880e-01 9.994952440427945506e-01 9.984779054404453458e-01 9.973398546699496769e-01 9.989656796278287842e-01
5.409429362504220080e+03 7.527551647843024128e-05 1.048921535160047836e-05 1.223534794635869338e-01 2.457465372922395253e-01 6.576067596331274245e-01 9.998845852370035203e-01 9.998719136281347675e-01 9.998587065928301598e-01 9.999451187617751646e-01 9.998235288549507382e-01 9.997819100401160730e-01 9.997188115145829723e-01 9.992481483217531268e-01 9.979133850092776203e-01 9.991671546894119738e-01
5.459429362504220080e+03 1.943127506021263828e-01 9.962906357376113409e-01 9.999763294926247159e-01 9.998861988965930259e-01 9.998366335905964908e-01 9.996483140503038545e-01 9.986550762547518056e-01 9.985005061945585458e-01 9.985940344976350636e-01 9.987396395911831704e-01 9.986938395353137654e-01 9.983641660443197674e-01 9.968524013665566175e-01 9.961872563157377902e-01 9.987259096769024458e-01
5.509429362504220080e+03 9.999258136174593581e-01 9.998816635632071792e-01 9.999164524374848373e-01 9.998959809679822675e-01 9.998933495112464209e-01 9.998752209050121298e-01 9.998700696915970854e-01 9.998406500456150647e-01 9.998528813686747840e-01 9.997795109940520453e-01 9.993688307879541322e-01 9.977118082529654597e-01 9.941576665343901942e-01 9.922144043279230718e-01 9.968789904637680443e-01
5.559429362504220080e+03 9.998984726995273631e-01 9.998803851926406638e-01 9.999039067601438457e-01 9.998922271813593943e-01 9.998708267397832250e-01 9.997000123234139890e-01 9.989434208620683320e-01 9.989965129022806423e-01 9.994790343371234842e-01 9.997248741046986797e-01 9.998814362981127690e-01 9.999158215073739031e-01 9.999510355050722499e-01 9.998864509112038723e-01 9.999961885178030307e-01
5.609429362504220080e+03 9.999070065452941858e-01 9.998995981745169015e-01 9.999205033534021014e-01 9.999268392275870720e-01 9.999477913651797500e-01 9.999177850226383946e-01 9.999162926118546624e-01 9.999237193262853207e-01 9.999745149006797895e-01 9.999224695332644686e-01 9.999410256031282529e-01 9.999633845525528475e-01 9.999870521595712880e-01 9.999756158559195418e-01 9.999978159470171990e-01
5.659429362504220080e+03 1.131449303790479366e-01 5.521059464506583581e-02 2.283152663350781209e-01 9.998986452499538657e-01 9.999681737711219043e-01 9.999300938160635699e-01 9.999408737342257991e-01 9.999391688742162998e-01 9.999630130924853644e-01 9.999281607203925892e-01 9.999289936278544788e-01 9.999207872737549962e-01 9.999434570166618741e-01 9.998370448678848277e-01 9.998252712547001098e-01
5.709429362504220080e+03 6.611955138008798749e-02 1.347071060109059915e-01 2.307478558025074233e-01 9.308275716466591909e-01 9.999989999864334900e-01 9.999984581802845440e-01 9.999986675572082317e-01 9.999984386026955496e-01 9.999456514167068821e-01 9.999712001881998491e-01 9.999629589284613207e-01 9.999599007412367513e-01 9.999498216943890627e-01 9.999246429812875814e-01 9.999600519162900047e-01
5.759429362504220080e+03 2.866542640380419921e-02 5.544974181840570115e-02 1.438031455725118091e-01 8.972524530304507584e-01 9.999930366414195859e-01 9.999572443219644224e-01 9.999862981404140649e-01 9.999579546275142450e-01 9.999764491819672640e-01 9.999591478615044160e-01 9.999678849816813209e-01 9.999590761693365470e-01 9.999523570557165009e-01 9.999269992638822879e-01 9.999650462298957931e-01
5.809429362504220080e+03 2.608296630246562109e-01 9.358731635363611023e-02 2.171742820602728663e-01 5.626553329281672733e-01 9.998957646628012785e-01 9.999989996090262734e-01 9.999989846663110971e-01 9.999989399727146067e-01 9.999663042596870222e-01 9.999735873247406204e-01 9.999798759753795174e-01 9.999718474682369740e-01 9.999692132917782361e-01 9.999593270797755284e-01 9.999785337169085908e-01
5.859429362504220080e+03 2.950044953591716701e-01 1.142381543495724072e-01 1.913836720289449345e-01 2.411214859472168570e-01 9.999989982552657253e-01 9.999989025629606454e-01 9.999988947897426872e-01 9.999988720879645632e-01 9.999980686134312124e-01 9.999908094674984094e-01 9.999682019815017142e-01 9.999815992934949493e-01 9.999682541880222653e-01 9.999593354440041715e-01 9.999811434663063991e-01
5.909429362504220080e+03 1.755389034306788221e-01 9.134652437415138881e-02 1.635282070921341424e-01 4.387203387197807225e-01 9.999141528914378130e-01 9.999989854539139689e-01 9.999989443742038908e-01 9.999989134224910314e-01 9.999988914660817851e-01 9.999988675310970132e-01 9.999988609326828648e-01 9.999985515959606275e-01 9.999621075146227778e-01 9.999830543347421052e-01 9.999932832375949543e-01
5.959429362504220080e+03 1.038039978871083263e-01 2.333923363742196333e-02 1.006522751281942463e-01 4.134890819771080972e-01 9.997524881445287726e-01 9.999989990390185657e-01 9.999989881007097514e-01 9.999989769875129442e-01 9.999989684884735830e-01 9.999989600146652613e-01 9.999989565658181645e-01 9.999989602370265018e-01 9.999989382427586504e-01 9.999572011669145555e-01 9.999987683243359848e-01
6.009429362504220080e+03 1.403807588589262370e-02 8.346054954183163010e-02 2.136236102968957773e-01 2.149145747498955317e-01 9.999083896049479891e-01 9.999514379751089921e-01 9.999585225049971715e-01 9.999654653903264911e-01 9.999804721758611681e-01 9.999642629598322063e-01 9.999784758874183943e-01 9.999787435957587789e-01 9.999738760562595363e-01 9.999659248861673122e-01 9.999914148535311575e-01
6.059429362504220080e+03 1.043594094585951863e-02 7.037147508148962338e-02 1.644840081251927044e-01 2.794764271227888064e-01 9.999347570113416017e-01 9.999514705205428955e-01 9.999511506587718257e-01 9.999512279921309865e-01 9.999725822493531480e-01 9.999420727105016171e-01 9.999451530561168644e-01 9.999414118615559399e-01 9.999654684108010283e-01 9.998684551706932266e-01 9.999466730498882683e-01
6.109429362504220080e+03 6.979248712049303596e-03 1.184483358456840489e-02 1.803551574073895547e-01 3.281095971614777507e-01 9.999517948114721166e-01 9.999537561730242885e-01 9.999533790929302501e-01 9.999518565839189410e-01 9.999713477626701597e-01 9.999418265198829481e-01 9.999414309083813901e-01 9.999324135671843194e-01 9.999597799766127837e-01 9.997638647964119940e-01 9.999027011380756669e-01
6.159429362504220080e+03 4.407939868313155360e-03 1.145739460279858977e-02 1.403680682404661040e-01 4.210380951793749049e-01 9.999988123382946847e-01 9.999927625098351536e-01 9.999805384366881045e-01 9.999845593298872792e-01 9.999832203804005504e-01 9.999787468195004969e-01 9.999832585723712475e-01 9.999775194901717734e-01 9.999768542692539786e-01 9.999621084078512689e-01 9.999817388959626463e-01
6.209429362504220080e+03 1.964539538260104412e-03 9.421090626772357993e-03 1.260326634291190628e-01 4.510349790303397888e-01 9.999989999926601758e-01 9.999989999867846535e-01 9.999989999879418390e-01 9.999989999949434605e-01 9.999990000055674066e-01 9.999990000211103069e-01 9.999990000364340492e-01 9.999973732479363608e-01 9.999742677230364363e-01 9.999828621700274089e-01 9.999912957568034555e-01
6.259429362504220080e+03 9.864666497520313375e-04 9.780348244744168848e-03 1.863045024261806015e-01 4.744592487814828230e-01 9.999990000219594055e-01 9.999990000089604703e-01 9.999989999923621919e-01 9.999989999749666625e-01 9.999989999351698300e-01 9.999990001377710991e-01 9.999989997137562758e-01 9.999937183684889375e-01 9.999818184730235870e-01 9.999839757311831390e-01 9.999935391919951844e-01
6.309429362504220080e+03 1.562781011670773029e-04 8.724136402737340396e-03 2.244846549500546795e-01 4.291441350698449453e-01 9.999990000135858814e-01 9.999990000017459080e-01 9.999989999980397615e-01 9.999989999949838726e-01 9.999990000103442522e-01 9.999990000953974389e-01 9.999990001301839460e-01 9.999932735209662304e-01 9.999844144350750197e-01 9.999904982412362031e-01 9.999926735482680407e-01
6.359429362504220080e+03 5.285437621898680347e-05 3.862320174638560834e-05 1.699520766827652407e-01 5.367330892337173198e-01 9.999990000027396686e-01 9.999990000048550876e-01 9.999990000039773452e-01 9.999990000086445008e-01 9.999990000101625087e-01 9.999989999936036433e-01 9.999989999961721443e-01 9.999989998181217921e-01 9.999990001716537735e-01 9.999989999767284754e-01 9.999989999767204818e-01
6.409429362504220080e+03 6.131673726860110323e-05 1.003281559885843734e-05 8.458109429519970746e-02 6.439782833110584415e-01 9.999989999837594068e-01 9.999989999571033961e-01 9.999989999483964720e-01 9.999989999087305348e-01 9.999989999324557788e-01 9.999989999464234947e-01 9.999989999116165595e-01 9.999989998637700550e-01 9.999990000826038949e-01 9.999989999871041757e-01 9.999989999879665969e-01
6.459429362504220080e+03 9.449014116405943036e-05 1.106299561103467590e-05 1.110070828691442635e-01 6.962970071885001833e-01 9.999989999946622410e-01 9.999989999613922986e-01 9.999989999249416783e-01 9.999989998122755797e-01 9.999989998396238144e-01 9.999989998798499702e-01 9.999989998791076751e-01 9.999989998982183881e-01 9.999989999611721414e-01 9.999989999645829686e-01 9.999989999750167335e-01
6.509429362504220080e+03 3.347760694657667515e-05 1.013326801879120147e-05 1.849225591368147126e-01 6.974760683764016367e-01 9.999990000003744495e-01 9.999989999854551614e-01 9.999989999649353534e-01 9.999989999898462045e-01 9.999989999615358505e-01 9.999989999572301835e-01 9.999989999477718605e-01 9.999989999440637156e-01 9.999989999733011059e-01 9.999989999710736654e-01 9.999989999730355406e-01
6.559429362504220080e+03 1.698894381645277448e-05 1.000864881542800906e-05 9.206955114058827661e-02 7.741607106465603350e-01 9.999989999925090745e-01 9.999989999803576834e-01 9.999989999543917873e-01 9.999989998121809887e-01 9.999989998976095418e-01 9.999989999371284854e-01 9.999989999623418724e-01 9.999989999720328981e-01 9.999989999929441709e-01 9.999989999910803284e-01 9.999989999882282765e-01
6.609429362504220080e+03 5.203890109913632636e-05 1.029556013798526944e-05 1.273197677573352504e-01 8.026353169379556451e-01 9.999989999973963872e-01 9.999989999791734085e-01 9.999989999568006382e-01 9.999989999039892163e-01 9.999989999167435695e-01 9.999989999177589794e-01 9.999989999281211350e-01 9.999989999465282997e-01 9.999989999753032821e-01 9.999989999815460662e-01 9.999989999842916477e-01
6.659429362504220080e+03 9.059982181802428154e-05 1.001249753258204145e-05 1.093899831669709888e-01 8.811836641743368004e-01 9.999989999993005307e-01 9.999990000067163765e-01 9.999989999543820174e-01 9.999989997486702364e-01 9.999989998431252358e-01 9.999990001378386006e-01 9.999989999952001440e-01 9.999989999896774506e-01 9.999989999969685073e-01 9.999989999931228057e-01 9.999989999925696926e-01
6.709429362504220080e+03 3.362884006312822889e-05 1.001999470590024732e-05 8.626562523977515662e-02 8.599087875508316658e-01 9.999990000000809065e-01 9.999990000473110152e-01 9.999990001409602147e-01 9.999989999934049134e-01 9.999990001213320268e-01 9.999990000792278177e-01 9.999989999958106557e-01 9.999989999903947657e-01 9.999989999951008901e-01 9.999989999904844717e-01 9.999989999882995528e-01
6.759429362504220080e+03 5.469997561172127852e-05 1.000017893110487655e-05 1.108889959176535267e-01 9.913030446574734311e-01 9.999990000090503983e-01 9.999989999991809597e-01 9.999989999769790527e-01 9.999989999914808969e-01 9.999989999958172060e-01 9.999989999976367505e-01 9.999989999959821851e-01 9.999989999956656606e-01 9.999989999989080669e-01 9.999990000127126910e-01 9.999989999989982170e-01
6.809429362504220080e+03 7.728667207127145613e-05 1.033124808343385992e-05 1.562071861112720728e-01 9.999990000173372140e-01 9.999990000274516788e-01 9.999990002606635731e-01 9.999990001143902463e-01 9.999990000597168693e-01 9.999989999956416797e-01 9.999990000329209705e-01 9.999989999940437357e-01 9.999990000045875238e-01 9.999989999945317898e-01 9.999989999980073430e-01 9.999989999972678234e-01
6.859429362504220080e+03 1.720843732179482520e-03 1.013786910404978151e-05 1.328067073824876487e-01 9.999989999935320339e-01 9.999989999984946198e-01 9.999989994466487175e-01 9.999990001389448269e-01 9.999989999238173555e-01 9.999990000143812452e-01 9.999990000300155168e-01 9.999989999967241472e-01 9.999989999960765541e-01 9.999989999931889750e-01 9.999989999979967958e-01 9.999989999961433895e-01
6.909429362504220080e+03 1.083815129218959877e-05 9.997490555718240038e-06 1.098918769608247248e-01 9.999989999952400010e-01 9.999989999986188538e-01 9.999989997045066747e-01 9.999990001167379239e-01 9.999989998935313595e-01 9.999990000171617988e-01 9.999990000232340526e-01 9.999990000031703241e-01 9.999990003602300392e-01 9.999989999968138532e-01 9.999989999986746980e-01 9.999989999936457208e-01
6.959429362504220080e+03 5.203325592600137111e-04 1.005804635726214612e-05 1.083303882746494973e-01 9.999989995443828716e-01 9.999989418003558672e-01 9.999989634166114305e-01 9.999989997934817243e-01 9.999990003505732084e-01 9.999989999731579982e-01 9.999989999981927502e-01 9.999989999980196664e-01 9.999989999931936380e-01 9.999989999844030031e-01 9.999989999706265786e-01 9.999989997136479181e-01
7.009429362504220080e+03 2.229866669117905518e-05 1.001271350587797849e-05 1.094683959640647131e-01 9.999989999994318701e-01 9.999989999706611066e-01 9.999989999702040278e-01 9.999990001575866927e-01 9.999989999842687771e-01 9.999989999730075629e-01 9.999989999650259476e-01 9.999990003571668229e-01 9.999990001890803892e-01 9.999989999901459647e-01 9.999990000331099305e-01 9.999989997541040010e-01
7.059429362504220080e+03 1.002590435743075737e-05 1.000459230543622561e-05 1.286496094324766082e-01 9.999989999867824331e-01 9.999989916592464390e-01 9.999990004714673919e-01 9.999990001789986760e-01 9.999990001172052168e-01 9.999989997450284829e-01 9.999989999478614555e-01 9.999990000607981155e-01 9.999990001555948416e-01 9.999989999940470664e-01 9.999990000301591797e-01 9.999989998290736981e-01
7.109429362504220080e+03 9.997086106946714924e-06 9.996199732652840040e-06 1.465654399521715834e-01 9.999989999996561352e-01 9.999989997195659619e-01 9.999990001017240449e-01 9.999989994085858314e-01 9.999990000620175845e-01 9.999989996477297582e-01 9.999989963121822534e-01 9.999989992464819455e-01 9.999989999096288162e-01 9.999989999683857045e-01 9.999990000405559742e-01 9.999989999064637924e-01
7.159429362504220080e+03 1.000699438113371084e-05 1.001092834083102237e-05 1.709223209324432224e-01 9.999990000001985901e-01 9.999989991806507161e-01 9.999990000598657502e-01 9.999980498602837331e-01 9.999985156993551616e-01 9.999990006656336305e-01 9.999989966521478646e-01 9.999989954237649137e-01 9.999989951729147952e-01 9.999989936700774962e-01 9.999989950219649870e-01 9.999989983566077711e-01
7.209429362504220080e+03 4.241040369743176815e-05 1.036371142489396653e-05 1.694008930375180133e-01 9.999989999938879714e-01 9.999989927522038302e-01 9.999990000183234251e-01 9.999989993546435363e-01 9.999990000974141591e-01 9.999989999799773210e-01 9.999989997022759036e-01 9.999989994786016023e-01 9.999989986408404086e-01 9.999986323888062634e-01 9.999990020215219211e-01 9.999989961330010280e-01
7.259429362504220080e+03 5.205725798566089661e-05 1.071465291863460363e-05 1.862113153100313778e-01 9.999989999951857111e-01 9.999988035265745534e-01 9.999988752902544409e-01 9.999988857839866574e-01 9.999990000960978787e-01 9.999990000100047460e-01 9.999989984719067637e-01 9.999990001341054757e-01 9.999990000582308358e-01 9.999989990001614260e-01 9.999989987322972507e-01 9.999990000208446306e-01
7.309429362504220080e+03 1.634658292499484690e-03 1.008253856147284244e-02 3.960963426819760214e-01 9.999990000100278387e-01 9.999988690591289364e-01 9.999989969427479641e-01 9.999989972105146618e-01 9.999989996998615016e-01 9.999989995812319510e-01 9.999989980207144580e-01 9.999989768551948988e-01 9.999990003419855222e-01 9.999988424170247470e-01 9.999860538887597183e-01 9.999989915516563910e-01
7.359429362504220080e+03 6.557768102588390588e-05 1.375562685259584903e-04 3.800414947502356311e-01 9.999990000035527959e-01 9.999988982973138096e-01 9.999989990044730881e-01 9.999989990847226728e-01 9.999990010550469099e-01 9.999990000039762350e-01 9.999989996637639322e-01 9.999989917171275833e-01 9.999989964464769399e-01 9.999989682303412897e-01 9.999987207843967774e-01 9.999989817762231503e-01
7.409429362504220080e+03 5.678859274561452643e-05 1.304934871480149979e-03 3.123957462518114903e-01 9.999989999984888467e-01 9.999989137836265973e-01 9.999989987996824592e-01 9.999989991984364890e-01 9.999989968934388518e-01 9.999989978003792634e-01 9.999989935463816648e-01 9.999989887481722795e-01 9.999990004685971323e-01 9.999989692708890487e-01 9.999989818223460336e-01 9.999990000199203699e-01
7.459429362504220080e+03 4.318283726390381835e-05 1.636376071593745622e-03 1.911677750935013020e-01 9.999989999962337617e-01 9.999989244303407743e-01 9.999989994260091164e-01 9.999989994930013060e-01 9.999989860911399076e-01 9.999989870180185925e-01 9.999989904012146491e-01 9.999989945229132982e-01 9.999989953022606626e-01 9.999989928894271740e-01 9.999989986537106690e-01 9.999990000155595249e-01
7.509429362504220080e+03 2.324085694760851727e-05 2.942436762244507383e-05 1.875415309839778277e-01 9.999989999957786813e-01 9.999989280936693037e-01 9.999989922317461533e-01 9.999989872525495427e-01 9.999988358679893219e-01 9.999989118833337853e-01 9.999989521779455437e-01 9.999990002800294153e-01 9.999989892488952981e-01 9.999989996577915985e-01 9.999989993479229122e-01 9.999989992640256897e-01
7.559429362504220080e+03 5.546460213445865683e-05 1.820011869818648139e-05 2.936886357833872752e-01 9.999990001494529768e-01 9.999989288515341856e-01 9.999989512185648577e-01 9.999989495368777348e-01 9.999989221658486249e-01 9.999989003922130637e-01 9.999989075837281138e-01 9.999990001513017202e-01 9.999989889895530837e-01 9.999989978931302925e-01 9.999989978941795643e-01 9.999989977695252774e-01
7.609429362504220080e+03 2.215058848356010746e-02 2.630767023045383485e-02 9.513704422335389488e-01 9.999990002254928179e-01 9.999989927075942919e-01 9.999986258714305132e-01 9.999984070641869671e-01 9.999859710284203507e-01 9.999977462093504466e-01 9.999976151641892796e-01 9.999990000964842363e-01 9.999989884992158684e-01 9.999929407078436139e-01 9.999909034827595411e-01 9.999901860755078253e-01
7.659429362504220080e+03 1.968388479347842838e-03 7.832163037661413543e-03 3.414474132241292481e-01 9.999990001078412627e-01 9.999989838375131779e-01 9.999989968112389382e-01 9.999989967601440322e-01 9.999990032225242187e-01 9.999989531499593465e-01 9.999989977213159520e-01 9.999989985646186019e-01 9.999990004009754463e-01 9.999989976269426650e-01 9.999989972464169430e-01 9.999989964869910875e-01
7.709429362504220080e+03 4.224454223099048585e-05 1.003656582983465038e-05 9.995110670435426448e-01 9.999989997793310437e-01 9.999989763779230101e-01 9.999989997686320464e-01 9.999989997743533587e-01 9.999990010323411838e-01 9.999990001221954472e-01 9.999989993798518162e-01 9.999989996318418006e-01 9.999989998220681908e-01 9.999989998467198049e-01 9.999989998440557137e-01 9.999989998311866746e-01
7.759429362504220080e+03 1.042564340389891771e-05 1.003468949182200220e-05 9.999543823575475221e-01 9.999989977046531697e-01 9.999989860175099166e-01 9.999990003827884388e-01 9.999990000001188761e-01 9.999989996170302042e-01 9.999989990449349442e-01 9.999989977881613701e-01 9.999989988707262967e-01 9.999989995602981407e-01 9.999989995642487584e-01 9.999989992649822579e-01 9.999989989712635419e-01
7.809429362504220080e+03 1.008711943661196790e-05 1.001398936993540818e-05 9.999770065846053102e-01 9.999963325418540494e-01 9.999988546932820910e-01 9.999990001695067132e-01 9.999990000001711676e-01 9.999990044568710656e-01 9.999989839886994636e-01 9.999989883406235069e-01 9.999989897013493723e-01 9.999989894915464195e-01 9.999989891630552963e-01 9.999989886438118702e-01 9.999989875425399077e-01
7.859429362504220080e+03 1.135677211494291912e-02 1.897340087751578293e-05 9.999989749755657797e-01 9.999982372361888583e-01 9.999989192249761905e-01 9.999990000021310443e-01 9.999989999999850943e-01 9.999982571171432966e-01 9.999989849884116655e-01 9.999990003451499909e-01 9.999990002757692675e-01 9.999989999983448508e-01 9.999989998253727697e-01 9.999989994308204899e-01 9.999989991459766747e-01
7.909429362504220080e+03 5.866251636426989078e-04 1.107053696796675521e-05 9.999989939406289663e-01 9.999986651681050942e-01 9.999989362822331307e-01 9.999989997887721582e-01 9.999989999016077880e-01 9.999990009636686716e-01 9.999989994316690334e-01 9.999989995228240058e-01 9.999989994718455621e-01 9.999989993728427562e-01 9.999989993022696533e-01 9.999989993439537539e-01 9.999989993716392744e-01
7.959429362504220080e+03 1.392530005466018973e-04 1.319074262737962018e-05 9.999986622423447935e-01 9.999987217360658542e-01 9.999989459469758035e-01 9.999990000007668023e-01 9.999990000008367463e-01 9.999990003581669118e-01 9.999989991881458318e-01 9.999989988953338349e-01 9.999989982152717172e-01 9.999989974248407743e-01 9.999989966173256084e-01 9.999989959235074943e-01 9.999989954299833839e-01
8.009429362504220080e+03 1.213030332634477050e-05 1.283692759196607803e-05 9.999985129921686866e-01 9.999984979937436291e-01 9.999989719338860938e-01 9.999990000007882296e-01 9.999990000009282287e-01 9.999990002811718348e-01 9.999990002166310177e-01 9.999990002600788186e-01 9.999990003201048028e-01 9.999990002545432466e-01 9.999989997198812652e-01 9.999989989590405415e-01 9.999989984117226838e-01
8.059429362504220080e+03 1.333200594340272400e-05 1.267833386721473762e-05 9.999978618498921445e-01 9.999984414349175621e-01 9.999989972454530474e-01 9.999990000000706925e-01 9.999990000000587020e-01 9.999990006001192588e-01 9.999990000773711918e-01 9.999990000663719902e-01 9.999990000923045796e-01 9.999990001213941992e-01 9.999990001416145802e-01 9.999990001769999415e-01 9.999989998813679781e-01
8.109429362504220080e+03 1.097581006576890474e-05 1.314288981662754669e-05 9.999979877908182768e-01 9.999983995250746327e-01 9.999990001037629694e-01 9.999990000000978929e-01 9.999990000000951174e-01 9.999990001148006957e-01 9.999989997222615834e-01 9.999989997314665535e-01 9.999989997180513956e-01 9.999989996642857371e-01 9.999989994003690708e-01 9.999989993384745812e-01 9.999989992636225677e-01
8.159429362504220080e+03 1.069608198181443629e-05 1.233850640595523119e-05 9.999967623672660899e-01 9.999980585390805254e-01 9.999990000845301319e-01 9.999989999616107905e-01 9.999990002163373637e-01 9.999989996718695595e-01 9.999989997011625720e-01 9.999989997458288427e-01 9.999989997855819324e-01 9.999989996526562619e-01 9.999989996604699005e-01 9.999989996661992064e-01 9.999989996569352835e-01
8.209429362504219171e+03 3.382443170341156171e-04 1.904977182272991093e-05 9.999990000363445652e-01 9.999988609038555909e-01 9.999990000237342080e-01 9.999989992359266111e-01 9.999989996920813917e-01 9.999989996801268433e-01 9.999989996450014962e-01 9.999989995783502561e-01 9.999989995173848012e-01 9.999989993252436093e-01 9.999989992956518359e-01 9.999989992392951388e-01 9.999989991338784634e-01
8.259429362504219171e+03 1.224349685892908018e-03 4.196992400483406244e-02 9.991628169551258765e-01 9.999989320130689974e-01 9.999980804085701891e-01 9.999980559333586649e-01 9.999988982794156822e-01 9.999989331994706410e-01 9.999989350001549093e-01 9.999989345821512776e-01 9.999989342704612705e-01 9.999989349542333095e-01 9.999989368716157845e-01 9.999989401105233711e-01 9.999989381334167815e-01
8.309429362504219171e+03 2.450557036385553984e-04 4.761096661478349777e-04 9.999929965700771195e-01 9.999982586714601940e-01 9.999981614499728888e-01 9.999979471905490191e-01 9.999989442272944062e-01 9.999989512488383081e-01 9.999989532457896901e-01 9.999989560431903346e-01 9.999989582151695977e-01 9.999989596547484982e-01 9.999989623255289839e-01 9.999989626554856015e-01 9.999989588548937602e-01
8.359429362504219171e+03 6.943637182470053723e-03 1.507515528358777113e-01 9.999676399276650196e-01 9.999969779945327986e-01 9.999973183720319847e-01 9.999985222781143657e-01 9.999989800442582455e-01 9.999989771958122109e-01 9.999989761355231321e-01 9.999989758400242845e-01 9.999989748319424443e-01 9.999989736050599598e-01 9.999989751745271827e-01 9.999989747557122000e-01 9.999989732392796649e-01
8.409429362504219171e+03 2.926881051624025630e-05 1.913135441407455873e-05 9.999990000310309268e-01 9.999989992862268195e-01 9.999989993592790505e-01 9.999989996088100019e-01 9.999990000090115405e-01 9.999989999484886205e-01 9.999989999233512838e-01 9.999989998929503798e-01 9.999989998791556367e-01 9.999989998741072306e-01 9.999989998354359422e-01 9.999989998106224576e-01 9.999989997700552413e-01
8.459429362504219171e+03 1.179912901847000360e-05 1.782630263940905576e-05 9.999989994253435377e-01 9.999990002163426928e-01 9.999990000000316126e-01 9.999989999810978691e-01 9.999989952121407510e-01 9.999989980662409295e-01 9.999989981822291485e-01 9.999989988021456000e-01 9.999989992931384020e-01 9.999989995581970437e-01 9.999989995871126913e-01 9.999989996080513865e-01 9.999989996087903510e-01
8.509429362504219171e+03 1.195996108351452531e-05 2.252596350963088079e-05 9.999989982801118504e-01 9.999989841190227713e-01 9.999989844485956958e-01 9.999989865826404145e-01 9.999990000880882857e-01 9.999989999393958939e-01 9.999989999141422059e-01 9.999989999091688508e-01 9.999989999545891850e-01 9.999990000272515056e-01 9.999990000395274636e-01 9.999989999792388007e-01 9.999989998632600186e-01
8.559429362504219171e+03 1.262136762532831819e-05 2.926369533327358548e-05 9.999989996607744347e-01 9.999989586394155694e-01 9.999989590155453634e-01 9.999989612146565898e-01 9.999989998989302631e-01 9.999989995327226433e-01 9.999989995758701289e-01 9.999989996406702941e-01 9.999989996627565159e-01 9.999989996591638342e-01 9.999989996522526958e-01 9.999989996273789261e-01 9.999989995685528710e-01
8.609429362504219171e+03 1.273659745790838751e-05 2.647110328283745000e-05 9.999989999299593313e-01 9.999989919210592326e-01 9.999989920776335417e-01 9.999989930198065480e-01 9.999989977999812485e-01 9.999989985591447583e-01 9.999989986794078911e-01 9.999989989375729360e-01 9.999989990496963577e-01 9.999989991305376913e-01 9.999989991202595796e-01 9.999989990469769774e-01 9.999989989076635277e-01
8.659429362504219171e+03 1.354468966261071253e-05 5.212868235843339464e-05 9.999989999716916156e-01 9.999989757077141217e-01 9.999989761420289280e-01 9.999989781673266354e-01 9.999989986152727495e-01 9.999989987203220521e-01 9.999989986503179384e-01 9.999989987340466291e-01 9.999989987705989458e-01 9.999989988407734787e-01 9.999989986076310844e-01 9.999989986209996129e-01 9.999989985177246687e-01
8.709429362504219171e+03 1.384614404417839232e-05 4.651167426744077951e-05 9.999989999763714277e-01 9.999989581700109431e-01 9.999989585040426343e-01 9.999989593857487868e-01 9.999990000303059512e-01 9.999989997313383228e-01 9.999989995125442288e-01 9.999989992597907440e-01 9.999989990802862216e-01 9.999989987192564600e-01 9.999989987270040404e-01 9.999989987613147058e-01 9.999989987273145697e-01
8.759429362504219171e+03 4.713070225109912729e-05 2.711653948304896915e-03 9.999989999705585220e-01 9.999986050749917199e-01 9.999985692147577154e-01 9.999986028973444352e-01 9.999986860861675986e-01 9.999988071515121257e-01 9.999988561221231365e-01 9.999989011688062979e-01 9.999989333925545232e-01 9.999989631042518479e-01 9.999989704702096915e-01 9.999989773729905940e-01 9.999989816121691577e-01
8.809429362504219171e+03 3.385974201547781864e-02 7.833727138610253882e-02 9.999989996043557872e-01 9.999989991844550064e-01 9.999989799959517756e-01 9.999987275928345909e-01 9.999445766547417902e-01 9.999989990783917371e-01 9.999989968452720479e-01 9.999989924933575525e-01 9.999989872908514599e-01 9.999988336402969580e-01 9.999988289925688667e-01 9.999988205932482943e-01 9.999987949694371103e-01
8.859429362504219171e+03 1.805070729499680393e-02 3.420305367939538432e-02 9.999989996556896132e-01 9.999989996646734269e-01 9.999989996794695912e-01 9.999987658848666916e-01 9.999432676085376892e-01 9.999989986717757739e-01 9.999989946715158728e-01 9.999989878199363469e-01 9.999989818976734446e-01 9.999984459717009555e-01 9.999984539082062973e-01 9.999984663918997096e-01 9.999984383689169976e-01
8.909429362504219171e+03 9.882646315497395709e-04 1.875357794891081405e-05 9.999970658604085960e-01 9.999965709604382580e-01 9.999963541767161734e-01 9.999971080379650434e-01 9.999650161847596364e-01 9.999980635169145593e-01 9.999980846119482791e-01 9.999981236665772544e-01 9.999981349871794878e-01 9.999981487081129883e-01 9.999981342580757104e-01 9.999981430033236807e-01 9.999981232868132563e-01
8.959429362504219171e+03 1.255825158664120313e-05 2.201668817451096175e-05 9.999989701904640205e-01 9.999982262807132205e-01 9.999982281695449782e-01 9.999981633267226444e-01 9.999510510908639072e-01 9.999973670992501340e-01 9.999974037494635537e-01 9.999974469221833973e-01 9.999974566280899202e-01 9.999973139819298140e-01 9.999973246864717336e-01 9.999973687349977824e-01 9.999973475042408522e-01
9.009429362504219171e+03 1.310882873770139084e-05 2.813885693795310691e-05 9.999989999793498230e-01 9.999989999812270991e-01 9.999989999819826059e-01 9.999989913949942633e-01 9.999623781031456993e-01 9.999973782906078634e-01 9.999976698829333710e-01 9.999980603225344655e-01 9.999981934851988052e-01 9.999982681222795433e-01 9.999977724297056669e-01 9.999977644745962069e-01 9.999977204872327885e-01
9.059429362504219171e+03 1.459722609290635572e-04 2.410357266358439010e-04 9.999989988475783687e-01 9.999989993318496584e-01 9.999989996704293782e-01 9.999989992789685145e-01 9.999988465981726193e-01 9.999981305831731060e-01 9.999972644964177926e-01 9.999974297065353790e-01 9.999974581636498216e-01 9.999974602649109867e-01 9.999974171663812417e-01 9.999974135261990860e-01 9.999973758752064290e-01
9.109429362504219171e+03 2.133285603149113319e-05 1.617312159286121492e-04 9.999990000571437054e-01 9.999990000001133250e-01 9.999990000001065527e-01 9.999990000000950063e-01 9.999990000271755664e-01 9.999989999313426692e-01 9.999989458126210540e-01 9.999989453066170375e-01 9.999989333755541221e-01 9.999988885615421763e-01 9.999988884608865813e-01 9.999988877943827292e-01 9.999988836514204227e-01
9.159429362504219171e+03 1.609679810692459691e-05 7.486097049609547252e-05 9.999989999811472741e-01 9.999989999843014177e-01 9.999989999876747193e-01 9.999989999905525284e-01 9.999990000293270676e-01 9.999989999701663912e-01 9.999989953875959570e-01 9.999989948570375820e-01 9.999989931748580752e-01 9.999989877926515058e-01 9.999989877955002271e-01 9.999989877675804495e-01 9.999989873598374990e-01
9.209429362504219171e+03 2.254407693919714624e-05 2.490553541865187437e-04 9.999989999801371932e-01 9.999989999812596286e-01 9.999989999841792931e-01 9.999989999880473102e-01 9.999990000864350526e-01 9.999990000008485147e-01 9.999989995599499748e-01 9.999989994844782348e-01 9.999989992869602329e-01 9.999989985047778029e-01 9.999989985273896043e-01 9.999989985388137992e-01 9.999989984927460940e-01
9.259429362504219171e+03 6.191890721196803690e-05 1.039685640666710483e-03 9.999989956716739403e-01 9.999989959920188021e-01 9.999989965402273917e-01 9.999989981267919381e-01 9.999990002149159452e-01 9.999989959441919485e-01 9.999989880300856893e-01 9.999989852844035632e-01 9.999989787540515263e-01 9.999989533828204102e-01 9.999989532780141355e-01 9.999989532185522556e-01 9.999989518949782275e-01
9.309429362504219171e+03 1.150761089815095176e-03 3.287959092989495031e-03 9.999989992418595319e-01 9.999989992857508669e-01 9.999989993466027460e-01 9.999989994345730437e-01 9.999990000675037516e-01 9.999989999910412486e-01 9.999989989537970692e-01 9.999989983578092545e-01 9.999989973315206448e-01 9.999989936879498664e-01 9.999989936601288987e-01 9.999989936469682039e-01 9.999989934781604584e-01
9.359429362504219171e+03 1.000516770543817310e-05 2.033988158088026812e-02 9.999989997708591538e-01 9.999989997833491628e-01 9.999989998003524505e-01 9.999989998477453179e-01 9.999990000586833627e-01 9.999990000236474996e-01 9.999989998772190747e-01 9.999989997691335342e-01 9.999989995700757639e-01 9.999989989141749858e-01 9.999989989019621994e-01 9.999989988976277777e-01 9.999989988694535370e-01
9.409429362504219171e+03 1.000072199520658549e-05 3.846254532690031314e-02 9.999989993538823674e-01 9.999989993801275956e-01 9.999989994169846685e-01 9.999989995542581944e-01 9.999990000203168306e-01 9.999989998835219218e-01 9.999989998881749775e-01 9.999989998835236982e-01 9.999989998143251624e-01 9.999989996507392398e-01 9.999989996278949578e-01 9.999989996092657485e-01 9.999989995972755619e-01
9.459429362504219171e+03 9.999872764677269390e-06 4.423736108970853509e-02 9.999989970682188201e-01 9.999989971855866022e-01 9.999989973554369582e-01 9.999989979817317520e-01 9.999990000538514501e-01 9.999989999788397865e-01 9.999990000256969713e-01 9.999990000279749269e-01 9.999989999990062106e-01 9.999989998803866520e-01 9.999989998851990247e-01 9.999989998919929235e-01 9.999989998802331082e-01
9.509429362504219171e+03 1.000184095807065295e-05 5.135487468451349624e-02 9.999980649616074802e-01 9.999985147763424953e-01 9.999988097696717038e-01 9.999989400480137069e-01 9.999990005098358115e-01 9.999989999843975630e-01 9.999989999732347146e-01 9.999989999706202504e-01 9.999989999494945936e-01 9.999989998931930746e-01 9.999989998539198233e-01 9.999989998287732718e-01 9.999989998241067823e-01
9.559429362504219171e+03 1.049035149952099038e-05 5.916304662555793570e-02 9.999990002747154438e-01 9.999989985163145745e-01 9.999989989689513914e-01 9.999989992353851553e-01 9.999989999981410138e-01 9.999989999982660249e-01 9.999990000057172868e-01 9.999990000069870488e-01 9.999989999990145373e-01 9.999990000067159324e-01 9.999989999830816156e-01 9.999989999654474992e-01 9.999989999540831453e-01
9.609429362504219171e+03 1.000387776288506691e-05 6.444165745788728306e-02 9.999990002342730167e-01 9.999989993453179959e-01 9.999989994644103986e-01 9.999989996219903476e-01 9.999990000318764727e-01 9.999990000084668651e-01 9.999989993613231931e-01 9.999989994897003909e-01 9.999989994804637794e-01 9.999989994660860582e-01 9.999989994724785003e-01 9.999989994485311007e-01 9.999989993775180164e-01
9.659429362504219171e+03 1.000626115126375465e-05 7.713527907040694520e-02 9.999989999654491646e-01 9.999990000311049787e-01 9.999990000461236317e-01 9.999989998145838443e-01 9.999990000633990350e-01 9.999990000371447030e-01 9.999989966320748103e-01 9.999989971704865699e-01 9.999989966893408910e-01 9.999989958973832804e-01 9.999989957038418753e-01 9.999989954548827997e-01 9.999989950811923878e-01
9.709429362504219171e+03 1.138456341987601904e-05 8.076368743577323761e-02 9.999990001522247596e-01 9.999989994608734500e-01 9.999989984969867018e-01 9.999989995261583386e-01 9.999990000810649038e-01 9.999990000120001499e-01 9.999989997068283731e-01 9.999989998346655584e-01 9.999989999216081227e-01 9.999989999860078305e-01 9.999990000265681633e-01 9.999990000367394716e-01 9.999990000406824286e-01
9.759429362504219171e+03 1.003796318322242517e-05 9.764841373154457826e-02 9.999989997873895975e-01 9.999989999148026776e-01 9.999989997942906328e-01 9.999989996666969194e-01 9.999990000755868413e-01 9.999990000137440882e-01 9.999989925238661481e-01 9.999989936555141457e-01 9.999989933209165738e-01 9.999989930896953094e-01 9.999989928773173054e-01 9.999989930813686367e-01 9.999989929324928362e-01
9.809429362504219171e+03 1.003439305523372002e-05 1.020277283568271215e-01 9.999989941244874503e-01 9.999989899862822273e-01 9.999989899632387713e-01 9.999989955015231580e-01 9.999989996408018555e-01 9.999989982920910458e-01 9.999989985684338833e-01 9.999989988336314140e-01 9.999989987371681321e-01 9.999989984845232271e-01 9.999989982743967554e-01 9.999989980729615535e-01 9.999989978990481143e-01
9.859429362504219171e+03 1.001512205603971866e-05 1.224818933533940030e-01 9.999990002063621208e-01 9.999989966830734600e-01 9.999989934882409504e-01 9.999989978644938660e-01 9.999989902823892551e-01 9.999989868344026922e-01 9.999989076654163256e-01 9.999989297264481047e-01 9.999989277313600100e-01 9.999989167950211755e-01 9.999989172656931213e-01 9.999989184248440077e-01 9.999989175412541398e-01
9.909429362504219171e+03 1.000457975027355810e-05 1.194167118602953298e-01 9.999989991622215690e-01 9.999989989150069869e-01 9.999989990041094901e-01 9.999989991181038596e-01 9.999989982385579790e-01 9.999989982656882770e-01 9.999989814666264687e-01 9.999989847586151503e-01 9.999989842303037557e-01 9.999989820130846807e-01 9.999989820820968101e-01 9.999989821141406221e-01 9.999989815724102948e-01
9.959429362504219171e+03 1.000013976639040915e-05 1.278276419855501611e-01 9.999989999346498015e-01 9.999989998071934227e-01 9.999989997469936887e-01 9.999989987688562287e-01 9.999989982867988347e-01 9.999989982476263917e-01 9.999989957634973781e-01 9.999989965185238638e-01 9.999989963724299491e-01 9.999989959600290579e-01 9.999989959631313541e-01 9.999989959692872077e-01 9.999989958623602959e-01
1.000942936250421917e+04 1.001245809510282428e-05 1.477523033008781017e-01 9.999536657474472623e-01 9.999952496459439955e-01 9.999987479186241979e-01 9.999988245762855277e-01 9.999832625309056366e-01 9.999940420585838874e-01 9.999974507849352934e-01 9.999979357892659904e-01 9.999980200381973772e-01 9.999982234796072067e-01 9.999982455127606196e-01 9.999982844661854386e-01 9.999983098325473385e-01
1.005942936250421917e+04 1.008918770550014636e-05 2.028320426593928916e-01 9.835692603990390248e-01 9.999990000050209549e-01 9.999989999988277978e-01 9.999990000008819324e-01 9.999989994810701832e-01 9.999989994479445699e-01 9.999989994298122964e-01 9.999989993337360383e-01 9.999989992101597780e-01 9.999989884781610439e-01 9.999989872831360760e-01 9.999989866589282794e-01 9.999989858291189471e-01
1.010942936250421917e+04 1.043106311504969298e-05 2.820822082890746541e-01 8.018017503397084633e-01 9.999989999990120948e-01 9.999989999939554730e-01 9.999990000001457435e-01 9.999989998366535238e-01 9.999989998377367684e-01 9.999989998350572451e-01 9.999989998950484793e-01 9.999989998802338853e-01 9.999989998471915387e-01 9.999989997881677528e-01 9.999989996912416190e-01 9.999989996795929370e-01
1.015942936250421917e+04 1.045742540535675055e-05 4.274041182562913210e-01 6.877630316996973248e-01 9.999990000117765510e-01 9.999990000099571175e-01 9.999989999990227529e-01 9.999990000579019878e-01 9.999989999875423807e-01 9.999989999815382946e-01 9.999989999805753982e-01 9.999989999681976327e-01 9.999990000045869687e-01 9.999990000272591661e-01 9.999989998056560969e-01 9.999989998275514713e-01
1.020942936250421917e+04 1.055586840448224992e-05 9.031343815999646196e-01 9.998823754570678179e-01 9.995925341627044380e-01 9.996879810941853295e-01 9.999899338325649589e-01 9.998578882629783893e-01 9.999989999993701417e-01 9.999989999966822918e-01 9.999989999777297855e-01 9.999989998084518605e-01 9.999989916491185404e-01 9.999982615461896485e-01 9.999983484529765265e-01 9.999983728295999130e-01
1.025942936250421917e+04 9.999990000779483967e-01 9.999980743094614155e-01 9.999980613954924102e-01 9.999980418454842424e-01 9.999978461887487624e-01 1.334707828428775001e-01 9.999216531376896588e-01 9.999920938050665953e-01 9.999540242861700845e-01 9.999539500132713643e-01 9.999539684166247611e-01 9.999561660631081095e-01 9.999594795090003263e-01 9.999570782247861889e-01 9.999507273530119367e-01
1.030942936250421917e+04 9.999989999957544784e-01 9.999989996575058271e-01 9.999989996574326634e-01 9.999989996305171935e-01 1.366448585698483431e-01 9.992484135551318314e-01 9.998014650971185358e-01 9.997770338461701156e-01 9.999028187534437784e-01 9.997671548684887721e-01 9.997894609734742088e-01 9.998025468344035049e-01 9.999106478162516076e-01 9.997930553907977691e-01 9.997830996059585695e-01
1.035942936250421917e+04 9.997688455192299539e-01 9.996195494985121721e-01 9.702361299613495582e-01 9.187252648598064342e-01 9.997454615061610594e-01 9.997422709188772405e-01 9.997444098768422105e-01 9.997370622385064465e-01 9.999135792473438089e-01 9.997359483372912914e-01 9.997566676131641739e-01 9.997783883702843211e-01 9.999264673908346834e-01 9.997803592583905941e-01 9.997776273059150176e-01
1.041135807344171917e+04 9.974875262511974094e-01 9.980378700077722209e-01 9.626839770708008892e-01 9.432417495344290748e-01 9.996205487250553468e-01 9.990853876906181652e-01 9.990300132948302103e-01 9.989537736397350320e-01 9.999412344832896427e-01 9.990527753374126574e-01 9.990740740638648365e-01 9.991250353593391642e-01 9.999473793695640156e-01 9.991913740162390312e-01 9.991456275884060823e-01
1.046135807344171917e+04 9.994554187233757325e-01 9.997983806390918771e-01 9.977765547862220696e-01 9.895563207368983649e-01 9.999133301955483999e-01 9.998240844237877845e-01 9.998281204035642800e-01 9.998167342446757644e-01 9.999267206561311960e-01 9.998066837171581955e-01 9.998231605818704848e-01 9.998270631392418561e-01 9.999271979162933643e-01 9.998223701177899603e-01 9.998164328596713668e-01
1.051135807344171917e+04 9.999108625180173071e-01 9.999017204666004188e-01 9.992970807036338776e-01 9.981332631304097314e-01 9.999049547114287062e-01 9.999418251139327030e-01 9.999337409278153954e-01 9.999379396669955122e-01 9.999487965035714909e-01 9.999308862082539884e-01 9.999365872522637533e-01 9.999389509195780734e-01 9.999496952613056155e-01 9.999376357499401013e-01 9.999312046942965271e-01
1.056135807344171917e+04 9.999752291431392992e-01 9.999471523786876981e-01 9.996702625988704849e-01 9.996042439304980709e-01 9.999434641109055111e-01 9.999775161925872347e-01 9.999687711889353459e-01 9.999720518544675807e-01 9.999728497522555326e-01 9.999698425015269843e-01 9.999709860242534942e-01 9.999717535539598412e-01 9.999729574676315957e-01 9.999709800840648199e-01 9.999673034040079678e-01
1.061135807344171917e+04 9.999786356782552899e-01 9.999501517636216752e-01 9.995721787126657931e-01 9.994511201621686380e-01 9.999484627997385910e-01 9.999847504923958796e-01 9.999744729637570773e-01 9.999792206513224979e-01 9.999783404159836575e-01 9.999780116107174210e-01 9.999782607474079210e-01 9.999788713134928342e-01 9.999795839885100568e-01 9.999784480123650177e-01 9.999763083714342526e-01
1.066135807344171917e+04 9.991844830650665754e-01 9.999989999981622191e-01 9.999989999982638045e-01 9.999951669530411369e-01 9.999732289723266554e-01 9.999874807010886713e-01 9.999830214774546588e-01 9.999859796553584035e-01 9.999844782191776860e-01 9.999850300404408143e-01 9.999854543273882790e-01 9.999860054776705809e-01 9.999861673549239605e-01 9.999839628871008967e-01 9.999829478771629088e-01
1.071135807344171917e+04 6.566507927791421784e-01 9.999822161574141166e-01 9.955235481213275950e-01 9.999379851130503205e-01 9.999425140729705230e-01 9.999988004195690117e-01 9.999815508224896288e-01 9.999897876266382601e-01 9.999864842367592876e-01 9.999882125740278127e-01 9.999890204493467882e-01 9.999892368814871091e-01 9.999887214659909374e-01 9.999843694156624885e-01 9.999780157803597191e-01
1.076135807344171917e+04 5.195570026648327344e-01 9.998609055296597825e-01 9.969090250432119937e-01 9.999987799691293366e-01 9.999454566244905251e-01 9.999987104371815816e-01 9.999864649263653371e-01 9.999936044910615607e-01 9.999920933863808425e-01 9.999922438034128946e-01 9.999955473950051799e-01 9.999964375517929049e-01 9.999966651275175034e-01 9.999955611518783760e-01 9.999796471291615418e-01
1.081135807344171917e+04 5.795085668246768851e-01 9.999174996406691163e-01 9.956868869830107771e-01 9.999989997802009034e-01 9.999542038619978479e-01 9.999989999842792132e-01 9.999954867212342835e-01 9.999954960205621468e-01 9.999949041349053269e-01 9.999948128341354936e-01 9.999965292288959251e-01 9.999981427520967525e-01 9.999981602149330406e-01 9.999981250739152783e-01 9.999979164551675570e-01
1.082635807344171917e+04 4.282441795987680377e-01 9.998146254464169713e-01 9.993833097775347563e-01 9.994018678978152659e-01 9.999590763393669812e-01 9.999990000280671865e-01 9.999972757712990434e-01 9.999965430744210959e-01 9.999962838267830723e-01 9.999964822103728501e-01 9.999972572146655914e-01 9.999981646924473999e-01 9.999981779630788825e-01 9.999981545120045778e-01 9.999980468493764318e-01
1.082637067109796953e+04 4.796112233708311745e-01 9.998117641341498496e-01 9.995342952131555103e-01 9.994025732557183517e-01 9.999592723998894650e-01 9.999989861586696671e-01 9.999972710031086454e-01 9.999965451184064102e-01 9.999962880385468988e-01 9.999964894363225776e-01 9.999972677875623717e-01 9.999981654892586835e-01 9.999981785737392936e-01 9.999981552426158160e-01 9.999980525008825838e-01
1.082637067109796953e+04 4.796112233708311745e-01 9.998117641341498496e-01 9.995342952131555103e-01 9.994025732557183517e-01 9.999592723998894650e-01 9.999989861586696671e-01 9.999972710031086454e-01 9.999965451184064102e-01 9.999962880385468988e-01 9.999964894363225776e-01 9.999972677875623717e-01 9.999981654892586835e-01 9.999981785737392936e-01 9.999981552426158160e-01 9.999980525008825838e-01
1.087639078809913008e+04 9.999988132358522686e-01 9.999770135575363206e-01 9.995558635705741324e-01 9.999192687875396723e-01 9.999645548126102623e-01 9.999984685385918670e-01 9.999908251690157179e-01 9.999931625941070878e-01 9.999928844500534098e-01 9.999926126437564955e-01 9.999925528291487842e-01 9.999927811840961800e-01 9.999926487992165658e-01 9.999939121887622129e-01 9.999944828800418906e-01
1.092639088556911520e+04 9.999986477402580398e-01 9.999846482915912826e-01 9.995429189505492529e-01 9.999423749699892783e-01 9.999710060020852165e-01 9.999986154981908015e-01 9.999925551805118884e-01 9.999938825160301636e-01 9.999937793276264530e-01 9.999934165175220491e-01 9.999933009894864666e-01 9.999935356397913200e-01 9.999934910221504047e-01 9.999941919255934675e-01 9.999947223962784015e-01
1.097312682755692185e+04 9.999981247889245806e-01 9.999811431726824962e-01 9.995752388346939021e-01 9.999293446074080105e-01 9.999659451163431800e-01 9.999979560405052315e-01 9.999922083349580548e-01 9.999936476534739827e-01 9.999933536620443375e-01 9.999931000388646574e-01 9.999930794675686574e-01 9.999933218493954890e-01 9.999932646473220776e-01 9.999941908902868493e-01 9.999947131612989537e-01
1.097322682755692222e+04 9.999979904336443459e-01 9.999802940544108010e-01 9.995972782370093901e-01 9.999276113225536999e-01 9.999656767250971745e-01 9.999979815452381127e-01 9.999922187475640545e-01 9.999936201992994933e-01 9.999933266195646375e-01 9.999931001259002583e-01 9.999930865916466516e-01 9.999933186263405549e-01 9.999932571229813716e-01 9.999942086613660130e-01 9.999947391159444976e-01
1.197887609513521602e+04 9.999673288166005536e-01 9.999759830359910007e-01 9.995644961735270506e-01 9.999072550997766262e-01 9.999625473285083110e-01 9.999980065173433852e-01 9.999976152893164105e-01 9.999972322219011778e-01 9.999972390226450347e-01 9.999969016467920024e-01 9.999962473623977832e-01 9.999973136460245104e-01 9.999978772437676522e-01 9.999978791235284437e-01 9.999979109450409798e-01
1.287887609513521602e+04 9.999572165914786259e-01 9.999712977367264388e-01 9.995230602465193792e-01 9.997436251412679109e-01 9.999573082354409337e-01 9.999980520320914668e-01 9.999979193735377692e-01 9.999971532175461197e-01 9.999971596918997285e-01 9.999972138788989495e-01 9.999971891240313493e-01 9.999972050267419421e-01 9.999975218793841769e-01 9.999974927487861320e-01 9.999972992063352883e-01
1.377887609513521602e+04 9.999946149571864451e-01 9.999718626645341946e-01 9.996300085277920466e-01 9.992957539494057295e-01 9.999242808129593652e-01 9.999926345463843180e-01 9.999702030264809860e-01 9.999827899461700698e-01 9.999769914494557321e-01 9.999786253502824795e-01 9.999784427650538765e-01 9.999788809771218423e-01 9.999794143447150452e-01 9.999759044267094721e-01 9.999750917954539631e-01
1.467887609513521602e+04 9.999977129979825685e-01 9.999738512451417094e-01 9.996315710623696615e-01 9.993704713146371876e-01 9.998687486464277185e-01 9.999858560378160899e-01 9.999671178747195910e-01 9.999734154670015807e-01 9.999727287184146940e-01 9.999676042917657881e-01 9.999684561364916568e-01 9.999679470955007421e-01 9.999691082928949815e-01 9.999621445057454983e-01 9.999617939575441428e-01
1.557887609513521602e+04 9.999987467380948569e-01 9.999903598669059868e-01 9.999038057141572677e-01 9.999494885642047359e-01 9.999487352865626955e-01 9.999989145337261354e-01 9.999978284253627780e-01 9.999954894172968789e-01 9.999944161918358221e-01 9.999940974147096817e-01 9.999942239499253205e-01 9.999949229800790818e-01 9.999953918730916103e-01 9.999954606424135140e-01 9.999954651569803454e-01
1.561165533963521375e+04 9.999987650065567113e-01 9.999914051409501958e-01 9.999420858491609998e-01 9.999815747062894555e-01 9.999777460111805016e-01 9.999960962176971391e-01 9.999944048936019181e-01 9.999943035849603312e-01 9.999942779507442481e-01 9.999943422081145616e-01 9.999948941525139690e-01 9.999955721221520655e-01 9.999956503279611164e-01 9.999949054272243565e-01 9.999953385043687248e-01
1.561166783963521448e+04 9.999983369582774451e-01 9.999913185774800262e-01 9.999507927260866680e-01 9.999812047981981866e-01 9.999780661578105967e-01 9.999959358522608754e-01 9.999944001695578732e-01 9.999942735444907749e-01 9.999942699432641247e-01 9.999944288097267764e-01 9.999950003339344029e-01 9.999956002161671798e-01 9.999956249514023732e-01 9.999949635798353054e-01 9.999952327452937828e-01
1.561176783963521484e+04 9.999974518997192252e-01 9.999915951153222071e-01 9.999790096611910206e-01 9.999768863890674542e-01 9.999797293972940704e-01 9.999957769549412401e-01 9.999943240649049603e-01 9.999942789937863452e-01 9.999943301244246241e-01 9.999945310038073076e-01 9.999949777624275171e-01 9.999956151110934721e-01 9.999955453574468356e-01 9.999949629226523307e-01 9.999951832980010780e-01
1.647741710721322670e+04 9.999920681939949985e-01 9.999940849617644512e-01 9.999966158534432381e-01 9.999966987522059814e-01 9.999966661210095697e-01 9.999965670326409484e-01 9.999965536262371835e-01 9.999965759854706482e-01 9.999965783292704691e-01 9.999961910391549358e-01 9.999931652334189680e-01 9.999920038082724671e-01 9.999922851426950032e-01 9.999925377706008200e-01 9.999897810052783553e-01
1.737741710721322670e+04 9.999886612560876520e-01 9.999911063894356689e-01 9.999939037982072954e-01 9.999937378086760642e-01 9.999934624089569235e-01 9.999923629170875961e-01 9.999925020832747258e-01 9.999927993571829932e-01 9.999930059012213102e-01 9.999940354964168554e-01 9.999958995788996718e-01 9.999976400285510714e-01 9.999981109439869398e-01 9.999981489793670075e-01 9.999981148766318162e-01
1.827741710721322670e+04 9.999989604596331016e-01 9.999501838704497603e-01 9.999684443605401096e-01 9.999797256071757401e-01 9.999760345420243279e-01 9.999782223383059110e-01 9.999786190826535082e-01 9.999784520268211185e-01 9.999790859311887825e-01 9.999783694280729440e-01 9.999790785329550902e-01 9.999792634000554958e-01 9.999799482461650957e-01 9.999771202818644733e-01 9.999764541669708962e-01
1.917839366971322670e+04 9.999817092654027517e-01 9.998245756684512875e-01 9.999287733247105292e-01 9.999477490882888731e-01 9.999617524183452844e-01 9.999501591105910414e-01 9.999542478050514882e-01 9.999515341256176582e-01 9.999589943332569675e-01 9.999470687961674598e-01 9.999480087276274576e-01 9.999448893901866642e-01 9.999588549220975731e-01 9.999382413164528138e-01 9.999375909151823061e-01
2.008086380063363686e+04 9.999932462414466983e-01 9.997520435372446723e-01 9.999448120045481003e-01 9.999473310683503202e-01 9.999637937403070831e-01 9.999511126761430058e-01 9.999556780857009608e-01 9.999525816520821175e-01 9.999581080733338512e-01 9.999484492327123109e-01 9.999494171893352767e-01 9.999474715499901967e-01 9.999586493251076957e-01 9.999415978514482051e-01 9.999418899667460447e-01
2.097380606137562063e+04 9.999952370985996097e-01 9.996977658670421762e-01 9.999376176999351662e-01 9.999395175524926627e-01 9.999606686999819027e-01 9.999449390228357659e-01 9.999501668999108972e-01 9.999467400622081836e-01 9.999539814001666693e-01 9.999396788536385472e-01 9.999405156949592310e-01 9.999381433442945388e-01 9.999536844604453023e-01 9.999292345638943758e-01 9.999282494740900917e-01
2.187509512387562063e+04 9.999990000119279854e-01 9.999130915694067756e-01 9.998823757643590104e-01 9.999516003578861056e-01 9.999602085023960862e-01 9.999447084929901086e-01 9.999481814156518933e-01 9.999471546817682022e-01 9.999574413285104990e-01 9.999422337904740887e-01 9.999446853670576063e-01 9.999410727785139619e-01 9.999556469719338425e-01 9.999339427972676608e-01 9.999332654609348614e-01
2.277509512387562063e+04 9.999989999996559131e-01 9.999989999966066856e-01 9.999842545432613417e-01 9.999706742086724720e-01 9.999780908888135089e-01 9.999736278890789531e-01 9.999756166225133303e-01 9.999758853670368541e-01 9.999772603158983975e-01 9.999758204888029578e-01 9.999770976628086228e-01 9.999770551380725570e-01 9.999782156160482716e-01 9.999760633070411409e-01 9.999759500254142841e-01
2.367509512387562063e+04 9.999990000195025930e-01 9.999429892830462574e-01 9.999609692846341824e-01 9.999757474152699555e-01 9.999726004449651651e-01 9.999715809755000961e-01 9.999723947803982327e-01 9.999736619067798316e-01 9.999750382507481827e-01 9.999753223762435361e-01 9.999767066397529103e-01 9.999771083263236937e-01 9.999784065163250801e-01 9.999763653222640825e-01 9.999761586923178180e-01
2.457509512387562063e+04 9.999896959356546766e-01 9.998063317563224972e-01 9.999425561793069406e-01 9.999512688592523402e-01 9.999626286906760919e-01 9.999536443209426917e-01 9.999572819646920241e-01 9.999539102559279469e-01 9.999582916636898799e-01 9.999488942764047650e-01 9.999493123218300417e-01 9.999455123689039437e-01 9.999566281859882944e-01 9.999386740629607750e-01 9.999381351632559145e-01
2.525509512387562063e+04 9.999920060252814880e-01 9.997787862224934985e-01 9.999441442303239613e-01 9.999495781974486741e-01 9.999638995124134899e-01 9.999530125890150334e-01 9.999564320290514896e-01 9.999523663765937931e-01 9.999585885490682724e-01 9.999456623642737352e-01 9.999467580779387577e-01 9.999440498626107621e-01 9.999561294827216118e-01 9.999376971033424599e-01 9.999378363785978996e-01
