TIME P_Ch3_mesh1 P_Ch3_mesh2 P_Ch3_mesh3 P_Ch3_mesh4 P_Ch3_mesh5 P_Ch3_mesh6 P_Ch3_mesh7 P_Ch3_mesh8 P_Ch3_mesh9 P_Ch3_mesh10 P_Ch3_mesh11 P_Ch3_mesh12 P_Ch3_mesh13 P_Ch3_mesh14 P_Ch3_mesh15 
0.000000000000000000e+00 1.594247949001022801e+07 1.593442533805396780e+07 1.591668893332055397e+07 1.589743324815772660e+07 1.588959095089949667e+07 1.587061452796534821e+07 1.585153053388138488e+07 1.583182744595946558e+07 1.582394441878006794e+07 1.580449994450080208e+07 1.578493648300473578e+07 1.576472468395829201e+07 1.575677890958294831e+07 1.573633927348280326e+07 1.572389676600678638e+07
5.000040000000043960e+01 7.739907048031997867e+06 7.738167689524957910e+06 7.735808291872362606e+06 7.733483367746258155e+06 7.731440766625120305e+06 7.729205293232942000e+06 7.727004545633249916e+06 7.724823454626846127e+06 7.722941538786573336e+06 7.720822270611263812e+06 7.718726497145905159e+06 7.716641252250149846e+06 7.714886868699144572e+06 7.712787616436150856e+06 7.711274305921979249e+06
1.000003999999985922e+02 7.307727859587569721e+06 7.305785647823928855e+06 7.303560739229570143e+06 7.302172589367693290e+06 7.301277344729010016e+06 7.300678047020682134e+06 7.300215097427197732e+06 7.299792688696515746e+06 7.299360221384254284e+06 7.298966489339685999e+06 7.298562109878930263e+06 7.298129098931356333e+06 7.297632968432243913e+06 7.297019058337603696e+06 7.296590957639643922e+06
1.502405034099261059e+02 6.227253109614299610e+06 6.225489037207925692e+06 6.223238108709323220e+06 6.221335388309315778e+06 6.219648908856940456e+06 6.218114426591887139e+06 6.216720564394145273e+06 6.215449466499841772e+06 6.214266698194797151e+06 6.213142566593488678e+06 6.212093772510389797e+06 6.211109229444988072e+06 6.210200067469193600e+06 6.209292252538770437e+06 6.208338364655142650e+06
2.004200391960640388e+02 4.113137824722250924e+06 4.111733052128071897e+06 4.109734117460375652e+06 4.108223843959660269e+06 4.106894668906859122e+06 4.105698652085636277e+06 4.104610888874046504e+06 4.103618710407953709e+06 4.102676027973262127e+06 4.101787379296952859e+06 4.100929596662975848e+06 4.100340893168220762e+06 4.100154335410092957e+06 4.100066150977094192e+06 4.100002266381807160e+06
2.553043625042201370e+02 1.074580428980589379e+06 1.071919741478922311e+06 1.068586063544574892e+06 1.065451698842043057e+06 1.062787658103598282e+06 1.060682702722349437e+06 1.058991566249029944e+06 1.057683800404346082e+06 1.056550688300477341e+06 1.055877165635312442e+06 1.055776343565075425e+06 1.055647357646725606e+06 1.055570547964570578e+06 1.055429697088081622e+06 1.055354524973782245e+06
3.053043625042201370e+02 8.661091368631456280e+05 8.633629849245699588e+05 8.599424532232949277e+05 8.566201639339169487e+05 8.533925456843957072e+05 8.505432356796178501e+05 8.482291206245260546e+05 8.463027327984226868e+05 8.446467997890051920e+05 8.431544545089298626e+05 8.418260088316703914e+05 8.405933166960361414e+05 8.395714160056994297e+05 8.383505087210398633e+05 8.374515842135749990e+05
3.553043625042201370e+02 8.933240878223157488e+05 8.905916104038687190e+05 8.871796541459974833e+05 8.838615002041299595e+05 8.806126258743205108e+05 8.776618326641637832e+05 8.751899863225348527e+05 8.731033753252397291e+05 8.713023547181884060e+05 8.696787390083717182e+05 8.682248522204419132e+05 8.668894121162968222e+05 8.657509916040032404e+05 8.644810304375429405e+05 8.634869406463970663e+05
4.053043625042201370e+02 9.744342654850464314e+05 9.716984961780455196e+05 9.683009835619988153e+05 9.650130763858165592e+05 9.619304206520559965e+05 9.592372820311090909e+05 9.569145621655920986e+05 9.548801049894322641e+05 9.530574255235466408e+05 9.513875364501418080e+05 9.498753300153892487e+05 9.484643944238517433e+05 9.472483333931723610e+05 9.459106192433959804e+05 9.448252701552102808e+05
4.553043625042201370e+02 1.041619901719737099e+06 1.038896676487877849e+06 1.035511070342883235e+06 1.032259673389089759e+06 1.029300780202434747e+06 1.026793835216540727e+06 1.024642704560842831e+06 1.022759614881541114e+06 1.021072901280471357e+06 1.019522715580585995e+06 1.018122297149603721e+06 1.016807259765563300e+06 1.015686486976868589e+06 1.014432072490576888e+06 1.013399122687093564e+06
5.053043625042201370e+02 1.042446713377643260e+06 1.039725851397887454e+06 1.036343454109845916e+06 1.033092456305895001e+06 1.030130225443511968e+06 1.027618817456113640e+06 1.025464399599151919e+06 1.023578578485027654e+06 1.021889419158345903e+06 1.020337060407084762e+06 1.018933771509700338e+06 1.017617455414241995e+06 1.016492128942434210e+06 1.015236237343158573e+06 1.014204524695227505e+06
5.553043625042200802e+02 1.038565227028275491e+06 1.035845580834664637e+06 1.032464791377971997e+06 1.029224003822832718e+06 1.026276273734369432e+06 1.023771320589727722e+06 1.021617163867325755e+06 1.019727864319206798e+06 1.018032971091425628e+06 1.016473691980281379e+06 1.015062458805967937e+06 1.013738297062284080e+06 1.012603903058489203e+06 1.011339480667215306e+06 1.010302263434773544e+06
6.053043625042200802e+02 1.032482614671194344e+06 1.029762801398219774e+06 1.026381835921502323e+06 1.023142954292765236e+06 1.020196444352067309e+06 1.017688324118864257e+06 1.015528404990813229e+06 1.013631970314997248e+06 1.011929135782498983e+06 1.010361726700236322e+06 1.008942017487692996e+06 1.007609711185782799e+06 1.006466652043891489e+06 1.005193752824841766e+06 1.004150741544318851e+06
6.594293625042200802e+02 1.022684836200278951e+06 1.019963827100106864e+06 1.016581439823025721e+06 1.013338024166396470e+06 1.010381530474151717e+06 1.007860537293223664e+06 1.005687502376578050e+06 1.003778378573865164e+06 1.002063222122650128e+06 1.000484254438727628e+06 9.990532716314030113e+05 9.977105543301489670e+05 9.965569729745314689e+05 9.952739822105418425e+05 9.942242068893098040e+05
7.094293625042200802e+02 1.013176781174340984e+06 1.010454370244491962e+06 1.007070287488263333e+06 1.003821358889236348e+06 1.000853554638054920e+06 9.983191808402320603e+05 9.961330204296553275e+05 9.942113457960238447e+05 9.924840748162462842e+05 9.908937472243778175e+05 9.894515838687604992e+05 9.880985988548661117e+05 9.869344420295790769e+05 9.856413222885038704e+05 9.845848833090647822e+05
7.594293625042200802e+02 1.003070567154605291e+06 1.000346927704216796e+06 9.969611479641237529e+05 9.937079679615432397e+05 9.907317413960649865e+05 9.881871441305369372e+05 9.859908373936311109e+05 9.840594795661148382e+05 9.823228575622383505e+05 9.807238043222819688e+05 9.792732112470010761e+05 9.779123963717834558e+05 9.767404282194983680e+05 9.754397257562405430e+05 9.743782633636421524e+05
8.094293625042200802e+02 9.790061741937176557e+05 9.762824160816672957e+05 9.728968687598494580e+05 9.696903929427372059e+05 9.668088533416081918e+05 9.643546146491767140e+05 9.622340467846634565e+05 9.603656788922983687e+05 9.586834383409013972e+05 9.571307906248267973e+05 9.557223699058464263e+05 9.543975805358161451e+05 9.532600502949273214e+05 9.519902922665894730e+05 9.509504273464111611e+05
8.594293625042200802e+02 9.388872442306765588e+05 9.361633942794718314e+05 9.327766714234410319e+05 9.295907014612805797e+05 9.267523511112619890e+05 9.243401901951244799e+05 9.222577967651344370e+05 9.204236874868196901e+05 9.187733062244976172e+05 9.172492515327387955e+05 9.158673464377484052e+05 9.145671026881327853e+05 9.134522473334203241e+05 9.122043527922668727e+05 9.111831213083235780e+05
9.094293625042200802e+02 8.887800097145182081e+05 8.860649088685215684e+05 8.826830646919731516e+05 8.796181288940829691e+05 8.769940546981070656e+05 8.747516329262927175e+05 8.728006849147012690e+05 8.710719169716679025e+05 8.695095712548233569e+05 8.680584960235012695e+05 8.667427867839359678e+05 8.654965703534407075e+05 8.644353856572540244e+05 8.632340139155379729e+05 8.622430780253803823e+05
9.594293625042200802e+02 8.465866772459722124e+05 8.438706429651974468e+05 8.404860763180052163e+05 8.374426223285817541e+05 8.348601426006160909e+05 8.326498884908132022e+05 8.307235332758176373e+05 8.290147760842856951e+05 8.274693822725280188e+05 8.260325547193061793e+05 8.247295599933385383e+05 8.234942316378052346e+05 8.224432301542342175e+05 8.212508977005864726e+05 8.202684642497753957e+05
1.009429362504220080e+03 8.102085159619903425e+05 8.074896127534796251e+05 8.041006900071261916e+05 8.010706669861883856e+05 7.985177656682893867e+05 7.963327012227841187e+05 7.944267762163568987e+05 7.927352874247634318e+05 7.912046539821696933e+05 7.897804175654057181e+05 7.884888274500077823e+05 7.872631067949848948e+05 7.862211511910641566e+05 7.850365603040262358e+05 7.840611264463927364e+05
1.059429362504220080e+03 7.746896341912527569e+05 7.719735929869521642e+05 7.685967094357614405e+05 7.656048881370089948e+05 7.630956618814007379e+05 7.609446183348515769e+05 7.590642590934445616e+05 7.573931869689525338e+05 7.558800285737953382e+05 7.544694710738701979e+05 7.531900670194447739e+05 7.519737008532657055e+05 7.509423879221369280e+05 7.497650994069603039e+05 7.487968412828492001e+05
1.109429362504220080e+03 7.310114535125944531e+05 7.282725271758614108e+05 7.249596657160280738e+05 7.221420345585860778e+05 7.197835744167235680e+05 7.177264422755279811e+05 7.158592533849972533e+05 7.141381530813343124e+05 7.125867358739017509e+05 7.111522945216471562e+05 7.098797107579843141e+05 7.086922712652774062e+05 7.077158701823517913e+05 7.065847370352703147e+05 7.056460206281337887e+05
1.159429362504220080e+03 6.840810717041391181e+05 6.813592626998831984e+05 6.780382926652883179e+05 6.751804988557170145e+05 6.728108701096818550e+05 6.707779085193938809e+05 6.689974728637457592e+05 6.674157433286857558e+05 6.659830357139402768e+05 6.646450236841014121e+05 6.634344320593774319e+05 6.622791044678452890e+05 6.613068543130536564e+05 6.601859408842724515e+05 6.592594640549288597e+05
1.209429362504220080e+03 6.445414220825234661e+05 6.418196854031084804e+05 6.385177520446518902e+05 6.357040185965131968e+05 6.333773728645890951e+05 6.313806498803590657e+05 6.296316277526851045e+05 6.280778633221086347e+05 6.266704277857006527e+05 6.253550969954639440e+05 6.241667898871003417e+05 6.230302010956325103e+05 6.220777448400887661e+05 6.209747047291073250e+05 6.200615507290239912e+05
1.259429362504220080e+03 6.102279600838740589e+05 6.075058918909423519e+05 6.042098474594115978e+05 6.014103639919712441e+05 5.990993073924258351e+05 5.971171119172032923e+05 5.953820198506211163e+05 5.938415408366903430e+05 5.924470811591702513e+05 5.911438376181731001e+05 5.899685802107985364e+05 5.888426232725670561e+05 5.879028765040143626e+05 5.868113753858235432e+05 5.859066013492587954e+05
1.309429362504220080e+03 5.878122358213536208e+05 5.850655070637826575e+05 5.816388076747092418e+05 5.785369335053934483e+05 5.758833696799261961e+05 5.736098471446345793e+05 5.716290995071323123e+05 5.698745182935752673e+05 5.682951173460392747e+05 5.668296026954876725e+05 5.655012516753125237e+05 5.642476080518394010e+05 5.631825390968672000e+05 5.619743191147715552e+05 5.610058252722233301e+05
1.359429362504220080e+03 5.624294903997142101e+05 5.596386478427468101e+05 5.562555579485347262e+05 5.533377333260783926e+05 5.509514790065120906e+05 5.489317618229141226e+05 5.471802606493842322e+05 5.456353985008605523e+05 5.442481429286728380e+05 5.429549925791167188e+05 5.417924293724810705e+05 5.406816474776603281e+05 5.397604137814195128e+05 5.386805037414209219e+05 5.377966404220388504e+05
1.409429362504220080e+03 5.643363861448541284e+05 5.615609377440487733e+05 5.581794476519530872e+05 5.552479489787451457e+05 5.528222586117060855e+05 5.507493198788560694e+05 5.489364983741396572e+05 5.473267166128845420e+05 5.458679248767381068e+05 5.445069671555958921e+05 5.432757835716472473e+05 5.420990740084198769e+05 5.411077806695678737e+05 5.399664995134363417e+05 5.390323427648638608e+05
1.459429362504220080e+03 5.599860802162628388e+05 5.571973074658758705e+05 5.537742868142180378e+05 5.508099363152044825e+05 5.484124373647755710e+05 5.463963036744424608e+05 5.446531973062364850e+05 5.431148913238727255e+05 5.417289037461633561e+05 5.404370714706621366e+05 5.392689583285890985e+05 5.381552694334591506e+05 5.372178852582954569e+05 5.361244858956740936e+05 5.352382222575549968e+05
1.509429362504220080e+03 5.367565367767419666e+05 5.339791557198991068e+05 5.305341377133071655e+05 5.274598724571327912e+05 5.248757843172149733e+05 5.226927947546128416e+05 5.208313508412501542e+05 5.192219858520192211e+05 5.177830542984091444e+05 5.164330811435588985e+05 5.152317360425296356e+05 5.140819704030723078e+05 5.131568693992233602e+05 5.120989882813956938e+05 5.112255161994516966e+05
1.559429362504220080e+03 5.032480583573312615e+05 5.004606070265721064e+05 4.970446487039085478e+05 4.940794493740877369e+05 4.916587911645894055e+05 4.896204849485489540e+05 4.878646152445430052e+05 4.863234189468166442e+05 4.849457666535869357e+05 4.836663278650264838e+05 4.825281041049721534e+05 4.814342636709845974e+05 4.805449741205424652e+05 4.794941058517280617e+05 4.786300662050350802e+05
1.609429362504220080e+03 4.804242929622517549e+05 4.776459657446617493e+05 4.741893211961913039e+05 4.710875243707806221e+05 4.684860152950122138e+05 4.662861062385800760e+05 4.643852462380999350e+05 4.627093450654136832e+05 4.612134923210960696e+05 4.598157879692811985e+05 4.585429716906510293e+05 4.573412925054916414e+05 4.563251357749938034e+05 4.551360486128912889e+05 4.542215891654627048e+05
1.659429362504220080e+03 4.556684153401207295e+05 4.529109432607645285e+05 4.495443266365576419e+05 4.466187171330270940e+05 4.441065467043630779e+05 4.420711660278389463e+05 4.403473994840743835e+05 4.388398498955891700e+05 4.374985443211516831e+05 4.361998100639774930e+05 4.350660002526771277e+05 4.339711964212091407e+05 4.332219118293698411e+05 4.323031246766959084e+05 4.315296428752928041e+05
1.709429362504220080e+03 4.370407927070470760e+05 4.344134470089496463e+05 4.309792748310798779e+05 4.277374643006236292e+05 4.248251709148358204e+05 4.223122409307031194e+05 4.200280539495119010e+05 4.179213813711610273e+05 4.160222012414718629e+05 4.145621817038522568e+05 4.132330352174185100e+05 4.119548927617639420e+05 4.109327715475468431e+05 4.097535787813499919e+05 4.088681818782998016e+05
1.759429362504220080e+03 4.206706028806038667e+05 4.178353535832233611e+05 4.144751018605475547e+05 4.116752620952671859e+05 4.094062181801154511e+05 4.074742761391444365e+05 4.058021908177979640e+05 4.043405870838955743e+05 4.030317019891149248e+05 4.018387967688947683e+05 4.007848331188710290e+05 3.998108261568148737e+05 3.989911822492433130e+05 3.981351656496677897e+05 3.977658110520571354e+05
1.809429362504220080e+03 4.029192435956193367e+05 4.000668109343720134e+05 3.965656799763457384e+05 3.935905327922042925e+05 3.914007395430162433e+05 3.896402705356348888e+05 3.881160893334138091e+05 3.867836270608858904e+05 3.855639910114767845e+05 3.843027583541492932e+05 3.831948612737290678e+05 3.821386588550220476e+05 3.813920947530585108e+05 3.803504673867205274e+05 3.794523466865092050e+05
1.859429362504220080e+03 3.909475432340417756e+05 3.881096612908759853e+05 3.846334408280942589e+05 3.816532547743449686e+05 3.793009877226982499e+05 3.773497009773166501e+05 3.756502102935218136e+05 3.741293376317493967e+05 3.726774330450400594e+05 3.712122007832743111e+05 3.698721435464214301e+05 3.685835938193537877e+05 3.676414093390831258e+05 3.665545193085902138e+05 3.656586330647115246e+05
1.909429362504220080e+03 3.777747088887051796e+05 3.749007416622859309e+05 3.713582206867908826e+05 3.681690893403001828e+05 3.655697368120711180e+05 3.634114906634431682e+05 3.615756460554217920e+05 3.600185407813129714e+05 3.585869864507484599e+05 3.573633315561665804e+05 3.563334213525838568e+05 3.553362550437737373e+05 3.545359769179521827e+05 3.535155680816062959e+05 3.526232636021546787e+05
1.959429362504220080e+03 3.632910498508278979e+05 3.613995701888863114e+05 3.583412522360542207e+05 3.559596430913539953e+05 3.538067643895678921e+05 3.520294147145089810e+05 3.504314266855504829e+05 3.489424332698062644e+05 3.475152636962185497e+05 3.459627548915549996e+05 3.444579730580157484e+05 3.430327455745387706e+05 3.420191354182556970e+05 3.408255172152161831e+05 3.399154802811588161e+05
2.009429362504220080e+03 3.509563772218871163e+05 3.468854813634167658e+05 3.428666643902739161e+05 3.392507284889608854e+05 3.362617305378490710e+05 3.340217256487351842e+05 3.327804619004118722e+05 3.320808673665144015e+05 3.314425473746394273e+05 3.309716134422003524e+05 3.305406754564619623e+05 3.301010205713104224e+05 3.297007443259418360e+05 3.292447831301620463e+05 3.290783701871084049e+05
2.059429362504220080e+03 3.436900993254756904e+05 3.409463983593019075e+05 3.375760754643861437e+05 3.343352143625891185e+05 3.310992441968033090e+05 3.284108630159465829e+05 3.262525158476914512e+05 3.244321352678530966e+05 3.227984577675739420e+05 3.213261102192969993e+05 3.199760715454452438e+05 3.186803004759560572e+05 3.175103004844503594e+05 3.161337842890678439e+05 3.150754003081851406e+05
2.109429362504220080e+03 3.371024282160428120e+05 3.348625741251950967e+05 3.315360678022200009e+05 3.283018401821900043e+05 3.251274154106951319e+05 3.222721550393315847e+05 3.197877805740396725e+05 3.176009034850173048e+05 3.156193061691026087e+05 3.137512741418912774e+05 3.120304568352793576e+05 3.103661312106164405e+05 3.089216834052981576e+05 3.073652259817277081e+05 3.062330391866857535e+05
2.159429362504220080e+03 3.252035808897603420e+05 3.215505339918764075e+05 3.177739028499368578e+05 3.142662711369608878e+05 3.112141522410298348e+05 3.086541127875390230e+05 3.064938018595355097e+05 3.046826562364372076e+05 3.031463879429973313e+05 3.018369543313505128e+05 3.007753430197392008e+05 2.998133895436429302e+05 2.990801805433591944e+05 2.981551516275372705e+05 2.974527955559070106e+05
2.209429362504220080e+03 3.136923086575592170e+05 3.106066255549502675e+05 3.070655425376088824e+05 3.037465758115776116e+05 3.008451417381563806e+05 2.986331337987942388e+05 2.968512134406931000e+05 2.953807884331699461e+05 2.940778388866064488e+05 2.929910417468725354e+05 2.920535078990811016e+05 2.911891520880387980e+05 2.904485948132725898e+05 2.896953872687233379e+05 2.894150954142130795e+05
2.259429362504220080e+03 3.191705099960095831e+05 3.166523382457094267e+05 3.131762606164432364e+05 3.097767340284198290e+05 3.064108903167952085e+05 3.030315004613031633e+05 2.997795279804418096e+05 2.969020248739466188e+05 2.944841324587866548e+05 2.923714141606314224e+05 2.903868113845093176e+05 2.884877240697481320e+05 2.871136774372825166e+05 2.857351925211831112e+05 2.846926208686559694e+05
2.309429362504220080e+03 3.098929662741665379e+05 3.071232812429357436e+05 3.036361155388517655e+05 3.005040397172927624e+05 2.977376109796911478e+05 2.954058477516603307e+05 2.934156491961247521e+05 2.917291463230525842e+05 2.902806249188839574e+05 2.889272400144666317e+05 2.877287966691807960e+05 2.865605304040369228e+05 2.856072708851723000e+05 2.844794522792796488e+05 2.835805858484409982e+05
2.359429362504220080e+03 3.091251206360817887e+05 3.063085661561881425e+05 3.027795082322355593e+05 2.993902385336076259e+05 2.963646010880900430e+05 2.939022328451311914e+05 2.918587099306407617e+05 2.901299857755666017e+05 2.886111361750337528e+05 2.872221219525940833e+05 2.860137900467233267e+05 2.848682776064433856e+05 2.839207098761263187e+05 2.828341666099758586e+05 2.819650077643843833e+05
2.409429362504220080e+03 3.121399034872661578e+05 3.092495573709725286e+05 3.056950270849548979e+05 3.023188859713025158e+05 2.993785568740348681e+05 2.970334492125017568e+05 2.951139511183864088e+05 2.934849341053768294e+05 2.920618956083187950e+05 2.907675113400090486e+05 2.896264204586484702e+05 2.885431896399181569e+05 2.876577639354211860e+05 2.866301285382144852e+05 2.857941596011783695e+05
2.459429362504220080e+03 3.159268722863048897e+05 3.130364564289631089e+05 3.094929454757319763e+05 3.063651826364001026e+05 3.038310847850744030e+05 3.017028071184856817e+05 2.998766575970936101e+05 2.982837371562869521e+05 2.968563459816929535e+05 2.955454609454547754e+05 2.943999735943694250e+05 2.932692994782893802e+05 2.924119054621391115e+05 2.914048788521942915e+05 2.905438884136239649e+05
2.509429362504220080e+03 3.174718998193170410e+05 3.146272332593915053e+05 3.110949271368700429e+05 3.077572213767088251e+05 3.048406089053503238e+05 3.024813864439446479e+05 3.005236241846413468e+05 2.988440465408390155e+05 2.973660653647233848e+05 2.960153196595296613e+05 2.948149869743861491e+05 2.936778833041348262e+05 2.927383898478795891e+05 2.916544256019149907e+05 2.907884481921998085e+05
2.559429362504220080e+03 3.164331626886744634e+05 3.135933148235030239e+05 3.100726514414448175e+05 3.067390731798430206e+05 3.038546299667329295e+05 3.015486301143608871e+05 2.996142708657943294e+05 2.979499377592264791e+05 2.964736658590764855e+05 2.951245710782979149e+05 2.939250780850643641e+05 2.927819962324008229e+05 2.918385949037988903e+05 2.907507732104916940e+05 2.898648153693825589e+05
2.609429362504220080e+03 3.173631567180352286e+05 3.144535025210395106e+05 3.108957458929679124e+05 3.075611876000298653e+05 3.046822955391898286e+05 3.023646820406197803e+05 3.004477897799954517e+05 2.988061880000673118e+05 2.973660602729238453e+05 2.960489020918008755e+05 2.948917860716663999e+05 2.937818592903665267e+05 2.928862652904332499e+05 2.918417673934875056e+05 2.909878373014379758e+05
2.659429362504220080e+03 3.204791403118144954e+05 3.176640886342353188e+05 3.141537922967742197e+05 3.109022010740360129e+05 3.081305299769642297e+05 3.058652144358438672e+05 3.039328548443979817e+05 3.022527780576480436e+05 3.007462481291117147e+05 2.993616817621716764e+05 2.981129161312814103e+05 2.969280897080796422e+05 2.959246140802230220e+05 2.947755139968178119e+05 2.938593832519237185e+05
2.709429362504220080e+03 3.220480953692789772e+05 3.192704827394405147e+05 3.157573349348866614e+05 3.123472716921270476e+05 3.090794620671333396e+05 3.062004405726572732e+05 3.037864522283968981e+05 3.017238704041319434e+05 2.999160605438776547e+05 2.982851223732892540e+05 2.968267888586545596e+05 2.954726274901162833e+05 2.943236811460779863e+05 2.930480212939599878e+05 2.920656403790736804e+05
2.759429362504220080e+03 3.170833509565628483e+05 3.143214366989405826e+05 3.108096848414849956e+05 3.074332680923682055e+05 3.043991781290075160e+05 3.019053859563852311e+05 2.998219286018378916e+05 2.980353853248822270e+05 2.964608635488987202e+05 2.950310738049466745e+05 2.937604376119767549e+05 2.925601092904316029e+05 2.915605756352536264e+05 2.904218836588739068e+05 2.895104728971910081e+05
2.809429362504220080e+03 3.169810021649736445e+05 3.141904227822807152e+05 3.106757378453139681e+05 3.072686847595721483e+05 3.041437677356356289e+05 3.015262370322763454e+05 2.993172214411510504e+05 2.974053023244352662e+05 2.957101827888767002e+05 2.941654697181034135e+05 2.927755747414040961e+05 2.914739452299661934e+05 2.903659780670349137e+05 2.891224002829024103e+05 2.881587369917913456e+05
2.859429362504220080e+03 3.169228163923688699e+05 3.141006156991673633e+05 3.105728956202814588e+05 3.071627360079757636e+05 3.040459276117775007e+05 3.014399886583784828e+05 2.992559104979948606e+05 2.973783446688566473e+05 2.957215002091442002e+05 2.942162930074695032e+05 2.928713133052213234e+05 2.916096438932667952e+05 2.905498739527689759e+05 2.893557364371165168e+05 2.884172923482293263e+05
2.909429362504220080e+03 3.166872480515664211e+05 3.138439662802629755e+05 3.103092239623832866e+05 3.069229546209251275e+05 3.038782986974162050e+05 3.013621255201837630e+05 2.992640134958887938e+05 2.974632485297638923e+05 2.958796752057245467e+05 2.944384424832232180e+05 2.931629722507238621e+05 2.919536161099004676e+05 2.909646587631817674e+05 2.898219712631294387e+05 2.889127107804212137e+05
2.959429362504220080e+03 3.171119124696687795e+05 3.142428237464233534e+05 3.106946984733500867e+05 3.073048414551116875e+05 3.042971875935609569e+05 3.018571269913790165e+05 2.998447987396271201e+05 2.981324763558294508e+05 2.966387727824841859e+05 2.952827704332100111e+05 2.940988726348914206e+05 2.929727152120143292e+05 2.920732655042445986e+05 2.910225629842558992e+05 2.902094454227631795e+05
3.009429362504220080e+03 3.181440469465500792e+05 3.152756803704431513e+05 3.117337303149903310e+05 3.083997019605428795e+05 3.054814247706119204e+05 3.030986588303206954e+05 3.011090502180237672e+05 2.993939429118126864e+05 2.978809736825783039e+05 2.964968072887391318e+05 2.952724306981962873e+05 2.941032436692797928e+05 2.931473018611691659e+05 2.920431691748910234e+05 2.911547511808321578e+05
3.059429362504220080e+03 3.194259389425646514e+05 3.165532003062254516e+05 3.130150183656337322e+05 3.098040532010502066e+05 3.070755533710043528e+05 3.048175092180228094e+05 3.029100212135458714e+05 3.012467682984166313e+05 2.997704991957410821e+05 2.984093482853221940e+05 2.972025849733558716e+05 2.960431706153340056e+05 2.950960545669065323e+05 2.939943299602419720e+05 2.931078691122213495e+05
3.109429362504220080e+03 3.244919431951758452e+05 3.216554414105130709e+05 3.181312246497963206e+05 3.150186943181369570e+05 3.124546104265341419e+05 3.103030214676242904e+05 3.084527826228411868e+05 3.068244148647878319e+05 3.053632321238409495e+05 3.040094891203966690e+05 3.027966839445716469e+05 3.016344863094886532e+05 3.006682265864677029e+05 2.995544250842206529e+05 2.986554316236742307e+05
3.159429362504220080e+03 3.273095977031094953e+05 3.244351944182902807e+05 3.208930721604446298e+05 3.175831341275136801e+05 3.146923577369988780e+05 3.123169424342801794e+05 3.103314437605782296e+05 3.086178651227594819e+05 3.071053302494109957e+05 3.057208497356185690e+05 3.044928903366841259e+05 3.033236471584619721e+05 3.023617288348293514e+05 3.012535720308809541e+05 3.003634673949314165e+05
3.209429362504220080e+03 3.266222656437893747e+05 3.237929954511451651e+05 3.202729390066917986e+05 3.170617710070247995e+05 3.143238294729823247e+05 3.120449568128931569e+05 3.101016343488048878e+05 3.084020976213682443e+05 3.068845417253304040e+05 3.054865024356161011e+05 3.042333824937425670e+05 3.030417806227618712e+05 3.020456068249256350e+05 3.009064509092505323e+05 2.999960293086497695e+05
3.259429362504220080e+03 3.287442258839292335e+05 3.259167959431556519e+05 3.224057358617136488e+05 3.193108714384417981e+05 3.167642448055618443e+05 3.146190584238948068e+05 3.127671333810976357e+05 3.111347025347113376e+05 3.096675815225143451e+05 3.083072195848140400e+05 3.070875176286056521e+05 3.059178912312993780e+05 3.049461347082548891e+05 3.038235975442374474e+05 3.029214483711688081e+05
3.309429362504220080e+03 3.304279179982650094e+05 3.276039551464274991e+05 3.240909875500736525e+05 3.209499814244139707e+05 3.183270514520447468e+05 3.161247822007731302e+05 3.142301990225499612e+05 3.125635644620170933e+05 3.110685768302351935e+05 3.096838854850103380e+05 3.084444543126187637e+05 3.072502849922907189e+05 3.062730085947451298e+05 3.050856923713358701e+05 3.041886986459066975e+05
3.359429362504220080e+03 3.304837604056278942e+05 3.276656717099806410e+05 3.242021338983324240e+05 3.211917368982337066e+05 3.187244896144887316e+05 3.166355456215310260e+05 3.148209803554966347e+05 3.132192290067369468e+05 3.117711035488668131e+05 3.104368339455141686e+05 3.092139857925804681e+05 3.080989721341858967e+05 3.070598033555017319e+05 3.061173519806241966e+05 3.049263865950834006e+05
3.409429362504220080e+03 3.322489033359639579e+05 3.294291499429311370e+05 3.261046053696688614e+05 3.233390394212994142e+05 3.210568862229093211e+05 3.191006058487127302e+05 3.173860235626559588e+05 3.158638533498538891e+05 3.144800079623828642e+05 3.131991049441714422e+05 3.120213337202330586e+05 3.109439756340330350e+05 3.099426823283691192e+05 3.090210462925155880e+05 3.079335557987912907e+05
3.459429362504220080e+03 3.318772409541180241e+05 3.290656827640172560e+05 3.257539040368582937e+05 3.230163969118444948e+05 3.207601272298602853e+05 3.188212874445000780e+05 3.171238894711049506e+05 3.156127256358131417e+05 3.142482188891232945e+05 3.129613620762475766e+05 3.118314492188398726e+05 3.106841297411662526e+05 3.098570164623617893e+05 3.097798065912531456e+05 3.097673634538748302e+05
3.509429362504220080e+03 3.268187725661522127e+05 3.240088789104211610e+05 3.207043335950518376e+05 3.179809015174598317e+05 3.157402540870496887e+05 3.138165156399586704e+05 3.121344670522598899e+05 3.106343481148838764e+05 3.092904842203144799e+05 3.079972756368238479e+05 3.069194019308935385e+05 3.067247202628490631e+05 3.067113346539436025e+05 3.066927270795523655e+05 3.066819043655021815e+05
3.559429362504220080e+03 3.192047114824564196e+05 3.164002802953732898e+05 3.131029678436546819e+05 3.103964276147037745e+05 3.081721777750223409e+05 3.062691837333553121e+05 3.045830464210222126e+05 3.031508207130430383e+05 3.016609127116602031e+05 3.007003047811815049e+05 3.006708675908928853e+05 3.006550058089564554e+05 3.006428058318943367e+05 3.006258700163873727e+05 3.006161042588129640e+05
3.609429362504220080e+03 3.122712435210798285e+05 3.094634915871414705e+05 3.061671899223757791e+05 3.034654248161939904e+05 3.012474842535044882e+05 2.993415954889809364e+05 2.976868826671862626e+05 2.961786263823787449e+05 2.949134316531301010e+05 2.946743525428978028e+05 2.946612179276480456e+05 2.946472575791137642e+05 2.946362989493224886e+05 2.946212805605428875e+05 2.946132182235078071e+05
3.659429362504220080e+03 3.084458128402249422e+05 3.056234751459013787e+05 3.023212892720186501e+05 2.996154025162951439e+05 2.973934835005811765e+05 2.954800799673618749e+05 2.938359882964242715e+05 2.922834038727803854e+05 2.911256941018520156e+05 2.910217490581978927e+05 2.910086169238369330e+05 2.909943916099306662e+05 2.909832190743579413e+05 2.909675910872868262e+05 2.909594340518204262e+05
3.709429362504220080e+03 3.077854280696956557e+05 3.050317814055771451e+05 3.017374010480135912e+05 2.990335185574098141e+05 2.967909311495467555e+05 2.948493287172007258e+05 2.931266035170865362e+05 2.916800377010864904e+05 2.901114486427548691e+05 2.891649237816451350e+05 2.891500633266168297e+05 2.891327542874150677e+05 2.891191872026107158e+05 2.890986967992709251e+05 2.890881455227143597e+05
3.759429362504220080e+03 3.080478839528252138e+05 3.052635881674420089e+05 3.019133832738787169e+05 2.990597806700118235e+05 2.966792983075276716e+05 2.946485355306252022e+05 2.928369613361582160e+05 2.912938432661340921e+05 2.896570495339327608e+05 2.886517979823404457e+05 2.886352199920751154e+05 2.886160576106669614e+05 2.886010407742396346e+05 2.885779196214549011e+05 2.885662828257598449e+05
3.809429362504220080e+03 3.134257690556775779e+05 3.106098163079288206e+05 3.073117697120314115e+05 3.046191163592639496e+05 3.024047293359242612e+05 3.005047792214185465e+05 2.988139246698459028e+05 2.973844729719564784e+05 2.958506703060223954e+05 2.949097990779195097e+05 2.948916371710188105e+05 2.948710792770925327e+05 2.948548025551956380e+05 2.948283912553588743e+05 2.948148469597749645e+05
3.859429362504220080e+03 3.088468404769042972e+05 3.060105211904342868e+05 3.027038983982469654e+05 2.999899893524243962e+05 2.977607846168847755e+05 2.958549811312195379e+05 2.941721345035824343e+05 2.927295245744473650e+05 2.912746875599403284e+05 2.905249037630851381e+05 2.905097464298975538e+05 2.904927497303663986e+05 2.904788860786097357e+05 2.904573437006766326e+05 2.904466489098269958e+05
3.909429362504220080e+03 3.113551100798867992e+05 3.085148900147624663e+05 3.051049102352395421e+05 3.021832985355851706e+05 2.998140918327274267e+05 2.978189339120893856e+05 2.960641555495036300e+05 2.944480141045740456e+05 2.930480858626611298e+05 2.916211640082238591e+05 2.909234391693026992e+05 2.908997092314930633e+05 2.908836454861459206e+05 2.908578256348754512e+05 2.908450653051271802e+05
3.959429362504220080e+03 3.105156801720755757e+05 3.076712714481191360e+05 3.043026653671146487e+05 3.014491309526907862e+05 2.991059627069446142e+05 2.971195279028361547e+05 2.954006821176836384e+05 2.938535989135946147e+05 2.925445126555704628e+05 2.911047934898680542e+05 2.903025715040583163e+05 2.902866993430442526e+05 2.902733589173990185e+05 2.902521150386898662e+05 2.902415289368265076e+05
4.009429362504220080e+03 3.140227263881040271e+05 3.112383702542781830e+05 3.077776873030224233e+05 3.047328062584928120e+05 3.021996209394906182e+05 3.000416049561807886e+05 2.981680243816961884e+05 2.964870968734924099e+05 2.950529516716381186e+05 2.934311658581044176e+05 2.923164031515993411e+05 2.923025074714121874e+05 2.922904170144970994e+05 2.922711501940041780e+05 2.922617027559421258e+05
4.059429362504220080e+03 3.115131098888710840e+05 3.086820876752245240e+05 3.053509956548669143e+05 3.026229930101087084e+05 3.003923336086341878e+05 2.984896510448693880e+05 2.968295108517297194e+05 2.953468626595420646e+05 2.940010606981988531e+05 2.927741907615835080e+05 2.925395675934369792e+05 2.925239380536713288e+05 2.925107926772693172e+05 2.924898814371585613e+05 2.924795436361603206e+05
4.109429362504220080e+03 3.130562386067783809e+05 3.103044936169316643e+05 3.068449255010043271e+05 3.037809761256238562e+05 3.011762360135862255e+05 2.989793911596999969e+05 2.970337025655089528e+05 2.953478148471557652e+05 2.938842642172491178e+05 2.922545775287720026e+05 2.913755657010579598e+05 2.913637601873064996e+05 2.913521918630076107e+05 2.913342174129337654e+05 2.913260476085196133e+05
4.159429362504220080e+03 3.126151115736567881e+05 3.097833732997187763e+05 3.064309640298627783e+05 3.036353131555783912e+05 3.013404919340907363e+05 2.993715464759552269e+05 2.976488752812554012e+05 2.961026852051493479e+05 2.947408792163894395e+05 2.933353525424853433e+05 2.927921312350055669e+05 2.927768499020784511e+05 2.927637800108562806e+05 2.927423841591151431e+05 2.927321148531385115e+05
4.209429362504220080e+03 3.118781756539850612e+05 3.089900653053663555e+05 3.056280607988765696e+05 3.027904273787863785e+05 3.005031984249418019e+05 2.985792769918877748e+05 2.968724501463323832e+05 2.954465371879542945e+05 2.939801166524946457e+05 2.932793153091105050e+05 2.932668898410852416e+05 2.932530140813961043e+05 2.932403566095587448e+05 2.932197487005715375e+05 2.932100601117499173e+05
4.259429362504220080e+03 3.131256794306965894e+05 3.102885668037909199e+05 3.068279569610271137e+05 3.038594189589936286e+05 3.014619265328189940e+05 2.994347850958791678e+05 2.976744531103056506e+05 2.961365645846941625e+05 2.947245510444294778e+05 2.942212545280039776e+05 2.942021898017484928e+05 2.941872775662192726e+05 2.941738809443445643e+05 2.941516627244401025e+05 2.941411494829094154e+05
4.309429362504220080e+03 3.123012711135262507e+05 3.094864648626679555e+05 3.060959251792694558e+05 3.031332441768401186e+05 3.005898284963563201e+05 2.983966017678682692e+05 2.966469314582906663e+05 2.951007721018311568e+05 2.937977279204159859e+05 2.936425521187428967e+05 2.936319916468865122e+05 2.936192052936773980e+05 2.936067399461249588e+05 2.935868241987195797e+05 2.935779250969354762e+05
4.359429362504220080e+03 3.135916910704817274e+05 3.107591452804318396e+05 3.072368815186990541e+05 3.040412091566908057e+05 3.013233865184377646e+05 2.990369187442869297e+05 2.970614698179208790e+05 2.953822990879680729e+05 2.936478610164049314e+05 2.926912626635719789e+05 2.926810751638489892e+05 2.926690461402944056e+05 2.926571741178536904e+05 2.926387493527027545e+05 2.926307822025709902e+05
4.409429362504220080e+03 3.097058216663469793e+05 3.068509879704937339e+05 3.034706184344712528e+05 3.006316997748907306e+05 2.982870897109264624e+05 2.962611841914915713e+05 2.945140611508968286e+05 2.928486267501024995e+05 2.918352475268830894e+05 2.917954574914000113e+05 2.917840624585601618e+05 2.917705040880918968e+05 2.917572449550503516e+05 2.917362400828753016e+05 2.917270295755435945e+05
4.459429362504220080e+03 3.138579484811300063e+05 3.110231832978049642e+05 3.075154748096501571e+05 3.044628258185488521e+05 3.019743162131439894e+05 2.998599889292048174e+05 2.980160300346892909e+05 2.963634687548541697e+05 2.949329783857250586e+05 2.947522697041666834e+05 2.947422860262466711e+05 2.947299495224271668e+05 2.947174092962831492e+05 2.946986451228251099e+05 2.946910087321662577e+05
4.509429362504220080e+03 3.123040410804986604e+05 3.094280794853702537e+05 3.059831742681298056e+05 3.030302493407756556e+05 3.006282128308123210e+05 2.985742332182581886e+05 2.967696250617129845e+05 2.951943653131871833e+05 2.937953722428816254e+05 2.935699402858786052e+05 2.935580083036267897e+05 2.935433587753533502e+05 2.935291818777293665e+05 2.935063662721252185e+05 2.934963636909447378e+05
4.559429362504220080e+03 3.166296185666893143e+05 3.138228543542650295e+05 3.103192635608291603e+05 3.072129088124756818e+05 3.046196675104417372e+05 3.023996604648738285e+05 3.004308932211225037e+05 2.987607375197356450e+05 2.969464743549442501e+05 2.958432214557098341e+05 2.958325852062241756e+05 2.958186930052375537e+05 2.958045842588654486e+05 2.957830170945839491e+05 2.957743860591827543e+05
4.609429362504220080e+03 3.152743437876148382e+05 3.124115619234775659e+05 3.090096749478164129e+05 3.060914225098344614e+05 3.036272691029550042e+05 3.014881072772915941e+05 2.996989450868442655e+05 2.979051770251181442e+05 2.967655361408125027e+05 2.967411303196736844e+05 2.967293807964560110e+05 2.967146467792768963e+05 2.967001485749091371e+05 2.966772824518783600e+05 2.966676588953242172e+05
4.659429362504220080e+03 3.163529813220401993e+05 3.135134129830201273e+05 3.100270555561640649e+05 3.069644756463312660e+05 3.044241621356675751e+05 3.022600722192986868e+05 3.003546902490017819e+05 2.986652224525412894e+05 2.980547722748988890e+05 2.980446510579511523e+05 2.980339131746435305e+05 2.980200405286253663e+05 2.980062485111993155e+05 2.979848722173681599e+05 2.979760652383293491e+05
4.709429362504220080e+03 3.166686533514937037e+05 3.138517710057141376e+05 3.104829600572662894e+05 3.076269309066499700e+05 3.052361700612088316e+05 3.031728760063181398e+05 3.013200249312858214e+05 2.997775682664648048e+05 2.994015387082507368e+05 2.993913683613141766e+05 2.993806031448087888e+05 2.993666105359461508e+05 2.993525884430433507e+05 2.993306785263544880e+05 2.993217096607690328e+05
4.759429362504220080e+03 3.224734302025993238e+05 3.196494904253687127e+05 3.163107111132518621e+05 3.135121373338856502e+05 3.111701451347049442e+05 3.091716735662747524e+05 3.072848956315254909e+05 3.059907458686360624e+05 3.059011588707016199e+05 3.058906336181940860e+05 3.058793503921732772e+05 3.058648082343611750e+05 3.058503452857525554e+05 3.058274350489416975e+05 3.058179522312103654e+05
4.809429362504220080e+03 3.217130273565675016e+05 3.189040779284773162e+05 3.155658075254621217e+05 3.127541908254256705e+05 3.103849867403381504e+05 3.083738961583442288e+05 3.064933361914638663e+05 3.057192082215263508e+05 3.057114424589153496e+05 3.057021514653144986e+05 3.056924525731983013e+05 3.056799129141456797e+05 3.056668277076793020e+05 3.056468752926068264e+05 3.056391653526133159e+05
4.854429362504220080e+03 3.229569851974375779e+05 3.201315397670988459e+05 3.167254111065033358e+05 3.137845847893301398e+05 3.113405445292124059e+05 3.091804589894244564e+05 3.075006203980387072e+05 3.072580510681755841e+05 3.072500555998485070e+05 3.072401543582438026e+05 3.072296231959126890e+05 3.072156498315865756e+05 3.072008768063969910e+05 3.071760061037882115e+05 3.071657421233861824e+05
4.859429362504220080e+03 3.221500920442400966e+05 3.192991503563594888e+05 3.159289813921736786e+05 3.130617715037659509e+05 3.106271992111171712e+05 3.084592089369354071e+05 3.067351907760598697e+05 3.064692325367479352e+05 3.064608210733780288e+05 3.064506019254663843e+05 3.064397511641254532e+05 3.064253712156873662e+05 3.064101796347435447e+05 3.063845212998484494e+05 3.063739440761605510e+05
4.909429362504220080e+03 3.209189187705757213e+05 3.181011631405645749e+05 3.147846035972186946e+05 3.120294671594724641e+05 3.097386331218110281e+05 3.077484612176089431e+05 3.070802255698515801e+05 3.070720735484235920e+05 3.070644661958428915e+05 3.070548407518059830e+05 3.070446592688606470e+05 3.070312313178627519e+05 3.070168451497464557e+05 3.069922291644709185e+05 3.069823592083002441e+05
4.959429362504220080e+03 3.158914316590162925e+05 3.130904226536677452e+05 3.097409903869014233e+05 3.069494638235134189e+05 3.046513294433712144e+05 3.026188788185221492e+05 3.018973667245717952e+05 3.018893687268473441e+05 3.018818655819970299e+05 3.018726827339893207e+05 3.018629770842172438e+05 3.018502128331041313e+05 3.018362369451227132e+05 3.018126080929582822e+05 3.018035455010426813e+05
5.009429362504220080e+03 3.140484652386806556e+05 3.112225186454053619e+05 3.078899914216886973e+05 3.051102429554764531e+05 3.027528376351068146e+05 3.009045603568367078e+05 3.005910469096336747e+05 3.005825122121566092e+05 3.005746218339664629e+05 3.005654286099495366e+05 3.005561340645820601e+05 3.005437839929871261e+05 3.005298421037949738e+05 3.005065329153731000e+05 3.004978327381893760e+05
5.059429362504220080e+03 3.221905167593330261e+05 3.193705307703059516e+05 3.160101069320949027e+05 3.131752738490800257e+05 3.106302285795186181e+05 3.093617650638141204e+05 3.093537242681381176e+05 3.093447587258855929e+05 3.093369058691224782e+05 3.093276551290691132e+05 3.093166490435611922e+05 3.093019025350795710e+05 3.092858277931211633e+05 3.092574239018998924e+05 3.092448612571520498e+05
5.109429362504220080e+03 3.224095144710695022e+05 3.196815776045356761e+05 3.163362991517330520e+05 3.136271424059707788e+05 3.126236800629767240e+05 3.126163179667728837e+05 3.126089022227533278e+05 3.126006440204685205e+05 3.125927461528189015e+05 3.125835061762560508e+05 3.125714411107705091e+05 3.125550568107115687e+05 3.125374465669099591e+05 3.125031426388557884e+05 3.124869628409026773e+05
5.159429362504220080e+03 3.099248795019594254e+05 3.071075399695676751e+05 3.037159393456311664e+05 3.008304900252778316e+05 2.985733806914145243e+05 2.979870278036814416e+05 2.979794555140745942e+05 2.979719888649431523e+05 2.979646356186936027e+05 2.979560364962904714e+05 2.979472080533126136e+05 2.979353915436261450e+05 2.979221264989625197e+05 2.978992169936802238e+05 2.978894212897424004e+05
5.209429362504220080e+03 3.083083935074685141e+05 3.054832043131688260e+05 3.021436030628944864e+05 2.993740476959332591e+05 2.968569672668493004e+05 2.955635470213316148e+05 2.955554135690376279e+05 2.955467629633474280e+05 2.955381226512456778e+05 2.955276012604315183e+05 2.955180415190928034e+05 2.955055881167727639e+05 2.954918563722518156e+05 2.954701129491346655e+05 2.954624979978436604e+05
5.259429362504220080e+03 3.134753950031646527e+05 3.106531435304960469e+05 3.073201920478559332e+05 3.045592361346038524e+05 3.020561635747124092e+05 3.007902143332542619e+05 3.007830131594456616e+05 3.007749309008073178e+05 3.007667969498560415e+05 3.007573527075004531e+05 3.007479580642479123e+05 3.007355207032393664e+05 3.007217557532608043e+05 3.006993705936780898e+05 3.006913540410821442e+05
5.309429362504220080e+03 3.154851324312709039e+05 3.126638498835985083e+05 3.093294341815965017e+05 3.065473402913163300e+05 3.041020684465595987e+05 3.030485565003879601e+05 3.030415492586137261e+05 3.030335564980651834e+05 3.030253883019638015e+05 3.030159810116555891e+05 3.030062404530330678e+05 3.029933082942249603e+05 3.029789658509239671e+05 3.029554248813714948e+05 3.029469296861949842e+05
5.359429362504220080e+03 3.209467534311978379e+05 3.181247613472822122e+05 3.147881457426935085e+05 3.119471798748792498e+05 3.098151904504449922e+05 3.094937518543142360e+05 3.094869806034817593e+05 3.094792331777403015e+05 3.094712478186267545e+05 3.094619994092881680e+05 3.094515671184299863e+05 3.094375829720848706e+05 3.094219396039227140e+05 3.093960913601174834e+05 3.093861853070121724e+05
5.409429362504220080e+03 3.171104170307954191e+05 3.142900336367979762e+05 3.109831433145552292e+05 3.081818637938835891e+05 3.062929081526080263e+05 3.062183669220859883e+05 3.062112309383014799e+05 3.062029786513537983e+05 3.061944248824370443e+05 3.061844006912190816e+05 3.061748749699218315e+05 3.061621459962106892e+05 3.061475916280557285e+05 3.061239950811860035e+05 3.061150373060333659e+05
5.459429362504220080e+03 2.932340296774471062e+05 2.924708191859525978e+05 2.924649302566289552e+05 2.924594063955000602e+05 2.924538110504659126e+05 2.924487323325357283e+05 2.924447761772129452e+05 2.924407941629050765e+05 2.924366466559687979e+05 2.924314973915019655e+05 2.924247010582771618e+05 2.924152611793455435e+05 2.924031627320715343e+05 2.923831672221599729e+05 2.923758883678553975e+05
5.509429362504220080e+03 2.821610692815351067e+05 2.821566423554937355e+05 2.821512902179748053e+05 2.821468068010437419e+05 2.821423835922321305e+05 2.821381865944901365e+05 2.821353264364998322e+05 2.821331365498994128e+05 2.821310991998852696e+05 2.821274639553680317e+05 2.821228616602206021e+05 2.821177327694374835e+05 2.821109073109331075e+05 2.820995597955002449e+05 2.820946596469409415e+05
5.559429362504220080e+03 2.815391046362953493e+05 2.815361115919214790e+05 2.815323270672907820e+05 2.815299475570943905e+05 2.815267222408233210e+05 2.815251130150318495e+05 2.815245577326350613e+05 2.815247830079472624e+05 2.815248238349386957e+05 2.815228706874983036e+05 2.815212742511906545e+05 2.815213420895838062e+05 2.815221493023521034e+05 2.815229807365926681e+05 2.815216149323745049e+05
5.609429362504220080e+03 2.649148827266342123e+05 2.649107954862184124e+05 2.649074327869687695e+05 2.649055535428609001e+05 2.649032994302791776e+05 2.649035839259818895e+05 2.649065579944794299e+05 2.649118560633080197e+05 2.649164632730405428e+05 2.649185307422590558e+05 2.649227689692028216e+05 2.649304487762157805e+05 2.649385993435979472e+05 2.649470122056264081e+05 2.649468808410501806e+05
5.659429362504220080e+03 2.635601074012105237e+05 2.610873026581829181e+05 2.580732311266512261e+05 2.568275048060327244e+05 2.568208957038777589e+05 2.568147735924611916e+05 2.568082846963439661e+05 2.568000268094602507e+05 2.567911875759529357e+05 2.567815476081108791e+05 2.567737855298228678e+05 2.567632812303432729e+05 2.567509576345393725e+05 2.567340461043683754e+05 2.567287893691503268e+05
5.709429362504220080e+03 2.473863311430614558e+05 2.449197797204759554e+05 2.418567879728444386e+05 2.406661766770822869e+05 2.406574814192580525e+05 2.406480103733968572e+05 2.406364284010142146e+05 2.406195231791773404e+05 2.406012597913926293e+05 2.405807313642052759e+05 2.405639468972574105e+05 2.405413017852082849e+05 2.405155819525138068e+05 2.404794795567249530e+05 2.404693991601875750e+05
5.759429362504220080e+03 2.444230705570055579e+05 2.416528008688223199e+05 2.384197584058954671e+05 2.368820503710150660e+05 2.368720100895753130e+05 2.368639214605430607e+05 2.368538688571910025e+05 2.368392326573017344e+05 2.368235753230285191e+05 2.368050002475801448e+05 2.367896358452264103e+05 2.367693657656720025e+05 2.367470976681210741e+05 2.367146935017338546e+05 2.367052760140725877e+05
5.809429362504220080e+03 2.279257614770413493e+05 2.248171517895416182e+05 2.220118947156592913e+05 2.203013259564533073e+05 2.200473902140448918e+05 2.200426338546828192e+05 2.200368598679159768e+05 2.200291072629939881e+05 2.200203416093873384e+05 2.200112920001366583e+05 2.200037869852737640e+05 2.199938793819028360e+05 2.199818207077285042e+05 2.199665336929041368e+05 2.199623330131175753e+05
5.859429362504220080e+03 2.175672996690337313e+05 2.154057259019492485e+05 2.127108686626545968e+05 2.102888590379330562e+05 2.087247693274613412e+05 2.087188683771862998e+05 2.087111769987210573e+05 2.087001115121652838e+05 2.086875287865254213e+05 2.086741522507886693e+05 2.086628817428723851e+05 2.086480630449280434e+05 2.086297672289695474e+05 2.086058863891424553e+05 2.085998981928905414e+05
5.909429362504220080e+03 2.116928885688075679e+05 2.087265152852779138e+05 2.056474307785129931e+05 2.034303051773728221e+05 2.029924477172832121e+05 2.029864497977253341e+05 2.029785870257540082e+05 2.029672721302818391e+05 2.029542058899109252e+05 2.029402638228367432e+05 2.029283127978946723e+05 2.029129510412562231e+05 2.028921687197739375e+05 2.028651956974373606e+05 2.028591607846182014e+05
5.959429362504220080e+03 2.074826147601767734e+05 2.049112389135136618e+05 2.018359004885946051e+05 1.994703271887675801e+05 1.989327998301127809e+05 1.989272852270651492e+05 1.989195523095220269e+05 1.989080572681541671e+05 1.988944088193817879e+05 1.988797970053402241e+05 1.988672693277168146e+05 1.988515196629186103e+05 1.988161729243040027e+05 1.987717911165988771e+05 1.987663597374523524e+05
6.009429362504220080e+03 2.039517075041779899e+05 2.013152036678105360e+05 1.983354998227095930e+05 1.958003842711964098e+05 1.943178333920866717e+05 1.943122987703286926e+05 1.943043993200464465e+05 1.942926106097567244e+05 1.942784948351589555e+05 1.942636074801729992e+05 1.942505696425092174e+05 1.942344858695701405e+05 1.941992955668185023e+05 1.941555694048706791e+05 1.941501949608435389e+05
6.059429362504220080e+03 2.020298367471553502e+05 1.991525294102492044e+05 1.959495434796715854e+05 1.933704155449132086e+05 1.924133905236147111e+05 1.924080732379206165e+05 1.924005375148482854e+05 1.923894983443378878e+05 1.923763020322170050e+05 1.923623154477881908e+05 1.923499710877348261e+05 1.923349932664189837e+05 1.923029222961819905e+05 1.922631853515346011e+05 1.922585082758066419e+05
6.109429362504220080e+03 2.014607527948631905e+05 1.986410980448928312e+05 1.953896218810208666e+05 1.928277830476756499e+05 1.920045601148050337e+05 1.919991314651600260e+05 1.919914303219131834e+05 1.919801632335267204e+05 1.919668430064562708e+05 1.919526066527162911e+05 1.919397756273494451e+05 1.919244942608091806e+05 1.918922563293237472e+05 1.918513589905046392e+05 1.918467745133803401e+05
6.159429362504220080e+03 2.005281676154361630e+05 1.976290221113328007e+05 1.943280173121814150e+05 1.919353136237906583e+05 1.916070475663393445e+05 1.916018495863870776e+05 1.915944688629264128e+05 1.915837903622912418e+05 1.915712175722678367e+05 1.915585488081171061e+05 1.915472551211305836e+05 1.915342270517418219e+05 1.915060253390269063e+05 1.914707494142482465e+05 1.914670584619630245e+05
6.209429362504220080e+03 1.998319698864884558e+05 1.970072140780444024e+05 1.937054182923102635e+05 1.912766172721793409e+05 1.908937468213104294e+05 1.908882245271955617e+05 1.908805746731765103e+05 1.908696741589070007e+05 1.908569727901615261e+05 1.908445054929995677e+05 1.908334649762787158e+05 1.908205960275242978e+05 1.907932213703184971e+05 1.907587406587995647e+05 1.907555292331527453e+05
6.259429362504220080e+03 1.987984015440126532e+05 1.958996257944485114e+05 1.926254817990255542e+05 1.902738193162375537e+05 1.898850420266744622e+05 1.898786231300038635e+05 1.898693620463437401e+05 1.898558504084238375e+05 1.898400424563902779e+05 1.898240217358966183e+05 1.898097581154894724e+05 1.897934679114232422e+05 1.897640089064390631e+05 1.897294417978910787e+05 1.897271446817402611e+05
6.309429362504220080e+03 1.981150925891703519e+05 1.952750030003674037e+05 1.920048328987747955e+05 1.896403858633349009e+05 1.892395504824554082e+05 1.892333881432844209e+05 1.892246397448369535e+05 1.892121010703200591e+05 1.891977823038080824e+05 1.891836392909848073e+05 1.891709198631347099e+05 1.891562517221923626e+05 1.891316029111110838e+05 1.890999733484544267e+05 1.890979316729574057e+05
6.359429362504220080e+03 1.984004764656193147e+05 1.955120471749152639e+05 1.921716999710931268e+05 1.899134249508958310e+05 1.897787029925977986e+05 1.897728907779241854e+05 1.897646234081480652e+05 1.897527973984676355e+05 1.897388781461695908e+05 1.897252486701748567e+05 1.897136173247330589e+05 1.897003656428840477e+05 1.896783605811207672e+05 1.896394918827971851e+05 1.896361519494715903e+05
6.409429362504220080e+03 2.005033723825284687e+05 1.977104864076913509e+05 1.943440195605122717e+05 1.921534297089879692e+05 1.920736652392446704e+05 1.920679262565405224e+05 1.920599748665023071e+05 1.920487221470156219e+05 1.920354669124428765e+05 1.920226167829485494e+05 1.920114162199896527e+05 1.919987453292407445e+05 1.919767141127876239e+05 1.919629085366320796e+05 1.919615547290164395e+05
6.459429362504220080e+03 1.993900105325932964e+05 1.965827910555845592e+05 1.932328535166287911e+05 1.910897785296065267e+05 1.910310776995920169e+05 1.910241900055858714e+05 1.910145027437880053e+05 1.910007097294075356e+05 1.909843010876000044e+05 1.909682220407415880e+05 1.909540674458906287e+05 1.909382778718731715e+05 1.909110640186613891e+05 1.908957235159039847e+05 1.908942465403140523e+05
6.509429362504220080e+03 1.989124641567937797e+05 1.960730047415717854e+05 1.927448476556588430e+05 1.906863205350954377e+05 1.906396793719886045e+05 1.906328563657560735e+05 1.906233022215314268e+05 1.906096593779087707e+05 1.905933859995838138e+05 1.905778843453726149e+05 1.905644308195252670e+05 1.905500435732231126e+05 1.905255981168628205e+05 1.905133364044304763e+05 1.905120989374211349e+05
6.559429362504220080e+03 1.986062336064864357e+05 1.957469316297305049e+05 1.923596243958009582e+05 1.903961371663461323e+05 1.903709173065709474e+05 1.903644099392417702e+05 1.903550600710500439e+05 1.903416587066874781e+05 1.903256276116797526e+05 1.903109705896365631e+05 1.902992276746081479e+05 1.902878144809573423e+05 1.902689113483761030e+05 1.902607178881942236e+05 1.902597046076588740e+05
6.609429362504220080e+03 1.986689082768837688e+05 1.958060271808079560e+05 1.924204688460340549e+05 1.905590283420222695e+05 1.905414756428474211e+05 1.905345558668435551e+05 1.905246309072297008e+05 1.905102803852681536e+05 1.904955844067893049e+05 1.904845723540511099e+05 1.904753778230537719e+05 1.904651392020436761e+05 1.904474790113941126e+05 1.904401251186701993e+05 1.904391833687186881e+05
6.659429362504220080e+03 1.993237469346967700e+05 1.963814188417095575e+05 1.929908681233125099e+05 1.912656404088456184e+05 1.912542107294980378e+05 1.912476411171919899e+05 1.912382361608042265e+05 1.912247754165996739e+05 1.912112490123132593e+05 1.912006700863819569e+05 1.911927696987963573e+05 1.911836881024666654e+05 1.911672726378097141e+05 1.911591781710258510e+05 1.911583860460147844e+05
6.709429362504220080e+03 1.988157842665839125e+05 1.960058881483018049e+05 1.926462865162972303e+05 1.909711245292427484e+05 1.909592683032470813e+05 1.909526635902657581e+05 1.909430714337631362e+05 1.909292171118037659e+05 1.909156945142224140e+05 1.909048803720806609e+05 1.908972583426068595e+05 1.908885168583385239e+05 1.908722744545968308e+05 1.908652283666689764e+05 1.908646388205368130e+05
6.759429362504220080e+03 1.991858690031907463e+05 1.963347362202073564e+05 1.929717097012935556e+05 1.915104067430420546e+05 1.915070426887173962e+05 1.915035027301599039e+05 1.915005121323234343e+05 1.914976717550006579e+05 1.911969483519934583e+05 1.909687352865880821e+05 1.909626052250138309e+05 1.909552354671161738e+05 1.909394131561696413e+05 1.909316740787875897e+05 1.909309286495536508e+05
6.809429362504220080e+03 1.990524621688329207e+05 1.962171391262931284e+05 1.929322993697622733e+05 1.916726279640088615e+05 1.916690381183232530e+05 1.916646824761671014e+05 1.916583333643221995e+05 1.916507674078900600e+05 1.913187395250298141e+05 1.910916705835181929e+05 1.910883874859680363e+05 1.910846642411091016e+05 1.910772000596671132e+05 1.910736584784679580e+05 1.910731997384779970e+05
6.859429362504220080e+03 1.987926727869539463e+05 1.959082528706520679e+05 1.925719187103843142e+05 1.912943909032076190e+05 1.912909440742566076e+05 1.912868476515005168e+05 1.912810605899416842e+05 1.912744319114597165e+05 1.911196942091566161e+05 1.910235957472136943e+05 1.910213310797197046e+05 1.910183799153896980e+05 1.910123879773441586e+05 1.910098078961948631e+05 1.910094910422182293e+05
6.909429362504220080e+03 1.987392857951262849e+05 1.958896153967604041e+05 1.925235663688270724e+05 1.910594775817896589e+05 1.910560589227131859e+05 1.910518016594678047e+05 1.910458166805387591e+05 1.910388349984956440e+05 1.908971343418066390e+05 1.908177724100797786e+05 1.908155700285050843e+05 1.908124921694324585e+05 1.908066096736991021e+05 1.908043987612243218e+05 1.908041315077966719e+05
6.959429362504220080e+03 2.007849293853854761e+05 1.966719935361742100e+05 1.928930085876288940e+05 1.916166939175844309e+05 1.916132917186474369e+05 1.916090443349412526e+05 1.916033349645720155e+05 1.915958416375790257e+05 1.914106580940721906e+05 1.913081882724670577e+05 1.913070894950917282e+05 1.913051431014450500e+05 1.913018312723001582e+05 1.912992091107826564e+05 1.912980982839942153e+05
7.009429362504220080e+03 1.985449877194494184e+05 1.956922032248917676e+05 1.923241627332524804e+05 1.908949927947680117e+05 1.908914255171784898e+05 1.908866801161303592e+05 1.908803244765166601e+05 1.908711941419765062e+05 1.908678951170853106e+05 1.908662280070663546e+05 1.908659117086495971e+05 1.908655638287803449e+05 1.908651507369790052e+05 1.908646107840560144e+05 1.908643312685304845e+05
7.059429362504220080e+03 1.986190168978437723e+05 1.958066720772393164e+05 1.924854976265814039e+05 1.912442576909210475e+05 1.912401020801913110e+05 1.912344141213578987e+05 1.912288874855317117e+05 1.912215732644451782e+05 1.912186884337597003e+05 1.912174407358095341e+05 1.912171167028375203e+05 1.912166494785548421e+05 1.912161816351560992e+05 1.912155980258133495e+05 1.912153081950008636e+05
7.109429362504220080e+03 1.986272838221059646e+05 1.957710699033187120e+05 1.924659347556501161e+05 1.912553097296773922e+05 1.912508458542296139e+05 1.912447261740702670e+05 1.912384304425693990e+05 1.912295763081729820e+05 1.912264569364888303e+05 1.912248090735262958e+05 1.912243386000633473e+05 1.912238668054474983e+05 1.912233160614348308e+05 1.912226669670203119e+05 1.912223309174334572e+05
7.159429362504220080e+03 1.984759617429501959e+05 1.956100571021400974e+05 1.923375095732413174e+05 1.912459474349076336e+05 1.912412313338375243e+05 1.912348085618690820e+05 1.912277984645579418e+05 1.912180092269666493e+05 1.912155144232141611e+05 1.912139078330323100e+05 1.912133390673151298e+05 1.912128986450557131e+05 1.912124105895308603e+05 1.912118288851921970e+05 1.912115154774403200e+05
7.209429362504220080e+03 1.986522461045788950e+05 1.958068688096626429e+05 1.925405536603642686e+05 1.915033538015810773e+05 1.914987504742635647e+05 1.914927496988633648e+05 1.914848435900308250e+05 1.914823012118354382e+05 1.914811852569543407e+05 1.914803977086954110e+05 1.914797895607498358e+05 1.914791774900539604e+05 1.914784351993813762e+05 1.914775955625292554e+05 1.914771605858302792e+05
7.259429362504220080e+03 1.984770231986883446e+05 1.956337479075031297e+05 1.923989115014903073e+05 1.914317954725218588e+05 1.914269232217203535e+05 1.914206310100862756e+05 1.914108708783070615e+05 1.914077202823947009e+05 1.914064802437280887e+05 1.914059069328178011e+05 1.914054306683895120e+05 1.914049585365299426e+05 1.914043944378070883e+05 1.914037711590596300e+05 1.914034450359815382e+05
7.309429362504220080e+03 2.014089457438976387e+05 1.985617450865831051e+05 1.956901926881655818e+05 1.953758499601302028e+05 1.953703876582899247e+05 1.953631203233669512e+05 1.946749110680097365e+05 1.934486731486998615e+05 1.934040274266201595e+05 1.933865488706865290e+05 1.933848904141613748e+05 1.933837915666454064e+05 1.933826494449697493e+05 1.933814266354632564e+05 1.933807498707725899e+05
7.359429362504220080e+03 1.996151354361247213e+05 1.967472699676235497e+05 1.938413783912341169e+05 1.935302996220924542e+05 1.935252999699668435e+05 1.935195158527381136e+05 1.930340136361626792e+05 1.922275048495533701e+05 1.921629109401755559e+05 1.921421221696926805e+05 1.921415315688110713e+05 1.921410193748338206e+05 1.921405059272839862e+05 1.921399995307848731e+05 1.921395614711192029e+05
7.409429362504220080e+03 1.993956607254537812e+05 1.965363907090701105e+05 1.935199042975497432e+05 1.930401413323577144e+05 1.930348344058278890e+05 1.930294992358575983e+05 1.925697628258607292e+05 1.919644034497763787e+05 1.919181663627143425e+05 1.919048580587254837e+05 1.919046546696542355e+05 1.919045040997856413e+05 1.919043654693318531e+05 1.919042509293474141e+05 1.919041022691887920e+05
7.459429362504220080e+03 1.989877676859096391e+05 1.961360487715294003e+05 1.929085842577681760e+05 1.919318534636289114e+05 1.919262066318122379e+05 1.919205750992891844e+05 1.918787232314608409e+05 1.918557908380847366e+05 1.918504082763002662e+05 1.918488578053920937e+05 1.918487189904123952e+05 1.918485722968708433e+05 1.918484375000927830e+05 1.918483370543795172e+05 1.918482232199370628e+05
7.509429362504220080e+03 1.989190161463976256e+05 1.960555696889598039e+05 1.928124536689129018e+05 1.918081024811610696e+05 1.918022211856023350e+05 1.917955373044839362e+05 1.917744400880066096e+05 1.917687446734747791e+05 1.917649230738911428e+05 1.917641142500439892e+05 1.917639968044431880e+05 1.917638855647348973e+05 1.917637765183339070e+05 1.917636687964156736e+05 1.917635564044783532e+05
7.559429362504220080e+03 1.987351917249301914e+05 1.959088302122529130e+05 1.928068900158440811e+05 1.920249341235224565e+05 1.920195597798298695e+05 1.920102125676360447e+05 1.920062803277124185e+05 1.920049409779102716e+05 1.920040227987774997e+05 1.920035227625013213e+05 1.920032166486969800e+05 1.920028840274062240e+05 1.920025082752797753e+05 1.920019272343753546e+05 1.920015941751916835e+05
7.609429362504220080e+03 2.351933391476522957e+05 2.325942054896808113e+05 2.315678262277774629e+05 2.315638007175626117e+05 2.315634302654136845e+05 2.315641146302700508e+05 2.315619068362459657e+05 2.315601558824802923e+05 2.315583809486407845e+05 2.315570356812591781e+05 2.315558180521212344e+05 2.315546951093813113e+05 2.315535504658311547e+05 2.315520338060208887e+05 2.315512624095560459e+05
7.659429362504220080e+03 1.996052429831879854e+05 1.967403678743919590e+05 1.937649036936377524e+05 1.931374689836806210e+05 1.931314336499219062e+05 1.930936554777583515e+05 1.930614164518105099e+05 1.930611172718272719e+05 1.930609185026935884e+05 1.930606960092365916e+05 1.930604546915524697e+05 1.930602019626690308e+05 1.930598981878624181e+05 1.930594707071161538e+05 1.930591105088206823e+05
7.709429362504220080e+03 2.023782330611734069e+05 1.995311435534737248e+05 1.979429348933938309e+05 1.979390384138724767e+05 1.979333416349006002e+05 1.931083574897044164e+05 1.931041658115855535e+05 1.930966708314432472e+05 1.930953769305484893e+05 1.930940794152187591e+05 1.930931464119092270e+05 1.930920874984639522e+05 1.930909613066794118e+05 1.930898257697665831e+05 1.930892176758467976e+05
7.759429362504220080e+03 2.019919638967288774e+05 1.991432228111242002e+05 1.973179933322544384e+05 1.973139540615019214e+05 1.973087633619385306e+05 1.931716706818948151e+05 1.931685023126720043e+05 1.931630846669342427e+05 1.931624326094925345e+05 1.931616663192484411e+05 1.931605791681333794e+05 1.931593949450151995e+05 1.931583794893340091e+05 1.931572178274061007e+05 1.931564606407842657e+05
7.809429362504220080e+03 2.025964257796666352e+05 1.997478913263795257e+05 1.979228251538772893e+05 1.979188601082538371e+05 1.979136909540641354e+05 1.938682686883449787e+05 1.938651324675855576e+05 1.938587295238293591e+05 1.938579890057889861e+05 1.938571703950733063e+05 1.938562633022891532e+05 1.938554525106360670e+05 1.938546877599126310e+05 1.938538001457554637e+05 1.938531168936064641e+05
7.859429362504220080e+03 2.066864036019754130e+05 2.038706390498446999e+05 2.020571997491908842e+05 2.020531388350238849e+05 2.020477475925284089e+05 1.975935129388318746e+05 1.975901741330507502e+05 1.975816745384501410e+05 1.975807911081560887e+05 1.975797564625565137e+05 1.975783986290457542e+05 1.975772347485287173e+05 1.975763728035264066e+05 1.975746377061274543e+05 1.975734157416184316e+05
7.909429362504220080e+03 2.145477993496386916e+05 2.117497870573812106e+05 2.099765137609555677e+05 2.099729555743030796e+05 2.099702867053019581e+05 2.089877442842359014e+05 2.089859357500636252e+05 2.089785709351727273e+05 2.089773495683124056e+05 2.089761726525402628e+05 2.089743106276438921e+05 2.089727827598502918e+05 2.089717245031942439e+05 2.089690070908340567e+05 2.089671101584697608e+05
7.959429362504220080e+03 2.073332267727183353e+05 2.044661425730751653e+05 2.026335254918185528e+05 2.026300126475479628e+05 2.026251250940151513e+05 1.990898110973813455e+05 1.990874263196840184e+05 1.990807228985130205e+05 1.990776485591481032e+05 1.990764034184989578e+05 1.990750294570401020e+05 1.990738826344828994e+05 1.990730257913709793e+05 1.990714812409720907e+05 1.990702565653764759e+05
8.009429362504220080e+03 2.108983491422220541e+05 2.080087031244478712e+05 2.061596927775459772e+05 2.061556948683941737e+05 2.061509394991189183e+05 2.037068162088987301e+05 2.037050155417955248e+05 2.036983313714067917e+05 2.036965190288580488e+05 2.036954769178379211e+05 2.036941605663780356e+05 2.036930567718291422e+05 2.036921498745834106e+05 2.036904554423934896e+05 2.036892216393787530e+05
8.059429362504220080e+03 2.048674301103624166e+05 2.020425983091026719e+05 2.001786562827256275e+05 2.001732772153726546e+05 2.001673291226334695e+05 1.964242025478080323e+05 1.964214251790223643e+05 1.964157995520286495e+05 1.964151722482179757e+05 1.964149158824106562e+05 1.964146841293914476e+05 1.964144293557706405e+05 1.964141891224319988e+05 1.964139694224629784e+05 1.964137037622412026e+05
8.109429362504220080e+03 2.043040730869364925e+05 2.015155345506742888e+05 1.997567968133413233e+05 1.997524429028318555e+05 1.997467469701572554e+05 1.963785593663271866e+05 1.963751238256401557e+05 1.963734147641160525e+05 1.963731345402124862e+05 1.963729386830725125e+05 1.963727139820939337e+05 1.963724825633501459e+05 1.963722686032951169e+05 1.963720380802114378e+05 1.963718357401786488e+05
8.159429362504220080e+03 2.040728058504781511e+05 2.012803663842604437e+05 1.994376094550821290e+05 1.994324607454625366e+05 1.994236609656555811e+05 1.963660048985059548e+05 1.963632267497980793e+05 1.963628708936395706e+05 1.963626147534473275e+05 1.963624248211209197e+05 1.963622053204702970e+05 1.963619802956288040e+05 1.963617684955599834e+05 1.963615382528242772e+05 1.963613245373177051e+05
8.209429362504219171e+03 2.038258450492816628e+05 2.010208692613550520e+05 1.991718730831692519e+05 1.991676741466559761e+05 1.991524060747924959e+05 1.961773421321795904e+05 1.961756325090344762e+05 1.961752658857089409e+05 1.961748775791453954e+05 1.961745688888187869e+05 1.961742475724354736e+05 1.961739110048539878e+05 1.961735352112075780e+05 1.961732709822910256e+05 1.961730614239061542e+05
8.259429362504219171e+03 2.047207399670701416e+05 2.021902402430520160e+05 2.014923167380193190e+05 2.014892124976179039e+05 1.966953184809547674e+05 1.966903418572776718e+05 1.966871817450130184e+05 1.966853114862355287e+05 1.966837213910621067e+05 1.966827836482255370e+05 1.966819615044310049e+05 1.966811246276002203e+05 1.966802340676083404e+05 1.966795290714220901e+05 1.966789312150317419e+05
8.309429362504219171e+03 2.038224288510812330e+05 2.010308832063851296e+05 1.991669302607975260e+05 1.991625094810026058e+05 1.966023420300315775e+05 1.965991096255227749e+05 1.965968488732035621e+05 1.965953680473224667e+05 1.965939941437995876e+05 1.965930183247036766e+05 1.965923162962130154e+05 1.965916183727229654e+05 1.965906274951345113e+05 1.965899006981951825e+05 1.965893051434633380e+05
8.359429362504219171e+03 2.035482580295366351e+05 2.004300433903907542e+05 1.992598536024419009e+05 1.992569602985250822e+05 1.972139422631599009e+05 1.972116046970848111e+05 1.972098267500566726e+05 1.972086884751506441e+05 1.972076281771785580e+05 1.972067312371273874e+05 1.972060236797922116e+05 1.972051467718841450e+05 1.972042809187741077e+05 1.972035353123583773e+05 1.972029481233521365e+05
8.409429362504219171e+03 2.036164149676549132e+05 2.008105569786927372e+05 1.989491522998633736e+05 1.989462222039406479e+05 1.967329835515384329e+05 1.967298734658080211e+05 1.967274811142411199e+05 1.967256805417554278e+05 1.967242416195556871e+05 1.967233293965911143e+05 1.967224252983744082e+05 1.967214521959054400e+05 1.967202545887408778e+05 1.967194385632627527e+05 1.967187824158838484e+05
8.459429362504219171e+03 2.036167051371184061e+05 2.008324279112549557e+05 1.991425205555778812e+05 1.991391207954193524e+05 1.968614014176896890e+05 1.968584680172905501e+05 1.968561741498534975e+05 1.968543384372856526e+05 1.968529348789021606e+05 1.968520718131158501e+05 1.968512182669470494e+05 1.968500627944237785e+05 1.968493788559881796e+05 1.968486086733838893e+05 1.968479993741381913e+05
8.509429362504219171e+03 2.032658993137865618e+05 2.004544143409160315e+05 1.986745197035766614e+05 1.986711580925957242e+05 1.969759110475187772e+05 1.969726662471021409e+05 1.969701654654147569e+05 1.969686969008104643e+05 1.969674094067373080e+05 1.969664856286633003e+05 1.969656999986519804e+05 1.969642429556560528e+05 1.969631583410716848e+05 1.969622581702484458e+05 1.969615980490059010e+05
8.559429362504219171e+03 2.031588961585275247e+05 2.003655131315414037e+05 1.985820190511571709e+05 1.985789136479381414e+05 1.967790982108196476e+05 1.967761454830391158e+05 1.967739685032050766e+05 1.967728379666029359e+05 1.967717901941294258e+05 1.967709290032179561e+05 1.967698891419489810e+05 1.967689193331716524e+05 1.967679781582432915e+05 1.967671038208423706e+05 1.967664859683617251e+05
8.609429362504219171e+03 2.030803677080017806e+05 2.002720568210238707e+05 1.984870875922119594e+05 1.984842595600275672e+05 1.970661391689714801e+05 1.970636062938745599e+05 1.970617747603876051e+05 1.970607523716787400e+05 1.970597792844584910e+05 1.970589233650044189e+05 1.970579816605259548e+05 1.970571897611749591e+05 1.970563780013077776e+05 1.970556018443428329e+05 1.970550584633661783e+05
8.659429362504219171e+03 2.027498782331206603e+05 1.999262629483407072e+05 1.981609083578659047e+05 1.981582355951276550e+05 1.968556883769082197e+05 1.968535193759052199e+05 1.968519983069173759e+05 1.968511989411414252e+05 1.968504933044399368e+05 1.968499656048847246e+05 1.968492344773603545e+05 1.968487051315760764e+05 1.968481912441719323e+05 1.968476438179190154e+05 1.968472779267936712e+05
8.709429362504219171e+03 2.025506129579911067e+05 1.997379474238984112e+05 1.979512236258956837e+05 1.979486331848053087e+05 1.968991954406556033e+05 1.968971360109329107e+05 1.968956895151488134e+05 1.968949971041014069e+05 1.968943575108267250e+05 1.968937451060757157e+05 1.968931383916833147e+05 1.968926535100259935e+05 1.968921602732125612e+05 1.968916277664653026e+05 1.968912669624692935e+05
8.759429362504219171e+03 2.023835920128776343e+05 1.995571584989077819e+05 1.976686949477441958e+05 1.976663278992028499e+05 1.968827366779380245e+05 1.968808458555303514e+05 1.968795246766667988e+05 1.968789373900863575e+05 1.968783104597784695e+05 1.968778375319415354e+05 1.968771146818251000e+05 1.968766426320082683e+05 1.968761578773410001e+05 1.968756558925796417e+05 1.968753108991396439e+05
8.809429362504219171e+03 2.026723130957125395e+05 1.999830854560239823e+05 1.984532555388213368e+05 1.984505566698568291e+05 1.967803346192204626e+05 1.967785954622359423e+05 1.967772982471267460e+05 1.967769116137401143e+05 1.967761885876758024e+05 1.967756886745690135e+05 1.967750487819536356e+05 1.967745627494298387e+05 1.967741555154687958e+05 1.967735745067367679e+05 1.967732174977769027e+05
8.859429362504219171e+03 2.022779067982871493e+05 1.995560967701592599e+05 1.974462874062676274e+05 1.974434995044578682e+05 1.968552571786530316e+05 1.968544718310904864e+05 1.968537940024840063e+05 1.968533776404731907e+05 1.968528082165275118e+05 1.968523570739924908e+05 1.968517776169694844e+05 1.968513218317161372e+05 1.968509135391897580e+05 1.968504001817271637e+05 1.968500623461149225e+05
8.909429362504219171e+03 2.020229625996896357e+05 1.991578045771562611e+05 1.973304485940344748e+05 1.973270442291697836e+05 1.967899130545121734e+05 1.967889196517384844e+05 1.967880310224660207e+05 1.967873408806800144e+05 1.967866483463929617e+05 1.967860613446286297e+05 1.967853086445691297e+05 1.967847180639240541e+05 1.967841506632783567e+05 1.967834851119738887e+05 1.967830378786577494e+05
8.959429362504219171e+03 2.018064203623331559e+05 1.990165715807309607e+05 1.974638417936111509e+05 1.974545818249470612e+05 1.968625688554649532e+05 1.968602774097315851e+05 1.968586638585661422e+05 1.968579594531464973e+05 1.968572100544289860e+05 1.968566038405024447e+05 1.968556625639885315e+05 1.968550098441159935e+05 1.968544564185828494e+05 1.968537065217497002e+05 1.968532390040829196e+05
9.009429362504219171e+03 2.016677435630302643e+05 1.988543844432662008e+05 1.969073755609057844e+05 1.967843219100947026e+05 1.967727737301045272e+05 1.967702878495123587e+05 1.967682056610788277e+05 1.967665241358314524e+05 1.967651251033073931e+05 1.967641347113742377e+05 1.967628278724612319e+05 1.967619386831440788e+05 1.967610995482640574e+05 1.967599560204650625e+05 1.967592367242798209e+05
9.059429362504219171e+03 2.015526936672501906e+05 1.987787546564822842e+05 1.972275395435704268e+05 1.969021676758791436e+05 1.967511632449515164e+05 1.967486636948301166e+05 1.967466089091050089e+05 1.967453688236369053e+05 1.967443175971970777e+05 1.967433499676569481e+05 1.967423504282877839e+05 1.967414634168451303e+05 1.967405380034364644e+05 1.967395774405532575e+05 1.967389019417960080e+05
9.109429362504219171e+03 2.012891439394744521e+05 1.985716736736992025e+05 1.971923004047342693e+05 1.969957526873122843e+05 1.969197262759855948e+05 1.969171731911279785e+05 1.969150311453405884e+05 1.969136304718563915e+05 1.969124782317299687e+05 1.969114315419440973e+05 1.969103540268625948e+05 1.969093976036181848e+05 1.969083710052011884e+05 1.969073265292760334e+05 1.969065818002170708e+05
9.159429362504219171e+03 2.011676885432468844e+05 1.984041292387822468e+05 1.969424563959534862e+05 1.968469977411316067e+05 1.968405398569760146e+05 1.968378971747460891e+05 1.968357138625835069e+05 1.968342949075004435e+05 1.968331150069884316e+05 1.968320415069433220e+05 1.968309354519911285e+05 1.968299529938603519e+05 1.968288976636289153e+05 1.968278256706342509e+05 1.968270579555917066e+05
9.209429362504219171e+03 2.010679568789082405e+05 1.982526787658865505e+05 1.968141325510685565e+05 1.967189832448785019e+05 1.967162238572724455e+05 1.967136282019318314e+05 1.967115853051427111e+05 1.967102093849509256e+05 1.967090247947453463e+05 1.967079452467518859e+05 1.967068267646188615e+05 1.967058309258421941e+05 1.967047677979244327e+05 1.967036854520730267e+05 1.967029065666741808e+05
9.259429362504219171e+03 2.009485661150228698e+05 1.981491021746291663e+05 1.966379197634476004e+05 1.965410213634927350e+05 1.965383580738833989e+05 1.965358528554552177e+05 1.965338835725469107e+05 1.965325624580115255e+05 1.965314046309074620e+05 1.965303347634853562e+05 1.965292240717590321e+05 1.965282290384936496e+05 1.965271739786815306e+05 1.965260999816033000e+05 1.965253221897484618e+05
9.309429362504219171e+03 2.008154690386303409e+05 1.980213398131515714e+05 1.965077034270387376e+05 1.964103291542615916e+05 1.964077140246931231e+05 1.964052475583478808e+05 1.964033084107840841e+05 1.964020130159417458e+05 1.964008758575230022e+05 1.963998152792048058e+05 1.963987130710265483e+05 1.963977208032467752e+05 1.963966736215163255e+05 1.963956108534899540e+05 1.963948358803823066e+05
9.359429362504219171e+03 2.006889328782010125e+05 1.979110686893159582e+05 1.964258441042543564e+05 1.963227078101042134e+05 1.963201301188300131e+05 1.963177004485800571e+05 1.963157963031867985e+05 1.963145257283166866e+05 1.963134003356336616e+05 1.963123473100498377e+05 1.963112490980939765e+05 1.963102619335514028e+05 1.963092166258709622e+05 1.963081519781841780e+05 1.963073813706137298e+05
9.409429362504219171e+03 2.005460684080315114e+05 1.977706359597880510e+05 1.964036671436048055e+05 1.963105854589563387e+05 1.963081738098994829e+05 1.963058978370797995e+05 1.963040974390093470e+05 1.963028897124076320e+05 1.963018085543003981e+05 1.963007771933909098e+05 1.962997005495794874e+05 1.962987265611980110e+05 1.962976983428607928e+05 1.962966567840867792e+05 1.962958970700817299e+05
9.459429362504219171e+03 2.004360738032567024e+05 1.976725474341330992e+05 1.963582629910110845e+05 1.962541916574962961e+05 1.962518175934276369e+05 1.962495711992582073e+05 1.962477894453634508e+05 1.962465961928277684e+05 1.962455313469168032e+05 1.962445117865235079e+05 1.962434484946540615e+05 1.962424818159316492e+05 1.962414704672891239e+05 1.962404494569026283e+05 1.962396991081823944e+05
9.509429362504219171e+03 2.002916305591891287e+05 1.975643753814770898e+05 1.964042623774074018e+05 1.963122381381042069e+05 1.963099390649031266e+05 1.963077417857247929e+05 1.963059766859086521e+05 1.963047917805890902e+05 1.963037461354092811e+05 1.963027381810195220e+05 1.963016887023145100e+05 1.963007255853722454e+05 1.962997237862957118e+05 1.962987196778112557e+05 1.962979740909312095e+05
9.559429362504219171e+03 2.001822266886983125e+05 1.974738550659740285e+05 1.963851561796649767e+05 1.962939797750638099e+05 1.962917870147235517e+05 1.962896936678540660e+05 1.962880059072126169e+05 1.962868605987530318e+05 1.962858365891075518e+05 1.962848395150562865e+05 1.962837986000683741e+05 1.962828424671291723e+05 1.962818464772733860e+05 1.962808486573439441e+05 1.962801100612839218e+05
9.609429362504219171e+03 2.000677470340896689e+05 1.973791085461607145e+05 1.963026016557769617e+05 1.961907930857002793e+05 1.961888381146863976e+05 1.961869575401882175e+05 1.961854296457183373e+05 1.961843930519691203e+05 1.961836618543682271e+05 1.961831124205870146e+05 1.961824755930967513e+05 1.961818965599780786e+05 1.961813005864443548e+05 1.961807104643408966e+05 1.961802712160456576e+05
9.659429362504219171e+03 2.001318610655945959e+05 1.974153310512109892e+05 1.963429639367151249e+05 1.962357777540921816e+05 1.962339632116377470e+05 1.962322690925256175e+05 1.962309488714339677e+05 1.962300757820471190e+05 1.962293774194453727e+05 1.962288072267423850e+05 1.962281949155535840e+05 1.962276475448806887e+05 1.962270700632841908e+05 1.962264858774276800e+05 1.962260617315038980e+05
9.709429362504219171e+03 1.999455777885448188e+05 1.972361131246193545e+05 1.960851270090759208e+05 1.959229309848030389e+05 1.959215116444255109e+05 1.959200892697834352e+05 1.959189782429919869e+05 1.959185023386474932e+05 1.959182104932475777e+05 1.959179111864339211e+05 1.959175778385163285e+05 1.959172561041915324e+05 1.959169420277038880e+05 1.959166416645441786e+05 1.959164181355359033e+05
9.759429362504219171e+03 1.997930801375028968e+05 1.971104404770666151e+05 1.960760542371886550e+05 1.958991149617166957e+05 1.958976453207425657e+05 1.958962306317902403e+05 1.958951168581037200e+05 1.958944297169885831e+05 1.958938935936142516e+05 1.958934365409167076e+05 1.958929572675716190e+05 1.958925262825096434e+05 1.958920747032600630e+05 1.958916200677032175e+05 1.958912904145115463e+05
9.809429362504219171e+03 1.999483173278520990e+05 1.972935588362705021e+05 1.960854964510074351e+05 1.959834737604098336e+05 1.959820209502657526e+05 1.959806845891367411e+05 1.959795948891639709e+05 1.959788734125600022e+05 1.959782525462291087e+05 1.959776245148941525e+05 1.959769618500710931e+05 1.959763450148376869e+05 1.959757261068306980e+05 1.959751145336542395e+05 1.959746510485534964e+05
9.859429362504219171e+03 1.998438917026059644e+05 1.972131767146052443e+05 1.960099585175966204e+05 1.960066477944264770e+05 1.960036828434925410e+05 1.960010265070823662e+05 1.959989141245825740e+05 1.959976188043658040e+05 1.959966938061380642e+05 1.959958623632918752e+05 1.959949771178781521e+05 1.959941791146434844e+05 1.959933454872982693e+05 1.959925032344171777e+05 1.959918850654963753e+05
9.909429362504219171e+03 1.998533989039187436e+05 1.972263600107006205e+05 1.958127782190737780e+05 1.958094245858762297e+05 1.958064158319639391e+05 1.958036768493718992e+05 1.958014385404890345e+05 1.958000207211124944e+05 1.957990078200116986e+05 1.957980688026790740e+05 1.957970730477764737e+05 1.957961698251350317e+05 1.957952258314767387e+05 1.957942736328729079e+05 1.957935732531280955e+05
9.959429362504219171e+03 1.998973919389036600e+05 1.972710776864170912e+05 1.957642828873108956e+05 1.957608076200253854e+05 1.957576468457078736e+05 1.957547174659797165e+05 1.957523246228574426e+05 1.957508012464396888e+05 1.957497249170300784e+05 1.957487579555480625e+05 1.957477248456659145e+05 1.957467947198372276e+05 1.957458117747619981e+05 1.957448170873108029e+05 1.957440910651416052e+05
1.000942936250421917e+04 2.000786685817129619e+05 1.974830597175980220e+05 1.958867534523493669e+05 1.958831057036249549e+05 1.958798545455677086e+05 1.958767476980598294e+05 1.958741187557420344e+05 1.958722797945623752e+05 1.958709494581070030e+05 1.958699443530199933e+05 1.958689236124492309e+05 1.958680210695448623e+05 1.958670629917611368e+05 1.958661038950232905e+05 1.958653983073326526e+05
1.005942936250421917e+04 2.002173938763129991e+05 1.977035149354000168e+05 1.961031632662517659e+05 1.960937788154268928e+05 1.960905376790327718e+05 1.960872907813115453e+05 1.960845025363522873e+05 1.960823225343626400e+05 1.960804919588704361e+05 1.960791782765294483e+05 1.960779221185943752e+05 1.960769131344929338e+05 1.960758212788567762e+05 1.960746938803581288e+05 1.960738842384541349e+05
1.010942936250421917e+04 2.004837260029905010e+05 1.980918630558898149e+05 1.962445480705812224e+05 1.961584835769948259e+05 1.961541338276015304e+05 1.961496119950901775e+05 1.961460166809076327e+05 1.961433214950859547e+05 1.961410599529796455e+05 1.961394992164101859e+05 1.961380006517437869e+05 1.961369215529999346e+05 1.961357126571824774e+05 1.961344524683337659e+05 1.961335842332659231e+05
1.015942936250421917e+04 2.011054175134906545e+05 1.988858925385572948e+05 1.969650022365629557e+05 1.966407246690354950e+05 1.966361138728415826e+05 1.966309902433388925e+05 1.966270881769571570e+05 1.966240464521331596e+05 1.966213745551152970e+05 1.966195541683096089e+05 1.966176115737973887e+05 1.966162940699903411e+05 1.966150094997518172e+05 1.966137463235695905e+05 1.966127988547534042e+05
1.020942936250421917e+04 2.032164809594703256e+05 2.015159904469667235e+05 2.004301441414951987e+05 1.995430714716543444e+05 1.986293249766111257e+05 1.982950284354154428e+05 1.982905207328462857e+05 1.982866542686748726e+05 1.982829007031532819e+05 1.982803439082020195e+05 1.982767943195070256e+05 1.982746666451474593e+05 1.982725902826070960e+05 1.982704775235651759e+05 1.982689834714089229e+05
1.025942936250421917e+04 3.197516142550494405e+05 3.187613019876925973e+05 3.167440164931165054e+05 3.151033697660501930e+05 3.147448134621410863e+05 3.133359320016076090e+05 3.121027743480472709e+05 3.120955572109275381e+05 3.120895057104722946e+05 3.120847615582135622e+05 3.120774510748768225e+05 3.120726872919230955e+05 3.120689386612996459e+05 3.120649879779814510e+05 3.120622269020401873e+05
1.030942936250421917e+04 3.274547586649739533e+05 3.271583373110645334e+05 3.261607751871513901e+05 3.254621822921214625e+05 3.240062605596029898e+05 3.232219660779807018e+05 3.232143797323194449e+05 3.232076044942656299e+05 3.232013243966658483e+05 3.231961714287449140e+05 3.231879355256583658e+05 3.231821759607761051e+05 3.231775083935135044e+05 3.231723703147260239e+05 3.231689643583232537e+05
1.035942936250421917e+04 3.202403939750417485e+05 3.202306424896796816e+05 3.201995564710820909e+05 3.201710458761307527e+05 3.201628117593343486e+05 3.201565038165619480e+05 3.201502642614239012e+05 3.201437615031686728e+05 3.201377472967019421e+05 3.201331826006404008e+05 3.201268605633941479e+05 3.201226697935981792e+05 3.201190645456196507e+05 3.201150851910387282e+05 3.201124002728408086e+05
1.041135807344171917e+04 3.084033188990090275e+05 3.084031773895386141e+05 3.084345673283475917e+05 3.084384316127394559e+05 3.084344814559596707e+05 3.084315075101698167e+05 3.084283966794397566e+05 3.084252295104407822e+05 3.084222005168183241e+05 3.084196548122107051e+05 3.084156111358882044e+05 3.084125328193436726e+05 3.084095353236628580e+05 3.084064620095504215e+05 3.084041797890014132e+05
1.046135807344171917e+04 2.907581602938374854e+05 2.907574578581518726e+05 2.907892442766902386e+05 2.907931855991625343e+05 2.907879760698482860e+05 2.907848206429356942e+05 2.907815306318280636e+05 2.907781516380168032e+05 2.907752006657971651e+05 2.907720602163062431e+05 2.907679408874307992e+05 2.907646991349784075e+05 2.907616236083006370e+05 2.907582360466062091e+05 2.907559104229043005e+05
1.051135807344171917e+04 2.603116193710943917e+05 2.603082048880748916e+05 2.603144863533641910e+05 2.603129240840407147e+05 2.603095560222378408e+05 2.603065647416080174e+05 2.603036221983745927e+05 2.603007084521653305e+05 2.602979799348120578e+05 2.602952549700740492e+05 2.602920612513926753e+05 2.602893209410890122e+05 2.602867245527697087e+05 2.602839252717907948e+05 2.602818514802183490e+05
1.056135807344171917e+04 2.335860549179418886e+05 2.335833530356458505e+05 2.335859209275736066e+05 2.335841229999361385e+05 2.335817289854726987e+05 2.335794447108987661e+05 2.335772555397440156e+05 2.335751302479010192e+05 2.335730569340228976e+05 2.335710416742751841e+05 2.335688390834061429e+05 2.335667764670058386e+05 2.335647814250054071e+05 2.335627026169900491e+05 2.335610973673943954e+05
1.061135807344171917e+04 2.215128209793998394e+05 2.215092337572077522e+05 2.215055870416135294e+05 2.215030385282892676e+05 2.215008679452825745e+05 2.214987132188871037e+05 2.214966636053315888e+05 2.214946007598771248e+05 2.214925681523972889e+05 2.214907251647193043e+05 2.214887960572805314e+05 2.214869624887839600e+05 2.214852348578290839e+05 2.214834162989697652e+05 2.214820002631483076e+05
1.066135807344171917e+04 2.179352885190677480e+05 2.178994182351605559e+05 2.178939937553810305e+05 2.178898434934782272e+05 2.178865013701165444e+05 2.178834298360117245e+05 2.178805695756691275e+05 2.178778157014770259e+05 2.178751597464952501e+05 2.178729762618276000e+05 2.178708263868745125e+05 2.178690307815106644e+05 2.178673959323095332e+05 2.178656812955733913e+05 2.178643243163916923e+05
1.071135807344171917e+04 2.161231987807881669e+05 2.159444779413444339e+05 2.159393033766336157e+05 2.159351928635731165e+05 2.159318436663290486e+05 2.159286938290606486e+05 2.159257370083026763e+05 2.159228880070130981e+05 2.159201610475166235e+05 2.159179230838890653e+05 2.159157046619461325e+05 2.159138952729952289e+05 2.159122671010293125e+05 2.159105691585998284e+05 2.159092470332403318e+05
1.076135807344171917e+04 2.139290976169629430e+05 2.136220119948388892e+05 2.136168300685327267e+05 2.136127102306435700e+05 2.136094096780225227e+05 2.136063781702473061e+05 2.136035068197122600e+05 2.136007625898301485e+05 2.135981453041852801e+05 2.135959957303109986e+05 2.135938785197788384e+05 2.135921368910673482e+05 2.135905571698708809e+05 2.135889172038877441e+05 2.135876425790661888e+05
1.081135807344171917e+04 2.127298415161544108e+05 2.124782773752087960e+05 2.124728791213734366e+05 2.124686236048785795e+05 2.124652951601872919e+05 2.124622834544749639e+05 2.124594405232567224e+05 2.124567371793788043e+05 2.124541474765622115e+05 2.124520189221989422e+05 2.124499146416802832e+05 2.124482167429138499e+05 2.124466648022044392e+05 2.124450622216929332e+05 2.124438103481432772e+05
1.082635807344171917e+04 2.122876732530625304e+05 2.116903486429846089e+05 2.116841894796942361e+05 2.116799153232479293e+05 2.116765571573894413e+05 2.116735315423844440e+05 2.116706723444249074e+05 2.116679689184198505e+05 2.116653790470508975e+05 2.116632555995501461e+05 2.116611531834813359e+05 2.116594747363366187e+05 2.116579423633849656e+05 2.116563494777101441e+05 2.116551049335354764e+05
1.082637067109796953e+04 2.111348293577992008e+05 2.111423246367150859e+05 2.112804730244866223e+05 2.113706956084636040e+05 2.114100842731728044e+05 2.114177557358591293e+05 2.114237769347856811e+05 2.114281437755673542e+05 2.114315414375535620e+05 2.114355941560379870e+05 2.114391278697270900e+05 2.114410076616201550e+05 2.114426055481491203e+05 2.114439107923057745e+05 2.114449796223052836e+05
1.082637067109796953e+04 2.111348293577992008e+05 2.111423246367150859e+05 2.112804730244866223e+05 2.113706956084636040e+05 2.114100842731728044e+05 2.114177557358591293e+05 2.114237769347856811e+05 2.114281437755673542e+05 2.114315414375535620e+05 2.114355941560379870e+05 2.114391278697270900e+05 2.114410076616201550e+05 2.114426055481491203e+05 2.114439107923057745e+05 2.114449796223052836e+05
1.087639078809913008e+04 2.061859022460352280e+05 2.061832552965711802e+05 2.061818072585931222e+05 2.061794497508356581e+05 2.061774497617724410e+05 2.061757763254107267e+05 2.061741904575473745e+05 2.061726276546852023e+05 2.061710926721055876e+05 2.061695781196077005e+05 2.061680045599377772e+05 2.061664902550468978e+05 2.061650156269355502e+05 2.061634913492245541e+05 2.061623144224925491e+05
1.092639088556911520e+04 2.056071451215037087e+05 2.056042474417046178e+05 2.056014873682316975e+05 2.055988779505475832e+05 2.055968484033813293e+05 2.055952012308565027e+05 2.055936509782993526e+05 2.055921297601040860e+05 2.055906426987119776e+05 2.055891438438454352e+05 2.055875664862656267e+05 2.055860806434294791e+05 2.055846347757607582e+05 2.055831330142009247e+05 2.055819718977190205e+05
1.097312682755692185e+04 2.051577568804256443e+05 2.051541843014450569e+05 2.051534098515250953e+05 2.051509810646552651e+05 2.051489924203793344e+05 2.051473655124971992e+05 2.051458274853079347e+05 2.051443331228580792e+05 2.051428668356427515e+05 2.051414046587774064e+05 2.051398823222901556e+05 2.051384311355109385e+05 2.051370119285420806e+05 2.051355479386530060e+05 2.051344166147521173e+05
1.097322682755692222e+04 2.051633466490179708e+05 2.051612084617949731e+05 2.051619823382138275e+05 2.051603009347068146e+05 2.051586032966340135e+05 2.051570430661625287e+05 2.051555577598735108e+05 2.051541067288328777e+05 2.051526765050511167e+05 2.051512614617278450e+05 2.051497932240188529e+05 2.051483761933505884e+05 2.051469890417064307e+05 2.051455549215367064e+05 2.051444480965818220e+05
1.197887609513521602e+04 2.073394858462268603e+05 2.073371590349664330e+05 2.073356438378441962e+05 2.073344781885926495e+05 2.073330994455683976e+05 2.073317151352738147e+05 2.073303224364588386e+05 2.073288624803228886e+05 2.073274506471737986e+05 2.073261129635983962e+05 2.073246032113309484e+05 2.073232930353191041e+05 2.073220586461871862e+05 2.073207527047459735e+05 2.073197429095064581e+05
1.287887609513521602e+04 2.080952541958175716e+05 2.080929596841633611e+05 2.080917735172446410e+05 2.080906711431189615e+05 2.080893493621597881e+05 2.080880072097283264e+05 2.080866760570824554e+05 2.080852833961808938e+05 2.080839770655978064e+05 2.080827532972368062e+05 2.080814050442338921e+05 2.080801382941065822e+05 2.080789256789081264e+05 2.080776755484025052e+05 2.080767090088763507e+05
1.377887609513521602e+04 2.087260655540519801e+05 2.087238287437540712e+05 2.087228332695323625e+05 2.087214158094199083e+05 2.087199084155888122e+05 2.087183451248091296e+05 2.087168215154398058e+05 2.087153252653548843e+05 2.087138193551765580e+05 2.087125231653678638e+05 2.087111153294557880e+05 2.087098343833294348e+05 2.087086367512026336e+05 2.087073694307131809e+05 2.087063861259816331e+05
1.467887609513521602e+04 2.101052132030733628e+05 2.101029840578595176e+05 2.101017218821381684e+05 2.101002553935094620e+05 2.100987492235031677e+05 2.100973873317580728e+05 2.100961346443932853e+05 2.100949699348015129e+05 2.100938568352604634e+05 2.100929588082564878e+05 2.100919540392710478e+05 2.100909467814272502e+05 2.100900236750260810e+05 2.100890179787885863e+05 2.100882365507949144e+05
1.557887609513521602e+04 2.096845476729548536e+05 2.096838431548570516e+05 2.096838932476139162e+05 2.096835936713706760e+05 2.096832505159984285e+05 2.096828621072350070e+05 2.096825840846606588e+05 2.096822235242196184e+05 2.096819052412665915e+05 2.096815651342072524e+05 2.096811689524000394e+05 2.096808049010304676e+05 2.096804539740259643e+05 2.096800956682601827e+05 2.096798175977909414e+05
1.561165533963521375e+04 2.096316916713837709e+05 2.096310059120845399e+05 2.096311291308227519e+05 2.096308727381885692e+05 2.096305531684546440e+05 2.096301779458221281e+05 2.096299141991795041e+05 2.096295955530073552e+05 2.096293404873422987e+05 2.096290859193603683e+05 2.096287547863474465e+05 2.096284048618102970e+05 2.096280600713247259e+05 2.096277076786930265e+05 2.096274351777186675e+05
1.561166783963521448e+04 2.057290260478056152e+05 2.057891028270258103e+05 2.065713343865634233e+05 2.066874830592774379e+05 2.067621602134861168e+05 2.067646407401038450e+05 2.067814047415267851e+05 2.067898880153579521e+05 2.068001374613145890e+05 2.068380703166860039e+05 2.068595162642303330e+05 2.068685996609766735e+05 2.068781881539164169e+05 2.068876224016507040e+05 2.068956058108775760e+05
1.561176783963521484e+04 2.093723469750086078e+05 2.093757446552351466e+05 2.093639051078836783e+05 2.093628665205001598e+05 2.093628300758448895e+05 2.093626933756550425e+05 2.093622992281639599e+05 2.093620038424325467e+05 2.093615323866497492e+05 2.093604867484191782e+05 2.093588237606096664e+05 2.093582863196692779e+05 2.093576453250877385e+05 2.093569645508698013e+05 2.093563699498772912e+05
1.647741710721322670e+04 2.071488982307759870e+05 2.071477546256929345e+05 2.071466951081074949e+05 2.071457533822199912e+05 2.071447518468716298e+05 2.071436838592484128e+05 2.071424690296980261e+05 2.071413999675220984e+05 2.071402104353549075e+05 2.071391675401314569e+05 2.071379805684094899e+05 2.071369901451233309e+05 2.071360423436224228e+05 2.071350572062106803e+05 2.071342915842045331e+05
1.737741710721322670e+04 2.063068702638586401e+05 2.063055907777577813e+05 2.063043547104071185e+05 2.063032364798072085e+05 2.063020185060408839e+05 2.063007716210368089e+05 2.062994589947721106e+05 2.062981398266132746e+05 2.062968522015123162e+05 2.062956646946030087e+05 2.062943288351429510e+05 2.062931922492724843e+05 2.062921403953112895e+05 2.062910595693275682e+05 2.062902136945330130e+05
1.827741710721322670e+04 2.056630707406846050e+05 2.056615681617143564e+05 2.056600685528224276e+05 2.056587077562208287e+05 2.056572795484499075e+05 2.056557813572921441e+05 2.056543003247909946e+05 2.056528782320573810e+05 2.056514095369665301e+05 2.056500823283625068e+05 2.056486042426541680e+05 2.056473423702428117e+05 2.056461621256723884e+05 2.056449240479051950e+05 2.056439490218570281e+05
1.917839366971322670e+04 2.067743023817044741e+05 2.067722359783492284e+05 2.067699942520782351e+05 2.067681013118973642e+05 2.067662238424806274e+05 2.067642427145917027e+05 2.067622709509888955e+05 2.067603563461918966e+05 2.067584310398284579e+05 2.067569143868745887e+05 2.067552710002585954e+05 2.067537987338327221e+05 2.067523809598083608e+05 2.067509087970990513e+05 2.067497666445321229e+05
2.008086380063363686e+04 2.079832691364116617e+05 2.079809170585811953e+05 2.079784026374728419e+05 2.079762854027523426e+05 2.079744156233045214e+05 2.079723762181663187e+05 2.079703448917382630e+05 2.079684121014887933e+05 2.079664112042099005e+05 2.079647037162529014e+05 2.079627675131808501e+05 2.079611221148921468e+05 2.079595881310878322e+05 2.079579897810179973e+05 2.079567456593395909e+05
2.097380606137562063e+04 2.095652952645182959e+05 2.095622464112324233e+05 2.095591527591205086e+05 2.095568110112711729e+05 2.095548522387097182e+05 2.095527165167969069e+05 2.095505823029798921e+05 2.095484784179440758e+05 2.095462566845895490e+05 2.095440303501178278e+05 2.095412454379177943e+05 2.095392482654018095e+05 2.095374224720840575e+05 2.095354079824700311e+05 2.095338194213787792e+05
2.187509512387562063e+04 2.086030884541117412e+05 2.085993218008958793e+05 2.085959855218271841e+05 2.085939450570220943e+05 2.085920517037171521e+05 2.085901113749169454e+05 2.085881465236516960e+05 2.085862095178505406e+05 2.085842376023470424e+05 2.085824223053365422e+05 2.085803678243229806e+05 2.085785767493327439e+05 2.085768544580134330e+05 2.085750809295387880e+05 2.085736996090164757e+05
2.277509512387562063e+04 2.107861189629739965e+05 2.107828811921193847e+05 2.107800978555989568e+05 2.107783684509399754e+05 2.107766552427944844e+05 2.107748512259279960e+05 2.107730532999009592e+05 2.107713232878591807e+05 2.107695251988663222e+05 2.107678734397293301e+05 2.107661443973988353e+05 2.107645634743431001e+05 2.107630550075000501e+05 2.107615315825185680e+05 2.107603352223174297e+05
2.367509512387562063e+04 2.119112323743029556e+05 2.119093078791096341e+05 2.119073314871195180e+05 2.119056772847005923e+05 2.119039786658979137e+05 2.119021580470684858e+05 2.119004172746562399e+05 2.118988120173698990e+05 2.118970870796102099e+05 2.118957089429671760e+05 2.118942722123190761e+05 2.118927934145215841e+05 2.118914043452102924e+05 2.118900008942870481e+05 2.118888989443136088e+05
2.457509512387562063e+04 2.135297449919613136e+05 2.135279195933177834e+05 2.135258717530494614e+05 2.135240484035798581e+05 2.135223497597043752e+05 2.135205217031117645e+05 2.135187059571875725e+05 2.135169182018555584e+05 2.135150832388689159e+05 2.135132653091265238e+05 2.135111790921695938e+05 2.135093769202000694e+05 2.135076706456973043e+05 2.135058593182666227e+05 2.135044446425202768e+05
2.525509512387562063e+04 2.137613339790999889e+05 2.137592361013569171e+05 2.137571131743432488e+05 2.137553343131757865e+05 2.137536576953969488e+05 2.137518765590966213e+05 2.137500766670409939e+05 2.137483246531289187e+05 2.137465108824696508e+05 2.137449266810074332e+05 2.137431810038359836e+05 2.137414654709383904e+05 2.137398396129254834e+05 2.137381347423250554e+05 2.137368167689302645e+05
