TIME P_Ch3_mesh1 P_Ch3_mesh2 P_Ch3_mesh3 P_Ch3_mesh4 P_Ch3_mesh5 P_Ch3_mesh6 P_Ch3_mesh7 P_Ch3_mesh8 P_Ch3_mesh9 P_Ch3_mesh10 P_Ch3_mesh11 P_Ch3_mesh12 P_Ch3_mesh13 P_Ch3_mesh14 P_Ch3_mesh15 
0.000000000000000000e+00 1.594247949001022801e+07 1.593442533805396780e+07 1.591668893332055397e+07 1.589743324815772660e+07 1.588959095089949667e+07 1.587061452796534821e+07 1.585153053388138488e+07 1.583182744595946558e+07 1.582394441878006794e+07 1.580449994450080208e+07 1.578493648300473578e+07 1.576472468395829201e+07 1.575677890958294831e+07 1.573633927348280326e+07 1.572389676600678638e+07
5.000040000000043960e+01 7.707659711751390249e+06 7.705734487367804162e+06 7.703135037595318630e+06 7.700585563089141622e+06 7.698316957775013521e+06 7.695891419346544892e+06 7.693514258015232161e+06 7.691169303416279145e+06 7.689114656176293269e+06 7.686854126739581116e+06 7.684626027146357112e+06 7.682417343206213787e+06 7.680527602890289389e+06 7.678325893589216284e+06 7.676723522246752866e+06
1.000003999999985922e+02 7.276293550099576823e+06 7.274411877375101671e+06 7.272432690380969085e+06 7.271360882363548502e+06 7.270620085138642229e+06 7.270103492004395463e+06 7.269665528384267353e+06 7.269249437972938642e+06 7.268808273295160383e+06 7.268407056278000586e+06 7.267991360251642764e+06 7.267556845936914906e+06 7.267062652961400338e+06 7.266495090527893975e+06 7.266093892315661535e+06
1.502405034099261059e+02 6.339281595751212910e+06 6.337499293464043178e+06 6.335202505193058401e+06 6.333251838295013644e+06 6.331519523835611530e+06 6.329943952238313854e+06 6.328512602654539980e+06 6.327207504007216543e+06 6.325996306632875465e+06 6.324847859595426358e+06 6.323779179024080746e+06 6.322779376479014754e+06 6.321857744032625109e+06 6.320926312272575684e+06 6.319946055544738658e+06
2.004200391960640388e+02 4.436737236340739764e+06 4.435125560456734151e+06 4.432976356032085605e+06 4.431223695013533346e+06 4.429690679239171557e+06 4.428310566806267947e+06 4.427062659547907300e+06 4.425961466516949236e+06 4.424879788637564518e+06 4.424094978644605726e+06 4.423887959208585322e+06 4.423798345777509734e+06 4.423716935773190111e+06 4.423629356733300723e+06 4.423561699546416290e+06
2.553043625042201370e+02 1.277277930659540929e+06 1.275982196391258389e+06 1.274056721065251855e+06 1.272551617962889140e+06 1.271272869309704751e+06 1.270144257812980795e+06 1.269214542459138203e+06 1.268366735306972638e+06 1.267879794157476630e+06 1.267775560286646243e+06 1.267671135608452838e+06 1.267558172110582003e+06 1.267486284863623790e+06 1.267362482473886106e+06 1.267297887045365293e+06
3.053043625042201370e+02 8.715406365394607419e+05 8.688015603165060747e+05 8.653746590703276452e+05 8.620439032675127964e+05 8.587477672729697078e+05 8.558092122167279013e+05 8.534475899229469942e+05 8.514968034581231186e+05 8.498358256059505511e+05 8.483587709626505384e+05 8.470799867216886487e+05 8.458871284118992044e+05 8.449423676170824328e+05 8.438118899003481492e+05 8.429450887125526788e+05
3.553043625042201370e+02 9.609068100598581368e+05 9.582823609816690441e+05 9.549012930687747430e+05 9.516117603222597390e+05 9.483501440827712649e+05 9.451525827265869593e+05 9.422005858846910996e+05 9.396371162476862082e+05 9.374430936907259747e+05 9.355357310827155598e+05 9.338912727506984957e+05 9.324300528559443774e+05 9.312295272914861562e+05 9.299188288798800204e+05 9.289098031048184494e+05
4.053043625042201370e+02 9.696819720343108056e+05 9.669497688212507637e+05 9.635520189259424806e+05 9.602628524512995500e+05 9.571549694651089376e+05 9.544180468011661433e+05 9.520602385579599068e+05 9.499987183606573381e+05 9.481544390232858714e+05 9.464673369438251248e+05 9.449401319444029359e+05 9.435171072996583534e+05 9.422886005904090125e+05 9.409402685439137276e+05 9.398477403188678436e+05
4.553043625042201370e+02 1.053713874303842429e+06 1.050988981988763437e+06 1.047600990691130050e+06 1.044329504771063337e+06 1.041321882043377846e+06 1.038757680026027025e+06 1.036557674653234193e+06 1.034634459238343756e+06 1.032912656741104787e+06 1.031332502120223129e+06 1.029904580991668510e+06 1.028565815648153890e+06 1.027422182405421627e+06 1.026146743718075682e+06 1.025098718854046427e+06
5.053043625042201370e+02 1.064835263928559842e+06 1.062113518089215737e+06 1.058730147471585544e+06 1.055461134096439462e+06 1.052455080733850598e+06 1.049893546466129832e+06 1.047696779378714040e+06 1.045776356828539865e+06 1.044057057286397670e+06 1.042478892137426301e+06 1.041051948600308504e+06 1.039714688724437496e+06 1.038569956908081542e+06 1.037294867348866886e+06 1.036248053461071686e+06
5.553043625042200802e+02 1.062955381707688328e+06 1.060235842535244534e+06 1.056855195817744592e+06 1.053593407848883187e+06 1.050600895400902722e+06 1.048052048705436988e+06 1.045861467651658109e+06 1.043941932619428728e+06 1.042220790225728648e+06 1.040638973255147459e+06 1.039207127561458386e+06 1.037864863872142625e+06 1.036713346248968155e+06 1.035432527432394563e+06 1.034382547258767881e+06
6.053043625042200802e+02 1.058463905668289401e+06 1.055744957672003424e+06 1.052365131188556552e+06 1.049109520118050743e+06 1.046126103372555692e+06 1.043581144865589100e+06 1.041389712900755927e+06 1.039466399104523356e+06 1.037739721985887270e+06 1.036151473840621999e+06 1.034712445885352790e+06 1.033363111922242912e+06 1.032203532737809233e+06 1.030915152437027893e+06 1.029860220095812925e+06
6.591793625042200802e+02 1.050422937244826229e+06 1.047703495799882570e+06 1.044323056287321611e+06 1.041066518112172023e+06 1.038079159312053933e+06 1.035526444105804316e+06 1.033325840957469074e+06 1.031392867102954653e+06 1.029656317329438869e+06 1.028058450979850953e+06 1.026609730418507592e+06 1.025251337448367733e+06 1.024082253122974769e+06 1.022784766400440829e+06 1.021723777485046070e+06
7.091793625042200802e+02 1.041883531526918872e+06 1.039163168890831876e+06 1.035781547868936206e+06 1.032521844945173711e+06 1.029526627969633206e+06 1.026962629110907321e+06 1.024750027408144553e+06 1.022805097610200290e+06 1.021056707516948110e+06 1.019447550758985570e+06 1.017987654529740685e+06 1.016618875323360553e+06 1.015439153766983422e+06 1.014131424990682863e+06 1.013063540248368634e+06
7.591793625042200802e+02 1.032836982520237449e+06 1.030115628961848444e+06 1.026732733719717478e+06 1.023471472871159902e+06 1.020472726956193452e+06 1.017902787339786883e+06 1.015683249555294868e+06 1.013731033392879181e+06 1.011975156465053791e+06 1.010358705173457856e+06 1.008891531158997328e+06 1.007515831431619707e+06 1.006329045896054362e+06 1.005014346298073069e+06 1.003941763719147304e+06
8.091793625042200802e+02 1.003756804122705362e+06 1.001036591897826758e+06 9.976550819542692043e+05 9.944514421285089338e+05 9.915697980241321493e+05 9.891126287441757740e+05 9.869876402009096928e+05 9.851141849967592862e+05 9.834264314070014516e+05 9.818682339505588170e+05 9.804539807690985035e+05 9.791236863000734011e+05 9.779802846788527677e+05 9.767046323594783898e+05 9.756594844527264358e+05
8.591793625042200802e+02 9.590530621069495101e+05 9.563343809955379693e+05 9.529523758500191616e+05 9.497776800342071801e+05 9.469540635685239686e+05 9.445510160473204451e+05 9.424733376068978105e+05 9.406412630720539019e+05 9.389911495519062737e+05 9.374663030519861495e+05 9.360828126874626614e+05 9.347805241104973247e+05 9.336630163188450970e+05 9.324121414055171190e+05 9.313879039877492469e+05
9.091793625042200802e+02 9.094804455426495988e+05 9.067678922842103057e+05 9.033897161418688484e+05 9.003246234530361835e+05 8.976947937926745508e+05 8.954440977650737623e+05 8.934839908549846150e+05 8.917457973862676881e+05 8.901739631438188953e+05 8.887137543547585374e+05 8.873887756154220551e+05 8.861340285554024158e+05 8.850639801898160949e+05 8.838542142270195764e+05 8.828562191648063017e+05
9.591793625042200802e+02 8.669107642795653082e+05 8.641968828403382795e+05 8.608155003450487275e+05 8.577699869681446580e+05 8.551791653774853330e+05 8.529595101888419595e+05 8.510237028584699146e+05 8.493056479377127253e+05 8.477510856274130056e+05 8.463056039086277597e+05 8.449939251882195240e+05 8.437506886395496549e+05 8.426914699179707095e+05 8.414913631799293216e+05 8.405025279467228102e+05
1.009179362504220080e+03 8.297087917956709862e+05 8.269919616172395181e+05 8.236061483424270991e+05 8.205724977535111830e+05 8.180083453293254133e+05 8.158112744140238501e+05 8.138939306598623516e+05 8.121916145822521066e+05 8.106506986089301063e+05 8.092169789334763773e+05 8.079161541699090740e+05 8.066820661801248789e+05 8.056316949041523039e+05 8.044392386856045341e+05 8.034573140924284235e+05
1.059179362504220080e+03 7.894941726666360628e+05 7.867687569383261725e+05 7.834562535877402406e+05 7.806010117213826161e+05 7.782237507666492602e+05 7.761765955848359736e+05 7.743793753430449869e+05 7.727797697848142125e+05 7.713285559807745740e+05 7.699714474629195174e+05 7.687452824168262305e+05 7.675709785862021381e+05 7.665871782119941199e+05 7.654510885384937283e+05 7.645060131458662217e+05
1.109179362504220080e+03 7.444604785849507898e+05 7.417405852711519692e+05 7.384073437393567292e+05 7.355220662702446571e+05 7.331291270588749321e+05 7.310776357043171301e+05 7.292827831429387443e+05 7.276889192777794087e+05 7.262445602439098293e+05 7.248965505199272884e+05 7.236771920504748123e+05 7.225136382509361720e+05 7.215327650408382760e+05 7.204037885834058980e+05 7.194724203645997914e+05
1.159179362504220080e+03 7.022118109890213236e+05 6.994881482088743942e+05 6.961926270408843411e+05 6.933869209496730473e+05 6.910654988304022700e+05 6.890723572032446973e+05 6.873264367192324717e+05 6.857752999453756493e+05 6.843696338487315224e+05 6.830550075076792855e+05 6.818696448501994601e+05 6.807330567881031893e+05 6.797835181829415960e+05 6.786837542797477217e+05 6.777694264365140116e+05
1.209179362504220080e+03 6.554927677163915941e+05 6.527731200302137295e+05 6.494981491042099660e+05 6.467319904034299543e+05 6.444437874860838056e+05 6.424761293516129954e+05 6.407514829083156073e+05 6.392184642233640188e+05 6.378298140133055858e+05 6.365300414666288998e+05 6.353593047467102297e+05 6.342348554073481355e+05 6.332996642929238733e+05 6.322092187205378432e+05 6.313071018281118013e+05
1.259179362504220080e+03 6.270614436708631692e+05 6.243189034686473897e+05 6.210478720720000565e+05 6.183044813315366628e+05 6.160490939888437279e+05 6.141188305494682863e+05 6.124314664001287892e+05 6.109349213326326571e+05 6.095814634655556874e+05 6.083142692987435730e+05 6.071756105254159775e+05 6.060797614981899969e+05 6.051723964795203647e+05 6.041103164964613970e+05 6.032252681957900058e+05
1.309179362504220080e+03 6.023491263756649569e+05 5.996060882728081197e+05 5.962652566755649168e+05 5.934006344266398810e+05 5.910435430431806017e+05 5.890299196327450918e+05 5.872708631947207032e+05 5.857104839533561608e+05 5.842985073666877579e+05 5.829803463857213501e+05 5.817889342900600750e+05 5.806507905295386445e+05 5.796953886385603109e+05 5.785884443438629387e+05 5.776771201953187119e+05
1.359179362504220080e+03 5.866909012126651360e+05 5.839267430113126757e+05 5.804860466031574178e+05 5.773586733686086955e+05 5.746831855088606244e+05 5.724092125722065102e+05 5.704414579968797043e+05 5.687057156486256281e+05 5.671465820084381849e+05 5.657029348310591886e+05 5.643978759560401086e+05 5.631650226633467246e+05 5.621210193979234900e+05 5.609336380359545583e+05 5.599761165000953479e+05
1.409179362504220080e+03 5.904851805817631539e+05 5.877476259560720064e+05 5.843228570030456176e+05 5.813391448085241718e+05 5.789223506133803166e+05 5.768826406928445213e+05 5.751119429836338386e+05 5.735450032759794267e+05 5.721280078138817335e+05 5.708057095114268595e+05 5.696109723901952384e+05 5.684677953495844267e+05 5.675059031051011989e+05 5.663931821304931073e+05 5.654770694726877846e+05
1.459179362504220080e+03 5.515851410472728312e+05 5.488047757526274072e+05 5.453921601448585279e+05 5.424238204709399724e+05 5.399970520049193874e+05 5.379497379993093200e+05 5.361787295667381259e+05 5.346183015354748350e+05 5.332158963836721377e+05 5.319110133561689872e+05 5.307392276664910605e+05 5.296190113314166665e+05 5.286888101610875456e+05 5.276051261873401236e+05 5.267142640275758458e+05
1.509179362504220080e+03 5.238318736398188630e+05 5.210673557075723074e+05 5.177167896154932096e+05 5.148700952841076069e+05 5.125445773314828402e+05 5.105643182716482552e+05 5.088402983077224926e+05 5.073147749389875680e+05 5.059394069123904919e+05 5.046544028937431285e+05 5.035060051735019661e+05 5.023972248342238599e+05 5.014889539540198166e+05 5.004229875383438193e+05 4.995383889393703430e+05
1.559179362504220080e+03 4.939186787010144326e+05 4.910620614048332791e+05 4.877887460734753986e+05 4.851287899918791954e+05 4.829732686422792613e+05 4.811457082597905537e+05 4.795673501038030372e+05 4.781800326953245676e+05 4.769297462601359584e+05 4.757651781933775055e+05 4.747304894886581460e+05 4.737277881779461168e+05 4.729346577029566397e+05 4.719540472943616332e+05 4.711641677104787086e+05
1.609179362504220080e+03 4.654856426974606584e+05 4.627443966831766302e+05 4.594815867962065968e+05 4.567816892044299748e+05 4.545710702715198277e+05 4.526796452584962244e+05 4.510270022238169331e+05 4.495606033720163396e+05 4.482368963096993393e+05 4.469961656375312014e+05 4.458840940644743969e+05 4.448098929409121047e+05 4.439277933911163127e+05 4.428836394948879606e+05 4.420248494558586972e+05
1.659179362504220080e+03 4.439565088937621331e+05 4.412329633861701004e+05 4.378612516236255760e+05 4.349609491365358699e+05 4.325878639031602070e+05 4.305758067909194506e+05 4.288277121820289176e+05 4.272833083887666580e+05 4.258955669092361932e+05 4.246020774538532714e+05 4.234396902238767943e+05 4.223282892920861486e+05 4.214081578962826752e+05 4.203288692677945946e+05 4.194573340417297441e+05
1.709179362504220080e+03 4.205081544386103051e+05 4.177066101391349803e+05 4.144254689940677490e+05 4.117406303008890245e+05 4.095668696179161780e+05 4.077182613957486465e+05 4.061134646497516078e+05 4.046940818319403916e+05 4.034184093125092331e+05 4.022232262260864954e+05 4.011588264399758191e+05 4.001267463779766113e+05 3.992879928390099667e+05 3.982881008300294634e+05 3.974541412359044771e+05
1.759179362504220080e+03 4.017633794597687665e+05 3.990309891672172234e+05 3.956626444570663734e+05 3.927944084495368297e+05 3.904712583127088728e+05 3.885119371826554416e+05 3.868168455872030463e+05 3.853249594807852991e+05 3.839877465403504902e+05 3.827421043637115508e+05 3.816349792616593768e+05 3.805648994521338027e+05 3.796986164854547242e+05 3.786682812802155968e+05 3.778225527055194252e+05
1.809179362504220080e+03 3.855212257322620135e+05 3.827542955342893838e+05 3.793438207485763705e+05 3.764139174601497361e+05 3.740438261397961760e+05 3.720539943017620826e+05 3.703335873212030856e+05 3.688191042708682362e+05 3.674592118794791750e+05 3.661937700953939348e+05 3.650514843707130058e+05 3.639600477289806004e+05 3.630501313781455974e+05 3.619721781377216103e+05 3.611141779980820720e+05
1.859179362504220080e+03 3.725505056235310622e+05 3.698076297771987156e+05 3.664461013909428730e+05 3.635735436809532112e+05 3.612437419282873161e+05 3.592874030653780792e+05 3.575925760932185221e+05 3.561043775927164243e+05 3.547715722126131877e+05 3.535316120229578810e+05 3.524363503145714058e+05 3.513734665883930284e+05 3.505258105085879215e+05 3.495355215391542879e+05 3.487057647103931522e+05
1.909179362504220080e+03 3.584839749577327748e+05 3.556371979502028553e+05 3.521210422349345754e+05 3.489408420525732799e+05 3.462753996301327134e+05 3.440720943271596334e+05 3.422040379762216471e+05 3.405758023096745601e+05 3.391290812014128896e+05 3.377915337061032187e+05 3.365895092736110091e+05 3.354489676261606510e+05 3.344990584718799219e+05 3.333844545425071847e+05 3.325174942752515199e+05
1.959179362504220080e+03 3.494411351863000891e+05 3.468334506728753331e+05 3.433899348715969245e+05 3.402583028509946307e+05 3.376260962912752875e+05 3.354627303247243399e+05 3.336187883889105287e+05 3.320106034011459560e+05 3.305724660309412866e+05 3.292469301241965150e+05 3.280567738702915376e+05 3.269249247710960917e+05 3.259798514969032840e+05 3.248835028496742598e+05 3.240024808994831983e+05
2.009179362504220080e+03 3.403015259908818989e+05 3.374422514802826336e+05 3.339247973232822842e+05 3.308185423893590923e+05 3.283008792868649471e+05 3.262240778185452800e+05 3.244468333642135840e+05 3.228912258737015654e+05 3.214961446103125345e+05 3.202027819492323324e+05 3.190319431447444949e+05 3.179165841292041587e+05 3.169769028384414269e+05 3.158694102937565767e+05 3.150051768196949270e+05
2.059179362504220080e+03 3.328306548733231029e+05 3.300038602440012619e+05 3.265202771782197524e+05 3.234621890178112662e+05 3.209654869747954071e+05 3.189061372621536138e+05 3.171552170748148346e+05 3.156137957657453371e+05 3.142454391756199766e+05 3.129726457466621650e+05 3.118305148218331742e+05 3.107395184896792052e+05 3.098342026004784857e+05 3.087665014219752629e+05 3.079156692257378018e+05
2.109179362504220080e+03 3.236173725507682539e+05 3.207448829360297532e+05 3.171284594619960990e+05 3.135838032616346609e+05 3.101015591601689812e+05 3.066249813022128656e+05 3.034591727917842218e+05 3.008187035792924580e+05 2.986577640922223218e+05 2.967433671636865474e+05 2.950558287504970795e+05 2.935252158607743331e+05 2.922465626009535044e+05 2.907991286717174808e+05 2.897824467188265990e+05
2.159179362504220080e+03 3.140837546003583702e+05 3.113457937998406123e+05 3.078512943086258019e+05 3.044741529140379862e+05 3.013522927066978882e+05 2.987177999527686625e+05 2.965300804460216896e+05 2.946544178149881773e+05 2.930093255726454663e+05 2.915016073234452633e+05 2.901406320359830861e+05 2.888693742041238584e+05 2.877910207923889975e+05 2.865436893567641964e+05 2.856213821728908224e+05
2.209179362504220080e+03 3.087299936947566457e+05 3.058775958942481666e+05 3.023483764126189053e+05 2.989657539080406423e+05 2.959900173677199637e+05 2.936054193083638675e+05 2.916161180709387409e+05 2.899091827808681992e+05 2.884000034889143426e+05 2.870223887665159418e+05 2.857952180026981514e+05 2.846320380195842008e+05 2.836635049780923291e+05 2.825563155626794905e+05 2.816635297439605347e+05
2.259179362504220080e+03 3.085586366863482399e+05 3.057955154204408755e+05 3.023038911373966257e+05 2.989571866973594879e+05 2.959963359657328692e+05 2.936347503311681212e+05 2.916698604824373615e+05 2.899736280965891201e+05 2.884639134077697527e+05 2.870806375191179686e+05 2.858431706114583067e+05 2.846694094243757427e+05 2.836868186107077054e+05 2.825649848274751566e+05 2.816618575954529224e+05
2.309179362504220080e+03 3.131645776742773596e+05 3.103253833826595801e+05 3.068170555095203454e+05 3.037702978621717193e+05 3.013259909641036647e+05 2.992957054481102969e+05 2.975556181120879482e+05 2.960492375792097300e+05 2.947118384384429082e+05 2.934536990732973209e+05 2.923389921443556086e+05 2.912661715965992771e+05 2.903950782569152070e+05 2.893845724414375727e+05 2.885508773057559156e+05
2.359179362504220080e+03 3.167712402838907437e+05 3.138908631062000059e+05 3.103561943825632334e+05 3.072473189344144193e+05 3.047182048023731913e+05 3.026422228061032947e+05 3.008925180895579979e+05 2.993713764461092651e+05 2.980246129984013387e+05 2.967819764979825122e+05 2.956849097540269140e+05 2.946303553024803987e+05 2.937741760434372118e+05 2.927722384605490370e+05 2.919361331507000141e+05
2.409179362504220080e+03 3.176223868476848002e+05 3.147477462118320400e+05 3.112135122245389502e+05 3.081597638016193523e+05 3.057436686252568034e+05 3.037575684216495720e+05 3.020683838749768911e+05 3.005886988247879781e+05 2.992705212828576332e+05 2.980442015595042612e+05 2.969506158735009376e+05 2.959027175521026948e+05 2.950353887290621060e+05 2.940190224374200916e+05 2.931868664071781095e+05
2.459179362504220080e+03 3.186233532788846642e+05 3.157405045677310554e+05 3.121928715613488457e+05 3.090087255761963315e+05 3.063434660497945151e+05 3.041600345611080993e+05 3.023249869553219760e+05 3.007254014391516685e+05 2.993048616776429699e+05 2.979928219600457232e+05 2.968174022278478951e+05 2.956974966094948468e+05 2.947639455161055666e+05 2.936765675254008383e+05 2.928111126712741680e+05
2.509179362504220080e+03 3.193631002990617999e+05 3.165029214051340241e+05 3.129592750233331462e+05 3.095864779620770714e+05 3.066290346159486216e+05 3.042707635661761742e+05 3.023318871870422154e+05 3.006863837059133803e+05 2.992534835667959996e+05 2.979468696407191455e+05 2.968007613842079300e+05 2.957092545142280287e+05 2.948212367633076501e+05 2.937925940663141664e+05 2.929418237079813262e+05
2.559179362504220080e+03 3.196461605963336187e+05 3.167837544028399279e+05 3.132378313484042883e+05 3.098275973683141056e+05 3.067796265133534325e+05 3.043046923991127405e+05 3.022711822207215591e+05 3.005439309410752030e+05 2.990373816377412877e+05 2.976692063887953409e+05 2.964718416103348136e+05 2.953293283128713374e+05 2.944106749760718667e+05 2.933456485774781322e+05 2.924873417256572866e+05
2.609179362504220080e+03 3.224589414390446618e+05 3.196234155853735283e+05 3.160951238770565833e+05 3.129364822935083648e+05 3.102991953245837940e+05 3.080954627474826411e+05 3.062062667022470268e+05 3.045479164736419916e+05 3.030613893260690966e+05 3.016870693585742265e+05 3.004485611045060214e+05 2.992700512551640277e+05 2.982802969634672045e+05 2.971347326631072210e+05 2.962335087591934134e+05
2.659179362504220080e+03 3.273216553455881658e+05 3.244734193867017748e+05 3.209439021127645974e+05 3.177982665166369407e+05 3.151891421957500279e+05 3.130260290257995948e+05 3.111842751893462264e+05 3.095740494386773207e+05 3.081390935799799627e+05 3.068118287760794628e+05 3.056345104490069207e+05 3.044988851913996041e+05 3.035753715627615456e+05 3.024882654308291967e+05 3.016136407852339325e+05
2.709179362504220080e+03 3.337563330046613119e+05 3.309237767957792967e+05 3.274011798642809154e+05 3.242086451806810801e+05 3.215075117345059407e+05 3.192604724152820418e+05 3.173430923263029545e+05 3.156653019031472504e+05 3.141670074168909341e+05 3.127849633878062014e+05 3.115501634700357099e+05 3.103698847282627830e+05 3.093934179723194684e+05 3.082607562764753820e+05 3.073593297696916852e+05
2.759179362504220080e+03 3.404414314815105172e+05 3.376128168714099447e+05 3.340978163974027266e+05 3.309866011628325796e+05 3.284146073487199028e+05 3.262563058202016982e+05 3.244008918136963621e+05 3.227690312526828493e+05 3.213064500863789581e+05 3.199510318181489129e+05 3.187405657546896837e+05 3.175763511849672068e+05 3.166187887635874213e+05 3.154979540486695478e+05 3.146031148185956990e+05
2.809179362504220080e+03 3.463608097303502145e+05 3.435350903383143013e+05 3.400472423754688934e+05 3.370090821535859141e+05 3.345294999453584896e+05 3.324369777710624039e+05 3.306259940104496782e+05 3.290282098225402297e+05 3.275912187770835008e+05 3.262553752060955158e+05 3.250616492293311167e+05 3.239089871316651697e+05 3.229640075416081236e+05 3.218496014013147797e+05 3.209592222099539940e+05
2.859179362504220080e+03 3.496460429287535953e+05 3.468235341738720308e+05 3.433777056510544498e+05 3.404146182188361418e+05 3.379961100888045621e+05 3.359454989301957539e+05 3.341631234519270947e+05 3.325892777573007043e+05 3.311655348606116604e+05 3.298533896983623272e+05 3.286483142195153632e+05 3.275535616415856639e+05 3.265273615765183349e+05 3.256057803605838562e+05 3.244286656974074431e+05
2.909179362504220080e+03 3.545103738334389054e+05 3.516980145542221726e+05 3.483902293728769873e+05 3.456659166936743422e+05 3.434199615866137901e+05 3.414873552246182226e+05 3.397949542386175599e+05 3.382882402666907292e+05 3.369241757235184195e+05 3.356449008627992589e+05 3.345022484949043137e+05 3.333876186536716414e+05 3.324838837441290962e+05 3.314028808288444416e+05 3.306758073257458746e+05
2.959179362504220080e+03 3.488121350397631759e+05 3.460113099211609806e+05 3.426912007648817962e+05 3.399216536143176490e+05 3.376487020531048183e+05 3.357093423065585084e+05 3.340102622817367082e+05 3.325186887708916911e+05 3.311350735954459524e+05 3.299251977056734031e+05 3.296434721266319393e+05 3.296269032765849843e+05 3.296141791464415146e+05 3.295969783666437143e+05 3.295866819671694539e+05
3.009179362504220080e+03 3.371768783053084626e+05 3.343653878732412704e+05 3.311317615446629934e+05 3.285706441751821549e+05 3.264919593914602301e+05 3.247651237627618248e+05 3.231627417336727376e+05 3.225258425141189364e+05 3.225146067294858512e+05 3.225033054068855708e+05 3.224918848606848042e+05 3.224800614840488415e+05 3.224704237108009984e+05 3.224582323571235174e+05 3.224506118291835301e+05
3.059179362504220080e+03 3.249014360801409930e+05 3.220213803794731502e+05 3.187612677643407369e+05 3.161757390665329294e+05 3.140496227882079547e+05 3.124666445059201797e+05 3.122475239296962391e+05 3.122353473735156585e+05 3.122262279949336662e+05 3.122154358000786742e+05 3.122044586431298521e+05 3.121929719501753571e+05 3.121836551549285650e+05 3.121715766329697217e+05 3.121642786859325133e+05
3.109179362504220080e+03 3.301648139323750511e+05 3.274063575850328780e+05 3.240004365995983244e+05 3.210314613469353644e+05 3.185170309696318582e+05 3.163430091045342851e+05 3.142368849199729157e+05 3.127809583971962566e+05 3.126817107435371145e+05 3.126676000957125216e+05 3.126530407384936698e+05 3.126373927861285047e+05 3.126253516828689608e+05 3.126077188237847877e+05 3.125978128041576711e+05
3.159179362504220080e+03 3.352846802634314517e+05 3.325070716231898405e+05 3.291343458569500363e+05 3.262768805172736174e+05 3.239241125042423373e+05 3.218819161731238710e+05 3.201498238016910618e+05 3.183567623092370923e+05 3.173221392972494941e+05 3.172931035785624408e+05 3.172644601260424824e+05 3.172324431368983351e+05 3.172092452860523481e+05 3.171717931494647055e+05 3.171536037648382480e+05
3.209179362504220080e+03 3.480505239497881266e+05 3.452840502827282180e+05 3.417315202112061088e+05 3.382851643203116255e+05 3.348415806071416009e+05 3.314147728675666731e+05 3.279991684755573515e+05 3.245964024987117737e+05 3.211983693502536626e+05 3.178194609073947067e+05 3.144557673065893468e+05 3.114139603742682375e+05 3.093237406499266508e+05 3.077089215352018364e+05 3.066014255707333214e+05
3.259179362504220080e+03 3.265200792850660509e+05 3.236655868892911240e+05 3.200591083024619147e+05 3.165482754729159642e+05 3.130797376902715769e+05 3.096106334668406053e+05 3.061897829776235740e+05 3.030699317943717469e+05 3.005002998764041695e+05 2.983659196673913393e+05 2.965757563309433172e+05 2.950050590473375632e+05 2.937345390413414571e+05 2.923849929606918595e+05 2.913783228009670856e+05
3.309179362504220080e+03 3.154985653974557645e+05 3.126624584325675387e+05 3.091054484975480009e+05 3.056557957252581255e+05 3.022225343989063986e+05 2.988035348755151499e+05 2.956553142815232859e+05 2.930042464337206911e+05 2.907597473456439911e+05 2.888018846980198869e+05 2.870779225607020780e+05 2.855135611305018538e+05 2.841739049269126845e+05 2.827366616254021064e+05 2.816511804502593004e+05
3.359179362504220080e+03 3.062917578439620556e+05 3.034981162945537362e+05 2.999551750748384511e+05 2.965169612042670487e+05 2.930962794692222960e+05 2.897766379684869898e+05 2.868073043075777241e+05 2.843167042087323498e+05 2.821996648827278987e+05 2.803466381362140528e+05 2.787241660404839786e+05 2.772453096293982817e+05 2.760045178607671987e+05 2.746529725682321005e+05 2.736287449422573554e+05
3.409179362504220080e+03 3.086918037976274500e+05 3.058551813309158897e+05 3.022964010106464848e+05 2.988392879345930996e+05 2.954040862838863977e+05 2.921295177172893891e+05 2.892920544914076454e+05 2.869488100302809617e+05 2.849674223809781251e+05 2.832272660847863299e+05 2.816947071964411880e+05 2.802905498503298149e+05 2.790986805009577656e+05 2.777916124026936595e+05 2.767856672354059992e+05
3.459179362504220080e+03 3.083030592491361895e+05 3.054489390111239627e+05 3.019114851143789710e+05 2.985421427752389573e+05 2.955500844001686783e+05 2.930690708376559196e+05 2.909441920420416282e+05 2.890935111313401139e+05 2.874385201798909111e+05 2.859217844359378796e+05 2.845579954209186835e+05 2.832697526292193797e+05 2.821817871666682186e+05 2.809547906672605895e+05 2.799941575165668037e+05
3.509179362504220080e+03 3.086084566691255895e+05 3.057026529827454942e+05 3.021269186929853167e+05 2.986540316710229963e+05 2.952041990962121054e+05 2.919245111985107069e+05 2.890752378285399172e+05 2.866844843020400149e+05 2.846387514680952299e+05 2.828323751013613073e+05 2.812303277708037640e+05 2.797602966114613228e+05 2.785111211475221789e+05 2.771524156978822430e+05 2.761204571852695663e+05
3.559179362504220080e+03 3.104654573955683736e+05 3.075854496960997349e+05 3.040297813515506568e+05 3.005848269339639228e+05 2.974434138264094363e+05 2.948253732709785691e+05 2.926279294737157761e+05 2.907362991127555724e+05 2.890604019816631335e+05 2.875355039188991650e+05 2.861703886419149349e+05 2.848850831952235894e+05 2.838022141421395936e+05 2.825819577477289131e+05 2.816257569934743224e+05
3.609179362504220080e+03 3.140100557948974892e+05 3.111840254405426676e+05 3.076430335115477210e+05 3.042050195143152378e+05 3.008273065736474819e+05 2.977418896773252636e+05 2.951323870167015702e+05 2.929200256590952631e+05 2.909976289139069268e+05 2.892788669755539740e+05 2.877547189540980617e+05 2.863441193865979440e+05 2.851566747391302488e+05 2.838439673606338329e+05 2.828385795105693978e+05
3.659179362504220080e+03 3.111812940994672826e+05 3.083347607910536462e+05 3.047922966716737137e+05 3.013567174718119204e+05 2.981767669261608389e+05 2.954850768292623106e+05 2.932320138108714018e+05 2.912988962064068764e+05 2.895925563267189427e+05 2.880449724996248260e+05 2.866605247463900596e+05 2.853630939973883796e+05 2.842677768111359910e+05 2.830392842385162367e+05 2.820797580856692512e+05
3.709179362504220080e+03 3.154207321574120433e+05 3.125753184926315444e+05 3.090350945048822323e+05 3.056037953034088132e+05 3.024577526380236377e+05 2.998195484451061347e+05 2.976007638859611470e+05 2.956871377517446526e+05 2.939915264081900823e+05 2.924490573367902543e+05 2.910666733353828313e+05 2.897682975254054181e+05 2.886709125969401211e+05 2.874383815357221174e+05 2.864750665426202468e+05
3.759179362504220080e+03 3.192717055462879362e+05 3.164297306680947659e+05 3.128936115593114519e+05 3.095095988367584068e+05 3.064687783231151989e+05 3.039387693944624625e+05 3.017979539022788522e+05 2.999388294265442528e+05 2.982847677445161389e+05 2.967728904834743007e+05 2.954160373046903987e+05 2.941364662061596173e+05 2.930562186330702389e+05 2.918374564016070217e+05 2.908811430643709027e+05
3.809179362504220080e+03 3.224441674358807504e+05 3.196062911294975202e+05 3.160754835665534483e+05 3.127602510433418211e+05 3.098401535376699176e+05 3.074073859877308132e+05 3.053357996025644825e+05 3.035263092184438719e+05 3.019105061279586516e+05 3.004272668993143016e+05 2.990944984750459553e+05 2.978329274030572851e+05 2.967691645371835330e+05 2.955637382779505569e+05 2.946144641976116109e+05
3.859179362504220080e+03 3.252831519227346289e+05 3.224498297636880307e+05 3.189251405458551017e+05 3.156854951173704467e+05 3.128897261562571512e+05 3.105472332394291298e+05 3.085395340141290217e+05 3.067768337769609643e+05 3.051971699952910421e+05 3.037413595799587783e+05 3.024317221260464867e+05 3.011876203780117212e+05 3.001398562688761740e+05 2.989475928690223955e+05 2.980052684994561714e+05
3.909179362504220080e+03 3.280693711981792003e+05 3.252396226540992502e+05 3.217205320139324176e+05 3.185452481013151701e+05 3.158529530720817274e+05 3.135828405018390040e+05 3.116258669007181888e+05 3.099006309505076497e+05 3.083497130109701538e+05 3.069156867752039689e+05 3.056244824723218335e+05 3.043940017709491658e+05 3.033590245455112890e+05 3.021770215056570596e+05 3.012398688846805599e+05
3.959179362504220080e+03 3.311064127964033978e+05 3.282792028808026807e+05 3.247653966803346993e+05 3.216339675098861917e+05 3.190108752022582921e+05 3.167881608540083398e+05 3.148637048942949623e+05 3.131621050717170001e+05 3.116288854934751289e+05 3.102078699422539794e+05 3.089273958641209174e+05 3.077044579680447932e+05 3.066764386637186399e+05 3.054997480199260172e+05 3.045647585381894605e+05
4.009179362504220080e+03 3.339949540741097881e+05 3.311701673464138294e+05 3.276967266773265437e+05 3.246597957703864085e+05 3.221467525458759628e+05 3.200053432996732299e+05 3.181370534301856533e+05 3.164797855248896522e+05 3.149803252743487246e+05 3.135860701841315022e+05 3.123286842302172445e+05 3.111228500799330068e+05 3.101119575827012886e+05 3.089493270145273418e+05 3.080207994022301864e+05
4.059179362504220080e+03 3.362811110639176331e+05 3.334570463960926863e+05 3.300032099870573729e+05 3.270025541040812386e+05 3.245221319914401392e+05 3.224058115320954239e+05 3.205572516913004220e+05 3.189165787451328943e+05 3.174314089196446002e+05 3.160489379474940943e+05 3.148032444248097017e+05 3.136053418223612825e+05 3.126058547354181646e+05 3.114453262590512750e+05 3.105237366622955888e+05
4.109179362504220080e+03 3.415638823133141850e+05 3.387407622615995933e+05 3.353776807222799398e+05 3.325296208329874207e+05 3.301536103279025410e+05 3.281034183819304453e+05 3.262971835765017313e+05 3.246869901121582370e+05 3.232180122145147179e+05 3.218563309468717198e+05 3.205997142462321790e+05 3.194497442622509552e+05 3.183700957140132086e+05 3.173888118994376273e+05 3.161563546993730706e+05
4.159179362504220080e+03 3.450581229659137898e+05 3.422430078694659751e+05 3.389097256058243220e+05 3.361085203809798113e+05 3.337746312741332222e+05 3.317589567715523299e+05 3.299832074438330019e+05 3.284006434220199008e+05 3.269548187692666543e+05 3.256193229136136943e+05 3.243727081549004652e+05 3.232630611646734760e+05 3.221552884225378511e+05 3.212752952783714281e+05 3.212184559278353117e+05
4.209179362504220080e+03 3.431342463660654030e+05 3.403276295245888177e+05 3.370149791604793863e+05 3.342619589423409197e+05 3.319733642975894036e+05 3.299951066542326007e+05 3.282527915258774301e+05 3.267038270995949861e+05 3.252731046549289604e+05 3.239930577851399430e+05 3.226909008332778467e+05 3.217710323045438854e+05 3.216970424795823055e+05 3.216777915599901462e+05 3.216663377586909919e+05
4.259179362504220080e+03 3.329564915464409860e+05 3.301507640151195810e+05 3.268450397052647895e+05 3.241100502842604183e+05 3.218423536700319382e+05 3.198729614800660056e+05 3.181784766452339827e+05 3.165419672380287084e+05 3.153966500601348816e+05 3.153246823073729174e+05 3.153122467930116691e+05 3.152993625077512115e+05 3.152890550220789737e+05 3.152757770496594021e+05 3.152675324444564758e+05
4.309179362504220080e+03 3.250553012608667486e+05 3.222359239066675073e+05 3.189242997009703540e+05 3.161786813592909020e+05 3.138992284968831809e+05 3.119621300188066671e+05 3.101485148526699631e+05 3.093422249025459751e+05 3.093338655382842408e+05 3.093244564370841836e+05 3.093150367320664227e+05 3.093052408454783726e+05 3.092969091918572085e+05 3.092867949441329692e+05 3.092803594707256416e+05
4.359179362504220080e+03 3.184670023880461231e+05 3.156558037390310783e+05 3.123521977062992519e+05 3.096281554237372475e+05 3.073728475478779874e+05 3.054181580977942795e+05 3.037321606769892387e+05 3.032733756096860743e+05 3.032653428375879303e+05 3.032561313129609916e+05 3.032467300723395892e+05 3.032366774061955512e+05 3.032281129847469274e+05 3.032176534049026086e+05 3.032115210800420609e+05
4.409179362504220080e+03 3.156064600621874561e+05 3.127956113073936431e+05 3.094803024849382346e+05 3.067264881880687899e+05 3.044412162938834517e+05 3.024564740477841697e+05 3.007505486390970182e+05 3.002997188941623899e+05 3.002917452875086456e+05 3.002824646344313514e+05 3.002728719650680432e+05 3.002624432327356189e+05 3.002535039039178519e+05 3.002425303660816862e+05 3.002370059573925682e+05
4.459179362504220080e+03 3.130627592491153628e+05 3.102157206881174352e+05 3.069014401966606965e+05 3.041732971672436688e+05 3.019163806671721977e+05 2.999832257009615423e+05 2.982421770403808914e+05 2.976393961714130128e+05 2.976312906789449044e+05 2.976215553387401742e+05 2.976113245703639695e+05 2.976000000897433492e+05 2.975903225215082057e+05 2.975782600651226821e+05 2.975726093875176157e+05
4.509179362504220080e+03 3.135766327954874141e+05 3.107774170635423507e+05 3.074423080908046104e+05 3.046350733378498117e+05 3.022717497608828708e+05 3.002839155988114653e+05 2.982869761180351488e+05 2.971626521861022338e+05 2.971544827467096620e+05 2.971442267126175575e+05 2.971330835404825048e+05 2.971204535738093546e+05 2.971096593575979932e+05 2.970959470280546811e+05 2.970898857231243164e+05
4.559179362504220080e+03 3.146697234832321992e+05 3.118192214712267159e+05 3.085012803700547083e+05 3.057388171627472038e+05 3.034010053228662582e+05 3.013958394580691238e+05 2.994202790300784400e+05 2.983502927845411468e+05 2.983417493286206154e+05 2.983312924124951824e+05 2.983199541621737881e+05 2.983069841742657009e+05 2.982957602484354284e+05 2.982815013758322457e+05 2.982754854889810085e+05
4.609179362504220080e+03 3.178877867651481065e+05 3.150774968788783299e+05 3.117543881378260558e+05 3.089819713588322629e+05 3.066615296383429668e+05 3.047110112657083082e+05 3.027546638655038550e+05 3.016583521409429959e+05 3.016492569813032169e+05 3.016375306513434625e+05 3.016243068483311217e+05 3.016085379090025672e+05 3.015951402742833016e+05 3.015770207390299765e+05 3.015693791022964870e+05
4.659179362504220080e+03 3.175823753451482626e+05 3.147722047384785255e+05 3.114500384795039427e+05 3.086787600033454946e+05 3.063630812407638296e+05 3.043896341630506795e+05 3.025219863464368391e+05 3.016806030400270829e+05 3.016725531712136581e+05 3.016625231698154821e+05 3.016513160862110672e+05 3.016381460074180504e+05 3.016262594703471405e+05 3.016114108070983202e+05 3.016056225414760411e+05
4.709179362504220080e+03 3.185431870486665866e+05 3.157329866746998741e+05 3.124111952640620293e+05 3.096387050485513755e+05 3.073259100633799681e+05 3.053239204536841717e+05 3.035540737998305121e+05 3.030103418008732260e+05 3.030022051240481087e+05 3.029918915299450164e+05 3.029802282621096238e+05 3.029663574904968264e+05 3.029537131915052887e+05 3.029379079370221007e+05 3.029319653412036132e+05
4.759179362504220080e+03 3.224365968070304370e+05 3.196282914044215577e+05 3.163092123327881563e+05 3.135358305789884762e+05 3.112504488857873366e+05 3.091159229693631642e+05 3.077972020376077853e+05 3.077627331165680080e+05 3.077544977759536705e+05 3.077439572710957727e+05 3.077319025938106934e+05 3.077173891899871523e+05 3.077039932541042799e+05 3.076872166126167867e+05 3.076810926377944998e+05
4.809179362504220080e+03 3.215280419332590536e+05 3.187191466764421202e+05 3.153981947183323209e+05 3.126253770918084192e+05 3.102981983125937986e+05 3.083247049583590706e+05 3.077611231967670610e+05 3.077533117634555092e+05 3.077457135406592279e+05 3.077364854042778607e+05 3.077260539460789296e+05 3.077135700934950728e+05 3.077015046538522001e+05 3.076870793160563335e+05 3.076819636257232050e+05
4.859179362504220080e+03 3.264828494274953846e+05 3.236714282577413251e+05 3.203438499299741234e+05 3.175727071149983676e+05 3.151215196080072201e+05 3.139573938477745396e+05 3.139481234145381022e+05 3.139402088072741171e+05 3.139323173878530506e+05 3.139227466571093537e+05 3.139118451831027633e+05 3.138985892080852645e+05 3.138853381256065913e+05 3.138695677190545248e+05 3.138642655832759337e+05
4.894179362504220080e+03 3.280187827162945759e+05 3.252201315647244337e+05 3.219147671194266877e+05 3.191140107081563910e+05 3.170918016516728094e+05 3.168200289141077665e+05 3.168128164259277983e+05 3.168057301503074705e+05 3.167986237321490771e+05 3.167903856657461729e+05 3.167810477133176755e+05 3.167694445358292433e+05 3.167569130079270108e+05 3.167423703626178321e+05 3.167366237682453939e+05
4.899179362504220080e+03 3.281915434746606043e+05 3.253849532562131644e+05 3.220657240365410689e+05 3.192103114906876581e+05 3.173064806127264746e+05 3.171797092707882402e+05 3.171727414373922511e+05 3.171659734482052736e+05 3.171592188912442070e+05 3.171515805617772858e+05 3.171430107153884019e+05 3.171324549924905295e+05 3.171209600654025562e+05 3.171078210696901660e+05 3.171025857869275496e+05
4.949179362504220080e+03 3.340135039752505836e+05 3.312113011823602137e+05 3.278625336394651094e+05 3.257624426057355013e+05 3.256127660841345787e+05 3.256062561539332964e+05 3.256002157976416638e+05 3.255945003450894146e+05 3.255889069795519463e+05 3.255830480475155055e+05 3.255766705685962806e+05 3.255690020850763540e+05 3.255603008035750245e+05 3.255508804062145064e+05 3.255457151681637042e+05
4.999179362504220080e+03 3.364484444975395454e+05 3.347803890386461280e+05 3.347246248080708901e+05 3.347178305670812260e+05 3.347112502900710679e+05 3.347049256378254504e+05 3.346982069824671489e+05 3.346883007990746410e+05 3.346786419549988932e+05 3.346635380506395595e+05 3.346438611042583943e+05 3.346159461743904394e+05 3.345870301983798854e+05 3.345435352101907483e+05 3.345294957070109085e+05
5.049179362504220080e+03 3.208941608174181310e+05 3.180012266655830899e+05 3.160417534492181730e+05 3.160277131376442849e+05 3.160215007120867376e+05 3.160156999072023900e+05 3.160099075286168372e+05 3.160046300158711965e+05 3.159996435065115220e+05 3.159945584757408942e+05 3.159889491327853175e+05 3.159824484718823223e+05 3.159746327646264690e+05 3.159666168965187971e+05 3.159636093435101211e+05
5.099179362504220080e+03 3.385103492404209683e+05 3.358785037946935627e+05 3.324413712559829000e+05 3.304039606268817442e+05 3.303601569297112874e+05 3.303527052827213774e+05 3.303447627760953037e+05 3.303367715504152002e+05 3.303285304792519892e+05 3.303172336046032142e+05 3.303023201895865495e+05 3.302815392038415303e+05 3.302566855700107990e+05 3.302247106419090414e+05 3.302159614080492174e+05
5.149179362504220080e+03 3.305381792212456930e+05 3.276645135543525103e+05 3.245056106236611377e+05 3.236998333851452335e+05 3.236937693944008788e+05 3.236879640083354898e+05 3.236818297983368393e+05 3.236762010191275040e+05 3.236704119921409874e+05 3.236640070521543967e+05 3.236563154348011012e+05 3.236461910932368482e+05 3.236316239153424394e+05 3.236136764082206646e+05 3.236083864398340811e+05
5.199179362504220080e+03 3.227894000175503897e+05 3.199636816746466211e+05 3.171402983805115218e+05 3.167244261956169503e+05 3.167183726504455553e+05 3.167129568349491456e+05 3.167069860156992218e+05 3.167014022487887996e+05 3.166959442135821446e+05 3.166900955052034114e+05 3.166834574803812429e+05 3.166753661972636473e+05 3.166648857747203438e+05 3.166536689241106506e+05 3.166499500764592085e+05
5.249179362504220080e+03 3.342047979847891256e+05 3.314339974800527561e+05 3.279713785382105270e+05 3.260479562428737991e+05 3.260088539280558471e+05 3.260017760173442075e+05 3.259937346315099858e+05 3.259851948334911722e+05 3.259761372780513484e+05 3.259634986368223908e+05 3.259474872762169689e+05 3.259258093822496012e+05 3.258976572827242780e+05 3.258616205500435899e+05 3.258524513100011391e+05
5.299179362504220080e+03 3.283440088291255524e+05 3.254687931651184917e+05 3.227906375553313992e+05 3.225501079141147784e+05 3.225440120418319711e+05 3.225386626743557863e+05 3.225328397148512886e+05 3.225269307126894128e+05 3.225207324826006661e+05 3.225134397244027350e+05 3.225047653851406067e+05 3.224933760307519697e+05 3.224765628187704133e+05 3.224575184306242154e+05 3.224527611124020186e+05
5.349179362504220080e+03 3.354568369473313796e+05 3.326178608804953401e+05 3.291840171537250280e+05 3.268593508958159364e+05 3.265826463185432367e+05 3.265763275383497239e+05 3.265691895027207211e+05 3.265619554641077993e+05 3.265540704652328859e+05 3.265439005089446437e+05 3.265311282320879400e+05 3.265141231666195672e+05 3.264885207089770120e+05 3.264583716564815259e+05 3.264518891790001071e+05
5.399179362504220080e+03 3.304522463550979737e+05 3.276642753419765504e+05 3.242268659246321185e+05 3.214338116351338685e+05 3.204185891834733193e+05 3.204125165849018958e+05 3.204056621431274689e+05 3.203980144024987821e+05 3.203896761673131259e+05 3.203776527935971390e+05 3.203615332668914925e+05 3.203378710358852404e+05 3.202985264605068951e+05 3.202495512493308051e+05 3.202387251367467688e+05
5.449179362504220080e+03 3.157288366477394593e+05 3.123739145792933996e+05 3.089684629267825512e+05 3.075472876340028597e+05 3.075303789569192450e+05 3.075243237532621715e+05 3.075177807655099896e+05 3.075113108151037595e+05 3.075042896266479511e+05 3.074961744718037080e+05 3.074865072015768383e+05 3.074741023678886122e+05 3.074536962835551240e+05 3.074336418743167305e+05 3.074295560893611400e+05
5.499179362504220080e+03 3.069804654504570062e+05 3.043064885416048346e+05 3.032771347025783034e+05 3.032711018564611441e+05 3.032650256882187678e+05 3.032600877137298230e+05 3.032549318538728985e+05 3.032494424391280627e+05 3.032437844103690004e+05 3.032370215127634001e+05 3.032287709817428258e+05 3.032170203568655998e+05 3.031916637280531577e+05 3.031623792580935406e+05 3.031570666308524087e+05
5.549179362504220080e+03 2.906302496809409349e+05 2.878115141200097860e+05 2.859930431067833561e+05 2.859858399175148224e+05 2.859792827543133171e+05 2.859725729400563287e+05 2.859637033607393387e+05 2.859554664667421603e+05 2.859464142880315194e+05 2.859337210854989244e+05 2.859173840908290586e+05 2.858959887103877845e+05 2.858551208586490829e+05 2.858155574356339639e+05 2.858097704247770598e+05
5.599179362504220080e+03 2.706393127687977976e+05 2.685233366051160847e+05 2.677869938983089523e+05 2.677817680967262131e+05 2.677767130913659348e+05 2.677724627839001478e+05 2.677676623620894388e+05 2.677631916478144703e+05 2.677584675168297836e+05 2.677531580161931925e+05 2.677469224267178797e+05 2.677390638622166007e+05 2.677231508626737050e+05 2.677078672089583124e+05 2.677052919155156706e+05
5.649179362504220080e+03 2.644595345209988882e+05 2.644552779021850438e+05 2.644501839039702900e+05 2.644457635227062274e+05 2.644417700846557855e+05 2.644388176487461315e+05 2.644354818402604433e+05 2.644318358068129164e+05 2.644281582024790696e+05 2.644241098728373763e+05 2.644192800624271622e+05 2.644119304292408633e+05 2.643919679392792168e+05 2.643675756410418544e+05 2.643636936801311676e+05
5.699179362504220080e+03 2.845180079949135543e+05 2.845137744047775050e+05 2.845093178950108704e+05 2.845060670114326640e+05 2.845019990438271780e+05 2.844980328703824780e+05 2.844927708049424691e+05 2.844844717019880190e+05 2.844749485700124642e+05 2.844606466479497030e+05 2.844399636924633523e+05 2.844078811065871269e+05 2.843385106952984352e+05 2.842476050697290339e+05 2.842309853496819269e+05
5.749179362504220080e+03 2.812422531736972160e+05 2.784355762009635218e+05 2.766305395457768464e+05 2.765975760960984044e+05 2.765741757042656536e+05 2.765363964871030184e+05 2.764770486148271593e+05 2.764276758150207461e+05 2.763879753466641996e+05 2.763180089892296237e+05 2.762257784472681233e+05 2.761106445726955426e+05 2.759337729295585887e+05 2.755459732936504879e+05 2.754765009847966721e+05
5.799179362504220080e+03 2.712017859000633471e+05 2.682574441490329918e+05 2.647443111432275036e+05 2.618736130319217918e+05 2.595848551346248132e+05 2.580258031981092645e+05 2.580154200925947516e+05 2.580025947828346980e+05 2.579897607664808747e+05 2.579698647926451231e+05 2.579428469083614182e+05 2.579057117124898068e+05 2.578338074129039014e+05 2.577581408523427963e+05 2.577487974245536607e+05
5.849179362504220080e+03 2.716867144767569844e+05 2.689542999818740645e+05 2.655885420284650754e+05 2.627385452643671888e+05 2.601939000689813402e+05 2.588094672286722634e+05 2.587786177741443098e+05 2.587617208860790415e+05 2.587443419736353098e+05 2.587136306516813929e+05 2.586727166560058249e+05 2.586138639796383504e+05 2.585023180182282522e+05 2.583705013210863399e+05 2.583487569527442683e+05
5.899179362504220080e+03 2.540422381203255791e+05 2.511007987175677263e+05 2.477477491648002760e+05 2.449964587705656304e+05 2.426754415079689061e+05 2.407987610816297820e+05 2.405777606850960001e+05 2.405689524709288089e+05 2.405580604006490321e+05 2.405416333423610486e+05 2.405200011120156560e+05 2.404896741900207999e+05 2.404259762555896305e+05 2.403613366595248808e+05 2.403538107812506787e+05
5.949179362504220080e+03 2.442419124596369511e+05 2.414601599981076142e+05 2.381617469217160251e+05 2.354162247961237736e+05 2.332366546253550041e+05 2.314261227098533127e+05 2.311438021213065076e+05 2.311359291062461562e+05 2.311254990569777437e+05 2.311098731101175072e+05 2.310891060706609278e+05 2.310596907652026275e+05 2.309967634119024733e+05 2.309327350762296701e+05 2.309254666859854187e+05
5.999179362504220080e+03 2.343548505892336252e+05 2.317051379080115294e+05 2.284902025621911162e+05 2.258656660013712535e+05 2.236781310410037113e+05 2.216967395577737771e+05 2.213575980422618450e+05 2.213476801970356319e+05 2.213356728649635916e+05 2.213176634977208159e+05 2.212938148649323266e+05 2.212598267811733240e+05 2.211887994444295473e+05 2.211160942571613414e+05 2.211080593934987846e+05
6.049179362504220080e+03 2.274138156696015212e+05 2.248149036690503126e+05 2.215909551928005822e+05 2.188741448884750716e+05 2.165367774147132586e+05 2.146857972364229499e+05 2.144823536793215317e+05 2.144721434157144395e+05 2.144599071199373284e+05 2.144414537499513244e+05 2.144169982078020403e+05 2.143816338095460960e+05 2.143069017753645021e+05 2.142290902210253407e+05 2.142205015012766235e+05
6.099179362504220080e+03 2.239356747225456638e+05 2.212255939496270148e+05 2.180409019365760323e+05 2.154319599995690514e+05 2.130820029469967412e+05 2.113716226267532911e+05 2.111917751698589127e+05 2.111810181274415227e+05 2.111680607335471723e+05 2.111481575806536421e+05 2.111219235293679521e+05 2.110852049800412788e+05 2.110075274812876014e+05 2.109247130933260778e+05 2.109155851368867443e+05
6.149179362504220080e+03 2.217131483776865061e+05 2.188863713997664745e+05 2.156463870797383424e+05 2.130570060606059560e+05 2.108195461929163430e+05 2.093879755099046452e+05 2.093600316216206993e+05 2.093499890628495195e+05 2.093375650640097156e+05 2.093191849607927725e+05 2.092955499596047157e+05 2.092621249179074075e+05 2.091881732056228502e+05 2.091088757677253452e+05 2.091002679091116879e+05
6.199179362504220080e+03 2.203517107261803176e+05 2.174918114203185833e+05 2.142130427666821342e+05 2.116226633923185000e+05 2.093685002975472598e+05 2.082852820215583197e+05 2.082784250063906948e+05 2.082682288778870425e+05 2.082553833346435567e+05 2.082359785616685112e+05 2.082100073116263084e+05 2.081716663351019088e+05 2.080894529921494250e+05 2.079998689789660275e+05 2.079902262556187052e+05
6.249179362504220080e+03 2.173664439147963421e+05 2.144416180728742911e+05 2.111447034369761241e+05 2.085936425022918265e+05 2.062836026696658810e+05 2.051601633694289194e+05 2.051538425338759553e+05 2.051442492087961000e+05 2.051315638008134265e+05 2.051115106519956898e+05 2.050801734001471195e+05 2.050373956729986821e+05 2.049556016344315140e+05 2.048611867893159506e+05 2.048505165526477504e+05
6.299179362504220080e+03 2.156045783974254155e+05 2.128217778501054563e+05 2.095495439974413603e+05 2.069549036832638958e+05 2.047072171912894992e+05 2.041470876077064313e+05 2.041405303212218278e+05 2.041309505365293589e+05 2.041184912252527720e+05 2.041000964564486349e+05 2.040718642685429077e+05 2.040338574759033800e+05 2.039606650504642748e+05 2.038744276708697726e+05 2.038652994216558291e+05
6.349179362504220080e+03 2.141993089112270391e+05 2.113667800533994159e+05 2.080800328418719873e+05 2.054478015028909140e+05 2.033455365018416487e+05 2.030893202302851423e+05 2.030813902547042526e+05 2.030683535274822789e+05 2.030537150508908671e+05 2.030336587734597269e+05 2.030037448645862751e+05 2.029631019506247249e+05 2.028975013413951092e+05 2.028077272189139039e+05 2.027991299379053526e+05
6.399179362504220080e+03 2.114129395066170546e+05 2.085300825327002094e+05 2.052465240039404889e+05 2.026642186431812588e+05 2.005938679778447840e+05 2.003795813859328337e+05 2.003717432736945630e+05 2.003589120300376671e+05 2.003445875831024605e+05 2.003280034993341833e+05 2.003095917603874404e+05 2.002896213128415693e+05 2.002555226595339773e+05 2.001916199956482451e+05 2.001873124428732553e+05
6.449179362504220080e+03 2.124402780272660020e+05 2.096461257270244241e+05 2.063153977843125176e+05 2.035148499626464036e+05 2.017336912601910881e+05 2.016936074668980145e+05 2.016862398168467917e+05 2.016740861237399513e+05 2.016605646162285411e+05 2.016424431775583653e+05 2.016163737595582497e+05 2.015802512343694980e+05 2.015404670370957465e+05 2.014446612079660699e+05 2.014355388131911459e+05
6.499179362504220080e+03 2.164142118822527409e+05 2.135352954845002678e+05 2.101539480979087821e+05 2.072390255719494307e+05 2.056342314296816767e+05 2.056172658629998914e+05 2.056094121251519828e+05 2.055963804572638182e+05 2.055820858782611322e+05 2.055634363130100246e+05 2.055366930973559211e+05 2.054996690747917746e+05 2.054552428446257254e+05 2.054115105958035565e+05 2.054089798907288932e+05
6.549179362504220080e+03 2.119381167302907561e+05 2.091311249262486526e+05 2.058576980581989919e+05 2.031080364173087582e+05 2.015707930486541591e+05 2.015521271888203337e+05 2.015434339397960284e+05 2.015286012900713540e+05 2.015128246540499385e+05 2.014917401119188289e+05 2.014611849434284086e+05 2.014187273693562893e+05 2.013585936343334615e+05 2.012949944321451476e+05 2.012918330041826412e+05
6.599179362504220080e+03 2.195978881002473645e+05 2.174011688973375130e+05 2.140905035242744198e+05 2.110980002160763252e+05 2.091151973852058291e+05 2.090748393811980495e+05 2.090677445097928867e+05 2.090563823518377612e+05 2.090438871687124192e+05 2.090285246229959885e+05 2.090067546288867889e+05 2.089774046730255650e+05 2.089620770936709596e+05 2.089472834979192121e+05 2.089382920837572310e+05
6.649179362504220080e+03 2.141394202438309439e+05 2.114641014023043390e+05 2.082478859643820324e+05 2.054908061063996283e+05 2.041698630219963670e+05 2.041602215726742288e+05 2.041510040423336031e+05 2.041351885837819136e+05 2.041185328028390359e+05 2.040971566196625063e+05 2.040664338642244693e+05 2.040248094847972388e+05 2.040034266739207669e+05 2.039847914886743238e+05 2.039726782908631139e+05
6.699179362504220080e+03 2.108758332699266612e+05 2.081796470728493587e+05 2.049576811507173697e+05 2.021300092394393578e+05 2.008252199198203743e+05 2.008203185713057173e+05 2.008135227978865150e+05 2.008025341327796923e+05 2.007906330491674016e+05 2.007759481238974549e+05 2.007569729845758993e+05 2.007307512540721218e+05 2.007179965710801771e+05 2.007103262773590104e+05 2.007056235210095765e+05
6.749179362504220080e+03 2.093839548461237282e+05 2.066582783731906966e+05 2.034359312686376506e+05 2.007530970374568715e+05 1.997725991633739613e+05 1.997672301133174333e+05 1.997594891368547396e+05 1.997468219492180797e+05 1.997332277058689797e+05 1.997163679149007658e+05 1.996947931486964517e+05 1.996650160607721482e+05 1.996507659080081794e+05 1.996421519407063024e+05 1.996366537359179347e+05
6.799179362504220080e+03 2.094801885774990369e+05 2.067252306265476509e+05 2.034882194729034672e+05 2.009085771422564576e+05 2.002095321671348356e+05 2.002043096959513787e+05 2.001968326469266613e+05 2.001847570318949583e+05 2.001718740366532875e+05 2.001557837097293232e+05 2.001353807254387066e+05 2.001071349478126212e+05 2.000938159503329080e+05 2.000866062385903788e+05 2.000819225549572730e+05
6.849179362504220080e+03 2.090955543898369651e+05 2.063553685250754061e+05 2.031080845748472493e+05 2.006034703159185010e+05 2.000746916452456207e+05 2.000693894644501270e+05 2.000617817981634289e+05 2.000496035829782195e+05 2.000366189684838464e+05 2.000205033418411331e+05 2.000002162600442534e+05 1.999723463118148211e+05 1.999594816998012247e+05 1.999532099084019137e+05 1.999490195686127990e+05
6.899179362504220080e+03 2.085463411743204342e+05 2.057492614395189448e+05 2.024736294382945634e+05 2.000473479510553007e+05 1.996587451617043698e+05 1.996530987675459764e+05 1.996447806438837433e+05 1.996312755364428158e+05 1.996171011480228917e+05 1.995994085089074215e+05 1.995768720944465604e+05 1.995517004635456833e+05 1.995430952172686229e+05 1.995406584720571118e+05 1.995390123379726138e+05
6.949179362504220080e+03 2.094021243199536693e+05 2.068411052867301914e+05 2.035918021697625518e+05 2.010810601229033491e+05 2.005009393873509543e+05 2.004951985567250522e+05 2.004866026146478835e+05 2.004725951105779386e+05 2.004578919101242500e+05 2.004403564862222120e+05 2.004182871632364404e+05 2.003940004896028258e+05 2.003800063218520663e+05 2.003783789350407314e+05 2.003759048214795766e+05
6.999179362504220080e+03 2.084961213378977263e+05 2.063167130619196105e+05 2.032104552523000457e+05 2.008408310854962619e+05 2.003439201458258030e+05 2.003383209430541901e+05 2.003297757210361888e+05 2.003158405808968528e+05 2.003012487744188984e+05 2.002840774647124927e+05 2.002616254696541582e+05 2.002314139386961469e+05 2.002218800376597210e+05 2.002173547921173740e+05 2.002166216107320506e+05
7.049179362504220080e+03 2.087985417464126658e+05 2.060911361988719727e+05 2.028061234938100679e+05 2.005784774605123093e+05 2.003920341500139330e+05 2.003857794811885688e+05 2.003765476360824250e+05 2.003615976132254291e+05 2.003460635736529657e+05 2.003277163177953917e+05 2.002974903530287556e+05 2.002524737754735106e+05 2.002453511234676407e+05 2.002402798966208356e+05 2.002399496688818617e+05
7.099179362504220080e+03 2.082913274526419118e+05 2.050939196007302089e+05 2.018911642901151499e+05 1.999868067848581704e+05 1.999431776358689822e+05 1.999361412873728841e+05 1.999256029353791382e+05 1.999083390397106996e+05 1.998905554208506946e+05 1.998692665674512391e+05 1.998325102955506591e+05 1.998034067998298851e+05 1.998014726699525781e+05 1.997995150615961174e+05 1.997991333967577375e+05
7.149179362504220080e+03 2.081182809373948257e+05 2.051346288012908481e+05 2.017487294976706908e+05 2.001701270412431040e+05 2.001662340241389757e+05 2.001621251784779015e+05 2.001569145377029490e+05 2.001493378237563302e+05 2.001413510591493105e+05 2.001325641560123768e+05 1.996475513007258123e+05 1.991243252001819783e+05 1.991269475670422835e+05 1.991230866331194411e+05 1.991198913206375728e+05
7.199179362504220080e+03 2.069337958683356119e+05 2.041638884465216252e+05 2.008930450741819513e+05 1.995602575603999430e+05 1.995566302920006856e+05 1.995527285483888991e+05 1.995478581631132984e+05 1.995409192053329607e+05 1.995336376142670342e+05 1.995257521994413983e+05 1.991971055883100198e+05 1.988281832237903436e+05 1.988278912686875265e+05 1.988265651900109078e+05 1.988254948460426240e+05
7.249179362504220080e+03 2.062081148602599860e+05 2.034191670443656330e+05 2.001824597489798034e+05 1.989662425813732261e+05 1.989625437990757055e+05 1.989582441309593269e+05 1.989526012487700791e+05 1.989446476696727332e+05 1.989361788834522013e+05 1.989276071679029847e+05 1.987448195111339155e+05 1.985595582355862716e+05 1.985578524544686661e+05 1.985563582833080436e+05 1.985559243765181745e+05
7.299179362504220080e+03 2.058926702914310445e+05 2.031070337429585343e+05 1.998810714375357784e+05 1.988218695199879876e+05 1.988183208332151407e+05 1.988142421026777010e+05 1.988090364036495157e+05 1.988018288630506431e+05 1.987939976221666439e+05 1.987855646270782454e+05 1.986512189941001998e+05 1.985257108126789099e+05 1.985241602862053551e+05 1.985227875655862736e+05 1.985224569210487825e+05
7.349179362504220080e+03 2.057058810909843305e+05 2.029029646856313047e+05 1.996481315469685360e+05 1.984683305613357516e+05 1.984647549946038635e+05 1.984605219113873318e+05 1.984550818574628793e+05 1.984475558082575153e+05 1.984393701025457412e+05 1.984121156612228660e+05 1.982786625797324814e+05 1.981950695146933431e+05 1.981937535046518897e+05 1.981926452542667394e+05 1.981923515913132578e+05
7.399179362504220080e+03 2.057763613974336185e+05 2.029667242642020574e+05 1.997478726800445002e+05 1.986987454500192543e+05 1.986952542080323328e+05 1.986911388332527713e+05 1.986859043060211116e+05 1.986787439873916446e+05 1.986713079158159380e+05 1.986338033564900397e+05 1.986104272145579162e+05 1.986096532994284644e+05 1.986090982226612978e+05 1.986084274412397062e+05 1.986079826998988283e+05
7.449179362504220080e+03 2.054653564588561130e+05 2.026750160831219109e+05 1.994436124328590231e+05 1.982148424912861083e+05 1.982110605730732786e+05 1.982064283745692228e+05 1.982004819096546853e+05 1.981921035184867505e+05 1.981824787565468869e+05 1.981058657928018947e+05 1.980638765381757694e+05 1.980634026318966644e+05 1.980630321324269171e+05 1.980626369899833517e+05 1.980623365313586837e+05
7.499179362504220080e+03 2.053853058099055197e+05 2.026544995722573949e+05 1.994586707313952793e+05 1.983942618102568085e+05 1.983907557015888160e+05 1.983867404123279266e+05 1.983817969997590699e+05 1.983749034229948011e+05 1.983659662901967240e+05 1.982883609890349035e+05 1.982477803950102534e+05 1.982473238635892922e+05 1.982469436186292151e+05 1.982465960502440867e+05 1.982462923542002682e+05
7.549179362504220080e+03 2.051784251450512966e+05 2.023744386657570722e+05 1.991595324899392435e+05 1.980128058119094931e+05 1.980088703309289704e+05 1.980041277917590924e+05 1.979982225342921447e+05 1.979899323325019504e+05 1.979784651206520211e+05 1.979744255448518961e+05 1.979716583120495779e+05 1.979712274042206118e+05 1.979707633887431293e+05 1.979703489432318602e+05 1.979700084905541735e+05
7.599179362504220080e+03 2.050790298756921839e+05 2.023084480514981260e+05 1.991340246680343989e+05 1.981958915082571330e+05 1.981924317802213773e+05 1.981883613960489165e+05 1.981836482076991524e+05 1.981774968382657098e+05 1.981696031679479056e+05 1.981668187275735836e+05 1.981651874816095515e+05 1.981649275925437687e+05 1.981646563393804245e+05 1.981643866575901629e+05 1.981641485915312078e+05
7.649179362504220080e+03 2.051465723113390850e+05 2.023502192013277963e+05 1.992097788600205386e+05 1.983672336707813374e+05 1.983633335366662068e+05 1.983584484024520498e+05 1.983524181224337663e+05 1.983458307443685480e+05 1.983367957299247209e+05 1.983336488044537255e+05 1.983319116435303586e+05 1.983316423516414943e+05 1.983313570374229166e+05 1.983310942630233767e+05 1.983308790563374932e+05
7.699179362504220080e+03 2.049883148607799958e+05 2.022040331554173608e+05 1.991054209145427449e+05 1.983437163225419645e+05 1.983400284623680636e+05 1.983357505601891608e+05 1.983313720320132561e+05 1.983267570455045206e+05 1.982907781987811031e+05 1.982737732800314552e+05 1.982714761964280333e+05 1.982711563304889714e+05 1.982707939023622894e+05 1.982704685119815113e+05 1.982701902605232899e+05
7.749179362504220080e+03 2.050039444853521418e+05 2.022113781151252042e+05 1.990953193241956178e+05 1.983066994514221442e+05 1.983029687237433391e+05 1.982986410021980701e+05 1.982945123894683784e+05 1.982902286783038871e+05 1.982539626171547570e+05 1.982381381144458719e+05 1.982362435007285094e+05 1.982360591174072470e+05 1.982358688862122945e+05 1.982356684815416811e+05 1.982355020743368950e+05
7.799179362504220080e+03 2.050293249574027141e+05 2.022347209179352794e+05 1.990875734992363141e+05 1.982196010736284079e+05 1.982156475085529964e+05 1.982109614951640251e+05 1.982063707669566502e+05 1.982012162569190550e+05 1.981578905092825880e+05 1.981387474565330776e+05 1.981363211737856618e+05 1.981360966615020006e+05 1.981358523719774676e+05 1.981356098925014085e+05 1.981354040723548678e+05
7.849179362504220080e+03 2.051258661427910556e+05 2.023324989218745322e+05 1.992232393375376705e+05 1.984973579756342224e+05 1.984942408159718034e+05 1.984912819141512737e+05 1.984891206716502784e+05 1.984867501289549982e+05 1.984201087886659952e+05 1.983765588338227244e+05 1.983711042618532665e+05 1.983708396033473837e+05 1.983705094349561841e+05 1.983702020012139401e+05 1.983699817868370737e+05
7.899179362504220080e+03 2.052483745712079108e+05 2.024995690554517205e+05 1.993585323345545330e+05 1.985266489075985737e+05 1.985224368500636192e+05 1.985181830560234375e+05 1.985133601069949218e+05 1.985069494567011716e+05 1.985051185508003109e+05 1.985043052438762970e+05 1.985039896628793795e+05 1.985037205059199187e+05 1.985034305886073853e+05 1.985031478587143356e+05 1.985029008712836076e+05
7.949179362504220080e+03 2.052457694187697198e+05 2.025287780700939184e+05 1.993507454979036702e+05 1.983600734279086464e+05 1.983543131029698998e+05 1.983480807945168926e+05 1.983413028050607827e+05 1.983329825085655029e+05 1.983303587455932866e+05 1.983301137980314379e+05 1.983297839965810417e+05 1.983295298324852483e+05 1.983292667509016464e+05 1.983289914964265190e+05 1.983287449726456543e+05
7.999179362504220080e+03 2.056596205550993327e+05 2.028608765264903486e+05 1.996696199377177691e+05 1.986975216509683523e+05 1.986906971047186526e+05 1.986838979384038539e+05 1.986757652482865378e+05 1.986730352111023967e+05 1.986714694612422318e+05 1.986711028334851144e+05 1.986705457057272142e+05 1.986702371041273582e+05 1.986697980123153538e+05 1.986693859260381432e+05 1.986690668703774863e+05
8.049179362504220080e+03 2.054001045011749375e+05 2.026063212428395927e+05 1.994234709423194290e+05 1.984974733751885360e+05 1.984909334765512613e+05 1.984844248540965782e+05 1.984759247159924416e+05 1.984733588080266491e+05 1.984726424124981277e+05 1.984724666140334157e+05 1.984723262348000717e+05 1.984721201004322502e+05 1.984719644873763318e+05 1.984717859291039058e+05 1.984716162524558313e+05
8.099179362504220080e+03 2.053322064655149297e+05 2.025471499912099098e+05 1.994225881236674613e+05 1.986003065722220344e+05 1.985925873040495790e+05 1.985837505175484694e+05 1.985733833668257284e+05 1.985706004825124983e+05 1.985698880096256325e+05 1.985697375428272935e+05 1.985695643725382979e+05 1.985694296059316839e+05 1.985692827497866238e+05 1.985691102277216269e+05 1.985689564554785320e+05
8.149179362504220080e+03 2.054046290789916820e+05 2.025752801789192599e+05 1.994744747605224838e+05 1.987138282861493062e+05 1.987048174840495049e+05 1.986934846779819636e+05 1.986913292914638296e+05 1.986906312176208303e+05 1.986903801429768791e+05 1.986901967905667552e+05 1.986899740044444916e+05 1.986898321151980781e+05 1.986896524817060272e+05 1.986894557175351074e+05 1.986893063504273305e+05
8.199179362504219171e+03 2.055025163666359149e+05 2.026116723567665031e+05 1.996535785562904493e+05 1.992366990407509147e+05 1.992282146674629766e+05 1.992150710718903574e+05 1.992114846585018968e+05 1.992093194602003787e+05 1.992085238273067225e+05 1.992079483935519238e+05 1.992073227774721163e+05 1.992067203149522247e+05 1.992059248279071762e+05 1.992052902042974601e+05 1.992047424633876653e+05
8.249179362504219171e+03 2.053593458742481307e+05 2.025746619519081141e+05 1.996626555906836293e+05 1.992211882206186128e+05 1.992131310801427171e+05 1.991988560720820678e+05 1.991947692179339938e+05 1.991932693087259249e+05 1.991927343424054561e+05 1.991924256163071259e+05 1.991920751504324144e+05 1.991918116516925220e+05 1.991913694120840228e+05 1.991910938487392268e+05 1.991908336294669716e+05
8.299179362504219171e+03 2.055883989590980927e+05 2.027733729395121918e+05 1.999205855930581456e+05 1.995409391337066190e+05 1.995334554079163063e+05 1.995176806074405904e+05 1.995134046434850025e+05 1.995130020425883413e+05 1.995126521255476109e+05 1.995124117900091805e+05 1.995122114982328494e+05 1.995119747199388221e+05 1.995116776281853090e+05 1.995114175722729706e+05 1.995112210407501261e+05
8.349179362504219171e+03 2.070634872465881926e+05 2.042463296655148442e+05 2.017947907821336412e+05 2.017184788538824068e+05 2.017073564089899010e+05 2.016907429077334527e+05 1.999534765563924157e+05 1.999428742622110585e+05 1.999403023079015547e+05 1.999400614937918435e+05 1.999398077935064503e+05 1.999395479943009268e+05 1.999392502389295551e+05 1.999389435822702362e+05 1.999387022939511517e+05
8.399179362504219171e+03 2.075584128962540708e+05 2.047487539685773372e+05 2.024502527218344912e+05 2.024118496356062533e+05 2.023945503042095806e+05 2.023647576350312156e+05 2.002781774165563984e+05 2.002632757074059627e+05 2.002628703552488878e+05 2.002626126003737736e+05 2.002623454850573617e+05 2.002620677546658553e+05 2.002617727349611814e+05 2.002614823340071307e+05 2.002612441487489559e+05
8.449179362504219171e+03 2.077934892310532450e+05 2.049922815508706844e+05 2.028334691474398132e+05 2.028136976689480653e+05 2.027917235052120232e+05 2.027495498933634080e+05 2.004185490118454618e+05 2.004051677966705756e+05 2.004049772127498291e+05 2.004047134098057577e+05 2.004044544695865188e+05 2.004041950627456827e+05 2.004039093720879755e+05 2.004036181660918810e+05 2.004033849484900711e+05
8.499179362504219171e+03 2.082957330450424051e+05 2.054786724388119765e+05 2.036839807829620549e+05 2.036811725021193270e+05 2.036691314839715487e+05 2.029803546030135476e+05 1.997722541522823449e+05 1.997705720850020298e+05 1.997698229171405837e+05 1.997689980672533566e+05 1.997682111828793422e+05 1.997672761202617839e+05 1.997663683140314242e+05 1.997655961863356060e+05 1.997649869460157643e+05
8.549179362504219171e+03 2.080699303063823027e+05 2.052520491851558036e+05 2.034569420225360082e+05 2.034542845497773378e+05 2.034442365015598480e+05 2.028740072531951300e+05 2.000642706011416740e+05 2.000627311969847069e+05 2.000619446235779615e+05 2.000610339744797093e+05 2.000601490634699876e+05 2.000590718011009740e+05 2.000579790084443230e+05 2.000570007927842962e+05 2.000562363313566311e+05
8.599179362504219171e+03 2.081404453641509463e+05 2.053211190663289162e+05 2.035251804761291714e+05 2.035214935817171354e+05 2.035108413063205371e+05 2.034828975492382597e+05 2.004761548204997089e+05 2.004708614354515157e+05 2.004702099570042337e+05 2.004695132584670791e+05 2.004688006189859007e+05 2.004680481285896385e+05 2.004672706288396148e+05 2.004664345984682441e+05 2.004657590886362595e+05
8.649179362504219171e+03 2.079358387716074067e+05 2.051177797831140924e+05 2.033213286793442676e+05 2.033176506749933469e+05 2.006359337700580072e+05 2.006329707370052056e+05 2.006279985512202547e+05 2.006250224501117482e+05 2.006241956638900156e+05 2.006232345210665371e+05 2.006223607328875805e+05 2.006214424151157436e+05 2.006205157242945570e+05 2.006195488892220019e+05 2.006187550371178950e+05
8.699179362504219171e+03 2.076277781561561278e+05 2.048105760160076316e+05 2.030153107863361947e+05 2.030125086617808847e+05 2.006438447761982970e+05 2.006411657837602543e+05 2.006372741790380387e+05 2.006346884577221354e+05 2.006338221498275525e+05 2.006329007495769765e+05 2.006320291646035330e+05 2.006311246946484607e+05 2.006302051719915180e+05 2.006292447947628389e+05 2.006284580923326721e+05
8.749179362504219171e+03 2.077971765222054673e+05 2.049389796388946706e+05 2.031068451432147995e+05 2.031041411177638511e+05 2.005987187015177915e+05 2.005959458293667412e+05 2.005920522749428637e+05 2.005894907871125324e+05 2.005886081310390728e+05 2.005876791540468112e+05 2.005867963259919197e+05 2.005858150045844668e+05 2.005848957792733854e+05 2.005839374841685349e+05 2.005831513914855896e+05
8.799179362504219171e+03 2.074288700929857150e+05 2.046039249447662442e+05 2.027199756678997073e+05 2.027172027034999919e+05 2.006620872935968800e+05 2.006595960482691298e+05 2.006561298708624090e+05 2.006538938211908098e+05 2.006530588074128609e+05 2.006521736011305184e+05 2.006513265015121142e+05 2.006504189037055185e+05 2.006494917855645181e+05 2.006485762390186719e+05 2.006478301320709579e+05
8.849179362504219171e+03 2.072156134150667058e+05 2.043939943620716513e+05 2.025941961244834529e+05 2.025910984951515566e+05 2.006319371378915966e+05 2.006296766908964491e+05 2.006265889360831934e+05 2.006246254307030467e+05 2.006238482345300727e+05 2.006230262836962065e+05 2.006222343049671326e+05 2.006213390174280794e+05 2.006204936669602757e+05 2.006195964510671329e+05 2.006188906749375165e+05
8.899179362504219171e+03 2.069755976036839420e+05 2.041526123490434838e+05 2.023526822177288996e+05 2.023495834979998181e+05 2.007617191637549549e+05 2.007598744595159951e+05 2.007573412222771731e+05 2.007557758383764303e+05 2.007551519899311243e+05 2.007544665979345737e+05 2.007537984018702409e+05 2.007530583588429727e+05 2.007523127063750289e+05 2.007515206263370055e+05 2.007508986932892585e+05
8.949179362504219171e+03 2.067026925868649560e+05 2.038752767239959794e+05 2.020214538437565789e+05 2.020190763362833241e+05 2.007104842128744640e+05 2.007089420620836318e+05 2.007067359573875729e+05 2.007054299526101968e+05 2.007050145692118967e+05 2.007045663337091100e+05 2.007041306562407408e+05 2.007036787168691226e+05 2.007031686490791326e+05 2.007026524528110167e+05 2.007022452135618078e+05
8.999179362504219171e+03 2.065235852608465648e+05 2.037111806226785411e+05 2.019010470607767929e+05 2.018987192098579253e+05 2.006825716542384471e+05 2.006810467331941181e+05 2.006788690097417566e+05 2.006776145663406642e+05 2.006772537870779634e+05 2.006768590663494542e+05 2.006764754868961463e+05 2.006760715301844175e+05 2.006756324014269048e+05 2.006751658023549244e+05 2.006748059429564746e+05
9.049179362504219171e+03 2.062880216584119771e+05 2.034641064984521654e+05 2.016628283153777011e+05 2.016599517247215263e+05 2.008207798015808803e+05 2.008194734393546532e+05 2.008175672720563307e+05 2.008164170244467678e+05 2.008160081733782426e+05 2.008155507011772715e+05 2.008150443820567743e+05 2.008146247676085331e+05 2.008140810567533772e+05 2.008136186392026721e+05 2.008132533321511874e+05
9.099179362504219171e+03 2.060808301849112031e+05 2.032571431776472018e+05 2.014559469635860587e+05 2.014528987749523658e+05 2.006768642646267836e+05 2.006757813730763737e+05 2.006742487073934462e+05 2.006733545303388382e+05 2.006730038261265727e+05 2.006725851802118123e+05 2.006721098724725889e+05 2.006717184619152395e+05 2.006712030429299339e+05 2.006707676076611388e+05 2.006704247522423975e+05
9.149179362504219171e+03 2.059104292379092367e+05 2.030873694462158310e+05 2.012859639073876315e+05 2.012830006141127378e+05 2.008218032806225528e+05 2.008208615177187603e+05 2.008194575762231252e+05 2.008185665816772380e+05 2.008181612411885581e+05 2.008176963600693853e+05 2.008171769842087815e+05 2.008167456166072225e+05 2.008161828063454013e+05 2.008157080477407435e+05 2.008153335596171091e+05
9.199179362504219171e+03 2.055377746693537629e+05 2.027076398010426783e+05 2.007833307734524715e+05 2.007808678018694627e+05 2.006897953247677651e+05 2.006892540970513073e+05 2.006883749002724944e+05 2.006876996693066030e+05 2.006872970132392365e+05 2.006869034615833370e+05 2.006864971210856747e+05 2.006861599781675613e+05 2.006857544400295010e+05 2.006853912236494361e+05 2.006851054392991937e+05
9.249179362504219171e+03 2.053443777703675441e+05 2.023547309550582431e+05 2.005190972757979762e+05 2.005167847777173156e+05 2.003723534156244132e+05 2.003717163970256224e+05 2.003708387329737307e+05 2.003699899230361916e+05 2.003693133499425312e+05 2.003686376424980117e+05 2.003679737350941868e+05 2.003673801786031399e+05 2.003666787040244963e+05 2.003660615031583584e+05 2.003655867240355001e+05
9.299179362504219171e+03 2.051366194185290078e+05 2.023089515932945360e+05 2.005173160757482983e+05 2.005154518985419418e+05 2.005041130529671500e+05 2.005031024372427783e+05 2.005017306566191546e+05 2.005007060127615696e+05 2.005001109799606493e+05 2.004994773987118097e+05 2.004988130216763238e+05 2.004982173415991710e+05 2.004974923556785798e+05 2.004968539016548602e+05 2.004963445577849925e+05
9.349179362504219171e+03 2.048112415840635076e+05 2.019942921378951578e+05 2.003014219942120253e+05 2.002996701977468329e+05 2.002741630120163318e+05 2.002729737762139412e+05 2.002713489562442410e+05 2.002699933835589618e+05 2.002691426378991455e+05 2.002682869123953278e+05 2.002674275882901275e+05 2.002666506250104576e+05 2.002657678753922228e+05 2.002649829999485519e+05 2.002643650278580608e+05
9.399179362504219171e+03 2.044589937312776456e+05 2.016634237393296789e+05 2.000891549710383406e+05 2.000873882253860356e+05 2.000170767694605456e+05 2.000159005304189050e+05 2.000142132406003948e+05 2.000128575627899554e+05 2.000119818628643116e+05 2.000110726364034927e+05 2.000101457394554163e+05 2.000092951865211362e+05 2.000083124791685550e+05 2.000074425960298104e+05 2.000067572848407435e+05
9.449179362504219171e+03 2.043045857044396689e+05 2.015276413638498925e+05 2.002848210809678712e+05 2.002832163934197742e+05 2.002280980684071255e+05 2.002268322116610361e+05 2.002254340803927043e+05 2.002245881718488235e+05 2.002237352112399240e+05 2.002228462923914776e+05 2.002219336816618743e+05 2.002210955218933232e+05 2.002201280892558279e+05 2.002192655489048630e+05 2.002185844799468177e+05
9.499179362504219171e+03 2.039974947564658360e+05 2.012534361577840173e+05 1.999189588042557880e+05 1.998669254835480533e+05 1.998644065069410135e+05 1.998623017551484518e+05 1.998604993601717288e+05 1.998594826823117619e+05 1.998585347701362334e+05 1.998576107886232785e+05 1.998567118109311850e+05 1.998557955532782944e+05 1.998548831331507245e+05 1.998540175374854589e+05 1.998533385114911362e+05
9.549179362504219171e+03 2.038933249617720721e+05 2.011281980509500427e+05 2.000237462208704674e+05 1.999850085014755023e+05 1.999824719752715318e+05 1.999802542093221273e+05 1.999783405608840403e+05 1.999771502351550735e+05 1.999760250780154020e+05 1.999749295509943622e+05 1.999738535651572747e+05 1.999727525810250081e+05 1.999716643809312664e+05 1.999706205639694526e+05 1.999697995864811819e+05
9.599179362504219171e+03 2.037173576470365806e+05 2.009538328095772304e+05 1.998641217565564439e+05 1.998148066451895284e+05 1.998124008660099062e+05 1.998102468866918935e+05 1.998083417869556579e+05 1.998071278230638127e+05 1.998059792091282434e+05 1.998048584991835523e+05 1.998037570512759848e+05 1.998026247346932942e+05 1.998015027226081002e+05 1.998004215083633317e+05 1.997995697417600313e+05
9.649179362504219171e+03 2.034077939008149842e+05 2.006620844762462657e+05 1.995783139371119323e+05 1.995066737236689660e+05 1.995044184549407801e+05 1.995023569025049219e+05 1.995004943077930948e+05 1.994993023771275184e+05 1.994981646965557593e+05 1.994970512708064634e+05 1.994959551042913808e+05 1.994948272986264783e+05 1.994937111277065706e+05 1.994926301194530097e+05 1.994917788526874501e+05
9.699179362504219171e+03 2.035159056176976592e+05 2.007854699030016200e+05 1.998712949722338817e+05 1.998557149976186047e+05 1.998535603175226715e+05 1.998517180821362999e+05 1.998501283214495052e+05 1.998490169591236627e+05 1.998479098831810115e+05 1.998468217691614118e+05 1.998457499299401534e+05 1.998446485208819213e+05 1.998435583016587480e+05 1.998424938539616996e+05 1.998416556285141269e+05
9.749179362504219171e+03 2.036491883245643985e+05 2.009513478735623939e+05 1.998319886815250502e+05 1.996241670711267216e+05 1.996223888568985567e+05 1.996207064455545333e+05 1.996191898903768160e+05 1.996181718596251449e+05 1.996171184169416956e+05 1.996160722155203111e+05 1.996150420300784463e+05 1.996139643274795962e+05 1.996128900784837024e+05 1.996118492776544881e+05 1.996110306691390870e+05
9.799179362504219171e+03 2.032227043988498044e+05 2.005343444276555383e+05 1.995006273245592602e+05 1.994219827542060812e+05 1.994204937616934767e+05 1.994191326362522959e+05 1.994179490414012107e+05 1.994170268872983870e+05 1.994160542255942419e+05 1.994150763227153802e+05 1.994140932852281258e+05 1.994130765937137767e+05 1.994120568246813491e+05 1.994110584109073970e+05 1.994102738787119160e+05
9.849179362504219171e+03 2.031981850496867555e+05 2.005215574504544202e+05 1.995042021011133038e+05 1.993741915077638696e+05 1.993727177794771851e+05 1.993713154124417924e+05 1.993701162139787048e+05 1.993692710072066984e+05 1.993683869455688400e+05 1.993675012075743289e+05 1.993666145173297846e+05 1.993656962347588269e+05 1.993647752177443472e+05 1.993638808128490346e+05 1.993631776928368781e+05
9.899179362504219171e+03 2.032502966643712134e+05 2.005853268610066734e+05 1.996203483005725138e+05 1.994928063924395246e+05 1.994911637234194204e+05 1.994896264548685285e+05 1.994883649016126874e+05 1.994874799324447522e+05 1.994865755702947499e+05 1.994856802510623238e+05 1.994847971673643333e+05 1.994838802435874823e+05 1.994829635443101870e+05 1.994820776206513110e+05 1.994813790037588915e+05
9.949179362504219171e+03 2.030821806847213593e+05 2.004099749305198493e+05 1.992029066368595813e+05 1.992017974977941485e+05 1.991999480878355389e+05 1.991984968095374061e+05 1.991973810264224885e+05 1.991964987711555441e+05 1.991955813583377749e+05 1.991946674836638558e+05 1.991937614274808438e+05 1.991928183345316502e+05 1.991918719960043672e+05 1.991909567393598263e+05 1.991902335010754759e+05
9.999179362504219171e+03 2.030571311345663853e+05 2.004372978736429941e+05 1.991858043418434390e+05 1.991824869793320249e+05 1.991795532776744512e+05 1.991769535368079960e+05 1.991750924296394805e+05 1.991739379309916694e+05 1.991728621278802748e+05 1.991718007642873272e+05 1.991707491626657429e+05 1.991696528601645259e+05 1.991685593808858248e+05 1.991674975812222110e+05 1.991666596859168203e+05
1.004917936250421917e+04 2.030012071351896448e+05 2.003979354376756237e+05 1.991698029770986468e+05 1.991664474168917804e+05 1.991634507765180024e+05 1.991607733537009335e+05 1.991588307088956353e+05 1.991575957065952243e+05 1.991564353840858385e+05 1.991552922321529477e+05 1.991541601581223658e+05 1.991529808118594810e+05 1.991518063434134529e+05 1.991506597776564013e+05 1.991497571283557918e+05
1.009917936250421917e+04 2.029003987891572760e+05 2.002879168683863536e+05 1.989122971329035354e+05 1.989088797782648471e+05 1.989058251334086235e+05 1.989030775049059012e+05 1.989010746766341617e+05 1.988998041784723173e+05 1.988986155807693140e+05 1.988974454197442974e+05 1.988962860496632347e+05 1.988950685063389828e+05 1.988938517886089394e+05 1.988926788473998313e+05 1.988917548709893017e+05
1.014917936250421917e+04 2.028356021004876820e+05 2.002628287217675534e+05 1.991480476909429417e+05 1.991447023875336163e+05 1.991417005309182277e+05 1.991390119048773486e+05 1.991370375388397370e+05 1.991357581269465736e+05 1.991345600989234517e+05 1.991333817259432399e+05 1.991322131197715644e+05 1.991310030388027662e+05 1.991298026988748170e+05 1.991286242098367948e+05 1.991276972280950285e+05
1.019917936250421917e+04 2.027037243306400778e+05 2.001338543808450340e+05 1.989225421065617411e+05 1.989191763086654828e+05 1.989161594279968995e+05 1.989134382381479081e+05 1.989114336705654277e+05 1.989101413156336348e+05 1.989089373973524198e+05 1.989077548598064459e+05 1.989065808316902840e+05 1.989053685173228732e+05 1.989041633983273641e+05 1.989029835300862906e+05 1.989020551794024650e+05
1.024917936250421917e+04 2.026197061539086280e+05 2.000696154226907820e+05 1.990104932071915537e+05 1.990071384185609932e+05 1.990041225032446091e+05 1.990014025295665488e+05 1.989993989480768505e+05 1.989980994176705135e+05 1.989968896098855184e+05 1.989957019553059363e+05 1.989945213536243245e+05 1.989933012180430815e+05 1.989920895443134359e+05 1.989909065214258153e+05 1.989899754326609545e+05
1.029917936250421917e+04 2.023073277823591779e+05 1.997623432390168018e+05 1.985982005193619989e+05 1.985948955049186479e+05 1.985919627860821493e+05 1.985893223709749582e+05 1.985873680115334573e+05 1.985860946723686066e+05 1.985848995305077406e+05 1.985837225614730851e+05 1.985825515641705133e+05 1.985813521892162389e+05 1.985801608825809089e+05 1.985789844342125871e+05 1.985780585058633587e+05
1.034917936250421917e+04 2.022776793915722810e+05 1.997500087029397837e+05 1.986703661551027326e+05 1.986670959168551490e+05 1.986641919909077405e+05 1.986615863881123369e+05 1.986596673769241024e+05 1.986584113726262294e+05 1.986572219639247342e+05 1.986560486537915713e+05 1.986548803593676712e+05 1.986536816096883849e+05 1.986524880746746785e+05 1.986513145474164921e+05 1.986503909291457676e+05
1.039917936250421917e+04 2.022076756160589575e+05 1.996854774386357749e+05 1.986424163088276400e+05 1.986391418888666667e+05 1.986362287865432736e+05 1.986336093549206853e+05 1.986316769553310878e+05 1.986304129880337860e+05 1.986292225833236589e+05 1.986280506501382915e+05 1.986268828406850225e+05 1.986256825958741538e+05 1.986244868145215150e+05 1.986233138543474488e+05 1.986223905475229840e+05
1.044917936250421917e+04 2.021495300681696390e+05 1.996424174955953495e+05 1.984980113804438151e+05 1.984946178196694527e+05 1.984915721097408386e+05 1.984887922396585345e+05 1.984867144125875784e+05 1.984853643655618944e+05 1.984841415040004358e+05 1.984829582375308964e+05 1.984817790413644107e+05 1.984805574979475932e+05 1.984793523493455432e+05 1.984781777263958356e+05 1.984772536975962867e+05
1.049917936250421917e+04 2.021510265969729517e+05 1.996817217388190329e+05 1.985377277380722226e+05 1.985341985390666523e+05 1.985309746439247974e+05 1.985279694205124397e+05 1.985256551996074850e+05 1.985241030491171987e+05 1.985227429863111756e+05 1.985214703886211209e+05 1.985202232865741826e+05 1.985189635551127431e+05 1.985177487471626373e+05 1.985165352889596543e+05 1.985155859252897208e+05
1.054917936250421917e+04 2.023493898131766764e+05 1.999171885204603605e+05 1.986303301203580340e+05 1.986266557089797861e+05 1.986232904294815962e+05 1.986200760817311238e+05 1.986175210132139327e+05 1.986157211140591535e+05 1.986141482180583116e+05 1.986127051767738594e+05 1.986113143057728885e+05 1.986099341551005200e+05 1.986086009975178749e+05 1.986073029721617058e+05 1.986063030844145105e+05
1.059917936250421917e+04 3.687281205689917551e+05 3.680940085124008474e+05 3.648929419815426227e+05 3.634642160618561320e+05 3.626642214755849564e+05 3.613313273816999281e+05 3.599286180353874224e+05 3.581698396381518687e+05 3.565863019340533065e+05 3.557277880539280013e+05 3.557169287958523491e+05 3.557079770420365967e+05 3.557011102649882669e+05 3.556926604186527547e+05 3.556867602592840558e+05
1.064917936250421917e+04 3.501952134444351541e+05 3.501507389346121345e+05 3.493221378971132799e+05 3.486330405900093028e+05 3.471804126540633151e+05 3.466964008918208419e+05 3.456261821675298270e+05 3.453700584687020746e+05 3.453636860934767756e+05 3.453573243589894846e+05 3.453512156526978943e+05 3.453452258854275569e+05 3.453394262750790804e+05 3.453334611009942601e+05 3.453289903072538436e+05
1.069917936250421917e+04 3.589648914284452330e+05 3.582976869279543753e+05 3.568499243916980922e+05 3.542556710529413540e+05 3.528980886777333217e+05 3.528895670621636091e+05 3.528808683160943910e+05 3.528728124237598968e+05 3.528653339555979474e+05 3.528576939059363212e+05 3.528501713224716950e+05 3.528427224120170576e+05 3.528356634588802117e+05 3.528283619706424652e+05 3.528229389357455657e+05
1.074917936250421917e+04 3.398169289616174647e+05 3.398030422339594224e+05 3.397964211215267424e+05 3.397865064164486248e+05 3.397787290805800003e+05 3.397723703015221399e+05 3.397657608533573220e+05 3.397591005512431730e+05 3.397519640596600366e+05 3.397453003325252212e+05 3.397384854516428895e+05 3.397315185509531293e+05 3.397253872470801580e+05 3.397181973646356491e+05 3.397128924633907154e+05
1.079917936250421917e+04 2.987828997697248706e+05 2.970947515535409329e+05 2.970880852001433959e+05 2.970815042118845158e+05 2.970753906813436188e+05 2.970694961902704672e+05 2.970636342432835954e+05 2.970577782880413579e+05 2.970521454154307721e+05 2.970464773976269062e+05 2.970408476222026511e+05 2.970350373503821320e+05 2.970297946523516439e+05 2.970241158570240368e+05 2.970198386568045826e+05
1.084917936250421917e+04 2.646823696829003165e+05 2.632877632133762236e+05 2.632120777543298318e+05 2.632068113095051376e+05 2.632014973950885469e+05 2.631963413591083954e+05 2.631912101217063027e+05 2.631861335897709359e+05 2.631810928748337901e+05 2.631761082289965707e+05 2.631711232417987194e+05 2.631662088506370201e+05 2.631615091265234514e+05 2.631567708203325747e+05 2.631532375943525112e+05
1.089917936250421917e+04 2.553793744777590327e+05 2.533360093319271982e+05 2.514065139181974519e+05 2.513799984759108629e+05 2.513746832715356722e+05 2.513697094191320066e+05 2.513647762194081733e+05 2.513597099862154573e+05 2.513547192396399914e+05 2.513499222317645035e+05 2.513450803053970740e+05 2.513400759114465036e+05 2.513355970325848029e+05 2.513307233582429471e+05 2.513270433948022546e+05
1.094917936250421917e+04 2.430467927734427794e+05 2.409566559150048997e+05 2.385881006615213118e+05 2.384834596747177420e+05 2.384785961799405050e+05 2.384737788752111373e+05 2.384689938084092573e+05 2.384642189978705428e+05 2.384594786983911472e+05 2.384548163425819657e+05 2.384501831603611936e+05 2.384456267945167201e+05 2.384412802540369739e+05 2.384368714080295176e+05 2.384335844607249601e+05
1.096582485910421929e+04 2.419816950565541338e+05 2.394511870567491278e+05 2.364986636334329378e+05 2.363126998839378939e+05 2.363080635594050109e+05 2.363031944355524320e+05 2.362982296724523767e+05 2.362932116359296197e+05 2.362883165307812742e+05 2.362833246912971954e+05 2.362783516373712919e+05 2.362733645606928621e+05 2.362687893649059406e+05 2.362640433621456032e+05 2.362604274661698146e+05
1.096583735910422001e+04 2.163063573932932050e+05 2.385104620290975436e+05 2.365270004407994857e+05 2.363324011110987340e+05 2.363287351565670106e+05 2.363249165041520901e+05 2.363209699174577545e+05 2.363169044123998901e+05 2.363128749868609884e+05 2.363086739061316184e+05 2.363044159196744440e+05 2.363000580698690319e+05 2.362960362274142972e+05 2.362917621724314231e+05 2.362885014792431029e+05
1.096593735910422038e+04 2.306225514610356477e+05 2.351760852801165020e+05 2.359884323915557179e+05 2.358844864428173751e+05 2.358822877763612196e+05 2.358806450299729186e+05 2.358790174350127345e+05 2.358773501507957699e+05 2.358756502026183880e+05 2.358739365495983802e+05 2.358721946039432078e+05 2.358704489282446448e+05 2.358687866977936937e+05 2.358669658985016868e+05 2.358659018318402523e+05
1.101619570992354784e+04 2.113071097248402075e+05 2.113051317026064498e+05 2.113024192300850118e+05 2.112997570599434257e+05 2.112970078192173969e+05 2.112943197970613546e+05 2.112916646900291380e+05 2.112890334532325796e+05 2.112864248699214368e+05 2.112838711059656343e+05 2.112813633766892599e+05 2.112789053165359073e+05 2.112766007014012139e+05 2.112745145482169173e+05 2.112730132575374446e+05
1.106747401159219407e+04 2.104083085948117368e+05 2.104061870839991316e+05 2.104035792840092909e+05 2.104009992958538351e+05 2.103984317888560472e+05 2.103959083143369644e+05 2.103934028341258236e+05 2.103909113174822705e+05 2.103884104150280182e+05 2.103859500995683484e+05 2.103835066371979774e+05 2.103810997407493123e+05 2.103787757214592420e+05 2.103765805282610527e+05 2.103749870383349480e+05
1.107555798641183173e+04 2.102033876078074391e+05 2.101997967822089558e+05 2.101958424542034918e+05 2.101925909767588309e+05 2.101899077465788578e+05 2.101872373271897086e+05 2.101845650230013125e+05 2.101819086860099342e+05 2.101792761581314262e+05 2.101766526434900006e+05 2.101740480022061674e+05 2.101715205525346391e+05 2.101690896564878349e+05 2.101667512749781017e+05 2.101650097024023999e+05
1.107611392737563438e+04 2.103827753742919012e+05 2.103829316754041356e+05 2.103813575907771010e+05 2.103794058673310501e+05 2.103771160709985124e+05 2.103748787246404681e+05 2.103726538880986627e+05 2.103704452681957337e+05 2.103682457643559901e+05 2.103660648060116218e+05 2.103638944385034556e+05 2.103617839269005053e+05 2.103597193215590960e+05 2.103577261441989103e+05 2.103562827319297357e+05
1.161249293016792581e+04 2.075408502910360694e+05 2.075394920755570347e+05 2.075378571163901070e+05 2.075362144507255289e+05 2.075345589600975800e+05 2.075329470747764863e+05 2.075313414179717074e+05 2.075297230080186855e+05 2.075280912202312029e+05 2.075264754075678939e+05 2.075248631467236555e+05 2.075233280874647608e+05 2.075217495795361756e+05 2.075201329029439075e+05 2.075188583529369498e+05
1.161250543016792653e+04 1.966166676946196822e+05 2.001402152309759113e+05 2.015267699773563072e+05 2.018742168378122733e+05 2.020291984069245518e+05 2.021866904293451225e+05 2.023264297692138061e+05 2.024562803810744663e+05 2.025613890095216921e+05 2.026703392525930249e+05 2.027680038678446144e+05 2.028962626504783984e+05 2.029798354972643137e+05 2.030526555278599844e+05 2.031136301618391881e+05
1.161260543016792690e+04 2.067055682600393484e+05 2.067114251895313500e+05 2.067170662351898500e+05 2.067167213800458121e+05 2.067152183277109580e+05 2.067137650667256385e+05 2.067121590746729344e+05 2.067103969575303490e+05 2.067083007170743658e+05 2.067061423463246610e+05 2.067037457098749583e+05 2.067011770250204427e+05 2.066982575035770133e+05 2.066951119863015192e+05 2.066921896713936003e+05
1.207825469774593876e+04 2.080492915551164187e+05 2.080480242952350527e+05 2.080451088918315654e+05 2.080433931260880781e+05 2.080419028494718950e+05 2.080402760715347831e+05 2.080386410208290035e+05 2.080369996034141805e+05 2.080354273194080452e+05 2.080337668642347271e+05 2.080320961336178589e+05 2.080303919774631213e+05 2.080288052571394364e+05 2.080271046720308659e+05 2.080257827779382642e+05
1.297825469774593876e+04 2.082332330431008886e+05 2.082302547112665197e+05 2.082268108094825002e+05 2.082240907595800236e+05 2.082209062003753788e+05 2.082178562114162196e+05 2.082148221360894677e+05 2.082117464933350566e+05 2.082088195059315767e+05 2.082057313608542609e+05 2.082026422947908286e+05 2.081995407412431668e+05 2.081968656060027715e+05 2.081939272905642865e+05 2.081917099956881138e+05
1.387825469774593876e+04 2.047217879667064699e+05 2.046333481814606930e+05 2.046265457053477294e+05 2.046232580928718962e+05 2.046201963577751303e+05 2.046171315800822922e+05 2.046140868111843884e+05 2.046110260775249335e+05 2.046080543203756388e+05 2.046049958619972458e+05 2.046019253611686290e+05 2.045988014244086517e+05 2.045958880533254996e+05 2.045927880464958434e+05 2.045903500289231306e+05
1.477825469774593876e+04 1.941512727865994675e+05 1.941985688603189483e+05 1.941960670329581189e+05 1.941935889733498916e+05 1.941911030802272435e+05 1.941885817943285510e+05 1.941860622917069995e+05 1.941835298154008633e+05 1.941810441436870897e+05 1.941785162856520328e+05 1.941759836456794874e+05 1.941734549543846806e+05 1.941710399537869089e+05 1.941684920689579740e+05 1.941665155586424517e+05
1.567825469774593876e+04 1.868486523545539821e+05 1.867841865980613220e+05 1.867803219785253459e+05 1.867776249698741012e+05 1.867750483202613250e+05 1.867724120300366776e+05 1.867697805764341028e+05 1.867671239146767475e+05 1.867645461895284825e+05 1.867618782930642774e+05 1.867592077146572992e+05 1.867565083125964156e+05 1.867540011572357907e+05 1.867513182046507136e+05 1.867492309788582497e+05
1.657825469774593876e+04 1.826115423337428947e+05 1.822945222440061625e+05 1.822806479135605623e+05 1.822777006491107168e+05 1.822753944225109590e+05 1.822727979867440008e+05 1.822702285134929989e+05 1.822676145067921898e+05 1.822653200641851872e+05 1.822626747674740909e+05 1.822600304286952305e+05 1.822572857580395066e+05 1.822550306759121013e+05 1.822524114228170365e+05 1.822504115834932891e+05
1.748106719774593876e+04 1.773722593592322664e+05 1.773687080886148324e+05 1.773649053200775816e+05 1.773618656047501136e+05 1.773588243616340624e+05 1.773558328605436254e+05 1.773528963067682052e+05 1.773499896769171173e+05 1.773471169365078676e+05 1.773442157626327244e+05 1.773413131183284859e+05 1.773384030257179402e+05 1.773356016714544385e+05 1.773326731421518198e+05 1.773304279570392100e+05
1.837925764526856074e+04 1.734620610305269947e+05 1.734580190073894337e+05 1.734535046287995356e+05 1.734504806543378800e+05 1.734475883091574069e+05 1.734447287139253458e+05 1.734418779101537075e+05 1.734390254015164974e+05 1.734362216334661935e+05 1.734333584903561859e+05 1.734304953470159380e+05 1.734276066495126579e+05 1.734248671155592892e+05 1.734219824052958866e+05 1.734197581838392653e+05
1.927925764526856074e+04 1.727052903636946285e+05 1.727008720900234184e+05 1.726958752363494714e+05 1.726930254353715864e+05 1.726902572029394796e+05 1.726874979552390578e+05 1.726847308983199182e+05 1.726819300186701876e+05 1.726792133073333534e+05 1.726763884791427408e+05 1.726735577493505843e+05 1.726706746470454091e+05 1.726680031885518983e+05 1.726651496247305768e+05 1.726629586151879630e+05
2.017925764526856074e+04 1.720999799924458785e+05 1.720979426431870088e+05 1.720948667212433647e+05 1.720921706923112797e+05 1.720895331845464243e+05 1.720869307407696033e+05 1.720843224675205711e+05 1.720816903706836747e+05 1.720791064186101139e+05 1.720764597336176957e+05 1.720738120732485550e+05 1.720711523704759602e+05 1.720686245645926683e+05 1.720659582335983287e+05 1.720639119437447516e+05
2.107925764526856074e+04 1.724246431567340624e+05 1.724204129837449000e+05 1.724156257683446747e+05 1.724127165961300780e+05 1.724098935792532284e+05 1.724071049351366237e+05 1.724043171657054627e+05 1.724015039131217054e+05 1.723987778980761068e+05 1.723959525180016353e+05 1.723931232836161216e+05 1.723902561185488303e+05 1.723875811762242229e+05 1.723847340025836311e+05 1.723825375827556127e+05
2.197925764526856074e+04 1.725162129802726849e+05 1.725145564588740235e+05 1.725118389632904727e+05 1.725092619653401198e+05 1.725066856702744553e+05 1.725041244346529129e+05 1.725015498468485312e+05 1.724989555132705427e+05 1.724964072211206367e+05 1.724938048109016381e+05 1.724912000414144713e+05 1.724885885214853042e+05 1.724860947686070576e+05 1.724834703756502713e+05 1.724814558692087594e+05
2.287925764526856074e+04 1.731936642785417207e+05 1.731910223611346155e+05 1.731878094164385693e+05 1.731851402410197479e+05 1.731824909382472397e+05 1.731798385093588149e+05 1.731771868036152155e+05 1.731745167472069152e+05 1.731719132452337071e+05 1.731692386726377881e+05 1.731665645373341395e+05 1.731638807649060618e+05 1.731613543006955879e+05 1.731586688970866380e+05 1.731565864792750508e+05
2.377925764526856074e+04 1.735851450800083403e+05 1.735789849171473470e+05 1.735728022037066694e+05 1.735698109502196312e+05 1.735669762514534232e+05 1.735641083243140311e+05 1.735612050199381483e+05 1.735582744876567449e+05 1.735554770350364561e+05 1.735525381614336802e+05 1.735495997004978126e+05 1.735466138712497195e+05 1.735438787714938517e+05 1.735409291014074406e+05 1.735386195737702074e+05
2.467925764526856074e+04 1.735808499517276941e+05 1.735767872853355075e+05 1.735723814189179684e+05 1.735696580278312613e+05 1.735669377944591688e+05 1.735641906369689386e+05 1.735614039867816609e+05 1.735585897400019458e+05 1.735558726010657265e+05 1.735530509494367288e+05 1.735502270977888256e+05 1.735473657557250990e+05 1.735447046088518691e+05 1.735418673842629360e+05 1.735396643174256606e+05
2.538925764526856074e+04 1.735752533724713139e+05 1.735713494138226379e+05 1.735673406750366557e+05 1.735644254463548423e+05 1.735615319652127801e+05 1.735587094423611416e+05 1.735559048511851288e+05 1.735530825860098703e+05 1.735503120472450973e+05 1.735474890204707917e+05 1.735446622102732945e+05 1.735418209944307746e+05 1.735391166157971311e+05 1.735362729322343366e+05 1.735340493851789506e+05
