TIME P_Ch3_mesh1 P_Ch3_mesh2 P_Ch3_mesh3 P_Ch3_mesh4 P_Ch3_mesh5 P_Ch3_mesh6 P_Ch3_mesh7 P_Ch3_mesh8 P_Ch3_mesh9 P_Ch3_mesh10 P_Ch3_mesh11 P_Ch3_mesh12 P_Ch3_mesh13 P_Ch3_mesh14 P_Ch3_mesh15 
0.000000000000000000e+00 1.594247949001022801e+07 1.593442533805396780e+07 1.591668893332055397e+07 1.589743324815772660e+07 1.588959095089949667e+07 1.587061452796534821e+07 1.585153053388138488e+07 1.583182744595946558e+07 1.582394441878006794e+07 1.580449994450080208e+07 1.578493648300473578e+07 1.576472468395829201e+07 1.575677890958294831e+07 1.573633927348280326e+07 1.572389676600678638e+07
5.000040000000043960e+01 7.497638303863684647e+06 7.496025439133238047e+06 7.493880095020779409e+06 7.492220470538498834e+06 7.490814951371747069e+06 7.489564899883667938e+06 7.488438980406074785e+06 7.487409152766790241e+06 7.486431111797232181e+06 7.485496248759148642e+06 7.484613920395589434e+06 7.483773515358610079e+06 7.482983690563886426e+06 7.482030503752993420e+06 7.481269734092882834e+06
1.000003999999985922e+02 5.554880860642441548e+06 5.553504693765159696e+06 5.551591926588525064e+06 5.550036422837764025e+06 5.548648616624007933e+06 5.547353602406925522e+06 5.546161416458764113e+06 5.545065983553219587e+06 5.544046210443234071e+06 5.543111132647152059e+06 5.542231408491890877e+06 5.541430961103001609e+06 5.540675825459396467e+06 5.539959692481179722e+06 5.539676532219131477e+06
1.502405034099261059e+02 1.059040168048342923e+06 1.058411837752172723e+06 1.058380527161110193e+06 1.058349235819666181e+06 1.058324899931275751e+06 1.058295157703254605e+06 1.058265167961509898e+06 1.058234073688852368e+06 1.058209552155149868e+06 1.058178853974759812e+06 1.058148019231965300e+06 1.058116067880685208e+06 1.058091165000119247e+06 1.058058650623314548e+06 1.058039361368643120e+06
2.004200391960640388e+02 6.708466829258149955e+05 6.686744327731115045e+05 6.657277101014478831e+05 6.634725916153253056e+05 6.618235958846878493e+05 6.603950735033896053e+05 6.591407851811087457e+05 6.584185204745085211e+05 6.582289906309798826e+05 6.581198993058386259e+05 6.580143796972667333e+05 6.578980392551723635e+05 6.578229802442585351e+05 6.576854561255947920e+05 6.576170082056224346e+05
2.553043625042201370e+02 6.670350872610978549e+05 6.643043232168281684e+05 6.609958144206411671e+05 6.582548736067800783e+05 6.561146423586554592e+05 6.543137059063406195e+05 6.527443344297464937e+05 6.513471787259079283e+05 6.501136476293930318e+05 6.489557141846070299e+05 6.478945403595083626e+05 6.468833466606177390e+05 6.461522438053721562e+05 6.451274031241842313e+05 6.444755352534580743e+05
3.053043625042201370e+02 7.096931218948846217e+05 7.069275432828827761e+05 7.034955045822977554e+05 7.002270263749610167e+05 6.973010696647942532e+05 6.948446480123647489e+05 6.927449884299449623e+05 6.909014786691669142e+05 6.892522952337120660e+05 6.877094976537332404e+05 6.862838780184207717e+05 6.849378328359114239e+05 6.837702244747239165e+05 6.824226264062972041e+05 6.813960651745855575e+05
3.553043625042201370e+02 6.935731967686128337e+05 6.905594772460563108e+05 6.870554390363204293e+05 6.836540803505639778e+05 6.804424482965993229e+05 6.777053838251634734e+05 6.754156339250615565e+05 6.733957785202007508e+05 6.715997227538847364e+05 6.699532858875191305e+05 6.684302686702825595e+05 6.670091509092544438e+05 6.657711371456881752e+05 6.643096431125225499e+05 6.632353885906621581e+05
4.053043625042201370e+02 7.269595696712243371e+05 7.242808952441309812e+05 7.208960726701472886e+05 7.178804857960339868e+05 7.153857979721823940e+05 7.133088944865249796e+05 7.115071535976518644e+05 7.099135183908541221e+05 7.084652850247308379e+05 7.071098628492754651e+05 7.058617074999894248e+05 7.046748882522511994e+05 7.036480250748370308e+05 7.024531930953806732e+05 7.015063018848713255e+05
4.553043625042201370e+02 7.513223756891113007e+05 7.486439983851454454e+05 7.452441951615303988e+05 7.419757439168795245e+05 7.390102445187636185e+05 7.365286109598381445e+05 7.344274310555753764e+05 7.326070094070810592e+05 7.309927116427888395e+05 7.295166164970408427e+05 7.281960726787017193e+05 7.269585421388844261e+05 7.259227656902909512e+05 7.247529688080571359e+05 7.237995808738007909e+05
5.053043625042201370e+02 7.542080298265769379e+05 7.514541627378812991e+05 7.480302065142965876e+05 7.448185480866064318e+05 7.419984700693491613e+05 7.396560839240128407e+05 7.376682836817511125e+05 7.359396269182481337e+05 7.344017388934381306e+05 7.329888800952606834e+05 7.317225506601429079e+05 7.305295841223793104e+05 7.295303255455521867e+05 7.283916317319816444e+05 7.274545350496775936e+05
5.553043625042200802e+02 7.506626429251806112e+05 7.479044513196551707e+05 7.444786713258313248e+05 7.412658104508955730e+05 7.384452533625733340e+05 7.361015703933541663e+05 7.341117358177801361e+05 7.323805550555910449e+05 7.308394874847179744e+05 7.294232486451071454e+05 7.281531937852533301e+05 7.269562971515551908e+05 7.259525213793744333e+05 7.248092933991861064e+05 7.238685908258886775e+05
6.053043625042200802e+02 7.425875567294423236e+05 7.398325604806164047e+05 7.364072767947862158e+05 7.331977196197547019e+05 7.303787490685107186e+05 7.280308523046325427e+05 7.260340264682353009e+05 7.242945567440198502e+05 7.227447193925529718e+05 7.213198457569923485e+05 7.200410540862812195e+05 7.188360746177659603e+05 7.178241127606881782e+05 7.166730115709387464e+05 7.157277491703804117e+05
6.591793625042200802e+02 7.316304677908344893e+05 7.288745638165158452e+05 7.254477780305424239e+05 7.222356197819120716e+05 7.194113163307635114e+05 7.170558320124048041e+05 7.150507652514507063e+05 7.133029499778066529e+05 7.117447623732886277e+05 7.103119527140044374e+05 7.090251501333306078e+05 7.078127823863043450e+05 7.067930999343006406e+05 7.056344780146414414e+05 7.046848091209371341e+05
7.091793625042200802e+02 7.205947333850241266e+05 7.178374210016384022e+05 7.144089582239360316e+05 7.111976927934715059e+05 7.083751378631710541e+05 7.060186958500533365e+05 7.040110657938901568e+05 7.022598038460658863e+05 7.006976290223863907e+05 6.992607099403431639e+05 6.979695974949201336e+05 6.967529550622991519e+05 6.957287738061473938e+05 6.945656236010651337e+05 6.936132979649952613e+05
7.591793625042200802e+02 7.089045220105969347e+05 7.061457879914307268e+05 7.027155864356134553e+05 6.995060753799097147e+05 6.966871523170282599e+05 6.943317270984282950e+05 6.923234142456736881e+05 6.905704514906915138e+05 6.890059677772285650e+05 6.875664724677734775e+05 6.862725271387493704e+05 6.850529704232962104e+05 6.840256575809963979e+05 6.828592637301066425e+05 6.819052635645288974e+05
8.091793625042200802e+02 6.965125362272507045e+05 6.937522691607895540e+05 6.903201616082703695e+05 6.871115900816587964e+05 6.842954336308927741e+05 6.819410456393092172e+05 6.799326365725114010e+05 6.781788848565781955e+05 6.766132039810480783e+05 6.751723013338238234e+05 6.738768078664245550e+05 6.726555409502719995e+05 6.716264385133723263e+05 6.704581035660591442e+05 6.695033624754264019e+05
8.591793625042200802e+02 6.733112891001943499e+05 6.705489488251212751e+05 6.671151822721431963e+05 6.639428276665727608e+05 6.611946569848996587e+05 6.588956961170274299e+05 6.569309058295014547e+05 6.552123384184895549e+05 6.536764548210432986e+05 6.522603583121037809e+05 6.509867431535291253e+05 6.497841330374123063e+05 6.487722054628835758e+05 6.476187265307420166e+05 6.466759834441967541e+05
9.091793625042200802e+02 6.550666134233716875e+05 6.522987493254269939e+05 6.488605064129356761e+05 6.456759680849571014e+05 6.429125956124730874e+05 6.406046215327007230e+05 6.386349011050985428e+05 6.369136713892729022e+05 6.353763870444734348e+05 6.339596612763904268e+05 6.326856750896892045e+05 6.314829333168326411e+05 6.304707455533639295e+05 6.293169317179478239e+05 6.283751061516894260e+05
9.591793625042200802e+02 6.262268560360791162e+05 6.234614889296161709e+05 6.200219280818909174e+05 6.168743003022023477e+05 6.141779290188888554e+05 6.119222624312969856e+05 6.099929145008127671e+05 6.083043456602584338e+05 6.067948630751374876e+05 6.054016459072143771e+05 6.041495193533002166e+05 6.029649876620541327e+05 6.019711030264924048e+05 6.008335894367481815e+05 5.999039737067311071e+05
1.009179362504220080e+03 6.099694944982383167e+05 6.072029727716060588e+05 6.037626860218022484e+05 6.006519453315343708e+05 5.980193692925109062e+05 5.958095906599690206e+05 5.939130856147230370e+05 5.922492138514361577e+05 5.907590767356965225e+05 5.893810465423327405e+05 5.881424951267730212e+05 5.869679967641076073e+05 5.859842795514080208e+05 5.848554191709487932e+05 5.839309634783505462e+05
1.059179362504220080e+03 6.056997985923467204e+05 6.029908161453761859e+05 5.996095287343921373e+05 5.966645783625551267e+05 5.942257279113072436e+05 5.921411610140795819e+05 5.903189894354990683e+05 5.887000461231603986e+05 5.872314599368636264e+05 5.858623011706368998e+05 5.846289028796083294e+05 5.834474556242659455e+05 5.824590697280509630e+05 5.813215323396587046e+05 5.803822890442224452e+05
1.109179362504220080e+03 5.794947620791655499e+05 5.767253198681176873e+05 5.732812380631400738e+05 5.701984163156719878e+05 5.676196824604953872e+05 5.654528409491110360e+05 5.635907041429496603e+05 5.619557135556178400e+05 5.604910895554641029e+05 5.591350607530559646e+05 5.579183414800603641e+05 5.567615285983049544e+05 5.557973404044564813e+05 5.546862930233620573e+05 5.537744817969329888e+05
1.159179362504220080e+03 5.602430289921342628e+05 5.574615132695086068e+05 5.540220968768758466e+05 5.510018851386369206e+05 5.485290683625775855e+05 5.464509111315419432e+05 5.446609566894466989e+05 5.430882418765431503e+05 5.416780448600462405e+05 5.403689136549100513e+05 5.391938656832225388e+05 5.380729936076343292e+05 5.371411860911234980e+05 5.360575654197126860e+05 5.351666511134672910e+05
1.209179362504220080e+03 5.390800267592023592e+05 5.363273865361198550e+05 5.328788259109633509e+05 5.298008199538834160e+05 5.272245506878048182e+05 5.250399671684636269e+05 5.231449650866544689e+05 5.214660029433331219e+05 5.199488154009166174e+05 5.185144225392834633e+05 5.172195226588136284e+05 5.159994807239057845e+05 5.149782270926923375e+05 5.137944023820614093e+05 5.128771676520170295e+05
1.259179362504220080e+03 5.247499723007210996e+05 5.220068408632121282e+05 5.185570124567731982e+05 5.152840401044418104e+05 5.123530977464898024e+05 5.098815773808743688e+05 5.077630280415980378e+05 5.059220658687666291e+05 5.042888749440092361e+05 5.027860389662627713e+05 5.014264231098900200e+05 5.001541028594102245e+05 4.990702360621871194e+05 4.978380734578588745e+05 4.968721962401923956e+05
1.309179362504220080e+03 5.052840910362611758e+05 5.024882665537810535e+05 4.990241875154371955e+05 4.959690744197312742e+05 4.934651241710084723e+05 4.913681206460043322e+05 4.895672327911739121e+05 4.879864021905275295e+05 4.865694966544993222e+05 4.852558842163208174e+05 4.840767687183603994e+05 4.829526457650800003e+05 4.820159519420677680e+05 4.809289295456629479e+05 4.800369891605298617e+05
1.359179362504220080e+03 4.900040638513860176e+05 4.872137397856506868e+05 4.839623451272299862e+05 4.813206833132664324e+05 4.791723926690188237e+05 4.773398255577288219e+05 4.757449329390684143e+05 4.743318167286365642e+05 4.730599573868974694e+05 4.718634235159988166e+05 4.708031854941895581e+05 4.697662528213608311e+05 4.689366131497506867e+05 4.679423696902678348e+05 4.671030410511954688e+05
1.409179362504220080e+03 4.689748062923001708e+05 4.661462448896504939e+05 4.626650526985950419e+05 4.595501762686927104e+05 4.569417319258707576e+05 4.547577379306441289e+05 4.528909532314032549e+05 4.512643994212815305e+05 4.498236008881301386e+05 4.484989653047287138e+05 4.473394067258341820e+05 4.462356050849440508e+05 4.453587491016128333e+05 4.443255365739872796e+05 4.435284436392778298e+05
1.459179362504220080e+03 4.429878386392784305e+05 4.402349079092732864e+05 4.369112288276361069e+05 4.341299107851539156e+05 4.318811140751935891e+05 4.299876252759266063e+05 4.283574739703090163e+05 4.269088781766653992e+05 4.256226815122655244e+05 4.244232827303644735e+05 4.233427379005633411e+05 4.223213336282718810e+05 4.214914907628482906e+05 4.204740019899120089e+05 4.196501113682317664e+05
1.509179362504220080e+03 4.344720893041753443e+05 4.316745372067998978e+05 4.282917086423321161e+05 4.254261294268335914e+05 4.231134760777082993e+05 4.211648593173666741e+05 4.194789050832688808e+05 4.179930944784373860e+05 4.166582982129232842e+05 4.154137333624744206e+05 4.142993560135680018e+05 4.132280812466398347e+05 4.123462659969019005e+05 4.113060304331015213e+05 4.104514534281967208e+05
1.559179362504220080e+03 4.276430489891935722e+05 4.248672313362318091e+05 4.215670818440871080e+05 4.188370791029933025e+05 4.166041375464088633e+05 4.146934460738626658e+05 4.130266254922174267e+05 4.115473785096317297e+05 4.102120104752003681e+05 4.089611810616083094e+05 4.078424678721462260e+05 4.067592083785265568e+05 4.058713710463311872e+05 4.048256783345535514e+05 4.039592138979495503e+05
1.609179362504220080e+03 4.012463376032652450e+05 3.984498133138436242e+05 3.951609651812060038e+05 3.924768132027795655e+05 3.903233206231833319e+05 3.885060015460758004e+05 3.869339773507444188e+05 3.855486998608006979e+05 3.843085405757813714e+05 3.831461577392413164e+05 3.821176801428865874e+05 3.811156273701057071e+05 3.803146280219304608e+05 3.793447637725295499e+05 3.785331903267622693e+05
1.659179362504220080e+03 3.913730702298664837e+05 3.885886132761600311e+05 3.850994701800918556e+05 3.819146450373470434e+05 3.792235903493282967e+05 3.770098019277086714e+05 3.751408432534235180e+05 3.735203275424556923e+05 3.720857730599165661e+05 3.707660882812700002e+05 3.695858601749108639e+05 3.684694338553018752e+05 3.675437264645571704e+05 3.664614380298641045e+05 3.655978520535670104e+05
1.709179362504220080e+03 3.672766314476240077e+05 3.644448210429890896e+05 3.609899964825921343e+05 3.579890703432442970e+05 3.555666300991239841e+05 3.535645170818215702e+05 3.518445995104988106e+05 3.503377075251773349e+05 3.489961694453501841e+05 3.477446530437501497e+05 3.466192410173400422e+05 3.455450636905122665e+05 3.446581898227521451e+05 3.435920423930857796e+05 3.427608324116917793e+05
1.759179362504220080e+03 3.494430353185528656e+05 3.466373818877050071e+05 3.434222454489265219e+05 3.409135889593462925e+05 3.389149386865316774e+05 3.372364136756353546e+05 3.357937268640628899e+05 3.345352135344049311e+05 3.333932810028982349e+05 3.323727083474978572e+05 3.313976452758684172e+05 3.307098621128291707e+05 3.305448665673927171e+05 3.304710932388940710e+05 3.304309691788858036e+05
1.809179362504220080e+03 3.406116697434087982e+05 3.378286584503026097e+05 3.343211145578259602e+05 3.309296209034259082e+05 3.278386991685726098e+05 3.252802285503211897e+05 3.231750348848222638e+05 3.213837906014829059e+05 3.198222372133497847e+05 3.183920025386578636e+05 3.171034218792252359e+05 3.158972985173069173e+05 3.148885770357900765e+05 3.136973139539636904e+05 3.128099083614073461e+05
1.859179362504220080e+03 3.301552338311861968e+05 3.273368474654247984e+05 3.238214353164981585e+05 3.206507155246454058e+05 3.180245345752837020e+05 3.158855263931708760e+05 3.140875611127470620e+05 3.125318011518754065e+05 3.111604883191736299e+05 3.098944170435899287e+05 3.087684036013003206e+05 3.076950604813758982e+05 3.068194802335891873e+05 3.057759640944837010e+05 3.049554856378752156e+05
1.909179362504220080e+03 3.175015835834708996e+05 3.146379565235463087e+05 3.111020892577539198e+05 3.078757671979463194e+05 3.051772868659195374e+05 3.029848415413367911e+05 3.011461612549347919e+05 2.995522241382187349e+05 2.981401424934268580e+05 2.968286006045961403e+05 2.956373087261526962e+05 2.945050014349644189e+05 2.935561374116200022e+05 2.924158486097767018e+05 2.915558098811994423e+05
1.959179362504220080e+03 3.056957371560622123e+05 3.030126302214008174e+05 2.996271809048517607e+05 2.969064356460166746e+05 2.948628814998685266e+05 2.931903970975193661e+05 2.917547185105450335e+05 2.904841334292416577e+05 2.893343751638826216e+05 2.882499017984393868e+05 2.872949078052811674e+05 2.863440834824991180e+05 2.856151380135630025e+05 2.846905770530874724e+05 2.839516863511178526e+05
2.009179362504220080e+03 2.984401480121474597e+05 2.956162713778684265e+05 2.921189626956966240e+05 2.891128951156619005e+05 2.867447904424848966e+05 2.848025760131006246e+05 2.831536960785430856e+05 2.817180400068425806e+05 2.804444807578528998e+05 2.792640383728104644e+05 2.782205552660474787e+05 2.772141436798763461e+05 2.764031907172113424e+05 2.754293783107290510e+05 2.746345777471947949e+05
2.059179362504220080e+03 2.931511211533371825e+05 2.903330268255865085e+05 2.868364296882156632e+05 2.838925140471358900e+05 2.816298957152796793e+05 2.797823792164164479e+05 2.782173650068945135e+05 2.768598121696605231e+05 2.756454360541829956e+05 2.745340844459143700e+05 2.735595948365133372e+05 2.726212557399052894e+05 2.718877472386857262e+05 2.709981386522008106e+05 2.704382835083081154e+05
2.109179362504220080e+03 2.842572445719297975e+05 2.814651894719849224e+05 2.780522438769257860e+05 2.753313814486318734e+05 2.733408120092579629e+05 2.717392494545552763e+05 2.703835814948222251e+05 2.691992281690904056e+05 2.681383999044874799e+05 2.671413903532038676e+05 2.662711484064810211e+05 2.654050968359254766e+05 2.647518007365655503e+05 2.639171997380623361e+05 2.631772263253166457e+05
2.159179362504220080e+03 2.804019959132506629e+05 2.774625339832118480e+05 2.739214045710698119e+05 2.706362194829381187e+05 2.678522103027109988e+05 2.656373613879219047e+05 2.637569003441529931e+05 2.622385492980607087e+05 2.609219241316405823e+05 2.596824230788589921e+05 2.585687162962400471e+05 2.575115825261094724e+05 2.566234053874690726e+05 2.555893234825937543e+05 2.549908356827530952e+05
2.209179362504220080e+03 2.817070305998920230e+05 2.791463615919671138e+05 2.756857111950090621e+05 2.723194580865364405e+05 2.689616609165314585e+05 2.656160952665700461e+05 2.624284558495830861e+05 2.596423214861911256e+05 2.573336396142833983e+05 2.553613142902521067e+05 2.536492552925479249e+05 2.521179187425765558e+05 2.508277545617318538e+05 2.494351907967969019e+05 2.484093348735444306e+05
2.259179362504220080e+03 2.797487125532289501e+05 2.769062920589782880e+05 2.733705829477114021e+05 2.699463066562606255e+05 2.667434403097710456e+05 2.641078221899744822e+05 2.620256712517791602e+05 2.602786044550896040e+05 2.587674333713851811e+05 2.574011997737959027e+05 2.561981521204877063e+05 2.550623907565411355e+05 2.541217778202247573e+05 2.530423091095713899e+05 2.521782858223670337e+05
2.309179362504220080e+03 2.850555184411921073e+05 2.821862171524116420e+05 2.786382526172961225e+05 2.753679497023358708e+05 2.725756487578803790e+05 2.703053799843090237e+05 2.684056589053044445e+05 2.667637083173500141e+05 2.653105063632073579e+05 2.639770186956232064e+05 2.627833080184975988e+05 2.616514373872029246e+05 2.607076588752164971e+05 2.596131242223376466e+05 2.587476610224804317e+05
2.359179362504220080e+03 2.849650456357667572e+05 2.820399932666563545e+05 2.784669098887870205e+05 2.750921441526195849e+05 2.721713396374856238e+05 2.698613641745409113e+05 2.679769794695555465e+05 2.663699062539467704e+05 2.649681490645535523e+05 2.636846188692328869e+05 2.625496505267951288e+05 2.614708666108903126e+05 2.605802027265113429e+05 2.595429293447775999e+05 2.587066290982170613e+05
2.409179362504220080e+03 2.903351005552277784e+05 2.874730003348595346e+05 2.839404912649056641e+05 2.807026518147609313e+05 2.779261767841926776e+05 2.756644861653462285e+05 2.737970609018171672e+05 2.722000094531226787e+05 2.707899739891159115e+05 2.695029325454357313e+05 2.683743278551572002e+05 2.672807904467624612e+05 2.663838302217430319e+05 2.653478760180061217e+05 2.644933605464746943e+05
2.459179362504220080e+03 2.903546318991357111e+05 2.875245940229569678e+05 2.840031879953912576e+05 2.807024902543573990e+05 2.778594672440767172e+05 2.755950131715035532e+05 2.736884614394466626e+05 2.720498406140222214e+05 2.705681802373490646e+05 2.692564230697468156e+05 2.681396551345534972e+05 2.670808153536748141e+05 2.662454755025781342e+05 2.652359515465095756e+05 2.644221226940463530e+05
2.509179362504220080e+03 2.905433262743758387e+05 2.876998438801667653e+05 2.841600924255092978e+05 2.807980724077277118e+05 2.778431395858232863e+05 2.754606240051329951e+05 2.734929670319933794e+05 2.718102231844287016e+05 2.703329183840551414e+05 2.689854077528935741e+05 2.677856684475463699e+05 2.666521284490136313e+05 2.657128615635673050e+05 2.646245939644658356e+05 2.637639484951075283e+05
2.559179362504220080e+03 2.901204533067785669e+05 2.872641180616375059e+05 2.837265495665351045e+05 2.805849697843007743e+05 2.780061335885682493e+05 2.758840627521433053e+05 2.740860770949899452e+05 2.725204325905860751e+05 2.711298653138192021e+05 2.698461518868298153e+05 2.687089987164468039e+05 2.676154776080760057e+05 2.667249839654582902e+05 2.656861091003939509e+05 2.648400676723591168e+05
2.609179362504220080e+03 2.949406346320430748e+05 2.921063771609802498e+05 2.885649032253514742e+05 2.851356973411101499e+05 2.819854550998289487e+05 2.793490100793220918e+05 2.771762342489591683e+05 2.753362692149117938e+05 2.737344702403989504e+05 2.722858832428926835e+05 2.710058386591346352e+05 2.698002267599024926e+05 2.688136317858922412e+05 2.676623362721455633e+05 2.667783410033172113e+05
2.659179362504220080e+03 2.937588779639316490e+05 2.909132453268557438e+05 2.873713601165068685e+05 2.840435041738037835e+05 2.811552638928799424e+05 2.788074977700601448e+05 2.768536462417995208e+05 2.751771522703100345e+05 2.737084601772694732e+05 2.723643938730673981e+05 2.711861863866585190e+05 2.700555102362089674e+05 2.691512296863695374e+05 2.680682281808690168e+05 2.672196545501387445e+05
2.709179362504220080e+03 2.921870173672359088e+05 2.893365854874481447e+05 2.859739531467186171e+05 2.831748224542611279e+05 2.809003106579287560e+05 2.790291076959428028e+05 2.773707577243563137e+05 2.759264701441796497e+05 2.746231348640795914e+05 2.734681076414540876e+05 2.724442327984747244e+05 2.714581275572633022e+05 2.706283346144988318e+05 2.696658503405843512e+05 2.689717050371582154e+05
2.759179362504220080e+03 2.937866486990355188e+05 2.909935907222329406e+05 2.875399627127539716e+05 2.845529906945149996e+05 2.821384056254248717e+05 2.801225619479762390e+05 2.783875673750795540e+05 2.768673644543722621e+05 2.755025495694451965e+05 2.742461105276987655e+05 2.731056993705687928e+05 2.720419247524134116e+05 2.711224682129106950e+05 2.701243360321235377e+05 2.697725713953952072e+05
2.809179362504220080e+03 2.889665683206819231e+05 2.861379200613703579e+05 2.826055945839045453e+05 2.793856125129496795e+05 2.766645570953061688e+05 2.744179958508867421e+05 2.725278139321610797e+05 2.708627342550192261e+05 2.694641103275516653e+05 2.679981083191125654e+05 2.671033037486932590e+05 2.670768216446323786e+05 2.670595088240671903e+05 2.670348612960731843e+05 2.670209485436263494e+05
2.859179362504220080e+03 2.837973471429424826e+05 2.809280370807275176e+05 2.775420409235468251e+05 2.747139068627691013e+05 2.724486776942050201e+05 2.705645672994615161e+05 2.689241228476705728e+05 2.675212924268009956e+05 2.661829651615684852e+05 2.650863623670799425e+05 2.649309530307144742e+05 2.649120819921755465e+05 2.648985277241150616e+05 2.648786741648255265e+05 2.648677233529918012e+05
2.909179362504220080e+03 2.829997426363014965e+05 2.801426078549874946e+05 2.768002619322221726e+05 2.740636633407301852e+05 2.717981073461680207e+05 2.698291448302067583e+05 2.680059288360945648e+05 2.663098490410525119e+05 2.649806614506413462e+05 2.636588174953571288e+05 2.629152666868081433e+05 2.628980061042985180e+05 2.628850960985278361e+05 2.628658607563872356e+05 2.628557160044873017e+05
2.959179362504220080e+03 2.818794068755162298e+05 2.790102567871863721e+05 2.755199019296917249e+05 2.724112515367874876e+05 2.697113988318909542e+05 2.676073915424706647e+05 2.657787912646512850e+05 2.642789648841908784e+05 2.626714163701397483e+05 2.618112904560013558e+05 2.617950450113374100e+05 2.617774379838067107e+05 2.617640575470694166e+05 2.617432665452913498e+05 2.617324680531761551e+05
3.009179362504220080e+03 2.813799410353518906e+05 2.785870653900596662e+05 2.753072649485479924e+05 2.726797209864736069e+05 2.705699396088579670e+05 2.687485496974368580e+05 2.671969575617749360e+05 2.658268286382212536e+05 2.646237347138742334e+05 2.633543690916546620e+05 2.626619144223718904e+05 2.626406945288270363e+05 2.626247240368371713e+05 2.625987982680002460e+05 2.625852753136344254e+05
3.059179362504220080e+03 2.833310966948177665e+05 2.805271466547599412e+05 2.772500579905102495e+05 2.746429324896481121e+05 2.725754698120661196e+05 2.708483808792408090e+05 2.693169283508153167e+05 2.679834111599020544e+05 2.666701113809405360e+05 2.657255304325653124e+05 2.656396935157188564e+05 2.656209597265106859e+05 2.656065273993287119e+05 2.655826672373648034e+05 2.655702575297974399e+05
3.109179362504220080e+03 2.811707863302596961e+05 2.783372819129466079e+05 2.748630851857715752e+05 2.718272266037925729e+05 2.693550817464201245e+05 2.673350891750190058e+05 2.655900908792715636e+05 2.640464635202276986e+05 2.626959261423787102e+05 2.613188434909728530e+05 2.605540447783314448e+05 2.605378362534380285e+05 2.605247140460376395e+05 2.605039942835498368e+05 2.604933041054333735e+05
3.159179362504220080e+03 3.001058118278393522e+05 2.972476123576602549e+05 2.936770588239104836e+05 2.902047734302539029e+05 2.867796374910913873e+05 2.835611052947487333e+05 2.808089275306739146e+05 2.784838930275856401e+05 2.764704408541652956e+05 2.746536382597734919e+05 2.729740472064143978e+05 2.715525503912803833e+05 2.707432328898360720e+05 2.701152174540965934e+05 2.697585710624480271e+05
3.209179362504220080e+03 2.760259779623243958e+05 2.730365313772461377e+05 2.693617414439982967e+05 2.657770760631142766e+05 2.622384015734127606e+05 2.586834027023517701e+05 2.551394283181320934e+05 2.516040021055476100e+05 2.481908014354436018e+05 2.451641422223619593e+05 2.427377386464112788e+05 2.407610285301225667e+05 2.391802487305307877e+05 2.376218401100428018e+05 2.364904524652109249e+05
3.259179362504220080e+03 2.660245895496270387e+05 2.632514349776303861e+05 2.597023781874232809e+05 2.562575703326448274e+05 2.528246585487842094e+05 2.494035304243630089e+05 2.459960843256635999e+05 2.428377807207953883e+05 2.401679125435559836e+05 2.379296903587190609e+05 2.360149566409420222e+05 2.343272470723796869e+05 2.328928139094430080e+05 2.313949137909657147e+05 2.302808389619385998e+05
3.309179362504220080e+03 2.712366723806771333e+05 2.683696169715163414e+05 2.647839256620110827e+05 2.613001799423501070e+05 2.578368949476547132e+05 2.543855556105043797e+05 2.511429426101403951e+05 2.483877022631473374e+05 2.461327531271905173e+05 2.442224122784949141e+05 2.425798722989113594e+05 2.411065784597189631e+05 2.398807258404469176e+05 2.385588221796663129e+05 2.375579014026921068e+05
3.359179362504220080e+03 2.749929807120100595e+05 2.721132242004796863e+05 2.685339166463991278e+05 2.650613776049314765e+05 2.616056166712738341e+05 2.582328241021237045e+05 2.552123212233393569e+05 2.526992402514388668e+05 2.505768842042827746e+05 2.487243013932601025e+05 2.470978400503848970e+05 2.456180283689509961e+05 2.443633569043410826e+05 2.430037467444728245e+05 2.419756366369054304e+05
3.409179362504220080e+03 2.745571850655794260e+05 2.716810008640857413e+05 2.681063513138637063e+05 2.646398490618759533e+05 2.611924013398959069e+05 2.580770386238600186e+05 2.555467808942781703e+05 2.534541817194934411e+05 2.516579405392948829e+05 2.500620250816359185e+05 2.486519906519738142e+05 2.473456489722307015e+05 2.462484188998996106e+05 2.450262982924865501e+05 2.440792911840782035e+05
3.459179362504220080e+03 2.790169489477505558e+05 2.761485010377052240e+05 2.725784277656380436e+05 2.691152320799605222e+05 2.657182995204526233e+05 2.626801302762243431e+05 2.601893501556367846e+05 2.581067798517968622e+05 2.563062891422573593e+05 2.547001778728118225e+05 2.532789131984232517e+05 2.519591673424844339e+05 2.508527361185567861e+05 2.496208489227470418e+05 2.486661620409104507e+05
3.509179362504220080e+03 2.775563232731178869e+05 2.746927362020489527e+05 2.711285659563787049e+05 2.676704294009074802e+05 2.643405134197283769e+05 2.614273756670569710e+05 2.590466810496522230e+05 2.570494138428515289e+05 2.553163434052562225e+05 2.537644781086016737e+05 2.523905823022106779e+05 2.511097161214633379e+05 2.500397401692835556e+05 2.488418119898659061e+05 2.479071140015281562e+05
3.559179362504220080e+03 2.776456804335992783e+05 2.747838288658909732e+05 2.712234581638903474e+05 2.677717681074968423e+05 2.645910959699488012e+05 2.619317384442873299e+05 2.597348481449265382e+05 2.578659006724282517e+05 2.562264392299135216e+05 2.547440321466436435e+05 2.534267170837446174e+05 2.521883098979671195e+05 2.511557377296849736e+05 2.499897347119690385e+05 2.490714853249783919e+05
3.609179362504220080e+03 2.764833141944415402e+05 2.736196096342827659e+05 2.700533220433963579e+05 2.665885390111706220e+05 2.631425130278931465e+05 2.599390689590811962e+05 2.572436438321460155e+05 2.550203134538967570e+05 2.531328553325349640e+05 2.514677949022997636e+05 2.500044499201189610e+05 2.486581834745813394e+05 2.475305533611070132e+05 2.462850869893287891e+05 2.453279060409074300e+05
3.659179362504220080e+03 2.754658039174805162e+05 2.726008731224641087e+05 2.690322327708037337e+05 2.655704495383212343e+05 2.621702774987989105e+05 2.591230407742930111e+05 2.566304996879944229e+05 2.545567037051297084e+05 2.527715386125329242e+05 2.511824418958334718e+05 2.497805082628351229e+05 2.484791693162824668e+05 2.473928680029628449e+05 2.461821319397418119e+05 2.452416457930671750e+05
3.709179362504220080e+03 2.742289892661498161e+05 2.713510478946791263e+05 2.677735953847399796e+05 2.643073970965633052e+05 2.609883127442210971e+05 2.581013537496697099e+05 2.557391201642293890e+05 2.537510166574874020e+05 2.520204017573639576e+05 2.504677740223341680e+05 2.490906900940471387e+05 2.478048523488240899e+05 2.467286687613136892e+05 2.455230690176310018e+05 2.445829211614149099e+05
3.759179362504220080e+03 2.742798319821422920e+05 2.713954431205666042e+05 2.678039691742340219e+05 2.643228295015194453e+05 2.608614228419262508e+05 2.574172527387251030e+05 2.542864123454378569e+05 2.517086119048169057e+05 2.495482688489788852e+05 2.476731892414561880e+05 2.460320095701709215e+05 2.445405056952946179e+05 2.432784450015634357e+05 2.419110381355636637e+05 2.408784399156016880e+05
3.809179362504220080e+03 2.721831189697315567e+05 2.692707720153772389e+05 2.656565818821302382e+05 2.621489571288915467e+05 2.586577909503563133e+05 2.551800003791263443e+05 2.517155370045462623e+05 2.482821058493148594e+05 2.451631003407272510e+05 2.425851500506933662e+05 2.404525861603073135e+05 2.386200322414250986e+05 2.370917757431434875e+05 2.355256576615473023e+05 2.343794383367247647e+05
3.859179362504220080e+03 2.702743009836022975e+05 2.673600941863869084e+05 2.637433209129839088e+05 2.602346698306242179e+05 2.567466293885803898e+05 2.532772660742708831e+05 2.498668722938425781e+05 2.468128036435073300e+05 2.443065583673985384e+05 2.422026985427773034e+05 2.403991778141020040e+05 2.387943889298549329e+05 2.374435166493809666e+05 2.360091662263878097e+05 2.349403198328883154e+05
3.909179362504220080e+03 2.687386826810042257e+05 2.658342742393531371e+05 2.622224239161924343e+05 2.587143372298521281e+05 2.552251294881656067e+05 2.517525418560084072e+05 2.483135340135793667e+05 2.451940440317642642e+05 2.426245506136964250e+05 2.404824336863056815e+05 2.386616704847134824e+05 2.370479944546704355e+05 2.357069437043317303e+05 2.342780883534743043e+05 2.332206880711851700e+05
3.959179362504220080e+03 2.716581641635638662e+05 2.687623683063844801e+05 2.651266397740498069e+05 2.615919820975836192e+05 2.580738612893652171e+05 2.545653025694784592e+05 2.510698795128929487e+05 2.475870159419297997e+05 2.441210193551126285e+05 2.406637305205998709e+05 2.372529183303175669e+05 2.341261226487465610e+05 2.315426615482074267e+05 2.291988241754559567e+05 2.275268813409335271e+05
4.009179362504220080e+03 2.687723886775519350e+05 2.658395753837270313e+05 2.622039230020457762e+05 2.586799577871150686e+05 2.551788285199041129e+05 2.516948939067763858e+05 2.482264771814312844e+05 2.448667602945549006e+05 2.419174398323929927e+05 2.394992249120982015e+05 2.374769718674353790e+05 2.357160103746189270e+05 2.342490451687826426e+05 2.327226730166949856e+05 2.316062106468222919e+05
4.059179362504220080e+03 2.692046866848098580e+05 2.662972298079500324e+05 2.626674224419851671e+05 2.591448978044563264e+05 2.556352152012490842e+05 2.521380893901144445e+05 2.486543039121700276e+05 2.451849993765960680e+05 2.417302210352795955e+05 2.383176285995031649e+05 2.352600705798142299e+05 2.327541706531371456e+05 2.307178439823845110e+05 2.287633628789767681e+05 2.273701973433458479e+05
4.109179362504220080e+03 2.663629983458210481e+05 2.634262045516684884e+05 2.597963500658111589e+05 2.562767882632788969e+05 2.527755496681174845e+05 2.492890480536699761e+05 2.458147231206148572e+05 2.423795857807532302e+05 2.392410650138602068e+05 2.365710945468309801e+05 2.343638323065200238e+05 2.324396381467901228e+05 2.308500671401447325e+05 2.292333823580609169e+05 2.281031199762706819e+05
4.159179362504220080e+03 2.735831365615257528e+05 2.706842158101190580e+05 2.670457829943423858e+05 2.635094644447872997e+05 2.599865130063351244e+05 2.564752887456248573e+05 2.529774842604092264e+05 2.494934400467461091e+05 2.460252963579958305e+05 2.425712363810599199e+05 2.391458119093739951e+05 2.359086272866070503e+05 2.331068787765018351e+05 2.306254491323677939e+05 2.289165435248548165e+05
4.209179362504220080e+03 2.712724438214955735e+05 2.683463218203449505e+05 2.647235721905732062e+05 2.612158656634495419e+05 2.577278960997853428e+05 2.542599454510690994e+05 2.508125670597820135e+05 2.475202252919957100e+05 2.447028719981699251e+05 2.424503381788494589e+05 2.405200008306482632e+05 2.388588848906198109e+05 2.374345925140680629e+05 2.359346331579264661e+05 2.348261449665725231e+05
4.259179362504220080e+03 2.752162492903328384e+05 2.723150352493551909e+05 2.686938100810663309e+05 2.651810556890841108e+05 2.616878953693882213e+05 2.582126089458168717e+05 2.547566203082170978e+05 2.513733420618105738e+05 2.482104432323583751e+05 2.454023062790297845e+05 2.429518422139534377e+05 2.409085217060357973e+05 2.391505278296790784e+05 2.373616818683294987e+05 2.360302194328535115e+05
4.309179362504220080e+03 2.734963361503499909e+05 2.705830372186108143e+05 2.669643055934009608e+05 2.634560038570898469e+05 2.599662485537237662e+05 2.564927540221885138e+05 2.530341860634838522e+05 2.498360406997404934e+05 2.471237844953473541e+05 2.448429481771800492e+05 2.428941469740143220e+05 2.411683334811482055e+05 2.397099336437279417e+05 2.381831709928616765e+05 2.370550815689834708e+05
4.359179362504220080e+03 2.764307281179272686e+05 2.735192575099789537e+05 2.699010513331005932e+05 2.663923494359729229e+05 2.629063372477996163e+05 2.594406359536495002e+05 2.560260795843561355e+05 2.529192845787791302e+05 2.503340760323987633e+05 2.481527561571013939e+05 2.462769845179723343e+05 2.446079353088559583e+05 2.431870196980015608e+05 2.416885039045644517e+05 2.405748165763754514e+05
4.409179362504220080e+03 2.801449920861509163e+05 2.772553523580468027e+05 2.736531280654942384e+05 2.701594759488595300e+05 2.666892284337796737e+05 2.632441662947917357e+05 2.600243585507440730e+05 2.572547317838312010e+05 2.548675209652407793e+05 2.527579870330286503e+05 2.508746477261962427e+05 2.492072949775312736e+05 2.477797151434874395e+05 2.462664140224073199e+05 2.451279399668460246e+05
4.459179362504220080e+03 2.827239219231997849e+05 2.798380468029972981e+05 2.762478043913976871e+05 2.727722549718715600e+05 2.693233189526401111e+05 2.661536394260681118e+05 2.634828769390461966e+05 2.612279429688643722e+05 2.592726310497497325e+05 2.575259362987720815e+05 2.559751264670809032e+05 2.545382659172576386e+05 2.533216738582374237e+05 2.519775634514827689e+05 2.509590159350740141e+05
4.509179362504220080e+03 2.808337735550178331e+05 2.779546089957338991e+05 2.743805239673922188e+05 2.709217911524393130e+05 2.676256911224797950e+05 2.647486783436206752e+05 2.623562185779685387e+05 2.603157163993617578e+05 2.585224116116504301e+05 2.569053007494266494e+05 2.554642336710187956e+05 2.541152784617650614e+05 2.529822174316587334e+05 2.517116626791747403e+05 2.507341989645052236e+05
4.559179362504220080e+03 2.835070668140951311e+05 2.806463286581431748e+05 2.770892883670007577e+05 2.737995408618038055e+05 2.709506768393700477e+05 2.685825400926304283e+05 2.665619328103373991e+05 2.647941557305888855e+05 2.632124652047638083e+05 2.617578526192426798e+05 2.604472547912124137e+05 2.592055970644067274e+05 2.581548602460642578e+05 2.569628526973295375e+05 2.560286524907641578e+05
4.609179362504220080e+03 2.785548123782865587e+05 2.756961357367900782e+05 2.721403565234867856e+05 2.687229351585622644e+05 2.656513872084746254e+05 2.631206371728395461e+05 2.609959688441511826e+05 2.591609874033477681e+05 2.575348288787129859e+05 2.560520152162020677e+05 2.547262725659179268e+05 2.534739843318354397e+05 2.524234670680787240e+05 2.512348319332573446e+05 2.503024245650703087e+05
4.659179362504220080e+03 2.781733151767507079e+05 2.753158542430672678e+05 2.717663346991200815e+05 2.684390579970802064e+05 2.655184140510894940e+05 2.631037210258652922e+05 2.610597105208191206e+05 2.592802215805581654e+05 2.576962240397632122e+05 2.562442590906945406e+05 2.549435349527238577e+05 2.537104443226892909e+05 2.526756930743342964e+05 2.515011729791632388e+05 2.505758203362978820e+05
4.709179362504220080e+03 2.773740592301549623e+05 2.745194847923975904e+05 2.709769359215419972e+05 2.677274042016550084e+05 2.649326098549425951e+05 2.626079550438002334e+05 2.606280175518299802e+05 2.588956444712146476e+05 2.573486641302585485e+05 2.559251756519618793e+05 2.546484386278072197e+05 2.534343523738415970e+05 2.524161720905577531e+05 2.512565154224057624e+05 2.503395441192382423e+05
4.759179362504220080e+03 2.749060087997744558e+05 2.720731310766629176e+05 2.685307020295001566e+05 2.651039669976067380e+05 2.619262493012858322e+05 2.592109650107201305e+05 2.569454077048116305e+05 2.550045459499279677e+05 2.532931529216899653e+05 2.517521130829855392e+05 2.503748775129840942e+05 2.490861540417564393e+05 2.479998275379368279e+05 2.467789820315731631e+05 2.458357140392891015e+05
4.809179362504220080e+03 2.725637019206436817e+05 2.697165521421434241e+05 2.661737026328261127e+05 2.628418489582553157e+05 2.599106966012403718e+05 2.574845580889899575e+05 2.554319765813343984e+05 2.536471127535273845e+05 2.520592484629121900e+05 2.506048433591980138e+05 2.492999862191705033e+05 2.480660499220556230e+05 2.470267192347047967e+05 2.458498689164741372e+05 2.449253140642691578e+05
4.859179362504220080e+03 2.765709177134050988e+05 2.737226594504194218e+05 2.701787385813767323e+05 2.668508716233114246e+05 2.639176385429574293e+05 2.614729408771175658e+05 2.593919633569823636e+05 2.575747393486192741e+05 2.559531675708729308e+05 2.544663565173877578e+05 2.531305479461976793e+05 2.518666846509752795e+05 2.508001430313682649e+05 2.495945420783631271e+05 2.486509841357484402e+05
4.909179362504220080e+03 2.745775479082047241e+05 2.717286260441946797e+05 2.681879271125998930e+05 2.649971286921857391e+05 2.623125611194865778e+05 2.600746750392686226e+05 2.581610995009059552e+05 2.564834204335377435e+05 2.549827943609964568e+05 2.535980213025568810e+05 2.523592490522359440e+05 2.511739304150781827e+05 2.501887672554863966e+05 2.490566561040251399e+05 2.481562622599964088e+05
4.959179362504220080e+03 2.748508037268106127e+05 2.720129354699275573e+05 2.684744145614104928e+05 2.651296239624171867e+05 2.621589911652372684e+05 2.596866732238250843e+05 2.575927846022271842e+05 2.557705486213346012e+05 2.541483668468198448e+05 2.526623685831272742e+05 2.513242346286739339e+05 2.500629663942405605e+05 2.489925880257859244e+05 2.477846460482513066e+05 2.468437306637682486e+05
5.009179362504220080e+03 2.742500003443503520e+05 2.713652125963865547e+05 2.678117637128849747e+05 2.645704429470977630e+05 2.618110587033021438e+05 2.595260616804064484e+05 2.575888380232094787e+05 2.558975836015559325e+05 2.543900554805971915e+05 2.530015706438930647e+05 2.517598149489804346e+05 2.505738680105450912e+05 2.495855196390365018e+05 2.484521217748731433e+05 2.475516976481228776e+05
5.059179362504220080e+03 2.718967076115377131e+05 2.690359670855497825e+05 2.654764301789518213e+05 2.620230190612715669e+05 2.587335825755815022e+05 2.558686851566621917e+05 2.534904087227880082e+05 2.514685657350394758e+05 2.496959288275028521e+05 2.480983214675687486e+05 2.466710522310053057e+05 2.453405460471211118e+05 2.442121667666004505e+05 2.429565775619381748e+05 2.419877869728119113e+05
5.109179362504220080e+03 2.688817413279005559e+05 2.660200005523369182e+05 2.624576804614157882e+05 2.590011337871796568e+05 2.556864318141956173e+05 2.527812401588834764e+05 2.503757223925424914e+05 2.483367931574815593e+05 2.465532703485043603e+05 2.449488127581727167e+05 2.435172262783888436e+05 2.421839224849003949e+05 2.410541375992091489e+05 2.397978239118049096e+05 2.388294583486166375e+05
5.159179362504220080e+03 2.658264380373216118e+05 2.629541406332767219e+05 2.593807201125560678e+05 2.559129280679170042e+05 2.524631461778423691e+05 2.492639876965344010e+05 2.465619019350133312e+05 2.443046027779296273e+05 2.423644695729740779e+05 2.406422287453270692e+05 2.391171031934951316e+05 2.377117535438873165e+05 2.365199887371036166e+05 2.352111811292156926e+05 2.342140910340247210e+05
5.209179362504220080e+03 2.668233363967750920e+05 2.639420555672554183e+05 2.603542159320398932e+05 2.568725133872717270e+05 2.534094577527545334e+05 2.499913156117308827e+05 2.468786867620330304e+05 2.442730118977096281e+05 2.420755709093760524e+05 2.401617180301436747e+05 2.384814700247034489e+05 2.369555339720367920e+05 2.356569698669383943e+05 2.342569361282508180e+05 2.332060377557919419e+05
5.259179362504220080e+03 2.681055413748989231e+05 2.652170347896635067e+05 2.616227632673994522e+05 2.581338356769006641e+05 2.546629855520456913e+05 2.512086982714547194e+05 2.479550768106753239e+05 2.451515517198894522e+05 2.428068862264396157e+05 2.407888034629527247e+05 2.390269030895444448e+05 2.374395963091863960e+05 2.360876669993250398e+05 2.346441470705656102e+05 2.335668350291635143e+05
5.309179362504220080e+03 2.625036029156048899e+05 2.596278000778031419e+05 2.560642062724263233e+05 2.529278645830075257e+05 2.503579266442303779e+05 2.482041755076087429e+05 2.463471444899458147e+05 2.447120977686535043e+05 2.432415939446935372e+05 2.418795344517467020e+05 2.406596478947848082e+05 2.394850790184610814e+05 2.385137537489425158e+05 2.373851763766616059e+05 2.364924424671265006e+05
5.359179362504220080e+03 2.587300166642262193e+05 2.558875905648136395e+05 2.525321920199230372e+05 2.497564385556211055e+05 2.474818821418429143e+05 2.455365318584282068e+05 2.438370973518058599e+05 2.423273093476545764e+05 2.409620805245640222e+05 2.396865931174482976e+05 2.385464953664397472e+05 2.374375740155114909e+05 2.365329628167724004e+05 2.354632041014248971e+05 2.346178756060224259e+05
5.409179362504220080e+03 2.527114137391406985e+05 2.498607932351684431e+05 2.465064502396325697e+05 2.437368188304835348e+05 2.414731585012527357e+05 2.395424753161178669e+05 2.378565749805147061e+05 2.363622961937741784e+05 2.350073102852420998e+05 2.337544391905875527e+05 2.326065783454879420e+05 2.315508938132738112e+05 2.305827593053115415e+05 2.296701497173330281e+05 2.287039829258812824e+05
5.459179362504220080e+03 2.504154789710986370e+05 2.475643093463026744e+05 2.442072269136980176e+05 2.414297022554385185e+05 2.391526451623900793e+05 2.372070008187528583e+05 2.355060772109969694e+05 2.339967352164008189e+05 2.326281639677613275e+05 2.313601040040063381e+05 2.302017052044864395e+05 2.291274112233636843e+05 2.281562708425961609e+05 2.272156945027577167e+05 2.270168054068913334e+05
5.509179362504220080e+03 2.471236269247658784e+05 2.442798928063382627e+05 2.409284562927460938e+05 2.381608920162036666e+05 2.358940369750753161e+05 2.339551662470830488e+05 2.322625935702350398e+05 2.307544959553002845e+05 2.294024624145622947e+05 2.281112314528921270e+05 2.270129791978131398e+05 2.258170155130400963e+05 2.250471359864221013e+05 2.250275218375996628e+05 2.250166018391993130e+05
5.559179362504220080e+03 2.449172732984695467e+05 2.420733907155239431e+05 2.387259809489286563e+05 2.359657790531591745e+05 2.337073414409387333e+05 2.317785703551096958e+05 2.300896412559518067e+05 2.286032250920856604e+05 2.272198866357767547e+05 2.260236530120862590e+05 2.247189848280674778e+05 2.238922343938324775e+05 2.238797283475244185e+05 2.238614166940564755e+05 2.238509283684484253e+05
5.609179362504220080e+03 2.441608714672170172e+05 2.413086308784956054e+05 2.378995862293032988e+05 2.349974175899537222e+05 2.325990077498033643e+05 2.305691196639486297e+05 2.287999704833575524e+05 2.272665134498517727e+05 2.258761125661870465e+05 2.246122204321397003e+05 2.233510597333936312e+05 2.228044709644684044e+05 2.227925576929395902e+05 2.227748490941468335e+05 2.227653195976821298e+05
5.659179362504220080e+03 2.436313505083049822e+05 2.407861026980428433e+05 2.374351656740419276e+05 2.346649077833728225e+05 2.323959632336380309e+05 2.304576891901393537e+05 2.287626776171193342e+05 2.272629222061299661e+05 2.258915896253180108e+05 2.246502131312128331e+05 2.234508599382749817e+05 2.229986549643213511e+05 2.229865637144442007e+05 2.229682202983650495e+05 2.229590066723105847e+05
5.709179362504220080e+03 2.430476153228714538e+05 2.402043989535739238e+05 2.368584852376500203e+05 2.340989181963332521e+05 2.318383935658683768e+05 2.299028921161282342e+05 2.282179135635474231e+05 2.267003869689966668e+05 2.253828792105239118e+05 2.240062857774722797e+05 2.232592462281205226e+05 2.232430206805251073e+05 2.232309010242324730e+05 2.232121580687552050e+05 2.232027309806942649e+05
5.759179362504220080e+03 2.421784554574208451e+05 2.393311504507047648e+05 2.359833844761538203e+05 2.332204065881840943e+05 2.309568100663598452e+05 2.290194710050630965e+05 2.273350236480284366e+05 2.258112517359439516e+05 2.245073844222218904e+05 2.230851453706815955e+05 2.222042643778127094e+05 2.221902078301905131e+05 2.221789886578104342e+05 2.221615505829700269e+05 2.221522385780414043e+05
5.809179362504220080e+03 2.415767932242797979e+05 2.387271921406395850e+05 2.353696833382867335e+05 2.325891714032794989e+05 2.303104335011874209e+05 2.283612057627149916e+05 2.266663752931453346e+05 2.251339942989242263e+05 2.238225847406218527e+05 2.223909257391576539e+05 2.215040573328687169e+05 2.214903382322609250e+05 2.214792709436047589e+05 2.214621825180716987e+05 2.214531609064661025e+05
5.859179362504220080e+03 2.413309415847023192e+05 2.384813356920309889e+05 2.351292161966195272e+05 2.323591937737855187e+05 2.300865107253811439e+05 2.281403077154438070e+05 2.264471201163717778e+05 2.249151599567021185e+05 2.236039201868244854e+05 2.221705705585615942e+05 2.212828009577488701e+05 2.212687024205597700e+05 2.212572836591233499e+05 2.212395544403530366e+05 2.212307381109675625e+05
5.909179362504220080e+03 2.417218117492503079e+05 2.388767919791764580e+05 2.355202525714875956e+05 2.327372626734854421e+05 2.304539725239660474e+05 2.285006172617436387e+05 2.268008956443320785e+05 2.252641160177837592e+05 2.239484802493342140e+05 2.225108377297202533e+05 2.216211232215265627e+05 2.216064061699104786e+05 2.215943489138999139e+05 2.215751923782184604e+05 2.215655933368081751e+05
5.959179362504220080e+03 2.301168024847295019e+05 2.273825042127407214e+05 2.242443677981964720e+05 2.218475027848781901e+05 2.199887109304033511e+05 2.184721588339522132e+05 2.171638429513533192e+05 2.161026259892674570e+05 2.157740305819108034e+05 2.157452255661504460e+05 2.157313948718988395e+05 2.157155491122769599e+05 2.157025856303441979e+05 2.156816604431552405e+05 2.156713272689688019e+05
6.009179362504220080e+03 2.113323251179811487e+05 2.076041567386064562e+05 2.049162211865203280e+05 2.048037920768545009e+05 2.047984858866883151e+05 2.047931572089022957e+05 2.047878181764306501e+05 2.047823396700729791e+05 2.047769815417011268e+05 2.047717002450442524e+05 2.047666655383861798e+05 2.047612950988131051e+05 2.047556271610478580e+05 2.047494030154500797e+05 2.047461208040573110e+05
6.059179362504220080e+03 2.384303908592461376e+05 2.355506078994292184e+05 2.321943652362853172e+05 2.294250736647968879e+05 2.271768104875940771e+05 2.252797738085542223e+05 2.236022237219079980e+05 2.221967480994875368e+05 2.206935659181272495e+05 2.197744495384800830e+05 2.197592781531512155e+05 2.197418152750873705e+05 2.197274315328553494e+05 2.197019341660490900e+05 2.196886940973430465e+05
6.109179362504220080e+03 2.339287040348010196e+05 2.312525514914702508e+05 2.277555321363140538e+05 2.243565998947801709e+05 2.210617166145961965e+05 2.181225309693540621e+05 2.155455752423216763e+05 2.142961525790942833e+05 2.142837838648417674e+05 2.142674883326218696e+05 2.142511514391594683e+05 2.142318124151375669e+05 2.142155029014843458e+05 2.141855296702661726e+05 2.141702962125959748e+05
6.159179362504220080e+03 2.422300438215154281e+05 2.394933376464986068e+05 2.363759818422389217e+05 2.339778578927267808e+05 2.320228440410613257e+05 2.303457942466865352e+05 2.288674871343668201e+05 2.274981552516024385e+05 2.263194132550655049e+05 2.249860211628444958e+05 2.241336617021364800e+05 2.241130434060508560e+05 2.240960357488596055e+05 2.240654430678849167e+05 2.240501366305771226e+05
6.209179362504220080e+03 2.285518054961011512e+05 2.257027438101179141e+05 2.223814021671896917e+05 2.196670954463398375e+05 2.174495287657908630e+05 2.155573282855172874e+05 2.139261089341258630e+05 2.124467483910362353e+05 2.112236829117564776e+05 2.110655953906269278e+05 2.110546471785738831e+05 2.110414754768902785e+05 2.110289810881960148e+05 2.110082242825666326e+05 2.109991136833080091e+05
6.259179362504220080e+03 2.320601307645587949e+05 2.292127481032677752e+05 2.257996802114359743e+05 2.229485126712688943e+05 2.206366373110892891e+05 2.186789750374773284e+05 2.169634982988984848e+05 2.155131955897061562e+05 2.139783965982893715e+05 2.130446079795918195e+05 2.130335603068463388e+05 2.130208090667591314e+05 2.130085945397866017e+05 2.129883833727990568e+05 2.129795634244451649e+05
6.309179362504220080e+03 2.340074122512155736e+05 2.312349004114164272e+05 2.279598021051723917e+05 2.253217123599570477e+05 2.231659109144855174e+05 2.213178264627812314e+05 2.196928886914750910e+05 2.182548527003533964e+05 2.169065069817524636e+05 2.157572234600180236e+05 2.156035232713003061e+05 2.155905008601819573e+05 2.155776753323785961e+05 2.155552943986760511e+05 2.155449937472695310e+05
6.359179362504220080e+03 2.357910420045083738e+05 2.329439892089081986e+05 2.296008449573953985e+05 2.268585970584172464e+05 2.246089401474257756e+05 2.226790296755605086e+05 2.210007833364376274e+05 2.194871699854817125e+05 2.181804599527998071e+05 2.167990828301754082e+05 2.161106980552716996e+05 2.160975429429975338e+05 2.160850006280138041e+05 2.160630956702851690e+05 2.160527776856984419e+05
6.409179362504220080e+03 2.368188891086024523e+05 2.339743384895225172e+05 2.306532923181632359e+05 2.279434698987640732e+05 2.257179545938556839e+05 2.238071304143454763e+05 2.221454293101402873e+05 2.206364308983766532e+05 2.193556431446213683e+05 2.179193477735282795e+05 2.170081455026129843e+05 2.169936453407249064e+05 2.169802841486799007e+05 2.169567827999870060e+05 2.169451886025175336e+05
6.459179362504220080e+03 2.372292948388189543e+05 2.343808683066870435e+05 2.310373829132084793e+05 2.282812886311390612e+05 2.260062245866715966e+05 2.240488115119478607e+05 2.223420054842044192e+05 2.207932457308647281e+05 2.194726393415475613e+05 2.179948781361158472e+05 2.170648562024142011e+05 2.170502437011881266e+05 2.170368972203730664e+05 2.170136098846794630e+05 2.170021622454152384e+05
6.509179362504220080e+03 2.366155498969899782e+05 2.337661110100820952e+05 2.304209488616144808e+05 2.276650304197546502e+05 2.253934214090127789e+05 2.234410252023493522e+05 2.217395039408918819e+05 2.201983502070167742e+05 2.188794217352324340e+05 2.174267392105704639e+05 2.165564910024908604e+05 2.165427686670748517e+05 2.165298432042268396e+05 2.165073678571293131e+05 2.164970356736002723e+05
6.559179362504220080e+03 2.364757424821768655e+05 2.336255570652133611e+05 2.302812676870109863e+05 2.275272210430715350e+05 2.252557199631548137e+05 2.233033540042734821e+05 2.215987468763588404e+05 2.200640093251023500e+05 2.187244059337217477e+05 2.173387063829592953e+05 2.167291772699603171e+05 2.167156001871738990e+05 2.167024399326982093e+05 2.166796047936701507e+05 2.166692372691745404e+05
6.609179362504220080e+03 2.362196730960471905e+05 2.333689684691677394e+05 2.300231084320361551e+05 2.272671785359654750e+05 2.249945528971120366e+05 2.230425085866340960e+05 2.213344313346309646e+05 2.198093938079227519e+05 2.184419742691902211e+05 2.171383583291211107e+05 2.167873973519692663e+05 2.167740777991510695e+05 2.167607111977975001e+05 2.167375359741022403e+05 2.167271296518529998e+05
6.659179362504220080e+03 2.360000120843136101e+05 2.331503279985276458e+05 2.297960774911914486e+05 2.270217985256272368e+05 2.247363366975201061e+05 2.227776463102195412e+05 2.210544584789974615e+05 2.195485150104493659e+05 2.181013428443327430e+05 2.169555446623851603e+05 2.168583391371716280e+05 2.168449514876455651e+05 2.168313809148866276e+05 2.168080579271556053e+05 2.167977182482607896e+05
6.709179362504220080e+03 2.357453840477162448e+05 2.328985399737990811e+05 2.295446422066283121e+05 2.267651519573654514e+05 2.244739939597003104e+05 2.225145296599536669e+05 2.207736149898289877e+05 2.193063086143238470e+05 2.177155538502803247e+05 2.167418967916919792e+05 2.167302450476294907e+05 2.167166024660050170e+05 2.167036226254927460e+05 2.166810641646574950e+05 2.166708371576263162e+05
6.759179362504220080e+03 2.350631515069735469e+05 2.322146863409916987e+05 2.288752209979575127e+05 2.261272410212925461e+05 2.238562710317517922e+05 2.219080641011127154e+05 2.201796734163466899e+05 2.187115583730021317e+05 2.171533737830606988e+05 2.162732467761813896e+05 2.162629837993383990e+05 2.162498749988446652e+05 2.162366451271042461e+05 2.162149822178198665e+05 2.162059899898740696e+05
6.809179362504220080e+03 2.350478229601450439e+05 2.321975638527554693e+05 2.288545443415906921e+05 2.261003762386464805e+05 2.238244905645265244e+05 2.218709027397993486e+05 2.201451333501786285e+05 2.186556225006949680e+05 2.171625962848175841e+05 2.165384406424839690e+05 2.165281285220363934e+05 2.165145484163194487e+05 2.165008665092478623e+05 2.164786345474472910e+05 2.164695472040405439e+05
6.859179362504220080e+03 2.353401212769816630e+05 2.324889971753064310e+05 2.291413317638484295e+05 2.263794897211643402e+05 2.240969246625964879e+05 2.221363339905456814e+05 2.204085334711274772e+05 2.189025605054839980e+05 2.174428514093074773e+05 2.169470011513870559e+05 2.169366549965227896e+05 2.169226167602613277e+05 2.169084875172118191e+05 2.168857162469210161e+05 2.168765606508596975e+05
6.909179362504220080e+03 2.359206787255053641e+05 2.330688658077692380e+05 2.297162118721742008e+05 2.269457256972509203e+05 2.246553417377695732e+05 2.226875503525580571e+05 2.209536793730332283e+05 2.194405394903081178e+05 2.179787337084941973e+05 2.174946509040409874e+05 2.174841645841470163e+05 2.174696813387249713e+05 2.174551164935853449e+05 2.174318135506547696e+05 2.174225891375128122e+05
6.959179362504220080e+03 2.367459889699407795e+05 2.338936176105631748e+05 2.305371821669168421e+05 2.277598191768604156e+05 2.254625041845324158e+05 2.234887114628116251e+05 2.217468929560493270e+05 2.202344555813880579e+05 2.187451057150406414e+05 2.181921549342609069e+05 2.181814107298092567e+05 2.181664895697678148e+05 2.181514947950527712e+05 2.181276486811717914e+05 2.181183430565928575e+05
7.009179362504220080e+03 2.376828751334426343e+05 2.348300926150960731e+05 2.314744872029251710e+05 2.286982960615898191e+05 2.264001970167639956e+05 2.244249948428705975e+05 2.226802658852325694e+05 2.211684818970655033e+05 2.196665958408334118e+05 2.190810954424316005e+05 2.190701155519125168e+05 2.190547571988749260e+05 2.190393072804450057e+05 2.190148198393099301e+05 2.190053775428824010e+05
7.059179362504220080e+03 2.383383701283463743e+05 2.354853043195265927e+05 2.321294748992892855e+05 2.293525879962006002e+05 2.270529069514800503e+05 2.250749361751718970e+05 2.233307667307074880e+05 2.218074663958209567e+05 2.203349065874571388e+05 2.198516299922687467e+05 2.198405650207958533e+05 2.198248812937777839e+05 2.198090249909933191e+05 2.197839110410836583e+05 2.197743248546519608e+05
7.109179362504220080e+03 2.392281900377628044e+05 2.363748739971061004e+05 2.330159871319278609e+05 2.302328730411307770e+05 2.279269277962002379e+05 2.259416024211543845e+05 2.241957491435871343e+05 2.226517157575350429e+05 2.212213535035766836e+05 2.208654940528820734e+05 2.208544413559581444e+05 2.208385141898485890e+05 2.208222709220694087e+05 2.207965251663349627e+05 2.207868039460754080e+05
7.159179362504220080e+03 2.405111957651039702e+05 2.376569802390204568e+05 2.343066725417609850e+05 2.315402117378418334e+05 2.292434263996639056e+05 2.272623675155938254e+05 2.255185326626559545e+05 2.239739953274376749e+05 2.225466388996573805e+05 2.221998790167975239e+05 2.221887529174348747e+05 2.221725814294671291e+05 2.221559466821517562e+05 2.221294816715593624e+05 2.221195787752461911e+05
7.209179362504220080e+03 2.407075960248891497e+05 2.378598718170183129e+05 2.344393190353324462e+05 2.315371873905546090e+05 2.291369909471116844e+05 2.270580075154457008e+05 2.253037845822287200e+05 2.234823640791681246e+05 2.224259376079507929e+05 2.224175082911257341e+05 2.224074279875731736e+05 2.223932118228978070e+05 2.223780232003575074e+05 2.223543799397718394e+05 2.223458577792125870e+05
7.244179362504220080e+03 2.411585113706479315e+05 2.383123821848115185e+05 2.349440067076885607e+05 2.321388215483232052e+05 2.298103027867545898e+05 2.277888649649650324e+05 2.260630500490188424e+05 2.243331147494586185e+05 2.234428274980078277e+05 2.234344754253610154e+05 2.234239172126149060e+05 2.234088585555568861e+05 2.233925619393340603e+05 2.233659422497848573e+05 2.233563104909193062e+05
7.249179362504220080e+03 2.410362090045923833e+05 2.381858374145352282e+05 2.348365242354752845e+05 2.320630614131328766e+05 2.297665637233384186e+05 2.277705027609674144e+05 2.260893408005857491e+05 2.243274834967452916e+05 2.232914066540259519e+05 2.232824243288374273e+05 2.232713741800490534e+05 2.232554760236045986e+05 2.232383207595692074e+05 2.232096218122188002e+05 2.231990185635157395e+05
7.299179362504220080e+03 2.457305123804125469e+05 2.428839532247874304e+05 2.395147908756496909e+05 2.366956199956516793e+05 2.343402860504751443e+05 2.322959238852244744e+05 2.305073942494214862e+05 2.288714174868682458e+05 2.283394585283063643e+05 2.283314334861225216e+05 2.283210751200505765e+05 2.283063335677498253e+05 2.282902552046526398e+05 2.282641763035123295e+05 2.282548255954677297e+05
7.349179362504220080e+03 2.491680871306905174e+05 2.463257008162481361e+05 2.429795761577985540e+05 2.402030031654172635e+05 2.378887965483576700e+05 2.358876843559599656e+05 2.341250724149412417e+05 2.336762312867225264e+05 2.336695650515243178e+05 2.336617539607495419e+05 2.336520104646235995e+05 2.336384675220451318e+05 2.336233918507364870e+05 2.335999034745657409e+05 2.335917640386400162e+05
7.399179362504220080e+03 2.527558546958752559e+05 2.499169396519369911e+05 2.465619865849248599e+05 2.437547054950245365e+05 2.414118330412544310e+05 2.393441936612391437e+05 2.386701870661954163e+05 2.386633913148140127e+05 2.386570852581884246e+05 2.386501157450341561e+05 2.386417310020295554e+05 2.386304804515263822e+05 2.386176219109266240e+05 2.385986441308654612e+05 2.385922951102275110e+05
7.449179362504220080e+03 2.549215124796197051e+05 2.520822277995938784e+05 2.487225598705510201e+05 2.459332901617341558e+05 2.433866145471258205e+05 2.420722639160402468e+05 2.420657144079808786e+05 2.420592640991259541e+05 2.420532402043941838e+05 2.420467613539393060e+05 2.420391235526729142e+05 2.420290600030578498e+05 2.420173236805944471e+05 2.420003115492256475e+05 2.419947211853897606e+05
7.499179362504220080e+03 2.561386024628763844e+05 2.533054242459785310e+05 2.499495961641659669e+05 2.470155402081992943e+05 2.456017442436330603e+05 2.455942363294658426e+05 2.455883534096431395e+05 2.455822776205516129e+05 2.455764633301279682e+05 2.455702724486030347e+05 2.455630846402839525e+05 2.455537838981962705e+05 2.455427997073755541e+05 2.455274142697493080e+05 2.455225181059827446e+05
7.549179362504220080e+03 2.579468536451741820e+05 2.550925681715860846e+05 2.516842678734299843e+05 2.497975788951771683e+05 2.497670109368285921e+05 2.497618815269242332e+05 2.497568072069626360e+05 2.497516064889068948e+05 2.497465292898025946e+05 2.497414252662961371e+05 2.497358120371214754e+05 2.497289264876650122e+05 2.497206413797208224e+05 2.497096915770857886e+05 2.497061672534485406e+05
7.599179362504220080e+03 2.581436814839405997e+05 2.553072412359760492e+05 2.523132206939876778e+05 2.517979266692509991e+05 2.517932373591958603e+05 2.517889510812027729e+05 2.517849021331707481e+05 2.517809471353948757e+05 2.517771417009617144e+05 2.517735930323918001e+05 2.517701045213684265e+05 2.517663467027829611e+05 2.517620058527190413e+05 2.517566750522775110e+05 2.517544079394042492e+05
7.649179362504220080e+03 2.567060790690481372e+05 2.538261976698758663e+05 2.519959993619620509e+05 2.519887101345679548e+05 2.519843529471464281e+05 2.519803298285021447e+05 2.519764851650643686e+05 2.519726937754793908e+05 2.519690246262296278e+05 2.519655999157647020e+05 2.519622576354913763e+05 2.519587186025608389e+05 2.519529853599091002e+05 2.519457847193569178e+05 2.519438607292877859e+05
7.699179362504220080e+03 2.532169353555788693e+05 2.507007237823421601e+05 2.499648971954556182e+05 2.499607389399356616e+05 2.499572978397527477e+05 2.499542832947518327e+05 2.499516099410440947e+05 2.499492648913426674e+05 2.499473399800860207e+05 2.499459425796334399e+05 2.499450393079524511e+05 2.499445179793710704e+05 2.499442288009866897e+05 2.499436432241901639e+05 2.499421898955017678e+05
7.749179362504220080e+03 3.107184842761184555e+05 3.107130987476385199e+05 3.107071366001814604e+05 3.107019271221392555e+05 3.106959031694809673e+05 3.106902684805473546e+05 3.106842163773526554e+05 3.106773742978159571e+05 3.106706306935957982e+05 3.106629198183435365e+05 3.106540963670422789e+05 3.106431878892514505e+05 3.106188433293355629e+05 3.105817136156322085e+05 3.105760993688703747e+05
7.799179362504220080e+03 4.828719788941500592e+05 4.819144199731978006e+05 4.818931501265543047e+05 4.818847213850730332e+05 4.818763129936038167e+05 4.818688142104620347e+05 4.818616031320628244e+05 4.818544005855774158e+05 4.818469509111662046e+05 4.818389481617460842e+05 4.818287623950532870e+05 4.818111384845701396e+05 4.817671442603322794e+05 4.816220623827467789e+05 4.815392461110951845e+05
7.849179362504220080e+03 3.245727990511709941e+05 3.238717513218952809e+05 3.238646822896433878e+05 3.238578731328648864e+05 3.238502586050556274e+05 3.238434442714986508e+05 3.238359711274912697e+05 3.238274839181900024e+05 3.238190907571482239e+05 3.238083359984995914e+05 3.237942254130912479e+05 3.237707646985452157e+05 3.237267663735799724e+05 3.236166526885532076e+05 3.235886690460728132e+05
7.899179362504220080e+03 3.229175874117253115e+05 3.229122025674736360e+05 3.229066414415394538e+05 3.229015632738787681e+05 3.228956628122756956e+05 3.228900233846462797e+05 3.228849074457324459e+05 3.228797959512758534e+05 3.228744894690003712e+05 3.228684324092218885e+05 3.228610993746611057e+05 3.228505196694192709e+05 3.228289872845968930e+05 3.227946379607780254e+05 3.227845597901048022e+05
7.949179362504220080e+03 2.727668681440991932e+05 2.709122700755249243e+05 2.686473430253546685e+05 2.680094633204170386e+05 2.680023565130247152e+05 2.679942811319843167e+05 2.679847962278776686e+05 2.679733540007813717e+05 2.679627203131140559e+05 2.679477967457859777e+05 2.679284216592217563e+05 2.679017872003570665e+05 2.678559596033068374e+05 2.678084519111973350e+05 2.678009908295790083e+05
7.999179362504220080e+03 2.315538226610173879e+05 2.298805511332450260e+05 2.297417851295781729e+05 2.297371351407655166e+05 2.297324793288016808e+05 2.297279068629380781e+05 2.297238961948483193e+05 2.297207174362885416e+05 2.297174504864674236e+05 2.297125320143295976e+05 2.297077088013625180e+05 2.297014957879789290e+05 2.296913450661084207e+05 2.296690531210228801e+05 2.296478838701916393e+05
8.049179362504220080e+03 2.191190914097849745e+05 2.163950540675180673e+05 2.132824063190169982e+05 2.120511470721015357e+05 2.120455738159342145e+05 2.120398595688402129e+05 2.120342593386129884e+05 2.120271970343798166e+05 2.120196383091479947e+05 2.120109556637680216e+05 2.120006319527936284e+05 2.119866401271722571e+05 2.119580014217803837e+05 2.119337685999886598e+05 2.119301270216823032e+05
8.099179362504220080e+03 2.185392523324319918e+05 2.157071404884866497e+05 2.123662315951765631e+05 2.108100389439231658e+05 2.108045914484804962e+05 2.107992073136640538e+05 2.107938096283066843e+05 2.107868607279972348e+05 2.107793475706006284e+05 2.107708323334489251e+05 2.107607963711761986e+05 2.107471290146681713e+05 2.107185849045669893e+05 2.106945524974282016e+05 2.106907699255968037e+05
8.149179362504220080e+03 2.173848973068016348e+05 2.145442674339275400e+05 2.112059255280508078e+05 2.094099905954659043e+05 2.093890201638132276e+05 2.093838709772703587e+05 2.093785522376318404e+05 2.093717048011693987e+05 2.093642693185852258e+05 2.093560449450100714e+05 2.093465159523170441e+05 2.093336081404013385e+05 2.093060193924238556e+05 2.092836900136310142e+05 2.092806989084882662e+05
8.199179362504219171e+03 2.173588899575880205e+05 2.145116934448523680e+05 2.111426177076748572e+05 2.093980395598071336e+05 2.093839019539018918e+05 2.093788128377346438e+05 2.093734455365957983e+05 2.093665275190335233e+05 2.093590303198571783e+05 2.093508370243913960e+05 2.093414702349191939e+05 2.093288218615334481e+05 2.093014166506913898e+05 2.092795505398235400e+05 2.092767471684443590e+05
8.249179362504219171e+03 2.176134150935400103e+05 2.147693309053282137e+05 2.113802125045747962e+05 2.097741008709466842e+05 2.097688794517866918e+05 2.097639360236420471e+05 2.097586375693744922e+05 2.097518493926518713e+05 2.097445097671183175e+05 2.097366013198949804e+05 2.097277987765555445e+05 2.097159918326046027e+05 2.096901007924429723e+05 2.096696294446953980e+05 2.096670801601173298e+05
8.299179362504219171e+03 2.172508892534775950e+05 2.144094356459553237e+05 2.110142951149329019e+05 2.094269381942546170e+05 2.094224314777156687e+05 2.094174601767312270e+05 2.094119863274589879e+05 2.094048930740589276e+05 2.093971202017946925e+05 2.093884717222987965e+05 2.093777291515205870e+05 2.093648076611780562e+05 2.093471423305753560e+05 2.093343085530870594e+05 2.093321942461571889e+05
8.349179362504219171e+03 2.167053340823730396e+05 2.138570262611299404e+05 2.104657801996563212e+05 2.089646895606924954e+05 2.089593330557331501e+05 2.089534694124416856e+05 2.089469039504478860e+05 2.089383819408189738e+05 2.089290075969425088e+05 2.089189113902147510e+05 2.089064383701168117e+05 2.088915223447041935e+05 2.088707242929792556e+05 2.088558002919495630e+05 2.088536040129807661e+05
8.399179362504219171e+03 2.162482243561198411e+05 2.134164771630622272e+05 2.100236972288074903e+05 2.083530734166380134e+05 2.083497229054022755e+05 2.083459304156055441e+05 2.083415333550799114e+05 2.083358492730733997e+05 2.083296367234210775e+05 2.083230562464699906e+05 2.083151204109122045e+05 2.083056981948725006e+05 2.082848603646278498e+05 2.082690174870378105e+05 2.082670973009463050e+05
8.449179362504219171e+03 2.157564260976990627e+05 2.129145139637088869e+05 2.095159710762444884e+05 2.079262442093309655e+05 2.079217190908966295e+05 2.079163220766095910e+05 2.079101038682807120e+05 2.079020030546503549e+05 2.078931517551062570e+05 2.078836788939422695e+05 2.078721903786989278e+05 2.078586361080574861e+05 2.078303215088248253e+05 2.078017261849014321e+05 2.077991845792899258e+05
8.499179362504219171e+03 2.152068491484017286e+05 2.123589947719657212e+05 2.089661903511482233e+05 2.074536310819620267e+05 2.074483967471348878e+05 2.074421995760096470e+05 2.074350224661144894e+05 2.074257994519651984e+05 2.074158668941074866e+05 2.074056403446807817e+05 2.073934127146506798e+05 2.073789679140927619e+05 2.073461337168490863e+05 2.073194824322597124e+05 2.073170725477320375e+05
8.549179362504219171e+03 2.146148334029248799e+05 2.117683117480464280e+05 2.083681542129661248e+05 2.066573741003280156e+05 2.066543121794535837e+05 2.066506741498155461e+05 2.066463036286460119e+05 2.066407119686260703e+05 2.066347313868282363e+05 2.066285704918152187e+05 2.066212652833108441e+05 2.066125869964051235e+05 2.065927728144789580e+05 2.065754994313143252e+05 2.065739486412284314e+05
8.599179362504219171e+03 2.141024041783993307e+05 2.112609509824411070e+05 2.078599235379649326e+05 2.063019362391902541e+05 2.062970943320990482e+05 2.062910248424020538e+05 2.062838357233267161e+05 2.062746539967990539e+05 2.062648682463979058e+05 2.062549071416154038e+05 2.062430658066717151e+05 2.062290477424896671e+05 2.061984341624613735e+05 2.061737954186538118e+05 2.061719751187041111e+05
8.649179362504219171e+03 2.135646320540910820e+05 2.107187013025705528e+05 2.073197925907074532e+05 2.057310106187885685e+05 2.057264826113312156e+05 2.057203939029581379e+05 2.057131056302124634e+05 2.057038712769490376e+05 2.056941288568632444e+05 2.056841120884357661e+05 2.056719679610723979e+05 2.056576103938658780e+05 2.056298860271893791e+05 2.056113455035121297e+05 2.056103863812488562e+05
8.699179362504219171e+03 2.131471752027873008e+05 2.103161122227987216e+05 2.069182250425860111e+05 2.053258611283147766e+05 2.053212487864085706e+05 2.053152496323199302e+05 2.053080015729245206e+05 2.052988333103724290e+05 2.052892252160757198e+05 2.052794140889644332e+05 2.052674379538486246e+05 2.052533804136264371e+05 2.052280172296232195e+05 2.052095942454323813e+05 2.052087022659535869e+05
8.749179362504219171e+03 2.129004714402787795e+05 2.100656571093818638e+05 2.066697620877193403e+05 2.050587247742233449e+05 2.050539475003308908e+05 2.050470235229205282e+05 2.050385015039734717e+05 2.050277351266602054e+05 2.050165455338147585e+05 2.050051376492872951e+05 2.049910358938005520e+05 2.049746795691477892e+05 2.049493155691260763e+05 2.049280625314125500e+05 2.049268861602850375e+05
8.799179362504219171e+03 2.125535341834055143e+05 2.097215520390809106e+05 2.063211848193927144e+05 2.047463753866607731e+05 2.047424467543501523e+05 2.047374570455122157e+05 2.047316066288041184e+05 2.047244791581828031e+05 2.047170447067911155e+05 2.047096614204721409e+05 2.047007668174575665e+05 2.046906693891929172e+05 2.046750389948793454e+05 2.046692095262494113e+05 2.046687855115505226e+05
8.849179362504219171e+03 2.122164862327079463e+05 2.093913577034569753e+05 2.059942206817731785e+05 2.044157981444408942e+05 2.044117774864484963e+05 2.044063959658832173e+05 2.043999876431976736e+05 2.043921863853875839e+05 2.043841024750825891e+05 2.043760710151517706e+05 2.043664514525759150e+05 2.043559022252972645e+05 2.043400888762813993e+05 2.043347509526042559e+05 2.043343441673280322e+05
8.899179362504219171e+03 2.117074363738380780e+05 2.088499362559466681e+05 2.054462832144654240e+05 2.038693019605532754e+05 2.038652275790850981e+05 2.038596196069851576e+05 2.038528761765216768e+05 2.038446969823611435e+05 2.038361880142373266e+05 2.038278493234819034e+05 2.038181905017464305e+05 2.038076166550853814e+05 2.037912049071167712e+05 2.037857927746009082e+05 2.037853840019492782e+05
8.949179362504219171e+03 2.116826972966764006e+05 2.088210598234018253e+05 2.054511298652267433e+05 2.040204590194213670e+05 2.040165720619251952e+05 2.040105133592562343e+05 2.040030697049578885e+05 2.039939879197682603e+05 2.039844526238702820e+05 2.039751444591339095e+05 2.039648689286938461e+05 2.039537079101257550e+05 2.039363483733165194e+05 2.039308817899975984e+05 2.039304621866858797e+05
8.999179362504219171e+03 2.111580090488228016e+05 2.082922142702264828e+05 2.049046349930666620e+05 2.033509391929229023e+05 2.033471342682534014e+05 2.033413648482390563e+05 2.033343818025509536e+05 2.033259500572709076e+05 2.033171291022260848e+05 2.033092650044883194e+05 2.033007962924035382e+05 2.032904138409881270e+05 2.032753526580993494e+05 2.032706965640873241e+05 2.032703050078168162e+05
9.049179362504219171e+03 2.121094066747995967e+05 2.092870731414919137e+05 2.058649372021536983e+05 2.042479640832709265e+05 2.042422808066691214e+05 2.042329117990004597e+05 2.042193697389581939e+05 2.042033851314109052e+05 2.041878991094392259e+05 2.041762939303690509e+05 2.041629735793177388e+05 2.041467293702135503e+05 2.041384222812078660e+05 2.041298880189056217e+05 2.041291788268278469e+05
9.099179362504219171e+03 2.103063620177664270e+05 2.074687454852466471e+05 2.040591053633334523e+05 2.024630364972023235e+05 2.024577140139823023e+05 2.024500498144344310e+05 2.024399390317027573e+05 2.024277543172329606e+05 2.024160171344040427e+05 2.024074763780599460e+05 2.023969363075328292e+05 2.023847493815837952e+05 2.023814203297926579e+05 2.023799715968271194e+05 2.023797315129091148e+05
9.149179362504219171e+03 2.101986733205804776e+05 2.073597506571919075e+05 2.039577651468090480e+05 2.023871045353738009e+05 2.023833911789231352e+05 2.023788189929280197e+05 2.023743688417013909e+05 2.023680172182558745e+05 2.023624215779209335e+05 2.023582770460972097e+05 2.023524725984476390e+05 2.023460930969291658e+05 2.023445719836314674e+05 2.023439677701352048e+05 2.023438003949649283e+05
9.199179362504219171e+03 2.099633272581404890e+05 2.071226745322131028e+05 2.037217864891284262e+05 2.021467429122351459e+05 2.021425642547398165e+05 2.021370843925650115e+05 2.021316762376248953e+05 2.021242557926902082e+05 2.021171558772546123e+05 2.021113050749458780e+05 2.021094397497150348e+05 2.021087367791054130e+05 2.021082593390656693e+05 2.021076709776406933e+05 2.021074309174916998e+05
9.249179362504219171e+03 2.098827255175803439e+05 2.070025387788354710e+05 2.036110052123059577e+05 2.020817437285482592e+05 2.020782144184448116e+05 2.020740081046954147e+05 2.020701371533657075e+05 2.020654587890858820e+05 2.020607680850785982e+05 2.020565858657569916e+05 2.020551403793623613e+05 2.020544207231528708e+05 2.020538303008515504e+05 2.020530383342289424e+05 2.020527619571649120e+05
9.299179362504219171e+03 2.115072015359930811e+05 2.086943505681104434e+05 2.056424407142757555e+05 2.051305123272757919e+05 2.051264781274369161e+05 2.051214420553423988e+05 2.051171247574620065e+05 2.051119531545740901e+05 2.051069401221426378e+05 2.051031016459823004e+05 2.051016367707986210e+05 2.051007972111132112e+05 2.051000233241539099e+05 2.050986116472885769e+05 2.050984206550867530e+05
9.349179362504219171e+03 2.116189239273714775e+05 2.088075597299874353e+05 2.058118727742562187e+05 2.053824330979239021e+05 2.053783012758266996e+05 2.053731801284085668e+05 2.053689369010995142e+05 2.053632442132324213e+05 2.053578364928787341e+05 2.053562704436909407e+05 2.053552453419880476e+05 2.053543868385747191e+05 2.053535114096296602e+05 2.053519918551095179e+05 2.053518018447579525e+05
9.399179362504219171e+03 2.090376001032426138e+05 2.062323268785507535e+05 2.028271994828878960e+05 2.012381302455657860e+05 2.012325805399154488e+05 2.012245652716308832e+05 2.012166993649273645e+05 2.012052256638889376e+05 2.011958934945435904e+05 2.011940799184404896e+05 2.011935111565531697e+05 2.011932933050712454e+05 2.011931614282806404e+05 2.011931319009348517e+05 2.011929304216378077e+05
9.449179362504219171e+03 2.088255577573513729e+05 2.060004942757342360e+05 2.025993537501312385e+05 2.010272963650786842e+05 2.010222075706763717e+05 2.010152130499282212e+05 2.010079311132771545e+05 2.009970897674520966e+05 2.009900103877960064e+05 2.009886838492428069e+05 2.009882679872536100e+05 2.009880874565475679e+05 2.009879908072603284e+05 2.009880189333930903e+05 2.009877729230091209e+05
9.499179362504219171e+03 2.091565255241848936e+05 2.063302125123097794e+05 2.029902064001164690e+05 2.017472535168499453e+05 2.017430404588244564e+05 2.017379681073239190e+05 2.017311714584378351e+05 2.017217025110551913e+05 2.017201605238444172e+05 2.017193482698201842e+05 2.017186056688076351e+05 2.017178472542001400e+05 2.017171722447376233e+05 2.017160063872518076e+05 2.017157824186389043e+05
9.549179362504219171e+03 2.492448365004812949e+05 2.490539802068515273e+05 2.490461680483629461e+05 2.490442235790907289e+05 2.490442112891782890e+05 2.490450122583754710e+05 2.490469016303526005e+05 2.490461447887973627e+05 2.490450048196775315e+05 2.490437898790297622e+05 2.490424260711925454e+05 2.490407610698046337e+05 2.490393689994667948e+05 2.490373793023776088e+05 2.490367868520172779e+05
9.599179362504219171e+03 2.136942751611009880e+05 2.108964884414135595e+05 2.085326519842366397e+05 2.085039931592304783e+05 2.084983539204457193e+05 2.084885374368137855e+05 2.084758952782188135e+05 2.084700817598491267e+05 2.084688126901615469e+05 2.084679031544777390e+05 2.084672132569919922e+05 2.084658214005598275e+05 2.084644375230853038e+05 2.084638023000781832e+05 2.084634326035611157e+05
9.649179362504219171e+03 2.103633640389810316e+05 2.075609736459158594e+05 2.044680982272920082e+05 2.035011690126193280e+05 2.034956533031286672e+05 2.034818224359990272e+05 2.034677115825257497e+05 2.034639126700832858e+05 2.034633393914687913e+05 2.034630983203397191e+05 2.034629362425130385e+05 2.034628605731163989e+05 2.034625259734811552e+05 2.034623325245020096e+05 2.034621479592285177e+05
9.699179362504219171e+03 2.100597261177712644e+05 2.071846892000458029e+05 2.039958698489638336e+05 2.031476011403333687e+05 2.031433201530965744e+05 2.031241273950681207e+05 2.031180629779629526e+05 2.031165924607029301e+05 2.031159893802370934e+05 2.031155023133380746e+05 2.031150195406956773e+05 2.031145332936359046e+05 2.031140695767736761e+05 2.031136467633246793e+05 2.031132014483015228e+05
9.749179362504219171e+03 2.096911283568544895e+05 2.068042893297758128e+05 2.035974379716050171e+05 2.026873563954838610e+05 2.026824378394137020e+05 2.026521604540139670e+05 2.026409869137053320e+05 2.026399928951378097e+05 2.026394475675917056e+05 2.026389103107812698e+05 2.026383934584471572e+05 2.026379783148498100e+05 2.026375327317700139e+05 2.026370302488571033e+05 2.026366000797442975e+05
9.799179362504219171e+03 2.134361795905769395e+05 2.106730337068827939e+05 2.087281157646484498e+05 2.087200381236341782e+05 2.087091941469117592e+05 2.086139369240981468e+05 2.085801841874193051e+05 2.085659267494376982e+05 2.085608635730244569e+05 2.085605710836963262e+05 2.085602847007693490e+05 2.085600441216988256e+05 2.085595830783565179e+05 2.085591423000545474e+05 2.085587576325609116e+05
9.849179362504219171e+03 2.088574011112708831e+05 2.060906122461476480e+05 2.032009039338500588e+05 2.028318870854979905e+05 2.028242497487631626e+05 2.027601204837229161e+05 2.027406550776867371e+05 2.027333801022760745e+05 2.027310064966412028e+05 2.027308383468756801e+05 2.027306678192554100e+05 2.027304277188382694e+05 2.027302523590544297e+05 2.027299866088125273e+05 2.027297411143310019e+05
9.899179362504219171e+03 2.074422847570222802e+05 2.045973614214859554e+05 2.015198294107165711e+05 2.007876380190256750e+05 2.007810785466777743e+05 2.007286911989947548e+05 2.007128295292749244e+05 2.007070595890846744e+05 2.007050523429875611e+05 2.007048994729573024e+05 2.007047438867131714e+05 2.007046645356047957e+05 2.007043892803868512e+05 2.007042533255941235e+05 2.007040785143021203e+05
9.949179362504219171e+03 2.070815223567058565e+05 2.042789984303805395e+05 2.012170795033900358e+05 2.005951646140563826e+05 2.005900170814925805e+05 2.005506075767779548e+05 2.005388877225519973e+05 2.005349777830356034e+05 2.005337242728467972e+05 2.005335687180887326e+05 2.005334231320519757e+05 2.005332585375708877e+05 2.005331707638959924e+05 2.005330388030753529e+05 2.005329048016291054e+05
9.999179362504219171e+03 2.069763608509137121e+05 2.041640813671241340e+05 2.010695398447324114e+05 2.002823094276634802e+05 2.002753198312219465e+05 2.002184863036237366e+05 2.002040889630655874e+05 2.001985677002769080e+05 2.001966614603929338e+05 2.001964971957011148e+05 2.001963301088910084e+05 2.001961660815392097e+05 2.001960209251319757e+05 2.001958379438845441e+05 2.001956662979802932e+05
1.004917936250421917e+04 2.073283005716496846e+05 2.045392646836238564e+05 2.015543813416903140e+05 2.010854196344321826e+05 2.010780084939101071e+05 2.010736996847372211e+05 2.010708857207180408e+05 2.010696614948042261e+05 2.010691814529014227e+05 2.010689768484570959e+05 2.010687352732511936e+05 2.010683506058531348e+05 2.010680511762026581e+05 2.010676097178979835e+05 2.010672124116465566e+05
1.009917936250421917e+04 2.073842587421262579e+05 2.045390148618474777e+05 2.016033205472900008e+05 2.012213008077031700e+05 2.012078362489017309e+05 2.011969776380445692e+05 2.011952603946963791e+05 2.011945349491669331e+05 2.011940657666564221e+05 2.011938210521580186e+05 2.011935367126478814e+05 2.011930834789050859e+05 2.011927758804368787e+05 2.011923065539645904e+05 2.011918354499209381e+05
1.014917936250421917e+04 2.070012937735585729e+05 2.041447554144992027e+05 2.012039349159585836e+05 2.008299615792622208e+05 2.008104812784387323e+05 2.007952463131594413e+05 2.007935306891189248e+05 2.007928074598731473e+05 2.007925693596301426e+05 2.007923804276534065e+05 2.007921594744746108e+05 2.007917327908837760e+05 2.007915466997131589e+05 2.007911991957974096e+05 2.007908703483892605e+05
1.019917936250421917e+04 2.065499917370270414e+05 2.037302739610956050e+05 2.007607795798946754e+05 2.003283153299196565e+05 2.003058197339367180e+05 2.002880984704541042e+05 2.002861430890894844e+05 2.002854885024790710e+05 2.002852353713895427e+05 2.002850707569514634e+05 2.002848871519845852e+05 2.002845971969989478e+05 2.002843633051717188e+05 2.002840576627664559e+05 2.002837732141861343e+05
1.024917936250421917e+04 2.085999381205869431e+05 2.058189954735889332e+05 2.032026809866644908e+05 2.031089955331091769e+05 2.030953316389383981e+05 2.030866957273966109e+05 2.030847645301862794e+05 2.030828162760300911e+05 2.030822532408479601e+05 2.030818867587913701e+05 2.030809958174965577e+05 2.030804207189010340e+05 2.030798899096470559e+05 2.030790243048122211e+05 2.030782204666566686e+05
1.029917936250421917e+04 2.107081866889377707e+05 2.079648405225184979e+05 2.059444543192877609e+05 2.059317753137636464e+05 2.016500966900331550e+05 2.016461469876929768e+05 2.016421805663956038e+05 2.016400708915432915e+05 2.016393620366048708e+05 2.016384987458965625e+05 2.016351130864779989e+05 2.016361797277303704e+05 2.016356405094663496e+05 2.016351324008087686e+05 2.016346075658730988e+05
1.034917936250421917e+04 2.108868006275710650e+05 2.080987386958985589e+05 2.063333857201588689e+05 2.063289872217948723e+05 2.026733616111674055e+05 2.026698429390141100e+05 2.026672921500288649e+05 2.026650391816778865e+05 2.026640552925714292e+05 2.026625827979621245e+05 2.026600427019306517e+05 2.026603648140057339e+05 2.026597099309412588e+05 2.026590976551159692e+05 2.026584380159906868e+05
1.039917936250421917e+04 2.106494119998648239e+05 2.078664271334260993e+05 2.059572547405300720e+05 2.059510896006239054e+05 2.025664917459985882e+05 2.025625564414920809e+05 2.025612678652738105e+05 2.025603519076738739e+05 2.025588574644136243e+05 2.025579751923422446e+05 2.025575659736063390e+05 2.025558164235121221e+05 2.025551721109988284e+05 2.025544851006941753e+05 2.025537631485830934e+05
1.044917936250421917e+04 2.104848428742430115e+05 2.076926986020672775e+05 2.057996352010627452e+05 2.057943206279783335e+05 2.027331394008526404e+05 2.027291790994653420e+05 2.027279005493953882e+05 2.027270895157592895e+05 2.027255127338930906e+05 2.027246143419576401e+05 2.027238375696713338e+05 2.027224592867209867e+05 2.027218065316639550e+05 2.027211207464248291e+05 2.027204303024950786e+05
1.049917936250421917e+04 2.101595609616586298e+05 2.073680581859306840e+05 2.054893268244076171e+05 2.054843268358540372e+05 2.028886358776090201e+05 2.028849875942379294e+05 2.028837145469328098e+05 2.028826694226317632e+05 2.028813400582245376e+05 2.028801686456309690e+05 2.028792730965839582e+05 2.028782004639432998e+05 2.028773732723117573e+05 2.028766441768868826e+05 2.028759261090886430e+05
1.054917936250421917e+04 2.099629272090111044e+05 2.071836163586206676e+05 2.053699691203813418e+05 2.053654168220358843e+05 2.028070513076115458e+05 2.028034499578201794e+05 2.028021816869143513e+05 2.028008854242675297e+05 2.027997159007987648e+05 2.027986460237745778e+05 2.027976894801800954e+05 2.027967358684928331e+05 2.027957619674263406e+05 2.027949349149822083e+05 2.027942009650077089e+05
1.059917936250421917e+04 2.097697422465320851e+05 2.069968723207584990e+05 2.052316538813187799e+05 2.052274099103836343e+05 2.023830356010696560e+05 2.023794366281407420e+05 2.023781943367276108e+05 2.023768395381029986e+05 2.023757002914499608e+05 2.023746098886904656e+05 2.023736350749843987e+05 2.023726672457710083e+05 2.023716731007381459e+05 2.023708038064065622e+05 2.023700392105685896e+05
1.064917936250421917e+04 2.099835507602684374e+05 2.071929047488733195e+05 2.053106531781051599e+05 2.053077776822308369e+05 2.024916213008434279e+05 2.024882399701573595e+05 2.024869654052658589e+05 2.024861125276206876e+05 2.024844338648616103e+05 2.024833331388385559e+05 2.024822945972458110e+05 2.024814104938165983e+05 2.024806009176002699e+05 2.024798238630020351e+05 2.024791103302110569e+05
1.069917936250421917e+04 2.097111517852864636e+05 2.069348555621959385e+05 2.051940470312619000e+05 2.051912041320144781e+05 2.019839442101181776e+05 2.019809471707587072e+05 2.019798107109953417e+05 2.019780033700472559e+05 2.019774433553256677e+05 2.019765226800364326e+05 2.019751542300083674e+05 2.019743082161019556e+05 2.019734297551634372e+05 2.019726068686394428e+05 2.019718959491361747e+05
1.074917936250421917e+04 2.093947961328034871e+05 2.066074381161583005e+05 2.047960449068254384e+05 2.047932671340555826e+05 2.012907194282519631e+05 2.012879855769418646e+05 2.012870344640880940e+05 2.012857338026793441e+05 2.012849683850040019e+05 2.012841556953095424e+05 2.012829906276940601e+05 2.012822194848106301e+05 2.012814387244367972e+05 2.012805009526145295e+05 2.012796169776389725e+05
1.079917936250421917e+04 2.090995305893038167e+05 2.063825212882368651e+05 2.048776507027150947e+05 2.048740106141816941e+05 2.014967053073099814e+05 2.014944414174428675e+05 2.014938574801493960e+05 2.014927891744081280e+05 2.014925834443140484e+05 2.014920429260475794e+05 2.014913305580058659e+05 2.014908776739295572e+05 2.014903625013541314e+05 2.014897892296224018e+05 2.014892147666288365e+05
1.084917936250421917e+04 2.084314372708697629e+05 2.055657866392107680e+05 2.035170098222607921e+05 2.035138238133168779e+05 2.007734592408697645e+05 2.007714773428000626e+05 2.007710169707603636e+05 2.007700710855258221e+05 2.007700429894279805e+05 2.007696193041034276e+05 2.007690788562853995e+05 2.007687369819966261e+05 2.007683192616817541e+05 2.007679027440298814e+05 2.007675260528077197e+05
1.089917936250421917e+04 2.087468750631417788e+05 2.060211591510720609e+05 2.046586232564672828e+05 2.046546845010692487e+05 2.003805781891305814e+05 2.003777296211551584e+05 2.003771065394074249e+05 2.003765201797341579e+05 2.003757067143727909e+05 2.003751045957344177e+05 2.003744157131450193e+05 2.003738045021120633e+05 2.003733050540201948e+05 2.003727381353675155e+05 2.003721809476618073e+05
1.094917936250421917e+04 2.093393980228865985e+05 2.065339336374211998e+05 2.047461641950902995e+05 2.047408169192538189e+05 2.006620337822723959e+05 2.006580914628337487e+05 2.006572914940367336e+05 2.006573444036848668e+05 2.006555150619758642e+05 2.006548481280975975e+05 2.006541965471205476e+05 2.006533466948271671e+05 2.006527559723844170e+05 2.006520706110947067e+05 2.006513848314405186e+05
1.099917936250421917e+04 2.085760629425752559e+05 2.057630987320121785e+05 2.039749615135460626e+05 2.039700880865056242e+05 2.010040584567509359e+05 2.009992415568149299e+05 2.009984177708284114e+05 2.009990961376203632e+05 2.009966180832580139e+05 2.009959769017028739e+05 2.009953988049086183e+05 2.009944815675340651e+05 2.009938996857844759e+05 2.009932152377520106e+05 2.009925264059142792e+05
1.104917936250421917e+04 2.076459674734971486e+05 2.048370318919288402e+05 2.030497134972045606e+05 2.030451245547796134e+05 2.012091256803055585e+05 2.012058505613968300e+05 2.012051553596796584e+05 2.012048366011022881e+05 2.012035809835624532e+05 2.012029886321637896e+05 2.012023735442032048e+05 2.012016606472181447e+05 2.012010881002727256e+05 2.012004773280295194e+05 2.011999012067395961e+05
1.109917936250421917e+04 2.075919568385077000e+05 2.047859001397516404e+05 2.029967094204750902e+05 2.029911581270484894e+05 1.997317416208533978e+05 1.997281569950174598e+05 1.997275049730935134e+05 1.997276182215198351e+05 1.997259402549540391e+05 1.997253318700547970e+05 1.997246546347773983e+05 1.997239831864721491e+05 1.997233898614505888e+05 1.997227050470637623e+05 1.997220107872420049e+05
1.114917936250421917e+04 2.067927372903399810e+05 2.040548956592068425e+05 2.017598115938852425e+05 2.017548699933095777e+05 1.996741553465502220e+05 1.996708506608451426e+05 1.996699032595225726e+05 1.996692290747021616e+05 1.996679781244601763e+05 1.996673101311950595e+05 1.996665011959911790e+05 1.996657701723447535e+05 1.996651319107009913e+05 1.996644500552811078e+05 1.996638016431618016e+05
1.119917936250421917e+04 2.066958168668748986e+05 2.039949515249493415e+05 2.016547988604605198e+05 2.016506324679099780e+05 2.006025783162822190e+05 2.006007459769601992e+05 2.006002786378092715e+05 2.005997323791177769e+05 2.005988772410927049e+05 2.005983338046263380e+05 2.005976502576464845e+05 2.005970766687806463e+05 2.005964736081892624e+05 2.005959317312222847e+05 2.005954620530552929e+05
1.124917936250421917e+04 2.063306544423065789e+05 2.036308951063693094e+05 2.013290728149158240e+05 2.013207140266588831e+05 1.996592325110534148e+05 1.996580608083736734e+05 1.996555692985073256e+05 1.996549407310676470e+05 1.996542772127461794e+05 1.996536070390247914e+05 1.996528316352355469e+05 1.996522808651794912e+05 1.996516412166957452e+05 1.996510421261889569e+05 1.996505090890523570e+05
1.129917936250421917e+04 2.063610505456071405e+05 2.035397632285568980e+05 2.017377650405554159e+05 2.012689454007790773e+05 2.012649979519177577e+05 2.012617230741427047e+05 2.012585550088737509e+05 2.012562015501396090e+05 2.012542620174026233e+05 2.012529153708262602e+05 2.012517397859784542e+05 2.012505491174894851e+05 2.012494430061800522e+05 2.012483498153209512e+05 2.012473767080931866e+05
1.134917936250421917e+04 2.062268401317445969e+05 2.034057128052104381e+05 2.016057612073404598e+05 2.007933171989295224e+05 2.007899632043734309e+05 2.007869365483669390e+05 2.007831720560260874e+05 2.007814765310797084e+05 2.007800891630811675e+05 2.007787974735075259e+05 2.007777938035410771e+05 2.007768521973895258e+05 2.007757652024396230e+05 2.007746650537431706e+05 2.007736240025894367e+05
1.139917936250421917e+04 2.056514396299576911e+05 2.028400713159439329e+05 2.010421254794075212e+05 2.009598924596386787e+05 2.009567594226126093e+05 2.009543389876995352e+05 2.009519689326925436e+05 2.009502070538405969e+05 2.009485645813788869e+05 2.009470856913260068e+05 2.009458413472169777e+05 2.009445705457603326e+05 2.009433351698214246e+05 2.009422117875110125e+05 2.009412422897332581e+05
1.144917936250421917e+04 2.057770360936262296e+05 2.029901255774445599e+05 2.016724241050258570e+05 2.015941941485952702e+05 2.015907087547305855e+05 2.015873880550754548e+05 2.015844511089230655e+05 2.015826181075778150e+05 2.015808689951012493e+05 2.015792253886921389e+05 2.015775934887776384e+05 2.015761082998394268e+05 2.015747252433001704e+05 2.015735029092300683e+05 2.015724040303770453e+05
1.149917936250421917e+04 2.046872785236112541e+05 2.016129316773528990e+05 1.999594849899109104e+05 1.994772368016170221e+05 1.994730782430535473e+05 1.994687528410586820e+05 1.994645481965239160e+05 1.994625751922308409e+05 1.994608990886384563e+05 1.994593572564735077e+05 1.994576692432857526e+05 1.994562385204522870e+05 1.994549462697229465e+05 1.994537143995851220e+05 1.994523586630843929e+05
1.154946256562916824e+04 2.044144687808580929e+05 2.016240524205768888e+05 2.004805554121213208e+05 2.002215645235418342e+05 2.002178818497091997e+05 2.002142236707551056e+05 2.002108804829014116e+05 2.002091162828504457e+05 2.002074347583778435e+05 2.002058171952559205e+05 2.002043450199882500e+05 2.002026002741158591e+05 2.002011827183268615e+05 2.001996688969924871e+05 2.001983712490818871e+05
1.159946256562916824e+04 2.037967012894837244e+05 2.010169109696981031e+05 1.998496158743871201e+05 1.998076967615537578e+05 1.998040382905245060e+05 1.998008060383849079e+05 1.997980071746074827e+05 1.997964617964724312e+05 1.997949113957571390e+05 1.997934240052975365e+05 1.997920314838449412e+05 1.997904942213472095e+05 1.997891954449863115e+05 1.997878445678902790e+05 1.997867469609532855e+05
1.164946256562916824e+04 2.034955453732222668e+05 2.007516035742276290e+05 1.994221513170433755e+05 1.993678515335838601e+05 1.993645145792501571e+05 1.993616537204837368e+05 1.993590090789051901e+05 1.993575684503260127e+05 1.993561551752118685e+05 1.993548152226477978e+05 1.993533983670879388e+05 1.993522402436093544e+05 1.993510802375452477e+05 1.993500298788580985e+05 1.993489436708537687e+05
1.169946256562916824e+04 2.030647324947866437e+05 2.002920285365763993e+05 1.989867446061261289e+05 1.989046683972227329e+05 1.989016332466412568e+05 1.988990491181075340e+05 1.988965274176826933e+05 1.988952629900752800e+05 1.988940713679729379e+05 1.988929686821819632e+05 1.988917725440661015e+05 1.988907653861677973e+05 1.988897451912531978e+05 1.988886978378279891e+05 1.988876496401400073e+05
1.174946256562916824e+04 2.025948107060187904e+05 1.999194811440706835e+05 1.988593060530261719e+05 1.987522007633559115e+05 1.987495743834255554e+05 1.987474437748195196e+05 1.987451770458505489e+05 1.987439961897050671e+05 1.987428370374594233e+05 1.987417235783528013e+05 1.987404747791627888e+05 1.987395289828391687e+05 1.987384898731678259e+05 1.987373330325304414e+05 1.987364377002167166e+05
1.179946256562916824e+04 2.021092468056124053e+05 1.994549106927233515e+05 1.983016457098894462e+05 1.979001485627937654e+05 1.978984750165916630e+05 1.978961953566630254e+05 1.978935239531666739e+05 1.978922027333962906e+05 1.978910290158077842e+05 1.978899057937650650e+05 1.978887025072769320e+05 1.978877913375844364e+05 1.978867880354767258e+05 1.978856945291314041e+05 1.978848104170188890e+05
1.184946256562916824e+04 2.012841589728685212e+05 1.985177603013098123e+05 1.973499320624677639e+05 1.971839748023981228e+05 1.971817216899882769e+05 1.971798081871007453e+05 1.971776407817467116e+05 1.971767354816432053e+05 1.971757906509255699e+05 1.971748205927640083e+05 1.971737140481864626e+05 1.971727394968202570e+05 1.971717548370227451e+05 1.971707453706419910e+05 1.971697608859951724e+05
1.189946256562916824e+04 2.021130258669619798e+05 1.994103046370791271e+05 1.981675714334576915e+05 1.977475302722271881e+05 1.977458242450167018e+05 1.977437471271163959e+05 1.977412211550351931e+05 1.977401030424546334e+05 1.977391063924127375e+05 1.977380500008494128e+05 1.977368932455366012e+05 1.977357789243235020e+05 1.977346912465812638e+05 1.977335120115668979e+05 1.977324011550166178e+05
