TIME void_Ch3_mesh1 void_Ch3_mesh2 void_Ch3_mesh3 void_Ch3_mesh4 void_Ch3_mesh5 void_Ch3_mesh6 void_Ch3_mesh7 void_Ch3_mesh8 void_Ch3_mesh9 void_Ch3_mesh10 void_Ch3_mesh11 void_Ch3_mesh12 void_Ch3_mesh13 void_Ch3_mesh14 void_Ch3_mesh15 
0.000000000000000000e+00 1.020922114411899294e-05 1.020939273052746068e-05 1.020882848170312699e-05 1.020745131894299321e-05 1.020583209447052546e-05 1.020447234509394383e-05 1.020314147792257324e-05 1.020180595356578348e-05 1.020021254145741457e-05 1.019885843005042817e-05 1.019746587386831080e-05 1.019596176556267762e-05 1.019409761155669489e-05 1.019331859439897771e-05 1.019353945337985338e-05
5.000040000000043960e+01 2.027253312333976709e-01 1.650001095221807212e-01 1.756980319287031189e-01 2.059435458928262352e-01 2.302993930694300917e-01 2.547298480000433907e-01 2.779469725442159089e-01 3.009950854529827025e-01 3.179699015447523536e-01 3.362253629900802121e-01 3.546843014551824824e-01 3.744234821662914547e-01 3.920462334377667335e-01 3.736792307790545720e-01 3.911613274437850674e-01
1.000003999999985922e+02 3.598654930661494000e-01 8.420521569414940455e-02 5.382357826277686108e-01 7.037614018686159101e-01 7.950837813673095056e-01 8.333702041111273884e-01 8.480761717520509668e-01 8.471853770157734553e-01 8.613337555794938760e-01 8.495955689593740479e-01 8.448346622408917650e-01 8.329577847933917756e-01 8.366635685266845535e-01 7.743183770598515148e-01 8.769695831532205998e-01
1.502405034099261059e+02 3.465323697575702910e-01 1.369954251497297326e-01 2.517983767072274892e-01 3.538021655932766518e-01 4.188527899998117920e-01 4.745269423709361223e-01 5.288605364610883264e-01 5.713988542685791705e-01 5.957257296563598370e-01 6.263284908543025331e-01 6.610986145593753527e-01 6.857628311935626275e-01 7.102532845586477794e-01 7.023358187075855463e-01 3.710546539833038393e-01
2.004200391960640388e+02 5.460080262731982215e-01 2.149336286857434775e-01 3.560780021003379092e-01 4.551279717970388439e-01 5.131405673862835526e-01 5.654120573155317908e-01 6.087698838922009914e-01 6.709393480589048719e-01 6.211045215939551278e-01 8.836617745233126264e-01 9.999990001023983943e-01 9.999990000770800913e-01 9.999989985247125235e-01 9.998950528268099047e-01 9.977382326331140083e-01
2.553043625042201370e+02 7.646649822538896801e-01 3.497480134358053605e-01 4.849021542390389294e-01 5.642170593701431036e-01 6.177982919073721213e-01 6.610072932648010102e-01 7.640972206674334632e-01 7.338145167695157012e-01 9.998061898076193721e-01 9.999064700009785422e-01 9.999369378661517871e-01 9.999546903881112447e-01 9.999616880389893270e-01 9.999651116996937095e-01 9.999521893597576039e-01
3.053043625042201370e+02 3.083344676284093086e-04 2.727230930977633827e-04 9.071039941146995277e-05 2.562973544717843930e-05 9.076926261580978150e-03 2.174627705343714634e-01 3.634339816144497304e-01 4.621557928841937279e-01 5.306741257334426365e-01 5.840365114962551285e-01 6.537848009581094244e-01 6.324056872202832302e-01 8.048950111150666720e-01 5.389135375962019747e-01 9.232668148692779742e-01
3.553043625042201370e+02 2.882786922640134678e-04 2.094110499238315123e-04 8.838863840925209321e-05 5.144554583901625179e-05 1.827663348816336859e-04 3.886375907613305591e-02 1.560133715461050896e-01 2.843873833791578654e-01 3.846916501174602043e-01 4.637915777008631002e-01 5.455980011492584936e-01 5.715646880261100460e-01 7.029547759199259449e-01 5.048171468601089229e-01 7.772690434683275917e-01
4.053043625042201370e+02 1.357039722927221492e-04 1.156319182030364766e-04 6.177712585297343007e-05 1.345564681939966750e-05 9.825771488305580503e-02 2.240166346819149334e-01 3.321951701311290361e-01 4.080254147186702651e-01 4.661477986443315902e-01 5.077057731696166254e-01 5.661246028555122489e-01 5.737933608269206731e-01 6.844013154736928728e-01 5.050763272293291584e-01 7.176542176609953527e-01
4.553043625042201370e+02 1.080785386890727639e-04 9.616539541354776881e-05 5.525686359759760912e-05 3.328675459782563085e-05 1.485844645429804933e-01 2.727685281066004608e-01 3.751450322351675970e-01 4.456817759311941796e-01 4.999589644867022953e-01 5.360425613988957227e-01 5.956629369780797045e-01 5.925672338280291163e-01 7.156094350746121657e-01 5.130892871281232948e-01 7.477085664085895145e-01
5.053043625042201370e+02 8.925187534279662241e-05 8.424291393577650272e-05 5.382575089935343255e-05 1.289950632079060527e-05 1.487013782943101270e-01 2.737192312132002980e-01 3.757188923623037136e-01 4.465250885528446179e-01 5.003502267398372005e-01 5.368494113514059585e-01 5.954622539442016027e-01 5.938749580471825995e-01 7.135748382296854819e-01 5.159533779925693509e-01 7.437721039136941936e-01
5.553043625042200802e+02 6.127206845193219778e-05 6.250120239384929644e-05 3.068689698653982419e-05 3.521490793720618694e-03 1.533657736455157627e-01 2.770433278227381613e-01 3.764344971959323050e-01 4.465626559859825484e-01 4.993345178016072583e-01 5.358647839705376059e-01 5.936748269589180449e-01 5.929277957102664365e-01 7.104745432339046873e-01 5.162486663038688972e-01 7.399743458763006210e-01
6.053043625042200802e+02 3.875480127372307412e-05 4.118420414410926822e-05 1.423245231247211109e-05 7.176166521387528953e-03 1.555964826014982205e-01 2.775628720085625001e-01 3.756924551852435790e-01 4.452193614778631736e-01 4.974632594196930491e-01 5.339470441184248628e-01 5.913107191947262198e-01 5.910965600943397513e-01 7.074070326546871845e-01 5.149650458424283039e-01 7.369661699679340705e-01
6.591793625042200802e+02 2.485235707295108712e-05 2.647005005223838442e-05 1.221017135749558942e-05 7.225612558466439940e-03 1.538655187070816777e-01 2.751212293586842161e-01 3.729647903664923825e-01 4.423905272002343625e-01 4.945484963699698922e-01 5.312110059354127056e-01 5.882839334374624363e-01 5.887230110134108463e-01 7.040465315176759331e-01 5.129003937542825353e-01 7.342264374398977944e-01
7.091793625042200802e+02 1.797970396161079065e-05 1.889707994858316650e-05 1.143297031999154277e-05 6.113208964372062425e-03 1.509554166811196696e-01 2.717051745153030162e-01 3.694799225857214320e-01 4.389048899206099974e-01 4.910905667518414841e-01 5.279772068403255636e-01 5.848303347105217043e-01 5.859393958146735804e-01 7.004058026169147633e-01 5.103732831873581954e-01 7.314027349479419460e-01
7.591793625042200802e+02 1.437520538728587212e-05 1.487761230201615082e-05 1.079760520073431148e-05 6.001104855874609192e-03 1.497290902422589165e-01 2.699507869889693490e-01 3.675124280300618440e-01 4.368258671591270237e-01 4.889451509189927103e-01 5.259151548538308907e-01 5.826275286244162466e-01 5.840394170379504812e-01 6.980963483617015353e-01 5.084570161271700917e-01 7.299244086019401889e-01
8.091793625042200802e+02 1.280153833329913158e-05 1.308958573651019752e-05 1.021950847233720252e-05 4.160576917608650727e-02 1.881772034422812268e-01 3.035094725270585658e-01 3.946850266154319775e-01 4.603467760598692893e-01 5.092543334500776453e-01 5.433367448959475210e-01 5.995865673111150373e-01 5.967306583878521087e-01 7.135058207202537028e-01 5.186363237357946021e-01 7.439778716350144983e-01
8.591793625042200802e+02 3.009459286849053977e-04 1.180694689988825741e-04 1.698803634882345404e-05 6.171575003375363161e-02 2.076824647915266331e-01 3.211123976585401607e-01 4.097116854469069480e-01 4.740977041485036070e-01 5.215370198431572568e-01 5.547530320510497548e-01 6.101658158129955600e-01 6.065994052768503009e-01 7.218657721345914657e-01 5.296754996507947455e-01 7.509094653251435769e-01
9.091793625042200802e+02 6.158900763391276546e-03 1.167719806840361021e-03 8.683982595600714773e-05 1.298493990543083676e-01 2.629113511986951313e-01 3.637632876777143753e-01 4.428622720882619546e-01 5.015518005976354887e-01 5.446905812100869548e-01 5.733813284201667582e-01 6.293704881085261382e-01 6.180450474063825528e-01 7.411056741145072291e-01 5.360320699243592557e-01 7.707935555669259697e-01
9.591793625042200802e+02 7.298153745428824501e-03 1.478548819963501713e-03 1.205944863066238132e-04 1.447970893714689844e-01 2.755506266377662494e-01 3.734313604250585339e-01 4.509462004171667648e-01 5.083719684270013861e-01 5.506696140303682929e-01 5.786377325442464414e-01 6.343029036947914756e-01 6.221952202499662077e-01 7.451077115602112722e-01 5.402903581431225399e-01 7.757748288230746914e-01
1.009179362504220080e+03 7.960393334227244475e-03 1.632939844962074186e-03 1.368617602004150175e-04 1.551040184915537801e-01 2.848194424093178356e-01 3.808185508892912852e-01 4.572648383991294585e-01 5.137820908299955969e-01 5.554429055420028183e-01 5.827695937655525960e-01 6.383772901800366384e-01 6.252189468322875143e-01 7.486785622352891689e-01 5.429852754522106473e-01 7.805647160456686828e-01
1.059179362504220080e+03 1.795697389662924068e-02 7.356466938170326455e-04 4.953832647764674219e-02 2.188632181852827319e-01 3.399789032687031143e-01 4.215200525741136239e-01 4.934370512339688597e-01 5.434741151404876014e-01 5.833818970843246410e-01 6.041431333718394470e-01 6.650665993758446692e-01 6.369849418191435575e-01 7.798204364028720192e-01 5.465301804853711642e-01 8.175273879534025179e-01
1.109179362504220080e+03 1.559162029617919276e-02 7.748580275919275629e-04 3.920656893880507948e-02 2.137888968542466517e-01 3.382725384684096559e-01 4.228351256844888884e-01 4.955688316945216498e-01 5.466748800258807162e-01 5.854668728606537975e-01 6.093830813432560278e-01 6.658403929318648107e-01 6.455562597296153893e-01 7.737203043050936424e-01 5.640490805924228690e-01 8.036348728947464437e-01
1.159179362504220080e+03 1.641000016109382675e-02 7.243202435830756701e-04 6.618704369355452033e-02 2.395397247100476967e-01 3.601992576817078517e-01 4.400124041522744944e-01 5.114680032526416342e-01 5.598499422100087219e-01 5.988111951057326632e-01 6.190739795830229042e-01 6.794091502575859698e-01 6.505329160046449122e-01 7.902601445314526574e-01 5.660581090654309699e-01 8.221480729680643584e-01
1.209179362504220080e+03 2.717445143319768830e-02 2.616626522327249963e-03 8.171183319548314117e-02 2.534328874652002073e-01 3.708060599723997375e-01 4.489536719511596496e-01 5.192218628229781086e-01 5.667417729838988283e-01 6.054660475110387186e-01 6.250039128786776255e-01 6.857919572303582401e-01 6.550734327345146824e-01 7.971605110977018072e-01 5.690659438612519772e-01 8.345179324722070691e-01
1.259179362504220080e+03 1.387595673181550408e-02 2.615660211644133763e-03 8.948471152487529057e-02 2.635135797440191219e-01 3.840472186181132508e-01 4.609648991755196379e-01 5.317948164971663116e-01 5.778085791287091988e-01 6.169659779270725286e-01 6.340776651808271991e-01 6.967639969782376541e-01 6.618025192962198044e-01 8.076481319950589155e-01 5.755839929017093626e-01 8.421807098419293869e-01
1.309179362504220080e+03 7.027657848861379279e-03 1.301377484189712459e-03 5.016704889840770815e-02 2.302973560935911990e-01 3.559883429147447931e-01 4.385868426526685071e-01 5.107287743185814355e-01 5.600879209282757509e-01 5.992919494188022611e-01 6.208372409705482653e-01 6.777097866016307259e-01 6.550642147963775530e-01 7.849987221822679606e-01 5.709097451273054125e-01 8.220036079455609324e-01
1.359179362504220080e+03 4.770659550914983348e-04 2.378095586105227332e-04 8.582124535050409092e-05 1.296837858333746152e-01 2.680093130885758401e-01 3.729052989819314212e-01 4.540366880798776261e-01 5.144517015032660234e-01 5.589505345171753570e-01 5.888374332024893798e-01 6.439538217447570156e-01 6.348473797246569905e-01 7.534358159069610705e-01 5.581788442748618628e-01 7.964108637810213276e-01
1.409179362504220080e+03 1.657907310839629774e-04 1.374560609330161400e-04 2.092307563484015805e-03 2.026556627159742385e-01 3.423240986237804928e-01 4.336411965519623157e-01 5.068920363301315790e-01 5.586842394614933704e-01 5.970256313364653566e-01 6.195783930518222737e-01 6.763815861863170520e-01 6.527867906730135950e-01 7.837101891266837761e-01 5.687522388256114336e-01 8.217600228815661323e-01
1.459179362504220080e+03 3.981026510032929983e-04 3.212609970131225304e-05 2.158264593165374126e-02 2.067589836561016525e-01 3.452871665282388758e-01 4.361706361391364251e-01 5.124310249754442381e-01 5.643318031469933826e-01 6.061023032743888539e-01 6.272245831028121499e-01 6.879323258896028470e-01 6.602444984678282891e-01 7.987603923119440674e-01 5.755509296447903766e-01 8.409214018249580036e-01
1.509179362504220080e+03 7.827812901339241273e-04 1.652180058760454822e-05 5.675815428233769999e-02 2.430501013159699353e-01 3.694856186837541800e-01 4.519890268816751933e-01 5.244549295944040956e-01 5.725491438128980093e-01 6.137592602347223814e-01 6.303037009081774444e-01 6.978868665324957643e-01 6.552941447865455737e-01 8.165955552640854487e-01 5.640890566245080340e-01 8.682466462232389937e-01
1.559179362504220080e+03 4.996979480131983134e-03 1.345343555843519985e-05 1.203033715022892580e-01 3.079983577874365053e-01 4.213014004483164321e-01 4.996094419922428309e-01 5.671170371189190318e-01 6.116158392063726357e-01 6.482276782517351066e-01 6.624551372001112881e-01 7.244595588131578223e-01 6.841554449574416275e-01 8.415182603935636996e-01 5.842349907392386799e-01 8.855719459048015940e-01
1.609179362504220080e+03 2.027692272872794188e-02 3.298881933660042978e-03 1.108336976366444404e-01 2.854583861773236642e-01 4.034098447346927685e-01 4.781369700920026222e-01 5.475769215677210866e-01 5.915523485522357072e-01 6.315977846765407078e-01 6.461435306144619473e-01 7.107149082832308062e-01 6.714194457595278331e-01 8.213516387780009920e-01 5.850835813132787555e-01 8.664443186520797147e-01
1.659179362504220080e+03 4.809670544334129251e-03 4.843424174091458408e-04 4.690835466267455345e-02 2.282831380990480996e-01 3.629698942055689659e-01 4.481527748131791666e-01 5.230234057259532943e-01 5.728757775558406262e-01 6.146879236175945005e-01 6.355029999941085306e-01 6.947384557278349915e-01 6.690461416476217726e-01 8.028198483733529622e-01 5.877822245687701619e-01 8.496417642498849121e-01
1.709179362504220080e+03 6.762702836971145812e-03 4.316912249238834438e-03 1.133032286955441836e-01 3.019558158205892795e-01 4.155675175377994690e-01 4.962488196735939661e-01 5.606814157011723587e-01 6.076567691596408416e-01 6.445989181366976739e-01 6.591341690789217500e-01 7.247767965606050078e-01 6.792814094856121088e-01 8.377557128003992881e-01 5.881848935999595129e-01 8.864620277620508526e-01
1.759179362504220080e+03 6.678338407711221581e-04 9.620118108419639408e-05 5.416833069669139272e-02 2.442815803908045258e-01 3.800790343928380777e-01 4.628953886218858393e-01 5.391201825318883145e-01 5.859732261180651269e-01 6.302780306894091300e-01 6.449920997511798815e-01 7.149746155148817284e-01 6.695039084091649606e-01 8.331201474582405897e-01 5.811055777493162600e-01 8.918756745183112900e-01
1.809179362504220080e+03 3.764680871950510125e-04 2.426997429058231170e-05 3.817875455534882473e-02 2.297341672546055202e-01 3.691846623947372397e-01 4.527641638515234046e-01 5.272465119285807411e-01 5.777838661479737237e-01 6.198663332099155765e-01 6.422730653209266505e-01 6.966409224061673733e-01 6.784892848118526665e-01 7.991785247166450779e-01 6.000416435991910991e-01 8.443561510445289908e-01
1.859179362504220080e+03 2.735949795010120342e-04 1.854224799797549782e-05 6.382747788202476624e-02 2.341686361522293258e-01 3.860256422403136045e-01 4.603207178913781839e-01 5.439662781231547894e-01 5.854757987311316469e-01 6.371255916850404599e-01 6.443262266828143625e-01 7.255157624779702275e-01 6.642225800616728959e-01 8.521981728509724352e-01 5.786599626715097644e-01 8.893270776712940417e-01
1.909179362504220080e+03 2.949044662494803974e-04 1.718667709705736077e-04 2.367797074884544424e-05 1.403682436195745897e-01 2.959560746903487360e-01 4.134714518639135972e-01 4.955374021079519964e-01 5.578785696701761276e-01 5.998543255842019306e-01 6.311049524280796241e-01 6.830609434778426303e-01 6.732942631557286006e-01 7.855456537659694094e-01 6.044348522809764868e-01 8.329449699168295362e-01
1.959179362504220080e+03 1.256680956689657544e-04 1.185598659675475352e-04 1.254607798661767381e-05 1.229338940945654823e-01 3.036303204742985540e-01 4.107865376194686502e-01 4.979020822737127983e-01 5.539150471153494459e-01 5.985744870271457740e-01 6.245686015932166990e-01 6.814266331640236318e-01 6.621786108752443223e-01 7.897334767815570311e-01 5.831028144518866085e-01 8.454603447211721523e-01
2.009179362504220080e+03 9.865533510692965570e-05 1.063205654897563516e-04 1.204818120751463967e-05 1.818471309612755271e-01 3.454923085325034005e-01 4.410219838857784569e-01 5.207044749791455152e-01 5.730004222381802625e-01 6.135964107444816795e-01 6.393240170384986154e-01 6.885813930859023824e-01 6.785218005283125686e-01 7.841772244363878208e-01 6.097691333593073804e-01 8.249045632306456488e-01
2.059179362504220080e+03 2.141427742113455161e-04 2.354335301738267160e-05 1.149555379612315562e-02 1.811283931663118796e-01 3.276014742932326640e-01 4.504470875310488398e-01 5.247829128040052415e-01 5.878849751711251459e-01 6.362767882039550571e-01 6.494569012736096658e-01 7.100417610078469943e-01 6.792557287234939345e-01 8.003304079879350885e-01 5.970860793358163665e-01 8.626137724454027156e-01
2.109179362504220080e+03 1.710873310708328819e-04 1.410441117355187596e-04 7.144725794489503962e-05 5.047871935662649897e-05 1.462081121404168731e-04 2.655729871046668203e-02 1.767855659637500298e-01 3.367686841041155343e-01 4.375971656613195093e-01 5.179246012746261396e-01 5.777253259208667835e-01 6.209940994683189608e-01 6.830952562143791651e-01 5.976382845621487361e-01 7.401721746101347366e-01
2.159179362504220080e+03 1.035057261248811897e-04 1.019929126034735124e-04 2.885867074985430051e-05 9.120308953658342113e-03 1.489296062323151870e-01 3.151178911753246270e-01 4.287295022163199465e-01 5.052674136935609850e-01 5.477096204790560252e-01 5.929376283020910687e-01 6.431994467929741388e-01 6.579519202432648761e-01 7.352330702186835598e-01 6.095871602457536564e-01 7.823669167099127630e-01
2.209179362504220080e+03 6.856628227629036200e-05 6.646762770962460717e-05 1.931170558189426766e-05 1.994118443441476179e-02 2.398090690050703466e-01 3.673997852111899887e-01 4.682269582392561968e-01 5.325354296093904871e-01 5.815889154200910571e-01 6.122654668311473536e-01 6.715808090012315157e-01 6.511185734201122566e-01 7.860799253397453557e-01 5.738585545810968025e-01 8.486524554310053148e-01
2.259179362504220080e+03 4.971491596023581240e-05 4.572983450640426858e-05 1.857415493415583222e-05 1.899923634885774051e-02 2.242143085122507429e-01 3.672031095318484817e-01 4.617609344305497743e-01 5.297645530456658314e-01 5.767303568909153411e-01 6.084096388617987738e-01 6.656823525781220274e-01 6.478487508475823109e-01 7.787588027582306172e-01 5.698303257636332386e-01 8.432240215871869005e-01
2.309179362504220080e+03 3.887604889535916839e-05 1.198598044818220050e-05 7.368683785251809761e-03 2.088992054867983283e-01 3.540490298164423177e-01 4.364776468527256093e-01 5.346192875424436997e-01 6.074683502081892339e-01 6.257232092270256230e-01 6.367524185704066531e-01 7.195848684867355294e-01 6.714210876810151607e-01 8.453750423414841952e-01 5.947332052005351866e-01 8.797141409048453431e-01
2.359179362504220080e+03 2.578559396783882595e-05 2.091415660506598857e-05 1.028437335658461501e-05 1.912516101394086121e-01 3.350226345830359387e-01 4.554590280882333531e-01 5.270723500532260575e-01 5.888449914943114649e-01 6.273489851065384704e-01 6.526055349929796856e-01 7.129646108536138449e-01 6.772170853796244394e-01 8.287096711655878023e-01 5.897958432353600511e-01 8.810245004386083600e-01
2.409179362504220080e+03 2.515470722581523381e-05 2.227949397127353080e-05 1.011773353519455406e-05 2.195319045174713990e-01 3.691613673045424648e-01 4.743635625391591781e-01 5.425748971096397977e-01 5.973572174258762191e-01 6.382775184341312746e-01 6.507307035306640897e-01 7.228670437533443183e-01 6.781814394877371255e-01 8.234915068300842078e-01 6.036909150450946449e-01 8.711108122009542098e-01
2.459179362504220080e+03 2.282415634400344147e-05 2.070217397292698587e-05 1.033450634533065577e-05 1.488082929780761288e-01 2.958004274446938142e-01 4.295274197193908461e-01 5.019399909992838804e-01 5.686906210700752862e-01 6.067405979538054162e-01 6.367577955278816981e-01 6.897899576168019520e-01 6.726888994724911086e-01 7.945548908670351240e-01 5.982709513081988506e-01 8.438649975875057718e-01
2.509179362504220080e+03 2.095388928105036268e-05 2.142511369416575501e-05 1.077032023381410968e-05 3.704072225954464781e-02 2.381084755166983369e-01 3.793817868724002063e-01 4.796244152450023224e-01 5.605367163614087822e-01 6.084200300560363983e-01 6.401009304618375806e-01 7.071874586577389099e-01 6.683846779787506742e-01 8.205729513023358734e-01 5.811542855361411242e-01 8.770306506689190540e-01
2.559179362504220080e+03 1.906801218972595496e-05 1.795425726158910809e-05 1.076570559076749259e-05 1.983038143395852992e-02 2.011464658934093985e-01 3.563286532463363354e-01 4.589444984934534788e-01 5.367575790364603749e-01 5.868314940188759099e-01 6.201100672409043391e-01 6.881238540107457169e-01 6.526508152689405318e-01 8.181995678254779802e-01 5.667106699047966822e-01 8.968109024815732466e-01
2.609179362504220080e+03 1.756186571358510831e-05 1.747859788407773410e-05 1.003864709751240577e-05 1.529839638537810742e-01 3.018624261509716966e-01 4.087955494003814860e-01 4.877102904661995697e-01 5.463379214904122705e-01 5.883786541565031447e-01 6.166122393926454226e-01 6.705033373782098849e-01 6.550875974737944141e-01 7.775005367404811407e-01 5.764019306807227627e-01 8.426778332772815183e-01
2.659179362504220080e+03 1.554788578513032220e-05 1.570292466778754227e-05 1.013850446906967059e-05 1.619392302061268551e-01 3.102557773196103486e-01 4.241980472762756360e-01 5.000567862238910477e-01 5.614556802286972959e-01 6.024528883037777449e-01 6.273216281116220649e-01 6.925798166397038047e-01 6.523719841953773413e-01 8.165917271685009249e-01 5.571758239568411764e-01 9.013886531723743767e-01
2.709179362504220080e+03 1.369554857105276984e-05 1.411002136434923126e-05 1.009822603722675966e-05 1.314307964464975220e-01 2.846712031124235542e-01 3.991680417573850170e-01 4.792364724122661901e-01 5.413504221473406375e-01 5.845234346085701471e-01 6.126088716584902061e-01 6.730083139525957492e-01 6.460851781097369795e-01 7.916060648494994689e-01 5.579089500341943841e-01 8.716324951318648040e-01
2.759179362504220080e+03 1.231851083208614939e-05 1.276327947979730115e-05 1.004354838015994292e-05 1.753794361343474772e-01 3.148846768555559894e-01 4.199090320625245010e-01 4.945641951305735917e-01 5.526466132312289892e-01 5.937946519136702017e-01 6.185659940068622964e-01 6.809958175408329373e-01 6.469661713640535439e-01 8.016378496947142995e-01 5.534655912127602884e-01 8.860477938273815246e-01
2.809179362504220080e+03 1.142133639534048714e-05 1.001903259573201000e-05 1.273187189418545882e-02 2.030605693532653577e-01 3.404051014403398079e-01 4.325170796446399235e-01 5.074560076961651678e-01 5.595018977056147591e-01 6.016786260644974016e-01 6.220060995019719430e-01 6.872731363218147482e-01 6.473287389371401579e-01 8.086038799250898634e-01 5.499727517160678536e-01 8.967548487749551489e-01
2.859179362504220080e+03 1.087766808155392460e-05 1.000596670199557946e-05 3.553100302417546569e-02 2.233585680504479309e-01 3.561932160788655599e-01 4.415114279703241662e-01 5.151060142813600473e-01 5.656431734241483822e-01 6.027639965296086588e-01 6.344924700008621743e-01 6.671366528431732501e-01 7.013389755786100244e-01 7.036440832644356158e-01 7.700595686080489166e-01 2.066854082643650170e-01
2.909179362504220080e+03 1.000148138464942535e-05 9.995352151470225907e-06 1.100225380713013845e-01 2.851065447024542787e-01 3.940651592422510507e-01 4.711718822549227914e-01 5.369239816650196451e-01 5.822100266883732944e-01 6.207802659884500418e-01 6.352989310408058143e-01 7.032512939902474391e-01 6.530008469078405486e-01 8.268906371079705053e-01 5.503439658823532366e-01 9.867895947369587084e-01
2.959179362504220080e+03 6.241302523407252223e-05 1.091121508578005912e-05 1.007300277557294232e-01 2.702580774146478015e-01 3.951112613339341495e-01 4.684762870759269227e-01 5.379469586751379762e-01 5.925153125208997285e-01 6.005288002315879448e-01 6.999702874955011644e-01 9.999989999913285743e-01 9.999989986928914387e-01 9.999989904225045079e-01 9.998953073963782190e-01 9.994446003651159538e-01
3.009179362504220080e+03 5.904977127560471979e-05 1.003931379933547792e-05 1.492723336483711694e-01 3.363156398464906549e-01 4.332736518670572412e-01 5.432844362626010337e-01 5.044735811496876554e-01 9.990062930669048047e-01 9.999984611091687903e-01 9.999982130960839433e-01 9.999979604349766849e-01 9.999975457126294431e-01 9.999970178291915923e-01 9.999694481680277969e-01 9.994868899972697562e-01
3.059179362504220080e+03 1.167002712749704138e-05 1.000779056470235654e-05 1.552164842866761152e-01 3.445648316869873162e-01 4.195044060259796037e-01 6.574944133378951561e-01 9.985569802532376915e-01 9.999989965112536794e-01 9.999988941016810795e-01 9.999986386339766442e-01 9.999982255420899468e-01 9.999976900134885938e-01 9.999971030357068802e-01 9.999634625342108674e-01 9.994848431766059083e-01
3.109179362504220080e+03 3.872071603848538162e-04 2.662622672973045495e-05 4.780847316535050823e-02 2.062040372003021704e-01 3.144159780161174256e-01 4.128370550440564335e-01 3.669991347077534161e-01 8.346941339081047628e-01 9.999983960860288068e-01 9.999951041586251366e-01 9.999917668513326197e-01 9.999894997018339282e-01 9.999881309055760337e-01 9.999252386978731977e-01 9.993811422326586147e-01
3.159179362504220080e+03 1.556791892283715362e-04 1.053585804824199442e-05 6.324549136051590970e-02 2.440681881597064340e-01 3.619885707651245288e-01 4.356662165167756173e-01 5.499175399218975135e-01 4.017516092351947066e-01 9.997955876156793265e-01 9.999050680018933823e-01 9.999500437575515877e-01 9.999676555233003583e-01 9.999759739615754484e-01 9.999758788170649559e-01 9.997687149192636680e-01
3.209179362504220080e+03 5.002794048183563255e-05 4.881353874991946795e-05 2.930559959565494425e-05 2.574215217435929713e-05 2.376915135792522917e-05 2.263878171225884367e-05 2.162883192568789155e-05 2.122019731660603400e-05 2.100034091652691728e-05 1.885093992614885969e-05 1.015941676987549308e-05 1.669255619551232306e-01 5.463252438756956986e-01 4.812731293836193802e-01 7.462525444555582199e-01
3.259179362504220080e+03 6.213991149368598525e-05 5.267527018528601597e-05 3.610571559186449207e-05 2.971641435682510472e-05 1.851626847209568005e-05 7.054530841277677233e-05 1.858483655423192119e-02 1.731786132589098470e-01 3.385516079154383129e-01 4.386592713899810647e-01 5.420169466093341937e-01 5.654633897125895814e-01 7.120450319749448420e-01 5.176289357497760868e-01 8.327328282929610248e-01
3.309179362504220080e+03 5.661356290835298157e-05 4.983273425227067863e-05 3.327281415167650523e-05 2.563084356322761897e-05 2.075033615718211374e-05 1.639142157790924594e-05 1.534727884074245374e-01 2.916712158918469133e-01 3.939843518460050542e-01 4.633355492858068359e-01 5.341124343521048701e-01 5.602883474519460005e-01 6.647369891189901514e-01 5.115004871774100348e-01 7.629921976404082651e-01
3.359179362504220080e+03 6.463105352497312123e-05 5.324761081402911036e-05 3.677797745153282323e-05 2.844733566639109283e-05 1.114640397882541957e-05 5.297270657763704371e-02 2.076460053462169941e-01 3.377603986369206446e-01 4.286405767887120355e-01 4.955025983022611213e-01 5.647866853807276266e-01 5.809278886512767581e-01 7.023297414201925548e-01 5.194404510466725799e-01 8.115247382499873874e-01
3.409179362504220080e+03 5.976882702284381106e-05 5.414366435556036488e-05 3.926016963993741250e-05 2.803215352232910835e-05 1.254485069969277125e-05 9.136752707590470313e-02 2.514538017583781704e-01 3.789932394414571304e-01 4.627490895135625282e-01 5.216561818288817376e-01 5.857909150420290700e-01 5.987163207465481252e-01 7.093434057922138880e-01 5.363441445351334602e-01 7.960802404649947039e-01
3.459179362504220080e+03 4.890114714490059169e-05 4.399198614619362780e-05 1.471473364850088785e-05 2.995117849466707657e-02 2.171248347776046639e-01 3.316013896376621140e-01 4.340504210469576796e-01 4.984061074064279340e-01 5.451104575055720769e-01 5.756331635001484814e-01 6.319401295756559289e-01 6.205506537236324949e-01 7.512212857290923029e-01 5.448554167868377984e-01 8.337025309712586818e-01
3.509179362504220080e+03 4.327505328985325138e-05 4.216961548936819422e-05 3.271235773920455983e-05 2.083556839973273715e-05 1.704577295981607476e-04 9.432741994307010380e-02 2.356901527489096426e-01 3.596927111163177315e-01 4.518717960610403872e-01 5.122172069916186565e-01 5.671481490578097473e-01 5.829178678593084362e-01 6.921358284843982522e-01 5.285360080402313754e-01 7.892228919039621093e-01
3.559179362504220080e+03 3.378611977412139159e-05 3.483750757171381776e-05 2.883688730168837137e-05 1.046732426436844373e-05 1.685422797203524337e-01 3.041474047027411531e-01 4.149774758157180887e-01 4.844073952178477582e-01 5.411453808928455844e-01 5.753605187310167901e-01 6.364134174966560309e-01 6.232988525049648620e-01 7.539184751421742492e-01 5.470115301126798890e-01 8.349587287947117797e-01
3.609179362504220080e+03 2.701061385808093090e-05 2.706709297764456565e-05 2.100655384266465387e-05 1.209134273629315787e-05 2.552477762499447134e-02 1.686834092700914278e-01 3.049906811917026395e-01 4.040547981259934862e-01 4.758768632564872036e-01 5.264633660370917623e-01 5.915726884586249845e-01 5.949231816393746319e-01 7.211000778991356608e-01 5.260596618124729895e-01 8.215325317900352697e-01
3.659179362504220080e+03 2.268693971036668972e-05 2.339169688258286998e-05 1.835261388830388221e-05 1.429486515911784818e-05 1.412182963066630770e-01 2.844895237534257326e-01 3.991663649241465328e-01 4.736424557721541362e-01 5.320366546767616445e-01 5.695511857427625335e-01 6.291535632184266369e-01 6.224512453357258224e-01 7.459017344862047816e-01 5.495437910168633477e-01 8.260124126938452882e-01
3.709179362504220080e+03 1.961101077980914281e-05 2.026218858783153558e-05 2.015857616767645835e-05 5.674116288285693810e-04 1.588491015760793157e-01 2.974322792672320914e-01 4.057132094193908189e-01 4.777258933646427730e-01 5.335647801749436869e-01 5.701528160177862237e-01 6.289325015130275975e-01 6.211286561133227968e-01 7.453474123788161876e-01 5.462835885142368619e-01 8.269409623161133593e-01
3.759179362504220080e+03 1.707101922271146211e-05 1.767379640468203110e-05 1.024265275563049070e-05 2.578644375414655340e-02 1.936656066871982607e-01 3.257626369865824767e-01 4.226988326021826614e-01 4.922545766170394743e-01 5.430193954055737571e-01 5.782206272508269018e-01 6.355486671972128132e-01 6.251224588181434338e-01 7.512068165300911371e-01 5.477613045331453101e-01 8.313708487265624170e-01
3.809179362504220080e+03 1.500209769706606044e-05 1.555060576403620724e-05 1.015616758386809876e-05 6.371387234005425337e-02 2.256623394067357735e-01 3.503777880683504042e-01 4.384656765007062251e-01 5.053940680904980276e-01 5.521064568679819873e-01 5.857341355449826592e-01 6.420451329460389323e-01 6.289718007491994500e-01 7.569483453232916936e-01 5.493730354675606664e-01 8.357274233703588795e-01
3.859179362504220080e+03 1.335107297210724343e-05 1.381698227979163424e-05 1.009539278373208096e-05 1.055473285167191633e-01 2.562864791719003388e-01 3.723924800421059000e-01 4.537310840411719060e-01 5.174441110567772339e-01 5.610837650609008520e-01 5.927317549595049195e-01 6.485596694241539950e-01 6.325832178745048884e-01 7.626791627154435593e-01 5.510397702620013494e-01 8.399361208205072815e-01
3.909179362504220080e+03 1.221359905710655305e-05 1.258599850950629686e-05 1.005463701082657503e-05 1.408766446493494584e-01 2.812526561733224018e-01 3.895292586881547447e-01 4.662086056913115617e-01 5.268122083428216085e-01 5.684037018452990919e-01 5.980534213519769215e-01 6.539476558304022635e-01 6.350138885692718782e-01 7.676787087251971675e-01 5.516389727708256308e-01 8.441196761842172380e-01
3.959179362504220080e+03 1.143579728734271870e-05 1.173847952925832398e-05 1.625906026655794150e-04 1.640520961707654379e-01 2.976791097701321220e-01 4.004969204450336551e-01 4.741487445836470860e-01 5.325600565913597428e-01 5.728328131075841601e-01 6.010750454061901671e-01 6.570603664612271189e-01 6.361155204334921764e-01 7.705373232282241025e-01 5.514897177854448662e-01 8.464039562198714117e-01
4.009179362504220080e+03 1.090677618407034558e-05 1.000850656060180426e-05 2.168382383179974851e-02 1.963058883266499688e-01 3.290374380461182358e-01 4.163947679486676434e-01 4.907969599649995573e-01 5.418476078909587601e-01 5.832398627780441824e-01 6.063080553525964644e-01 6.653050887223623810e-01 6.377650913715150471e-01 7.789131897604353316e-01 5.508634587392400306e-01 8.540732734969200823e-01
4.059179362504220080e+03 1.055919078866733035e-05 1.000656758136758696e-05 3.238646133853353981e-02 2.066048696733880086e-01 3.379507531934613507e-01 4.223564293105017686e-01 4.964807421969769097e-01 5.459736743075471743e-01 5.875504012867643899e-01 6.090362622612228716e-01 6.696308118855346381e-01 6.382871892900217059e-01 7.852915731129047616e-01 5.459481503372953792e-01 8.702805284958873289e-01
4.109179362504220080e+03 1.020552487666733828e-05 9.994535397953057919e-06 8.417672065296009920e-02 2.425316191866795368e-01 3.627397823443030966e-01 4.359723103041282521e-01 5.073358887750912816e-01 5.527424917228436207e-01 5.899187496433111466e-01 6.187559353724432221e-01 6.531650187774639127e-01 6.835705430443597130e-01 6.919403962568931865e-01 7.482974722536337442e-01 1.960303158457225026e-01
4.159179362504220080e+03 1.000055382413547002e-05 9.999946105368369149e-06 9.671704399108234373e-02 2.565803953778718616e-01 3.728297885855289540e-01 4.455116885652674052e-01 5.148597674514721056e-01 5.606749350241324592e-01 5.947904366821175071e-01 6.284791006447821848e-01 6.483261406277041061e-01 7.114267427202216609e-01 6.462742142034496595e-01 8.536321072867286697e-01 9.999987423044057744e-01
4.209179362504220080e+03 1.006410097687422531e-05 1.000255515272903756e-05 1.060292215188193138e-01 2.724886770871138286e-01 3.828402703281691966e-01 4.586572061743155460e-01 5.222215605264256544e-01 5.719564834727609570e-01 5.918715523925727195e-01 6.642566343783058436e-01 5.798146622855135934e-01 8.918967572931946197e-01 9.999990000015660518e-01 9.998855203423379079e-01 9.994024866864423817e-01
4.259179362504220080e+03 1.006259277688747799e-05 1.000142752386008029e-05 1.113748978204690820e-01 2.816451578500909769e-01 3.879180643766713676e-01 4.583599988874224040e-01 5.508672644141928698e-01 4.935238314820200034e-01 8.385800073186382431e-01 9.999990000019707281e-01 9.999990000024405745e-01 9.999990000022459524e-01 9.999990000024141512e-01 9.999452795041331443e-01 9.994828592439171100e-01
4.309179362504220080e+03 1.013021672451813440e-05 1.000182307583907047e-05 1.121498908140342032e-01 2.795945350076653457e-01 3.863503268745623886e-01 4.824330968931888064e-01 4.601120627685608699e-01 9.999989996621740929e-01 9.999989886013530560e-01 9.999989487755659434e-01 9.999988595228337385e-01 9.999987059702347691e-01 9.999984854995388472e-01 9.999655789734830380e-01 9.995550759469638002e-01
4.359179362504220080e+03 1.062766977081391580e-05 1.000174346663167758e-05 1.157721261256645928e-01 2.872090312744094431e-01 3.923900580787098025e-01 4.652581409718478112e-01 5.514206986730147975e-01 9.999990000059036932e-01 9.999990000058166517e-01 9.999990000068577078e-01 9.999990000076153240e-01 9.999990000080465347e-01 9.999990000087171094e-01 9.999848646211118020e-01 9.995336118788998858e-01
4.409179362504220080e+03 1.006066667978751027e-05 9.999384990344442882e-06 1.095145722184207859e-01 2.765319097282055161e-01 3.859059936637809773e-01 4.545890131636405318e-01 5.509390860370058096e-01 9.999989999994509660e-01 9.999989999987682898e-01 9.999989999984564282e-01 9.999989999985425815e-01 9.999989999988787570e-01 9.999990000000110735e-01 9.999990000036697024e-01 9.999990000064684637e-01
4.459179362504220080e+03 1.886353677333002033e-05 1.000159675312730022e-05 1.175518288659802985e-01 2.892708972459464567e-01 3.928735980940999961e-01 4.781132801051988235e-01 5.046502775371373151e-01 9.999990000112543020e-01 9.999990000113925248e-01 9.999990000118730293e-01 9.999990000125347223e-01 9.999990000130472012e-01 9.999990000135723367e-01 9.999990000134033608e-01 9.999990000130934975e-01
4.509179362504220080e+03 2.388828915351133607e-04 1.021355943042677452e-05 9.407931512672633445e-02 2.508097766587491506e-01 3.662786513938768307e-01 4.814878133979400010e-01 3.562537748122487913e-01 9.999971050433700270e-01 9.999963046731528138e-01 9.999960108157656125e-01 9.999961233783183356e-01 9.999964416852572535e-01 9.999969401371534561e-01 9.999973445543544059e-01 9.999973420872584340e-01
4.559179362504220080e+03 9.357378581034025327e-05 1.051627948345125661e-05 1.217124938641102466e-01 2.745191769291857042e-01 3.114992191730941440e-01 4.482554449261299534e-01 4.078186173957012439e-01 9.999987895829098861e-01 9.999983480716307938e-01 9.999978166874285979e-01 9.999973621345087382e-01 9.999969893016108502e-01 9.999967706551280422e-01 9.999964331213822000e-01 9.999907783428048091e-01
4.609179362504220080e+03 1.073251687244193134e-05 9.997436854326971926e-06 1.045278821456675500e-01 2.696868361836122774e-01 3.713146100256884963e-01 4.884808244183250769e-01 3.685251182953990789e-01 9.998720317494992349e-01 9.999513522016891809e-01 9.999713985834960406e-01 9.999802095995858897e-01 9.999846657340384359e-01 9.999872269512178891e-01 9.999883972441686586e-01 9.999772428518494127e-01
4.659179362504220080e+03 1.000517226216286909e-05 9.996854816639363708e-06 1.050357373962124141e-01 2.700071581571045765e-01 3.739447576527011319e-01 4.725182301956828423e-01 4.369617168497226256e-01 9.999989999992279222e-01 9.999989999998102341e-01 9.999990000059713058e-01 9.999990000098817333e-01 9.999990000114089561e-01 9.999990000130788426e-01 9.999990000128264889e-01 9.999990000047420668e-01
4.709179362504220080e+03 9.996956057377851559e-06 9.996923152958361953e-06 1.051544383356068785e-01 2.691533774194906914e-01 3.764533232956158160e-01 4.531684566001443204e-01 5.139481126845614201e-01 9.999989999994550738e-01 9.999990000045545502e-01 9.999990000087866093e-01 9.999990000111319555e-01 9.999990000119944877e-01 9.999990000118746947e-01 9.999990000140359658e-01 9.999990000061442785e-01
4.759179362504220080e+03 9.998650281602736829e-06 9.998542138289208636e-06 1.058102863219626683e-01 2.671088407446723934e-01 3.939028377715661500e-01 3.570583751320989818e-01 8.760743739531767771e-01 9.999989999999209234e-01 9.999990000089001851e-01 9.999990000112192190e-01 9.999990000130791756e-01 9.999990000111045330e-01 9.999989999984202349e-01 9.999990000107014110e-01 9.999990000085913211e-01
4.809179362504220080e+03 9.999337577828163980e-06 9.995625001099399333e-06 1.049878009492668796e-01 2.688917607740719529e-01 3.681223114710875932e-01 4.783001225237037413e-01 9.999989999967835441e-01 9.999989999954391751e-01 9.999989999967823229e-01 9.999989999984700839e-01 9.999989999999465695e-01 9.999989999962045628e-01 9.999989999674960828e-01 9.999989999646439198e-01 9.999989999643317251e-01
4.859179362504220080e+03 9.994404958288176662e-06 9.994467998394457252e-06 1.004483902243745036e-01 2.745346234842551136e-01 2.912923493691987886e-01 9.862209811475214360e-01 9.999989999984609801e-01 9.999989999952216824e-01 9.999989999942590080e-01 9.999989999932619167e-01 9.999989999891427672e-01 9.999989999661171858e-01 9.999989999416717401e-01 9.999989999129412777e-01 9.999989999096883242e-01
4.894179362504220080e+03 1.383862036112604910e-05 1.000311363863546753e-05 1.113764101981782745e-01 2.474854600692059925e-01 5.700770348086423578e-01 9.999989235825896827e-01 9.999989265557815976e-01 9.999989406095890487e-01 9.999989492375513933e-01 9.999989547616195962e-01 9.999989592006500727e-01 9.999989645389107951e-01 9.999989653903700315e-01 9.999564082800868059e-01 9.994659468547609782e-01
4.899179362504220080e+03 1.242521843546423093e-05 9.988976417786480145e-06 1.048741374037657353e-01 2.137099588334315514e-01 6.636137181344078373e-01 9.999989374226806449e-01 9.999989522949082055e-01 9.999989665055322163e-01 9.999989738753862767e-01 9.999989782318674525e-01 9.999989813022492902e-01 9.999989843072178974e-01 9.999989851423866094e-01 9.999595232050603189e-01 9.995074760932892710e-01
4.949179362504220080e+03 2.626854251079175259e-05 9.992574113242291505e-06 8.535678717927071280e-02 6.809468222475495436e-01 9.999989360759973245e-01 9.999989457313859242e-01 9.999989522035562794e-01 9.999989604990398018e-01 9.999989639453075174e-01 9.999989656280869887e-01 9.999989669254325531e-01 9.999989698047386799e-01 9.999989672324411938e-01 9.999167053467593602e-01 9.993696478101835590e-01
4.999179362504220080e+03 2.977561371681028499e-03 7.018722784557708261e-01 9.999760866994129582e-01 9.999524591874144885e-01 9.998944716240164565e-01 9.998919734398604708e-01 9.998312443791602666e-01 9.988029697383515870e-01 9.994788395667945080e-01 9.996236835969098955e-01 9.997933542306756127e-01 9.997036282056820378e-01 9.991575888475155987e-01 9.981550402622956231e-01 9.999990000897983622e-01
5.049179362504220080e+03 2.638770531700579641e-04 4.913127052384054332e-03 9.103225082019037462e-01 9.999989941414750838e-01 9.999005521875011793e-01 9.999218833676550844e-01 9.998974229283599247e-01 9.999989084080489476e-01 9.999812723940570969e-01 9.999946537134458691e-01 9.999784827432780521e-01 9.999865695289318346e-01 9.999825715375297852e-01 9.999821567687269264e-01 9.999902650309153707e-01
5.099179362504220080e+03 1.338391750099493993e-03 4.290254942858715437e-04 2.496635621218960040e-03 8.103665493400129538e-01 9.999453702387259835e-01 9.999130943230222224e-01 9.999159051210766425e-01 9.999287627828565839e-01 9.994120522301191967e-01 9.995927355110834078e-01 9.996804177978593220e-01 9.998249072090384937e-01 9.993443706957857442e-01 9.993136100502068020e-01 9.995678366489453293e-01
5.149179362504220080e+03 1.078026079692595779e-03 4.347292446198528751e-04 2.374387634561665461e-01 9.999976212861408920e-01 9.998811299383401074e-01 9.997390161973624956e-01 9.998153457768554908e-01 9.998625249017525363e-01 9.999436681254589843e-01 9.998359869621994411e-01 9.998307086499759189e-01 9.997579989426726987e-01 9.997996867809446631e-01 9.994417587933202007e-01 9.994515010385534026e-01
5.199179362504220080e+03 2.216318923758092533e-04 1.218924166298359144e-05 4.010731504881899778e-01 9.999968893221093946e-01 9.999845981800283834e-01 9.998669926397882879e-01 9.998488434724644991e-01 9.999030015560822493e-01 9.999550411352592372e-01 9.998862538570758574e-01 9.998815479645910553e-01 9.998716996594615436e-01 9.999426149513709339e-01 9.998274819859181983e-01 9.997895963529717100e-01
5.249179362504220080e+03 4.879070098653836185e-04 6.225758160844343722e-05 2.016603823566301065e-02 8.492772509659021196e-01 9.998877694849572784e-01 9.998806711549872439e-01 9.998705002605046133e-01 9.997328152573704552e-01 9.998752795037058050e-01 9.997121260888630623e-01 9.996582813134596845e-01 9.995140311578014636e-01 9.991658838032265733e-01 9.987555875198353972e-01 9.999175726607182346e-01
5.299179362504220080e+03 1.066675485220713383e-04 1.013888516568892229e-05 4.995571613969918556e-01 9.999986851953518441e-01 9.998745288165582501e-01 9.998864175579765812e-01 9.998808235111362741e-01 9.998093289317765420e-01 9.999172448786676215e-01 9.997487436345626755e-01 9.996826396352571642e-01 9.995724909584244866e-01 9.994446254726190304e-01 9.991278970393410175e-01 9.995390295699196903e-01
5.349179362504220080e+03 4.872093772948867430e-04 3.595789728891133925e-05 4.600551813189168726e-02 5.943311249055007739e-01 9.998891104128984075e-01 9.998836276675591161e-01 9.998789027111748551e-01 9.998079024288902827e-01 9.999080041499841531e-01 9.997211270117426496e-01 9.996588470551924788e-01 9.995454174813414028e-01 9.994017598436055749e-01 9.987013120373772201e-01 9.991275664363290510e-01
5.399179362504220080e+03 3.674977233651028925e-04 3.918661808519516786e-05 3.962542453728901126e-02 3.290100447691458041e-01 9.998820595442668990e-01 9.998739109044932905e-01 9.998651180717268439e-01 9.996539484617907867e-01 9.997758025569097873e-01 9.992562926204792140e-01 9.988966257849098973e-01 9.985771457526874118e-01 9.981920944877857860e-01 9.979543311317092824e-01 9.990536618399843416e-01
5.449179362504220080e+03 5.581743819650267457e-05 1.478422894122801333e-05 1.595895470998230370e-01 9.339101534464467891e-01 9.999915050350122181e-01 9.999895699164513818e-01 9.998775174738120386e-01 9.999219490580880665e-01 9.999594563373859213e-01 9.999062445377190356e-01 9.999050929294617251e-01 9.998972892946899060e-01 9.999406867079667638e-01 9.998530024219168810e-01 9.998656848853625378e-01
5.499179362504220080e+03 3.362893638474597890e-03 6.522383256091845993e-02 9.999929947654073725e-01 9.998894751660499791e-01 9.998901946599749735e-01 9.998369993834064218e-01 9.998237700269293482e-01 9.997359711192791432e-01 9.998160831919534752e-01 9.996071555278003284e-01 9.994225640561836821e-01 9.991037351567595426e-01 9.984902388569776299e-01 9.982553685313964031e-01 9.992891710809921335e-01
5.549179362504220080e+03 2.185736292634114439e-02 2.729528615516881116e-03 9.929624871225103400e-01 9.998870767391097036e-01 9.999561197333040052e-01 9.999010380369538487e-01 9.999045360169876995e-01 9.999091865479690089e-01 9.999551239426810456e-01 9.998964901097937563e-01 9.998961640381771598e-01 9.998885943786087749e-01 9.999247895138916320e-01 9.998406825422712085e-01 9.998631452609152426e-01
5.599179362504220080e+03 2.237072588765613435e-01 2.460122494477555710e-01 9.999989536518997246e-01 9.998782567529146403e-01 9.999696898275940438e-01 9.999195896964404584e-01 9.999202185169695500e-01 9.999199516652171882e-01 9.999620467877062824e-01 9.999044247894169901e-01 9.998980684112175332e-01 9.998852326957132775e-01 9.999301688154734746e-01 9.997964794189686533e-01 9.998397052429914833e-01
5.649179362504220080e+03 9.999032079188803213e-01 9.998665518118012852e-01 9.999070785131036754e-01 9.998797525492093552e-01 9.999559794586861949e-01 9.999017715540602369e-01 9.998837147203302189e-01 9.998208383757578588e-01 9.998547080405406629e-01 9.996229450462720267e-01 9.993346224595174299e-01 9.991058270148485132e-01 9.985344652339435134e-01 9.984513287630008005e-01 9.994872222455916111e-01
5.699179362504220080e+03 9.998805287736413083e-01 9.998694767273145212e-01 9.998913713056141184e-01 9.998519248723670705e-01 9.987428088732124287e-01 9.957748939167350155e-01 9.967400204864479418e-01 9.970851917305014744e-01 9.973906393363723977e-01 9.972834966740027340e-01 9.974192469435210207e-01 9.972599336602434583e-01 9.960099277245980653e-01 9.951641976479110863e-01 9.983153983404038367e-01
5.749179362504220080e+03 8.825404463564770138e-03 2.721651826237609859e-03 9.997759434457738070e-01 9.998068439799249196e-01 9.999977313483330299e-01 9.999623315299892568e-01 9.999563208338904108e-01 9.999814556908586116e-01 9.999847181204898350e-01 9.999893749958812528e-01 9.999916389227944125e-01 9.999936693448731040e-01 9.999814704480407546e-01 9.810859524953567945e-01 9.999989999524877549e-01
5.799179362504220080e+03 1.233094826179874631e-03 1.602960403683001314e-04 4.794341689199398127e-02 3.044764439786782906e-01 3.177611901790763360e-01 9.990552029969124170e-01 9.997548879122749588e-01 9.999480677672222262e-01 9.999255556509853982e-01 9.999869906495215677e-01 9.999845313608357600e-01 9.999882361644782947e-01 9.999670231196607917e-01 9.999224469106480218e-01 9.999964922575846904e-01
5.849179362504220080e+03 1.268382744697801661e-03 6.982378349509363151e-05 7.698648436156092789e-02 2.408411473018410298e-01 2.636477868339328068e-01 9.421361264361108878e-01 9.998561253954771910e-01 9.998825818237905283e-01 9.999570762717686634e-01 9.998904946847707587e-01 9.999239484164008651e-01 9.999450246836943945e-01 9.998727711881071345e-01 9.980244582963665456e-01 9.997745492296449266e-01
5.899179362504220080e+03 1.321627538003104872e-03 6.818005438340139605e-03 1.298335630441916910e-01 3.071041799760034219e-01 3.481754520177994805e-01 5.551321394522802377e-01 9.999599290313109234e-01 9.999517845759723356e-01 9.999650496065086713e-01 9.999491702851039943e-01 9.999519515168522332e-01 9.999443700622397957e-01 9.999330548163427590e-01 9.999247202792721501e-01 9.999603378893537897e-01
5.949179362504220080e+03 3.564790373322134030e-03 7.882005468966411799e-03 1.237469272525408837e-01 3.302484377710240282e-01 4.386775021900918836e-01 4.944937894857693306e-01 9.999722847385582591e-01 9.999596581177490062e-01 9.999706130860156472e-01 9.999589765427687738e-01 9.999621658398226698e-01 9.999543281003898665e-01 9.999380667575029635e-01 9.999429672063646635e-01 9.999723554260513403e-01
5.999179362504220080e+03 4.940272365079758504e-02 1.232991083631380935e-02 1.559680742516144913e-01 2.782923313745540583e-01 3.411490647629060180e-01 5.309147615342714177e-01 9.999990000211592678e-01 9.999990000257141798e-01 9.999990000280372104e-01 9.999990000310602367e-01 9.999990000351485220e-01 9.999989985060910858e-01 9.999989982171411107e-01 9.999961719288600337e-01 9.999455453416125073e-01
6.049179362504220080e+03 9.017486848931621779e-02 1.484866388042984167e-02 1.132725837813937098e-01 2.147630674056257016e-01 3.812286808784924319e-01 6.001791376856858706e-01 9.999989999980418709e-01 9.999989999979814748e-01 9.999989999986761413e-01 9.999989999988664335e-01 9.999989999982176192e-01 9.999989999972077603e-01 9.999989999977243471e-01 9.999990000028888826e-01 9.999684090570070127e-01
6.099179362504220080e+03 9.228115396124661127e-03 1.041871014915841422e-02 1.349378214755280747e-01 2.589042444349153871e-01 4.516925192011934098e-01 6.162898273470954758e-01 9.999990000130175583e-01 9.999990000178323735e-01 9.999990000201628426e-01 9.999990000222737097e-01 9.999990000245573274e-01 9.999990000258460743e-01 9.999990000240400745e-01 9.999990000208454077e-01 9.999990000104581611e-01
6.149179362504220080e+03 1.114851559442081672e-03 1.836739282696493378e-03 1.671773218840833519e-01 3.015214409054018940e-01 3.305605463639749719e-01 8.291431309498775715e-01 9.999990000091345532e-01 9.999990000136848023e-01 9.999990000177678695e-01 9.999990000222378494e-01 9.999990000263867529e-01 9.999990000279509461e-01 9.999990000366365539e-01 9.999990000321951067e-01 9.999990000143396118e-01
6.199179362504220080e+03 2.095435538190017357e-05 1.217594885978046724e-05 1.524245882365093396e-01 3.830142698389010225e-01 3.236110466836581989e-01 9.994269111517587456e-01 9.999990000160118298e-01 9.999990000212736208e-01 9.999990000252896305e-01 9.999990000292052761e-01 9.999990000276752777e-01 9.999990000330027939e-01 9.999990000393078615e-01 9.999990000358117692e-01 9.999990000190623896e-01
6.249179362504220080e+03 6.629636079693035106e-04 1.551127191895777715e-03 1.719333917241071819e-01 3.700270559167508910e-01 2.952989072964674055e-01 9.999989999236482685e-01 9.999989995911340301e-01 9.999989993863694915e-01 9.999989992749052092e-01 9.999989993509363906e-01 9.999989994016625916e-01 9.999989995086623340e-01 9.999989996623758204e-01 9.999989997030727107e-01 9.999989996280277404e-01
6.299179362504220080e+03 4.476426424765291392e-05 6.147029973788507168e-05 1.320310924369567929e-01 2.828540758665362143e-01 4.280429775282836857e-01 9.999990000016921732e-01 9.999990000031694359e-01 9.999990000100508203e-01 9.999990000155578596e-01 9.999989999690770404e-01 9.999989999870751989e-01 9.999990000170053683e-01 9.999990000084060249e-01 9.999990000012980440e-01 9.999989999955424258e-01
6.349179362504220080e+03 2.576304204659902501e-05 3.866054985263714860e-05 1.360945675302067670e-01 2.786347579072463443e-01 5.235385456387390279e-01 9.999990000089667985e-01 9.999990000153154979e-01 9.999990000201132156e-01 9.999990000243363930e-01 9.999989999937538565e-01 9.999990000242582333e-01 9.999990000349118224e-01 9.999989999512102212e-01 9.999989999931718776e-01 9.999990000529256351e-01
6.399179362504220080e+03 1.099034316380409319e-03 2.039557901761353959e-03 1.403711258887575808e-01 2.795065744964099208e-01 5.482650571132368089e-01 9.999989999969716159e-01 9.999989999966230059e-01 9.999989999995858581e-01 9.999990000097893628e-01 9.999990000146184999e-01 9.999990000181481209e-01 9.999990000207324981e-01 9.999990004436303259e-01 9.999990001178226118e-01 9.999990000159639791e-01
6.449179362504220080e+03 1.009106753052660334e-05 9.999424031129241941e-06 1.266658772473793770e-01 2.657595961077085511e-01 7.150859337721042763e-01 9.999989999855168898e-01 9.999989999695813037e-01 9.999989999693312814e-01 9.999989999722882494e-01 9.999989999752070258e-01 9.999989999843279520e-01 9.999990000163611059e-01 9.999990002340777284e-01 9.999990002912387821e-01 9.999990002928377253e-01
6.499179362504220080e+03 1.049013575055745190e-05 1.000770820236272303e-05 9.696702741479076848e-02 2.139092441648809406e-01 8.624160396727448274e-01 9.999990000286315128e-01 9.999990000286020919e-01 9.999990000342412477e-01 9.999990000356012709e-01 9.999989999783275296e-01 9.999989999912387573e-01 9.999990000194020068e-01 9.999989999221144954e-01 9.999989999575725763e-01 9.999989999461285084e-01
6.549179362504220080e+03 1.013073680628121763e-05 1.006312205712564561e-05 1.491369639361483646e-01 2.489500558522355356e-01 8.596339941109797378e-01 9.999990000168674786e-01 9.999990000193743622e-01 9.999990000206807617e-01 9.999990000220948527e-01 9.999990000230035703e-01 9.999990000279419533e-01 9.999990000418388369e-01 9.999989999480031200e-01 9.999989999636880178e-01 9.999989999726449641e-01
6.599179362504220080e+03 5.082684845760440662e-02 9.818410369177737497e-04 2.801940036831013572e-02 1.600937583529685737e-01 6.877554804091038365e-01 9.999989999814807851e-01 9.999989999509205640e-01 9.999989999706092592e-01 9.999989999855526390e-01 9.999989999685460207e-01 9.999989999672385110e-01 9.999989999506648797e-01 9.999989998546602310e-01 9.999989989251863998e-01 9.999989882347153358e-01
6.649179362504220080e+03 1.254411491621974122e-04 4.221203023190540221e-02 1.265914837456489084e-01 2.577724562585206880e-01 9.405831258665821037e-01 9.999990000162664039e-01 9.999990000177585436e-01 9.999990000225674747e-01 9.999990000254416200e-01 9.999989999499480087e-01 9.999989999682940001e-01 9.999989999820796394e-01 9.999989999817310293e-01 9.999989999003793262e-01 9.999990001063977507e-01
6.699179362504220080e+03 2.239027333729320154e-04 4.388935510021738096e-02 1.292048970292350718e-01 2.223613618630516098e-01 9.999989503767733323e-01 9.999988618207896751e-01 9.999987555588305543e-01 9.999987552427276327e-01 9.999987652529445104e-01 9.999987941713228690e-01 9.999988176144606333e-01 9.999988477253402008e-01 9.999988952191433134e-01 9.999990001751110080e-01 9.999989981308913256e-01
6.749179362504220080e+03 2.670137833815558318e-04 4.617526059622614060e-02 1.369721608595694806e-01 3.065256256088670916e-01 9.999989999994807199e-01 9.999990000058316397e-01 9.999990000094871601e-01 9.999990000168531568e-01 9.999989994448952313e-01 9.999989996156902761e-01 9.999989997301398370e-01 9.999989998235895294e-01 9.999989999322933532e-01 9.999989999398845031e-01 9.999990000383369715e-01
6.799179362504220080e+03 2.984195414454150503e-04 4.750819217941409239e-02 1.249898313552149087e-01 3.745500217893307227e-01 9.999989999964586929e-01 9.999989999990499534e-01 9.999989999978499133e-01 9.999990000057048523e-01 9.999989999932094031e-01 9.999990000054503891e-01 9.999990000142828794e-01 9.999990000293426107e-01 9.999989999975316124e-01 9.999990000755157871e-01 9.999989999607652447e-01
6.849179362504220080e+03 2.892488940828080940e-04 4.071272444215723318e-02 1.240580328097079382e-01 4.123346036196623987e-01 9.999989999991565348e-01 9.999989999988833089e-01 9.999990000167185977e-01 9.999990000235137177e-01 9.999990000204740381e-01 9.999990000405727386e-01 9.999990000496602471e-01 9.999990000746941110e-01 9.999990000941771928e-01 9.999990000068954554e-01 9.999990000701137749e-01
6.899179362504220080e+03 2.872456086487638134e-04 3.643076162949424046e-02 1.223791545086091309e-01 4.752127794142251282e-01 9.999989999974125965e-01 9.999990000025226200e-01 9.999989999953102782e-01 9.999990000041123483e-01 9.999990000087225495e-01 9.999990000174544535e-01 9.999990000793393952e-01 9.999990001494095671e-01 9.999990001098532089e-01 9.999990000297543924e-01 9.999990000479969110e-01
6.949179362504220080e+03 5.133521027070824666e-02 2.031107879206852512e-02 1.170776086531708504e-01 4.071341095627353801e-01 9.999990000060536843e-01 9.999990000110834387e-01 9.999989999938565521e-01 9.999989999952093589e-01 9.999989999975155142e-01 9.999989999973429855e-01 9.999990000243793586e-01 9.999990000272860335e-01 9.999990002007633771e-01 9.999990001691251296e-01 9.999990000992660111e-01
6.999179362504220080e+03 6.701470420164588881e-02 1.289542482092123632e-02 1.235764730536747236e-01 4.077856753820038316e-01 9.999989999969171039e-01 9.999990000033806004e-01 9.999990000227886311e-01 9.999990000372372956e-01 9.999990000432003034e-01 9.999990000573532045e-01 9.999990001062882827e-01 9.999989999116706274e-01 9.999990000550903479e-01 9.999989999515491723e-01 9.999989981871897360e-01
7.049179362504220080e+03 6.760682360878478292e-02 1.847206045509616756e-02 1.215236376780881172e-01 5.599150375851255079e-01 9.999990000098768483e-01 9.999990000222651609e-01 9.999989999301517329e-01 9.999989999442608912e-01 9.999989999614569136e-01 9.999989999791929485e-01 9.999990001014607000e-01 9.999990001194677403e-01 9.999989997658150775e-01 9.999990000609617624e-01 9.999989997287971333e-01
7.099179362504220080e+03 2.015897317731699806e-02 5.752716123829731965e-02 1.318511782891857442e-01 7.349797571395898510e-01 9.999990000149191482e-01 9.999990000209004748e-01 9.999989999130196594e-01 9.999989999365589410e-01 9.999989999430114462e-01 9.999989999628910997e-01 9.999989999301509558e-01 9.999989999901924831e-01 9.999989999953309283e-01 9.999990000855736305e-01 9.999990000548127922e-01
7.149179362504220080e+03 4.184664510763341609e-03 2.083104914381188333e-02 1.037101209335035135e-01 9.999740691615592869e-01 9.999985263357604737e-01 9.999981770093889777e-01 9.999982681540661167e-01 9.999985864050422446e-01 9.999987815124045110e-01 9.999987863181248882e-01 9.999990004193102244e-01 9.999990016404569637e-01 9.999989999990552825e-01 9.999990000976920479e-01 9.999989998124214630e-01
7.199179362504220080e+03 1.896862752637945321e-04 3.392982128427856486e-02 1.218148596789986327e-01 9.999989999910626759e-01 9.999989999942436869e-01 9.999990000181824268e-01 9.999989998595445462e-01 9.999989999554523834e-01 9.999990000192960915e-01 9.999990000964986692e-01 9.999990001430654196e-01 9.999990001755328928e-01 9.999989999993356138e-01 9.999990000746213914e-01 9.999989999796587981e-01
7.249179362504220080e+03 1.054473161137217012e-04 3.598430574297995649e-02 1.444048160824130955e-01 9.999990000087526365e-01 9.999990000081050434e-01 9.999990000172011007e-01 9.999989999303576793e-01 9.999989999621508030e-01 9.999989999135594498e-01 9.999989995735655279e-01 9.999989993136251254e-01 9.999990000680464286e-01 9.999989999996634626e-01 9.999989998961962279e-01 9.999990000980664151e-01
7.299179362504220080e+03 2.850112514968694446e-04 2.583776999466745605e-02 1.578061195188943389e-01 9.999989999999424617e-01 9.999989999985787748e-01 9.999990000239614707e-01 9.999989999920556594e-01 9.999990000308035532e-01 9.999989999896714554e-01 9.999989998373771671e-01 9.999989999989912226e-01 9.999989996309761597e-01 9.999989999992627832e-01 9.999989996687944638e-01 9.999989997457847668e-01
7.349179362504220080e+03 1.959148555719015692e-04 2.216512277963289881e-02 1.462264135726698278e-01 9.999990000092175979e-01 9.999990000196185003e-01 9.999989999949419062e-01 9.999989999793680306e-01 9.999989999937684004e-01 9.999989999816666364e-01 9.999989997048603918e-01 9.999990000204714846e-01 9.999989992736402211e-01 9.999989999975640309e-01 9.999989987726020102e-01 9.999989995871505499e-01
7.399179362504220080e+03 1.145047939599278973e-03 2.137258855530341922e-02 1.686289321658874518e-01 9.999990000018669223e-01 9.999990000280328806e-01 9.999990000014876701e-01 9.999989999852169076e-01 9.999989999779341776e-01 9.999989998300191640e-01 9.999989994406862648e-01 9.999989991674017586e-01 9.999989937766473602e-01 9.999990002401831779e-01 9.999989989774675792e-01 9.999989991147610890e-01
7.449179362504220080e+03 1.691663921127178915e-04 3.020705854770101145e-02 1.525029381222569869e-01 9.999990000138151425e-01 9.999990000274615598e-01 9.999989998500233845e-01 9.999989997862597235e-01 9.999989997407993103e-01 9.999989997723801594e-01 9.999989997074978376e-01 9.999989998179219519e-01 9.999990000974541271e-01 9.999989982838206615e-01 9.999989998685345771e-01 9.999989992252391602e-01
7.499179362504220080e+03 1.106524090409921146e-04 3.211705468693327320e-02 1.612477370637352692e-01 9.999989999927721973e-01 9.999990000191822936e-01 9.999990000314714633e-01 9.999990000428446990e-01 9.999990000688444569e-01 9.999989999509724115e-01 9.999989998837538474e-01 9.999989998663636470e-01 9.999989993927587140e-01 9.999989805496052320e-01 9.999989994486147005e-01 9.999989993642759423e-01
7.549179362504220080e+03 1.615274337341799336e-04 3.309009461340330083e-02 1.616489094363532941e-01 9.999990000178943239e-01 9.999990000335282625e-01 9.999989998967888649e-01 9.999989998619115417e-01 9.999989997507509054e-01 9.999989998055477392e-01 9.999989992011110163e-01 9.999989993997103754e-01 9.999989995473880233e-01 9.999989794814319044e-01 9.999989996512143042e-01 9.999989994852162001e-01
7.599179362504220080e+03 1.025045787294234805e-04 3.711825850574937413e-02 1.758541718998860859e-01 9.999989999883428515e-01 9.999990000235052801e-01 9.999989999767636695e-01 9.999990000953126179e-01 9.999990002773118114e-01 9.999990000236170795e-01 9.999989987361147525e-01 9.999989995190876613e-01 9.999990000973519866e-01 9.999989841212554298e-01 9.999989995392223330e-01 9.999989997461862234e-01
7.649179362504220080e+03 1.118083839820477478e-04 3.658409477529538101e-02 2.005591435629857089e-01 9.999989999985570144e-01 9.999990000338487839e-01 9.999990000215125407e-01 9.999989999926549578e-01 9.999989980960301006e-01 9.999989987134119129e-01 9.999989978446047756e-01 9.999989982731930516e-01 9.999989978184321560e-01 9.999989869441527901e-01 9.999989979385022210e-01 9.999989978984268335e-01
7.699179362504220080e+03 1.292820329015168380e-04 3.545260125011254204e-02 2.243023709472957150e-01 9.999990000018612601e-01 9.999989999995311241e-01 9.999989998887278686e-01 9.999989992423764518e-01 9.999989995066882464e-01 9.999989996562947958e-01 9.999989995810668608e-01 9.999989995898558304e-01 9.999989997422502608e-01 9.999989810070334384e-01 9.999989993251515719e-01 9.999989996922685753e-01
7.749179362504220080e+03 1.421631096536829172e-04 3.480856512604338371e-02 2.157604540702985352e-01 9.999990000173988314e-01 9.999989999885817715e-01 9.999989999181219114e-01 9.999990000662126732e-01 9.999990000006243607e-01 9.999989999851252032e-01 9.999989999220527670e-01 9.999989984967404544e-01 9.999989980993313488e-01 9.999989827366765338e-01 9.999989963462847520e-01 9.999989965284626914e-01
7.799179362504220080e+03 1.487004523443899819e-04 3.438939267424943186e-02 1.982745308840563048e-01 9.999990000240835952e-01 9.999990000216109065e-01 9.999989998375520273e-01 9.999989998650024026e-01 9.999989998562497373e-01 9.999989999005348684e-01 9.999989998680410830e-01 9.999989996903106970e-01 9.999989995570249812e-01 9.999989919087248769e-01 9.999989996870661813e-01 9.999989996297917738e-01
7.849179362504220080e+03 1.400485936819628686e-04 3.357203854288832306e-02 2.203738560932645418e-01 9.999990000165079884e-01 9.999990000566967296e-01 9.999990001132440520e-01 9.999990000194834971e-01 9.999989998356546561e-01 9.999989998672641489e-01 9.999989998516667367e-01 9.999989994804544535e-01 9.999989989984614525e-01 9.999989894386042133e-01 9.999990000740885954e-01 9.999990000858457462e-01
7.899179362504220080e+03 1.791895112567902211e-04 3.265018835025478017e-02 1.952552454338554178e-01 9.999990000286219649e-01 9.999989998330369723e-01 9.999990001135244944e-01 9.999989997805995845e-01 9.999989996077248700e-01 9.999989995869520421e-01 9.999989997995649693e-01 9.999989994222129308e-01 9.999989997869227487e-01 9.999989845648807885e-01 9.999989990418886032e-01 9.999989986378909901e-01
7.949179362504220080e+03 1.909330571934345414e-04 3.222898319246991772e-02 1.691775436388754661e-01 9.999990000181172567e-01 9.999989998923514145e-01 9.999989999467469026e-01 9.999989994330529264e-01 9.999989989911384214e-01 9.999989991710684922e-01 9.999989987805925074e-01 9.999989995561900935e-01 9.999990001333332046e-01 9.999989804994823261e-01 9.999989988321645873e-01 9.999989985174392304e-01
7.999179362504220080e+03 1.987400876814848056e-04 3.146100453782126743e-02 1.755299601421356492e-01 9.999990000235925436e-01 9.999989999710896527e-01 9.999989998581915174e-01 9.999989998726421803e-01 9.999989999188716450e-01 9.999990001775087567e-01 9.999989992606497236e-01 9.999989984582973168e-01 9.999989990240052418e-01 9.999989755557289195e-01 9.999989996616217569e-01 9.999989997938315556e-01
8.049179362504220080e+03 1.690797628729391480e-04 3.205269786338990623e-02 1.784736742911044449e-01 9.999990000309727511e-01 9.999990000553341529e-01 9.999990000731305839e-01 9.999989998982981021e-01 9.999989999035129307e-01 9.999990000148811786e-01 9.999990000786310729e-01 9.999989999992994205e-01 9.999989988766486704e-01 9.999989898089609586e-01 9.999990000715629490e-01 9.999990000287743985e-01
8.099179362504220080e+03 1.637889713946916518e-04 3.039754369423754501e-02 2.126547479515465688e-01 9.999990000183002214e-01 9.999989997718179424e-01 9.999989997566574029e-01 9.999989998161531446e-01 9.999989998223964838e-01 9.999990000810813351e-01 9.999989992755059509e-01 9.999989744610580100e-01 9.999989981524974869e-01 9.999989956468028351e-01 9.999989507929789578e-01 9.999989548300780573e-01
8.149179362504220080e+03 1.756617931959952655e-04 2.940725222037103917e-02 2.345695124861448544e-01 9.999990000157659154e-01 9.999989998785612233e-01 9.999989998335037100e-01 9.999989992328127686e-01 9.999989990199396050e-01 9.999990001625270741e-01 9.999989982665817845e-01 9.999989961038171504e-01 9.999989819201654528e-01 9.999989939782467641e-01 9.999989986213565496e-01 9.999989982935366672e-01
8.199179362504219171e+03 1.158018496930158424e-04 2.987266349818373801e-02 3.261892744569696023e-01 9.999990000671910018e-01 9.999989997264958630e-01 9.999989986401934816e-01 9.999989189195519490e-01 9.999989318159898666e-01 9.999989923155702121e-01 9.999989996589475627e-01 9.999990004051649839e-01 9.999989707221853541e-01 9.999989675560280178e-01 9.999989926561341225e-01 9.999989945533479530e-01
8.249179362504219171e+03 1.491650538150932905e-04 2.801620101922254122e-02 3.373505792503711520e-01 9.999990000282622526e-01 9.999990001264054129e-01 9.999990000524704437e-01 9.999989999446244893e-01 9.999989996730701547e-01 9.999989987765487420e-01 9.999989983691492945e-01 9.999990001674506912e-01 9.999989924881013126e-01 9.999989838264504716e-01 9.999989992737174926e-01 9.999989991616013985e-01
8.299179362504219171e+03 1.406814575575703952e-04 2.692392601004356747e-02 3.776939355376187635e-01 9.999989999550169539e-01 9.999989998958174198e-01 9.999989999449382383e-01 9.999990001544356577e-01 9.999989999707058486e-01 9.999989916866091066e-01 9.999989988586596157e-01 9.999989976380562196e-01 9.999989936355021536e-01 9.999989858105072793e-01 9.999989988854504075e-01 9.999989985940590520e-01
8.349179362504219171e+03 1.364641681218030595e-04 2.256052416989350745e-02 6.151142703642795695e-01 9.999989999993273981e-01 9.999989995147967603e-01 9.999989994335889421e-01 9.999989994332409982e-01 9.999989994205586985e-01 9.999990004279690758e-01 9.999989988199741164e-01 9.999989959457213917e-01 9.999990000367204868e-01 9.999989899576146035e-01 9.999989937380007188e-01 9.999989930588248921e-01
8.399179362504219171e+03 1.406387118444147981e-04 2.058373582114738851e-02 7.027460059737915543e-01 9.999990000089510334e-01 9.999989997492642058e-01 9.999989996818816618e-01 9.999989996884802723e-01 9.999989996941847092e-01 9.999990002402168177e-01 9.999990000213353492e-01 9.999989995816185306e-01 9.999990000163878623e-01 9.999989985496343659e-01 9.999989989152190395e-01 9.999989989069648644e-01
8.449179362504219171e+03 1.356239362418596188e-04 1.920438315678354990e-02 7.839559951188331821e-01 9.999990000441189020e-01 9.999989999126666085e-01 9.999989998122227330e-01 9.999989998178100414e-01 9.999989996842689743e-01 9.999989996521853053e-01 9.999989997341411918e-01 9.999989995593880909e-01 9.999990000124024947e-01 9.999989986307433742e-01 9.999989991266813316e-01 9.999989990357777137e-01
8.499179362504219171e+03 1.299417222813750987e-04 1.613027545672084118e-02 9.998853301437964358e-01 9.999988997794646561e-01 9.999989162263092091e-01 9.999989929724346638e-01 9.999989999966337750e-01 9.999989884194435685e-01 9.999989688252890474e-01 9.999989692340593983e-01 9.999989660402121006e-01 9.999989994910429836e-01 9.999989636253331371e-01 9.999989622764193786e-01 9.999989597208942538e-01
8.549179362504219171e+03 1.147856521229280788e-04 1.593744952456368005e-02 9.998975736040675022e-01 9.999988918773533575e-01 9.999989099566062301e-01 9.999989830907605182e-01 9.999989999538553276e-01 9.999989872678902714e-01 9.999989784226962497e-01 9.999989792808351430e-01 9.999989787990865020e-01 9.999989955102662753e-01 9.999989800214293956e-01 9.999989806866466102e-01 9.999989795904403733e-01
8.599179362504219171e+03 1.032021235887573978e-04 1.550497053934637992e-02 9.998717210835985636e-01 9.999978210369244724e-01 9.999983800324973027e-01 9.999984026190762432e-01 9.999983940639718405e-01 9.999984462489602821e-01 9.999984508520065596e-01 9.999984690041386903e-01 9.999984890636870460e-01 9.999989844869885403e-01 9.999983924560469362e-01 9.999984093227550774e-01 9.999983936293077580e-01
8.649179362504219171e+03 1.816066968847704398e-04 1.535651222206337041e-02 9.996621947327472002e-01 9.999988503418525410e-01 9.999987465458454183e-01 9.999987665001451864e-01 9.999988145239007142e-01 9.999988737739927691e-01 9.999988725839460413e-01 9.999988783388842339e-01 9.999988791906450070e-01 9.999989862516606154e-01 9.999826306207653115e-01 9.999926702568114889e-01 9.999854267903430793e-01
8.699179362504219171e+03 1.200074626243258019e-04 1.615853051714340877e-02 9.814277547734571172e-01 9.999989029157102527e-01 9.999987884858423381e-01 9.999987676542412274e-01 9.999988271084687685e-01 9.999988802835079182e-01 9.999988841991735988e-01 9.999988915088313668e-01 9.999988946316533678e-01 9.999989876240039655e-01 9.999875422450972273e-01 9.999940507764248920e-01 9.999886680558751628e-01
8.749179362504219171e+03 9.856922554735513659e-05 1.430073437424905607e-02 9.845732680668976000e-01 9.999988937504986630e-01 9.999987985397152945e-01 9.999987745313014820e-01 9.999988270198956197e-01 9.999988823636337676e-01 9.999988841791570549e-01 9.999988906069261496e-01 9.999988922460825158e-01 9.999989785779012097e-01 9.999940494152659287e-01 9.999930942554209334e-01 9.999888648935915114e-01
8.799179362504219171e+03 5.930456636283836891e-05 1.535788239133636934e-02 9.975942820753413987e-01 9.999988633034665453e-01 9.999985956488087746e-01 9.999985591227399384e-01 9.999986551882859009e-01 9.999987859619560160e-01 9.999988291864543299e-01 9.999988481204212798e-01 9.999988605002190223e-01 9.999989738486514401e-01 9.999988045781541546e-01 9.999986768027617767e-01 9.999800891869569108e-01
8.849179362504219171e+03 4.331816684648798156e-05 1.370612916640077776e-02 9.995291099961073344e-01 9.999988944876616603e-01 9.999986345851332725e-01 9.999986384681908147e-01 9.999986982064674734e-01 9.999988031386324305e-01 9.999987957663251104e-01 9.999988029000707046e-01 9.999988045448475749e-01 9.999989714217132342e-01 9.999949885080573475e-01 9.999961499508437379e-01 9.999956031030391435e-01
8.899179362504219171e+03 3.419901020799901283e-05 1.347441244032627876e-02 9.997076173342965832e-01 9.999989080829509991e-01 9.999987354528181438e-01 9.999987381700516931e-01 9.999987650219704927e-01 9.999988396080511377e-01 9.999988313061778378e-01 9.999988352257979107e-01 9.999988377549126062e-01 9.999989707230040326e-01 9.999941532480830508e-01 9.999960200038028324e-01 9.999953728233494932e-01
8.949179362504219171e+03 2.895198735009159646e-05 1.339769714910941413e-02 9.939390662153012590e-01 9.999989093617296376e-01 9.999987595336176094e-01 9.999987569845820712e-01 9.999987657144902009e-01 9.999987834287822341e-01 9.999987764350997121e-01 9.999987795077825981e-01 9.999987922734447920e-01 9.999989768171824167e-01 9.999922371832073997e-01 9.999956950736614836e-01 9.999944084732990124e-01
8.999179362504219171e+03 2.747036383403169885e-05 1.305568256046985703e-02 9.889199627869059706e-01 9.999989052618416530e-01 9.999987729354958832e-01 9.999987733447032179e-01 9.999987790469453408e-01 9.999987954446049043e-01 9.999987760181087149e-01 9.999987758906557778e-01 9.999987790953486222e-01 9.999989778661552142e-01 9.999877480132767227e-01 9.999974780705173094e-01 9.999967796343111059e-01
9.049179362504219171e+03 2.448777088747237793e-05 1.271658024972301994e-02 9.997039557751192795e-01 9.999989125286505853e-01 9.999988154248925509e-01 9.999988149569578599e-01 9.999988151534614511e-01 9.999983094651988536e-01 9.999968321808605509e-01 9.999963184773016378e-01 9.999988324975566112e-01 9.999989763663156284e-01 9.999963091956642902e-01 9.999965629937785927e-01 9.999960760365788071e-01
9.099179362504219171e+03 2.410421730435769656e-05 1.266580624578891867e-02 9.998099482220891288e-01 9.999989183402075987e-01 9.999988341024858007e-01 9.999988326086091117e-01 9.999988305224877250e-01 9.999988779892089452e-01 9.999968227732591863e-01 9.999961094261555772e-01 9.999988330508611245e-01 9.999989771154296214e-01 9.999959784511609495e-01 9.999963344552577071e-01 9.999955354620344572e-01
9.149179362504219171e+03 2.452343249033433621e-05 1.252836855111319828e-02 9.998576785363205710e-01 9.999989356587399847e-01 9.999988761596581011e-01 9.999988745336721996e-01 9.999988716294192503e-01 9.999984361580441794e-01 9.999965320160014715e-01 9.999958938650110873e-01 9.999988315734291699e-01 9.999989758667136019e-01 9.999959435350008752e-01 9.999962677645505282e-01 9.999956427323118957e-01
9.199179362504219171e+03 2.806947683888437564e-05 1.268744677712972842e-02 9.998388417190702260e-01 9.999989300507687862e-01 9.999988724632684622e-01 9.999988764540747033e-01 9.999988724495370018e-01 9.999971665411150346e-01 9.999955956512557309e-01 9.999955994693812134e-01 9.999988349246510255e-01 9.999989789023658870e-01 9.999955939650105874e-01 9.999962769006623953e-01 9.999958516821567667e-01
9.249179362504219171e+03 5.696095238880946902e-05 2.600222454101423775e-02 9.999355014327040436e-01 9.999966478992345920e-01 9.999966805749810339e-01 9.999970606290535802e-01 9.999973470978522627e-01 9.999965244837363265e-01 9.999957184817200861e-01 9.999953503058310877e-01 9.999988313957463015e-01 9.999989756714463551e-01 9.999963983664792444e-01 9.999964052359909816e-01 9.999962243149249641e-01
9.299179362504219171e+03 2.585930135888371366e-04 1.010257194125237581e-02 9.999959601711229107e-01 9.999974789462990898e-01 9.999980443143184905e-01 9.999978180754960366e-01 9.999978752719441699e-01 9.999960225351214316e-01 9.999953847471724222e-01 9.999951650151083227e-01 9.999988288459038532e-01 9.999989734513571316e-01 9.999960438887219860e-01 9.999957898040279236e-01 9.999944671854150702e-01
9.349179362504219171e+03 1.859158265963480484e-04 1.662382265227473760e-02 9.999990000258713874e-01 9.999989614862567766e-01 9.999989603023636819e-01 9.999989379574013570e-01 9.999989415326542286e-01 9.999957403856395421e-01 9.999947299868523487e-01 9.999941935832934448e-01 9.999988305780042053e-01 9.999989747498768677e-01 9.999960645324355024e-01 9.999959594163344567e-01 9.999958869913860848e-01
9.399179362504219171e+03 1.893422815890138022e-04 2.814375172496684854e-02 9.999990000190738249e-01 9.999989991751687679e-01 9.999990000736538320e-01 9.999990000934132484e-01 9.999990000763601117e-01 9.999961828321748403e-01 9.999955045279574906e-01 9.999950650511598704e-01 9.999988320392093621e-01 9.999989763630946493e-01 9.999964330645662036e-01 9.999961819444430633e-01 9.999960225849319206e-01
9.449179362504219171e+03 1.736171918743525217e-04 3.961105776584779997e-02 9.999990000295675419e-01 9.999989970829703534e-01 9.999989972981437880e-01 9.999989975978468282e-01 9.999983456621709399e-01 9.999962443334355910e-01 9.999957467278953738e-01 9.999953769046669994e-01 9.999988311854000056e-01 9.999989759207866813e-01 9.999965154154831781e-01 9.999962961769964798e-01 9.999961417775420358e-01
9.499179362504219171e+03 1.138679390961771772e-04 3.567257512701437622e-02 9.999990000272240831e-01 9.999989978585310801e-01 9.999989942546733124e-01 9.999989893428167242e-01 9.999989838609685266e-01 9.999959262269055849e-01 9.999957209580744300e-01 9.999959195488341557e-01 9.999957550617325497e-01 9.999989709730807697e-01 9.999959493562320390e-01 9.999964881970750952e-01 9.999965779731534443e-01
9.549179362504219171e+03 7.140627652836827868e-05 4.464188958899483611e-02 9.999990000130931644e-01 9.999989999261371665e-01 9.999989996783932300e-01 9.999989997319280732e-01 9.999989997557650057e-01 9.999961913270247749e-01 9.999958846613349328e-01 9.999961711320041191e-01 9.999961047241212597e-01 9.999989650003356934e-01 9.999959075111066742e-01 9.999965030786116538e-01 9.999965745510368542e-01
9.599179362504219171e+03 6.057490115705143935e-05 4.957520716509964537e-02 9.999989999466530888e-01 9.999990000381839828e-01 9.999990000244098898e-01 9.999989999336945656e-01 9.999989998167583272e-01 9.999964833142246379e-01 9.999961593038875218e-01 9.999964285272721076e-01 9.999963832187006574e-01 9.999989615338101823e-01 9.999960518968853407e-01 9.999966782994569314e-01 9.999967280065393815e-01
9.649179362504219171e+03 5.625844323178545763e-05 5.339349977967800670e-02 9.999989998565751437e-01 9.999990000621582498e-01 9.999989999069924806e-01 9.999989996850289220e-01 9.999989996661228231e-01 9.999967519738802713e-01 9.999964181484063408e-01 9.999966673806968132e-01 9.999966454504359836e-01 9.999989597265275254e-01 9.999961444011049583e-01 9.999968172869746486e-01 9.999968314794478452e-01
9.699179362504219171e+03 4.288087311695205233e-05 6.488182211654537623e-02 9.999990000309714189e-01 9.999989989901555409e-01 9.999989992276895334e-01 9.999989996629375932e-01 9.999989998923044521e-01 9.999968124002077685e-01 9.999965475602877740e-01 9.999968113087067678e-01 9.999968156435647959e-01 9.999989589232919363e-01 9.999961153528679203e-01 9.999968976538785581e-01 9.999969290719585846e-01
9.749179362504219171e+03 1.707227788803760175e-05 8.661111527153018963e-02 9.999989991001405620e-01 9.999989945938917435e-01 9.999989878454764725e-01 9.999989838738204684e-01 9.999989779620661601e-01 9.999970480228557168e-01 9.999966491792724455e-01 9.999969423183749928e-01 9.999969034776433618e-01 9.999989592473094158e-01 9.999962779143739544e-01 9.999969287443173371e-01 9.999969760151624643e-01
9.799179362504219171e+03 1.008123001931061956e-05 8.168513744277218491e-02 9.999990001019535280e-01 9.999989988980332312e-01 9.999989985403876513e-01 9.999989993429740931e-01 9.999981625875883351e-01 9.999971106166624102e-01 9.999971697092816525e-01 9.999967801093994080e-01 9.999968308891754587e-01 9.999989614251171277e-01 9.999963685374672062e-01 9.999970093815320205e-01 9.999970700925713274e-01
9.849179362504219171e+03 1.005311392872426998e-05 9.556169006883442896e-02 9.999989994035514140e-01 9.999989995413821608e-01 9.999989995013376376e-01 9.999989992777127412e-01 9.999983134215105762e-01 9.999970724202476013e-01 9.999970990532539572e-01 9.999966685649923637e-01 9.999968528167988424e-01 9.999989642979661975e-01 9.999964950143396258e-01 9.999970794008806729e-01 9.999971465386450209e-01
9.899179362504219171e+03 1.048757488178081701e-05 1.074867788639121274e-01 9.999989985987240981e-01 9.999989977705572297e-01 9.999989959914606930e-01 9.999989942573583868e-01 9.999985910447038995e-01 9.999969989009730442e-01 9.999969656001933549e-01 9.999968602999309564e-01 9.999968518675943496e-01 9.999989655045644632e-01 9.999967437252235136e-01 9.999970977708251274e-01 9.999971675884520295e-01
9.949179362504219171e+03 1.067607314782011620e-05 1.144943112074291725e-01 9.999989967891511622e-01 9.999989960898788555e-01 9.999989951809686861e-01 9.999989948885819047e-01 9.999978406997356295e-01 9.999971942501394429e-01 9.999972018287041076e-01 9.999969965644538439e-01 9.999970403225783011e-01 9.999989662177819483e-01 9.999969112383993997e-01 9.999972384144423243e-01 9.999972940771358898e-01
9.999179362504219171e+03 1.139766952226236965e-05 1.273153672394511660e-01 9.999989999980660738e-01 9.999989999765481752e-01 9.999989997713093492e-01 9.999989998180616180e-01 9.999983503951535013e-01 9.999977615965753852e-01 9.999977564656791218e-01 9.999978024915536778e-01 9.999977536211068774e-01 9.999989693836544014e-01 9.999976644396343373e-01 9.999977964614866766e-01 9.999977949219044371e-01
1.004917936250421917e+04 1.030066621256330756e-05 1.344025447750769597e-01 9.999989999981467870e-01 9.999989999907806792e-01 9.999989999684019137e-01 9.999989999730988233e-01 9.999987428093471964e-01 9.999985323437244888e-01 9.999985041010278630e-01 9.999985193228660973e-01 9.999985172395866595e-01 9.999989663730018963e-01 9.999984842640881055e-01 9.999985215332545252e-01 9.999985067692113150e-01
1.009917936250421917e+04 1.432008712383321646e-05 1.392526669020235364e-01 9.999990000158183179e-01 9.999990000159904024e-01 9.999989999726536238e-01 9.999989999797945783e-01 9.999989262272257484e-01 9.999988613415975447e-01 9.999988479967533150e-01 9.999988527716184850e-01 9.999988547809515183e-01 9.999989632254199234e-01 9.999988391094487561e-01 9.999988509909236711e-01 9.999988453414137002e-01
1.014917936250421917e+04 1.097115878228561768e-05 1.492184640413399266e-01 9.999989999939992158e-01 9.999989999706863086e-01 9.999989999499538929e-01 9.999989999462735035e-01 9.999989790011384327e-01 9.999989593316856995e-01 9.999989544485046178e-01 9.999989558679194257e-01 9.999989569395441036e-01 9.999989604709723645e-01 9.999989510508536794e-01 9.999989550633404667e-01 9.999989531777446761e-01
1.019917936250421917e+04 1.127183537484674158e-05 1.578708388693098597e-01 9.999990000079534980e-01 9.999989999942845431e-01 9.999989999184021316e-01 9.999989999162179899e-01 9.999989936079648478e-01 9.999989875591001054e-01 9.999989856976891911e-01 9.999989861104950917e-01 9.999989865345438877e-01 9.999989580896885277e-01 9.999989843252541366e-01 9.999989856294760893e-01 9.999989850826914717e-01
1.024917936250421917e+04 1.059237142384570289e-05 1.685440066277592575e-01 9.999989999975046340e-01 9.999989999662685092e-01 9.999989999427697507e-01 9.999989999342429048e-01 9.999989977760610493e-01 9.999989956706429872e-01 9.999989948356041713e-01 9.999989948475097590e-01 9.999989949672821732e-01 9.999989559120043836e-01 9.999989940698230662e-01 9.999989945325941099e-01 9.999989943162256312e-01
1.029917936250421917e+04 1.001447482219664795e-05 1.614883703409105975e-01 9.999989999985728906e-01 9.999990000018952330e-01 9.999990000020408942e-01 9.999990000049621131e-01 9.999989986515596119e-01 9.999989980634320652e-01 9.999989978558642134e-01 9.999989979736713108e-01 9.999989980561838632e-01 9.999989543058110941e-01 9.999989975110892271e-01 9.999989977452604650e-01 9.999989976853590479e-01
1.034917936250421917e+04 1.001268351339223268e-05 1.761648289613073903e-01 9.999990000061996787e-01 9.999990000011960145e-01 9.999989999929925766e-01 9.999989999870619872e-01 9.999989994122874259e-01 9.999989991488170693e-01 9.999989990850222110e-01 9.999989991091784436e-01 9.999989991061790651e-01 9.999989530973686369e-01 9.999989987798031388e-01 9.999989988852472367e-01 9.999989988450284084e-01
1.039917936250421917e+04 1.000927404446986983e-05 1.838939205693973789e-01 9.999990000022951353e-01 9.999989999927977324e-01 9.999989999810161567e-01 9.999989999722694867e-01 9.999989997111318196e-01 9.999989997312420664e-01 9.999989995107064766e-01 9.999989993585748360e-01 9.999989993089292151e-01 9.999989521127132797e-01 9.999989992119384663e-01 9.999989991761645269e-01 9.999989991313232851e-01
1.044917936250421917e+04 9.999828028288422325e-06 1.916660817767155967e-01 9.999990000045390071e-01 9.999989999945070318e-01 9.999989999847093136e-01 9.999989999803995389e-01 9.999989998270878422e-01 9.999989991630329200e-01 9.999989991275344270e-01 9.999989991386499799e-01 9.999989991981154125e-01 9.999989510963688266e-01 9.999986128643332250e-01 9.999988520744987897e-01 9.999989213158460011e-01
1.049917936250421917e+04 1.014011609629893874e-05 2.146831137492018760e-01 9.999989999974860932e-01 9.999989999781773165e-01 9.999989999638940752e-01 9.999989999640191973e-01 9.999989998481954023e-01 9.999989998930111090e-01 9.999989996673791515e-01 9.999989995038323087e-01 9.999989990893994873e-01 9.999989492705644301e-01 9.999973636012590150e-01 9.999975336908369927e-01 9.999975225317997429e-01
1.054917936250421917e+04 9.994955411162181560e-06 2.303997973506146379e-01 9.999986623198220403e-01 9.999952905332561981e-01 9.999916365714901501e-01 9.999890744906031470e-01 9.999922394325451158e-01 9.999973053403441448e-01 9.999980525558271882e-01 9.999988029372154363e-01 9.999989236221791256e-01 9.999989466982046604e-01 9.999983153079404774e-01 9.999983503943707941e-01 9.999982745626151415e-01
1.059917936250421917e+04 8.971463644937003323e-01 8.145835747141662031e-01 7.711238289711673799e-01 8.717241793830015073e-01 7.926894401813570079e-01 7.332996911314232369e-01 5.166458505905139331e-01 4.829971739386608731e-01 5.682150699810917249e-01 9.988307531229182468e-01 9.992183112107970722e-01 9.583339503362877654e-01 9.993748271327194121e-01 9.999587626891959236e-01 9.998020199366691729e-01
1.064917936250421917e+04 9.991849847404132845e-01 7.135998237990474058e-01 5.703895382083130627e-01 4.387791863931769787e-01 4.133685375493710845e-01 5.009963596256146179e-01 6.038190863427510546e-01 9.851966120050080766e-01 9.999956928502914399e-01 9.998851951254758008e-01 9.999522820869533035e-01 9.914932653908727911e-01 9.996388187747943244e-01 9.999408530068031320e-01 9.998597160080578972e-01
1.069917936250421917e+04 8.100395074699016096e-01 7.204765187170510954e-01 4.306304994591670376e-01 2.704477984592760231e-01 9.325449813120171294e-01 9.999970382517774370e-01 9.999234723917637124e-01 9.999450240424497816e-01 9.999414794500447456e-01 9.999309140496196457e-01 9.999372567624016384e-01 9.943606897289228863e-01 9.996750817166215608e-01 9.998717701209828279e-01 9.997790068610753478e-01
1.074917936250421917e+04 9.676320268521659829e-01 9.864086721124936119e-01 9.589729152836283799e-01 9.950997973407835762e-01 9.998163033300150326e-01 9.980727078237568994e-01 9.981122745772530447e-01 9.981536922614840934e-01 9.998683393002771869e-01 9.988860097710664521e-01 9.992957607483460292e-01 9.820354651775826671e-01 9.909331527614849700e-01 9.983254950480350276e-01 9.979806243178703795e-01
1.079917936250421917e+04 4.651537133194436763e-02 9.900533875390554739e-01 9.979392055058007305e-01 9.997800483159507978e-01 9.999370227664474697e-01 9.998614376622080302e-01 9.998806049429947995e-01 9.998914205042688241e-01 9.999247599726809321e-01 9.999001680926483671e-01 9.999269122388213527e-01 9.922198165250279978e-01 9.995325416166603860e-01 9.999225444801282947e-01 9.998397441284455622e-01
1.084917936250421917e+04 2.407196016243381698e-01 6.515145997948116330e-01 9.999248745132960359e-01 9.999347767297692702e-01 9.999740709404725258e-01 9.999564305204745596e-01 9.999597072438682899e-01 9.999574335713848905e-01 9.999585386744501703e-01 9.999564793913723326e-01 9.999616475472398180e-01 9.949044176038241982e-01 9.999503851419979661e-01 9.999698662683330630e-01 9.999481518661831325e-01
1.089917936250421917e+04 4.764170437971786964e-01 1.770453271192247713e-01 7.555367135203123752e-01 9.997783997011190360e-01 9.999362449887644333e-01 9.998534989597185341e-01 9.998725234383543103e-01 9.998817804124020547e-01 9.999203096168932658e-01 9.998941486099259812e-01 9.999233313201658646e-01 9.910739602440771234e-01 9.994951385946601041e-01 9.999164657872982032e-01 9.998452397440525941e-01
1.094917936250421917e+04 4.463444938182968835e-01 2.166121211757479903e-01 4.827314295101826080e-01 9.999772794234071949e-01 9.999532214702957500e-01 9.999589856250735709e-01 9.999567993086473372e-01 9.999565302079234108e-01 9.999579652119188200e-01 9.999563803078126423e-01 9.999579685839724563e-01 9.945093661813055874e-01 9.999549772206103304e-01 9.999680859706278069e-01 9.999502342841807279e-01
1.096582485910421929e+04 3.521378675833702343e-01 1.655701724439457012e-01 3.896616762254905830e-01 9.999731382351779718e-01 9.999447327244408434e-01 9.999501566533444130e-01 9.999492350218618375e-01 9.999527354080027797e-01 9.999559417369933145e-01 9.999576273051510311e-01 9.999541702078690308e-01 9.950771709746398797e-01 9.999031878323709766e-01 9.999740555942818743e-01 9.999238019474077088e-01
1.096583735910422001e+04 5.607840735112806785e-01 1.709355094999628621e-01 3.727009911330963488e-01 9.999731198100727525e-01 9.999446938058969003e-01 9.999502014726452392e-01 9.999492327485223209e-01 9.999527269047046030e-01 9.999558843671605413e-01 9.999575492124778142e-01 9.999540122906255268e-01 9.950775420496935642e-01 9.999035152232149670e-01 9.999741828541865996e-01 9.999235298437713082e-01
1.096593735910422038e+04 8.828456378629859769e-01 3.950524538028421517e-01 3.839950171299441606e-01 9.999717639985016282e-01 9.999452002927804450e-01 9.999505160543814553e-01 9.999492535066636378e-01 9.999525471604081561e-01 9.999554634305842793e-01 9.999568654875097273e-01 9.999537266851162842e-01 9.950805067156666128e-01 9.999060402447796925e-01 9.999738753391917978e-01 9.999235799207021325e-01
1.101619570992354784e+04 9.999836342060673955e-01 9.999496198685751125e-01 9.999508650938588872e-01 9.999734094070965584e-01 9.999842735411573758e-01 9.999804166381752735e-01 9.999827392224834854e-01 9.999825413826859410e-01 9.999827886937447952e-01 9.999847932907792725e-01 9.999845063247001509e-01 9.963814488585642781e-01 9.999663254679133084e-01 9.999924986308345032e-01 9.999823144074023729e-01
1.106747401159219407e+04 9.999989407405004416e-01 9.999905531664264879e-01 9.999294870757073905e-01 9.999763070633923556e-01 9.999852444547772112e-01 9.999814025217650393e-01 9.999834267406746413e-01 9.999827602178636976e-01 9.999832539471592563e-01 9.999839514874098167e-01 9.999870634466131447e-01 9.972441310586263041e-01 9.999601378680105235e-01 9.999925864647583040e-01 9.999774401320443706e-01
1.107555798641183173e+04 9.999759636496281523e-01 9.999724749409516500e-01 9.999476299919680677e-01 9.999681134954588879e-01 9.999908759246082246e-01 9.999804813438398776e-01 9.999862201473714851e-01 9.999841400905149502e-01 9.999831258943860934e-01 9.999836476992295387e-01 9.999821813653040348e-01 9.973608269049559771e-01 9.999695718888742535e-01 9.999955862927870642e-01 9.999871697988980124e-01
1.107611392737563438e+04 9.999848944082705415e-01 9.999760732500722060e-01 9.999514128358557574e-01 9.999707294709654359e-01 9.999911427125562913e-01 9.999792289208848661e-01 9.999860543125779211e-01 9.999825372622057618e-01 9.999818703956293575e-01 9.999815255353975418e-01 9.999819514547096944e-01 9.973686551977329895e-01 9.999743037580267613e-01 9.999953655743937242e-01 9.999866152407780318e-01
1.161249293016792581e+04 9.999989861820370862e-01 9.999988291310203392e-01 9.999982144662369343e-01 9.999972142903563732e-01 9.999965426437321669e-01 9.999950982587304527e-01 9.999938846656011293e-01 9.999939389627043873e-01 9.999945100922205121e-01 9.999944646005504145e-01 9.999953562333934176e-01 9.999939367764326681e-01 9.999887417989987703e-01 9.999916473118863891e-01 9.999883700747884685e-01
1.161250543016792653e+04 9.999978761650964998e-01 9.999981441988351483e-01 9.999977761195113501e-01 9.999969470209666422e-01 9.999962144817062804e-01 9.999949477345065896e-01 9.999940240092201060e-01 9.999941354627777113e-01 9.999946296867541218e-01 9.999947807396295518e-01 9.999959532230937587e-01 9.999939405541964366e-01 9.999877697631681661e-01 9.999913410021357141e-01 9.999884925918277601e-01
1.161260543016792690e+04 9.999978803129859761e-01 9.999973719604924316e-01 9.999969731645605986e-01 9.999963460982927987e-01 9.999957681272745313e-01 9.999945509118429721e-01 9.999939603059260218e-01 9.999942276630455762e-01 9.999947435227388715e-01 9.999951774591608888e-01 9.999962825980973635e-01 9.999939381647607872e-01 9.999847707210672842e-01 9.999912181998242833e-01 9.999901437948179872e-01
1.207825469774593876e+04 9.999990000239894483e-01 9.999988472200739276e-01 9.998906243045811992e-01 9.999950854460566418e-01 9.999923836323902915e-01 9.999753958568475820e-01 9.999835531088914209e-01 9.999758034114645255e-01 9.999822818560096804e-01 9.999805251078389690e-01 9.999810117579849278e-01 9.999955373252172874e-01 9.999538193407839781e-01 9.999775807751160039e-01 9.999522754409905234e-01
1.297825469774593876e+04 9.998145680635724952e-01 9.785289587090040264e-01 9.989118681761959273e-01 9.998859946245552965e-01 9.999458972371176868e-01 9.998921973502377103e-01 9.999171860343547547e-01 9.999243889955332643e-01 9.999492741560970233e-01 9.999333976917766931e-01 9.999588446991017898e-01 9.999865620018012491e-01 9.993464515957891647e-01 9.999788627853519740e-01 9.999096266334054350e-01
1.387825469774593876e+04 9.999749108362782080e-01 9.985304517184777628e-01 9.999230930154250352e-01 9.999728134598242502e-01 9.999604087981106559e-01 9.999675387047251007e-01 9.999650447727648217e-01 9.999683101684525566e-01 9.999771368429151153e-01 9.999751198686532838e-01 9.999770989291459911e-01 9.999941072247001683e-01 9.999022491381572841e-01 9.999737269552237962e-01 9.999327099142292230e-01
1.477825469774593876e+04 9.999892551412330466e-01 9.982372640950908371e-01 9.999056533642700639e-01 9.999765891312467625e-01 9.999576285840302559e-01 9.999681083751376098e-01 9.999631983140726543e-01 9.999675192591562789e-01 9.999752125705255734e-01 9.999702877041435345e-01 9.999764467919395328e-01 9.999936283812386195e-01 9.998834608682884983e-01 9.999723848344029831e-01 9.999304293419261080e-01
1.567825469774593876e+04 9.999717356124652179e-01 9.980495891179205215e-01 9.999128032896499318e-01 9.999778324960718612e-01 9.999582883777634601e-01 9.999689524302990407e-01 9.999633515144538132e-01 9.999677949314900172e-01 9.999738843784607978e-01 9.999715449641319864e-01 9.999762825580337244e-01 9.999937077627276683e-01 9.998960061576376290e-01 9.999740111926629371e-01 9.999326687040067663e-01
1.657825469774593876e+04 9.999989603469420230e-01 9.981576498229980388e-01 9.999396982376903553e-01 9.999838603048027963e-01 9.999536055142836943e-01 9.999748894751728789e-01 9.999634008599005419e-01 9.999708166620243643e-01 9.999752244384979560e-01 9.999710822814110722e-01 9.999695521010674160e-01 9.999939830135038399e-01 9.999229645800746802e-01 9.999779453330360779e-01 9.999173719057083964e-01
1.748106719774593876e+04 9.999302680601597215e-01 9.997689505309060864e-01 9.998412225585803226e-01 9.999726871969052411e-01 9.999578342899863026e-01 9.999641897909234967e-01 9.999624664147023223e-01 9.999665359096228112e-01 9.999743584342398739e-01 9.999708901779731374e-01 9.999776756816544099e-01 9.999937302432393427e-01 9.999027653673647764e-01 9.999761937850466520e-01 9.999391177586839374e-01
1.837925764526856074e+04 9.998966652461139804e-01 9.997048309486813444e-01 9.998376718624776283e-01 9.999769605633191949e-01 9.999588413986577606e-01 9.999652601712700761e-01 9.999626988635899050e-01 9.999660444530791281e-01 9.999717622816856055e-01 9.999700032856725374e-01 9.999766006808546992e-01 9.999937423145214277e-01 9.999173257264928338e-01 9.999742114985142871e-01 9.999385373137372746e-01
1.927925764526856074e+04 9.999240901062120823e-01 9.996648046156230150e-01 9.998331184884270417e-01 9.999782333006025370e-01 9.999585571251219385e-01 9.999667197437080990e-01 9.999648773419398395e-01 9.999680530220385055e-01 9.999756428680807163e-01 9.999706695044827676e-01 9.999773703962321347e-01 9.999938590816046524e-01 9.999203372122482669e-01 9.999778827686015559e-01 9.999364553897666097e-01
2.017925764526856074e+04 9.998828511433008881e-01 9.996935683789572868e-01 9.998344571564814487e-01 9.999784722641259505e-01 9.999594854184038484e-01 9.999659679017242064e-01 9.999649709909748108e-01 9.999673423741969325e-01 9.999745729150671947e-01 9.999714268134026751e-01 9.999777794139099729e-01 9.999938977898689130e-01 9.999223224539571797e-01 9.999749245540665576e-01 9.999389815749579746e-01
2.107925764526856074e+04 9.998995461415379760e-01 9.996900159879361647e-01 9.998321638775632403e-01 9.999772525671564161e-01 9.999581291486069334e-01 9.999658587190997094e-01 9.999655757934002853e-01 9.999680254199506679e-01 9.999775344019017354e-01 9.999721609678022816e-01 9.999787523941727763e-01 9.999938321507856331e-01 9.999144510471073000e-01 9.999773023186608878e-01 9.999364310404850187e-01
2.197925764526856074e+04 9.998768440502076027e-01 9.997001985379003752e-01 9.998374359076744877e-01 9.999777865011150180e-01 9.999599766485725016e-01 9.999663857715980209e-01 9.999667499529660830e-01 9.999685074435420429e-01 9.999776782522739049e-01 9.999725186026553470e-01 9.999800704840723364e-01 9.999938497702530737e-01 9.999204460009686324e-01 9.999769974471682810e-01 9.999392788095581297e-01
2.287925764526856074e+04 9.998545840097091686e-01 9.997232931986643756e-01 9.998217451935755840e-01 9.999795753559327371e-01 9.999548227978330983e-01 9.999690921239078323e-01 9.999629660204435444e-01 9.999680865196380886e-01 9.999743221567397589e-01 9.999716884886450385e-01 9.999763600528205343e-01 9.999937843601033327e-01 9.999015903181890375e-01 9.999755413679310978e-01 9.999337379566808348e-01
2.377925764526856074e+04 9.998635635333918970e-01 9.996970218038069289e-01 9.998224645619401274e-01 9.999747267840903842e-01 9.999558567099737783e-01 9.999702987434380130e-01 9.999656250674736624e-01 9.999698864887633931e-01 9.999775468930898192e-01 9.999736300716096649e-01 9.999776897593870562e-01 9.999937598763214419e-01 9.999088321741115282e-01 9.999772855814960115e-01 9.999323579796827177e-01
2.467925764526856074e+04 9.998712459839080857e-01 9.997170376483145438e-01 9.998357916133168155e-01 9.999777877475872767e-01 9.999586574816774487e-01 9.999693882832159098e-01 9.999676523297029718e-01 9.999706950349881440e-01 9.999797128149655601e-01 9.999731792943578057e-01 9.999791644806746982e-01 9.999936871374944802e-01 9.999184713244881895e-01 9.999782540673443076e-01 9.999370195876062795e-01
2.538925764526856074e+04 9.998709153773783775e-01 9.997974147810475554e-01 9.998058034217385259e-01 9.999754869426010773e-01 9.999567406019496119e-01 9.999673406164526490e-01 9.999644908786192721e-01 9.999685934996738190e-01 9.999767231949867607e-01 9.999745870286830263e-01 9.999786746467015375e-01 9.999936517083207743e-01 9.999023257232432238e-01 9.999757567906278899e-01 9.999383539150592526e-01
