TIME void_Ch3_mesh1 void_Ch3_mesh2 void_Ch3_mesh3 void_Ch3_mesh4 void_Ch3_mesh5 void_Ch3_mesh6 void_Ch3_mesh7 void_Ch3_mesh8 void_Ch3_mesh9 void_Ch3_mesh10 void_Ch3_mesh11 void_Ch3_mesh12 void_Ch3_mesh13 void_Ch3_mesh14 void_Ch3_mesh15 
0.000000000000000000e+00 1.020922114411899294e-05 1.020939273052746068e-05 1.020882848170312699e-05 1.020745131894299321e-05 1.020583209447052546e-05 1.020447234509394383e-05 1.020314147792257324e-05 1.020180595356578348e-05 1.020021254145741457e-05 1.019885843005042817e-05 1.019746587386831080e-05 1.019596176556267762e-05 1.019409761155669489e-05 1.019331859439897771e-05 1.019353945337985338e-05
5.000040000000043960e+01 3.474894580066265615e-01 2.955683624101234641e-01 3.225962026604288768e-01 3.482581728585553704e-01 3.660481848148300910e-01 3.854814243792695772e-01 4.047374365596360102e-01 4.240598796081320176e-01 4.356960652755253460e-01 4.499158036364606095e-01 4.650139626582852070e-01 4.814959954063011693e-01 4.957577607686438625e-01 4.669954762063500686e-01 4.851228057174561958e-01
1.000003999999985922e+02 4.349953012109713524e-01 4.752137336521344846e-02 2.157426977005234836e-01 5.056428758220198327e-01 5.712535486802816642e-01 6.503368753345991626e-01 7.148892674679874215e-01 7.539406578655185598e-01 7.956269626995270405e-01 7.999430468770013514e-01 8.053934692069797396e-01 8.011598546482717742e-01 8.168168042055912181e-01 7.349748549970749334e-01 8.110116465385700524e-01
1.502405034099261059e+02 5.219376452875188477e-01 2.189878451043683893e-01 3.510606406096817844e-01 4.452708456679199678e-01 5.020416033827822533e-01 5.506067877052659432e-01 6.064854423081192936e-01 6.485744686914207691e-01 6.756476869114632633e-01 6.908647794014163290e-01 7.347871415288272923e-01 7.189406851977584445e-01 8.512964179654159969e-01 6.069524472783855984e-01 8.683907393588201629e-01
2.004200391960640388e+02 7.847106450091545504e-01 6.814226841110456734e-01 9.995890050701499163e-01 9.999092875090910271e-01 9.999670389327481868e-01 9.999811543407662873e-01 9.999863224872375111e-01 9.999888682530698736e-01 9.999905335863437106e-01 9.999916523320212525e-01 9.999925822059161362e-01 9.999933104231940595e-01 9.999940683405759145e-01 9.999945073840100784e-01 9.999936406043776760e-01
2.553043625042201370e+02 3.481397448279741134e-04 2.273313394526480392e-03 2.245182426466216480e-04 1.034354661698651354e-04 1.681169216464344085e-01 3.200455306364689556e-01 4.641589384220967673e-01 5.602849076508039650e-01 5.998686446377087256e-01 6.306347662199809356e-01 6.603189302965062346e-01 7.150740881994496201e-01 9.998612638335915292e-01 9.999475768037827672e-01 9.999272072873021111e-01
3.053043625042201370e+02 3.869182175538028105e-04 2.473471811889363338e-04 9.932293753394874506e-05 2.037773211377564127e-05 1.408445336320922059e-01 2.809018712353602010e-01 3.927233846875525791e-01 4.709127748399120073e-01 5.294015975722117240e-01 5.685482518374813665e-01 6.253078822501119127e-01 6.331698502645836113e-01 7.350472179552293150e-01 5.741406546700887903e-01 7.559122319637486820e-01
3.553043625042201370e+02 2.120638008242674603e-04 1.671903877910733993e-04 8.025244380615003661e-05 1.911590671241342578e-05 7.646542176006981828e-02 2.188392623446540342e-01 3.374079587409697933e-01 4.223962670433906164e-01 4.852937840337678277e-01 5.303734003385642826e-01 5.878239347482029364e-01 6.017141206564544653e-01 7.019199993956714012e-01 5.429066328172348355e-01 7.317060327268118947e-01
4.053043625042201370e+02 1.221577365468245785e-04 1.116286849940095624e-04 3.880472253508073302e-05 1.319490249952832886e-04 1.510671316474168080e-01 2.707517911673447131e-01 3.726310794506459412e-01 4.441373243716935093e-01 5.006126196236321269e-01 5.382882124871358753e-01 6.064288188796354007e-01 5.931338947268292028e-01 7.411194782978416384e-01 5.122306093592287057e-01 7.871751545446113996e-01
4.553043625042201370e+02 1.078876620029743492e-04 9.750296600045360823e-05 1.653787187924113825e-05 2.060400356085539952e-02 1.816926668289887692e-01 3.070126712359519394e-01 4.049222690169353434e-01 4.738669423288622284e-01 5.255164233965440301e-01 5.597703180181547999e-01 6.189517841791624120e-01 6.124984104124426842e-01 7.362468712271583726e-01 5.343465412130111725e-01 7.652187654493136648e-01
5.053043625042201370e+02 7.811797035727348045e-05 7.700686008067455547e-05 1.515365268194458155e-05 2.900663479285268617e-02 1.864503457737362035e-01 3.094609671407785867e-01 4.055612045101346652e-01 4.738084592253650196e-01 5.246579120737706603e-01 5.590276755818497367e-01 6.172132189541814640e-01 6.121589145964334566e-01 7.328512297843503553e-01 5.356867380343487417e-01 7.610746349777195441e-01
5.553043625042200802e+02 4.938517076090043759e-05 5.179875724997226903e-05 1.321088290909036376e-05 3.356961397412294712e-02 1.880948251287512252e-01 3.091496636121197628e-01 4.039616046568269003e-01 4.716143355345294719e-01 5.219920851841826082e-01 5.563424300448069904e-01 6.140135310499651444e-01 6.095917811501919692e-01 7.291112764212804853e-01 5.331687026808094032e-01 7.580675983496903969e-01
6.053043625042200802e+02 3.111447177015707959e-05 3.323297463611170842e-05 1.177839621950312964e-05 3.259326290943305449e-02 1.856295041285729863e-01 3.060759645552079133e-01 4.007480761791494817e-01 4.683273088641675130e-01 5.186879896415617086e-01 5.532357742851682358e-01 6.106603473460074927e-01 6.068491094575518829e-01 7.255976989933435872e-01 5.305301724309015032e-01 7.554669878624415968e-01
6.553043625042200802e+02 2.135985195092640482e-05 2.264067240588852028e-05 1.096288775365758433e-05 2.990182525440398739e-02 1.818404572819784237e-01 3.021193138865997940e-01 3.970329008950845839e-01 4.647170246621195044e-01 5.152181974363226891e-01 5.500435651200863418e-01 6.073238520718923228e-01 6.041183423669516106e-01 7.222417563789781392e-01 5.279313137930414790e-01 7.531194624120212122e-01
7.084293625042200802e+02 1.592637711042547722e-05 1.660981214011310111e-05 1.050153372753010309e-05 2.723809221768941358e-02 1.780753767942390153e-01 2.981973885678256275e-01 3.933580706303230756e-01 4.611537414175118088e-01 5.117981970517219148e-01 5.469058277451188665e-01 6.040268839550656521e-01 6.014548043416169110e-01 7.188846682597677118e-01 5.254375883401111169e-01 7.508109853649093113e-01
7.596793625042200802e+02 1.332211624957809815e-05 1.369375334774455926e-05 1.023778083450208490e-05 4.906696860238978636e-02 1.989115957540310287e-01 3.159100824863955714e-01 4.066571401262774610e-01 4.723217076078748411e-01 5.207896628747522572e-01 5.544719501934208816e-01 6.108518500547207575e-01 6.066642804958070068e-01 7.241900177192224231e-01 5.297548253306377797e-01 7.551169531536368051e-01
8.096793625042200802e+02 1.240113407635387098e-05 1.256669207156614500e-05 1.018307247757861326e-05 6.427672812128862323e-02 2.124970370920641338e-01 3.273743303197428345e-01 4.161909753341502261e-01 4.808860670544007343e-01 5.284918991759126605e-01 5.612584129916179387e-01 6.177598248997756558e-01 6.118576767240907488e-01 7.308560315963279486e-01 5.342570941223618863e-01 7.623710901555779129e-01
8.596793625042200802e+02 1.224198798894277898e-03 3.747719739455859984e-04 2.956864709084261190e-05 1.215433809924456876e-01 2.616726014094055142e-01 3.674175352482375034e-01 4.486441488970564495e-01 5.088010348891780499e-01 5.526098073502558883e-01 5.816988157808170579e-01 6.384561321582810089e-01 6.261412210000218970e-01 7.504724718530175753e-01 5.452036924146965724e-01 7.816543049567283852e-01
9.096793625042200802e+02 7.411153250232251771e-03 1.462808945783745278e-03 1.179494056902090116e-04 1.495662948624434108e-01 2.836638499022385851e-01 3.830160322481547253e-01 4.611142732396222299e-01 5.187117234434197588e-01 5.611855462917699766e-01 5.885872471744173495e-01 6.452066350709264597e-01 6.309064854651541543e-01 7.562977881992017926e-01 5.491751522871284319e-01 7.880780018987653124e-01
9.596793625042200802e+02 4.684822719916378192e-03 9.492280321719027145e-04 6.915923917876581580e-05 1.530997619470726989e-01 2.860120324389858748e-01 3.845490600619729804e-01 4.620776250772462013e-01 5.193708723938426086e-01 5.616061402518789381e-01 5.889233471076887882e-01 6.453651633248417285e-01 6.310196584348104487e-01 7.562335078497208762e-01 5.493194108656959118e-01 7.895614427262315216e-01
1.009679362504220080e+03 9.578103772667813116e-04 4.044878991914374871e-04 3.269577611051376482e-05 1.501692732183635692e-01 2.834654781824699210e-01 3.828836037323485875e-01 4.606108087025732045e-01 5.182636220251353176e-01 5.606081159769233935e-01 5.881918011438069804e-01 6.446109354468708696e-01 6.304466519259103174e-01 7.555912034853353720e-01 5.489328872582411867e-01 7.903857513321453920e-01
1.059679362504220080e+03 5.300683111748446478e-04 2.927878487048094750e-04 2.591619582246691212e-05 1.473352229703963900e-01 2.812266670584781525e-01 3.814104289142133952e-01 4.594002790242524004e-01 5.173611719276487442e-01 5.598246342496382422e-01 5.876464950544096899e-01 6.440276836459427612e-01 6.300579196186285591e-01 7.550603638802342310e-01 5.487374177011156151e-01 7.911449640026151364e-01
1.109679362504220080e+03 2.871190242437920460e-04 2.081062389111563234e-04 2.092508952845801180e-05 1.469650661146921777e-01 2.809985681512423006e-01 3.814110269676046494e-01 4.593858983802901474e-01 5.174196732711455748e-01 5.598698401855528584e-01 5.877403222787245252e-01 6.441350046004571395e-01 6.300336279544274110e-01 7.552381047677704240e-01 5.486740917849165511e-01 7.925604030348782914e-01
1.159679362504220080e+03 1.784302682241811311e-04 1.510964262070054571e-04 1.760178368712596607e-05 1.493147161149048219e-01 2.835886449826665046e-01 3.838711954680900096e-01 4.616860029654993869e-01 5.195721720359114393e-01 5.619057981106254651e-01 5.896022253158237358e-01 6.460791222653776700e-01 6.314551462453245056e-01 7.571401327829297978e-01 5.500237083062463617e-01 7.952814544126886043e-01
1.209679362504220080e+03 1.209759957623430642e-04 1.134807222654787395e-04 1.551531542806015965e-05 1.515941531660706942e-01 2.858310071021293863e-01 3.858462629495227891e-01 4.634635254865463461e-01 5.211835199431422705e-01 5.634037006797766312e-01 5.909844971331125185e-01 6.474263265151264379e-01 6.325422357811946172e-01 7.583326481500551886e-01 5.511502902694340733e-01 7.973507606841421236e-01
1.259679362504220080e+03 8.076803784889896533e-05 8.168848188913174204e-05 1.378952689958019483e-05 1.525760120541836129e-01 2.869449153842821287e-01 3.869659412850935398e-01 4.645034776999639181e-01 5.221791988600782419e-01 5.643459870152203184e-01 5.919034939080113356e-01 6.482980774817123093e-01 6.332857139292368265e-01 7.590920010813608787e-01 5.519783235548738620e-01 7.990595837440522820e-01
1.309679362504220080e+03 4.061503586385456521e-04 2.459176277881207611e-04 2.216775104294718679e-05 1.532886168214152023e-01 2.876650005269771881e-01 3.876945625530454076e-01 4.651282415109569968e-01 5.227803325877822260e-01 5.648965419809276467e-01 5.924327597815207680e-01 6.488503671428416109e-01 6.335942950283955932e-01 7.597058992215907081e-01 5.521988871123097997e-01 8.008948484637761212e-01
1.359679362504220080e+03 3.601966020245832528e-04 2.305955944074825417e-04 2.118582517424406718e-05 1.542737666369262406e-01 2.886481284802775438e-01 3.886574565982148788e-01 4.659616340454104111e-01 5.235697470333059433e-01 5.656186275421265508e-01 5.931132706362375329e-01 6.495424627507646598e-01 6.340395471357570534e-01 7.604171501782580611e-01 5.525771334074988106e-01 8.026484183069563239e-01
1.409679362504220080e+03 3.078032066926167376e-04 2.093296900911152886e-04 1.995067394783161090e-05 1.544935492278088351e-01 2.890312759294509926e-01 3.892512886389777327e-01 4.664899958381783507e-01 5.241521563125164374e-01 5.661618695026869874e-01 5.936728389802634620e-01 6.501066759352179814e-01 6.344260921442878010e-01 7.610153171343336798e-01 5.529367489037902983e-01 8.042576707151930515e-01
1.459679362504220080e+03 2.762068536394778756e-04 1.950397867167353910e-04 1.920329428393828818e-05 1.532105051268917162e-01 2.881860090054612633e-01 3.888727996527406860e-01 4.662535929193903361e-01 5.240819131414247156e-01 5.661523377624306796e-01 5.937824980961824428e-01 6.501809940053456804e-01 6.345505619056002189e-01 7.610995792612377242e-01 5.531545403743569622e-01 8.053524002236761570e-01
1.509679362504220080e+03 2.822084486094615825e-04 1.901904414505395824e-04 7.992570754277356125e-04 1.637383356716945182e-01 2.985600152495220261e-01 3.966978128257052094e-01 4.734390361509890899e-01 5.300375372346457503e-01 5.717643226359667707e-01 5.984335313334228079e-01 6.551677484979390176e-01 6.378816290671837086e-01 7.659042333934016344e-01 5.559797186685596637e-01 8.103927395574550552e-01
1.559679362504220080e+03 2.970143337855837124e-04 1.234101488820119562e-04 2.292404588683612330e-03 1.678716929004890890e-01 3.026749630377146283e-01 3.997398150111597936e-01 4.762887335140898459e-01 5.323652667382439141e-01 5.739936039891140318e-01 6.003067058538424927e-01 6.571069592387450697e-01 6.392503910883042817e-01 7.676800837388592091e-01 5.572480084003547107e-01 8.128960980176979101e-01
1.609679362504220080e+03 3.041233725534574325e-04 1.570313465432875502e-04 4.872353049491208525e-05 1.353767286821297156e-01 2.729713683712919892e-01 3.780872563565896849e-01 4.580913546970853401e-01 5.179702098055978254e-01 5.616878125126590904e-01 5.907977192673841138e-01 6.469864540996835833e-01 6.339651165259485577e-01 7.579092928215531710e-01 5.548514079148612055e-01 8.054862084260451249e-01
1.659679362504220080e+03 3.161040936490812142e-04 3.004284740626319682e-05 8.678266815075318455e-03 1.801423491036173719e-01 3.149753495082789345e-01 4.093482295069014176e-01 4.854605813242183765e-01 5.401157950430136578e-01 5.815438753737549593e-01 6.067199746720078890e-01 6.639362011400508079e-01 6.441627071307927110e-01 7.741071730134431172e-01 5.619282143905744986e-01 8.200665090899833531e-01
1.709679362504220080e+03 3.626968889693961136e-04 2.803693116868928535e-05 1.256329954269769754e-02 1.862252112188480246e-01 3.208584580837717803e-01 4.138101402186373234e-01 4.896712227606867529e-01 5.435886293184521989e-01 5.849316158401575150e-01 6.095289270065668008e-01 6.669881604653707940e-01 6.462048691707399373e-01 7.770316119275144651e-01 5.638084175799659148e-01 8.235992461810537346e-01
1.759679362504220080e+03 3.611632586777820597e-04 2.657398884410124140e-05 1.525540122551268321e-02 1.901812060860373355e-01 3.247322536944922122e-01 4.168009184686198854e-01 4.925236060767498869e-01 5.459570099881354555e-01 5.872813930866128684e-01 6.114795388938472076e-01 6.691472093010105704e-01 6.475913851499575102e-01 7.791696058957019444e-01 5.650576219374361386e-01 8.265425566553137315e-01
1.809679362504220080e+03 3.249042218324224855e-04 2.431785923188756237e-05 1.706202658772006456e-02 1.930442459242241171e-01 3.277665516965995729e-01 4.193228062165477721e-01 4.949856674265484813e-01 5.480831262701921780e-01 5.894162956427787536e-01 6.133085367541785127e-01 6.711482349495055955e-01 6.489600682327955061e-01 7.811304081256817966e-01 5.663823256604293421e-01 8.291851486654302494e-01
1.859679362504220080e+03 2.938926237085618732e-04 2.258973184264224663e-05 1.820646636671985688e-02 1.951321890807729553e-01 3.301665669184405405e-01 4.214379197153889645e-01 4.970803728154410406e-01 5.499310540390728308e-01 5.912797041587664060e-01 6.149336406968116675e-01 6.728835055612597538e-01 6.502198479621027483e-01 7.827661315653419161e-01 5.676671167859289602e-01 8.314196579016636113e-01
1.909679362504220080e+03 2.588488510106980536e-04 2.094730552736675383e-05 1.698339890324938525e-02 1.936812091165389937e-01 3.289155955736863812e-01 4.206051149011677537e-01 4.963254538609564448e-01 5.493410810782393128e-01 5.907664562385970264e-01 6.145262670715369024e-01 6.725580196345155581e-01 6.497386635251991560e-01 7.826910784872264104e-01 5.671924436714603779e-01 8.325417340437311076e-01
1.959679362504220080e+03 2.151834539874791503e-04 1.961440834676897143e-05 1.376771704347796478e-02 1.903579579285916978e-01 3.267141442966073339e-01 4.198090111711920702e-01 4.957955603235469910e-01 5.493295068597013886e-01 5.908542028874123053e-01 6.148881622817515824e-01 6.728896786622486914e-01 6.501996133883225504e-01 7.830905131573260292e-01 5.678623926426312751e-01 8.336052229261028401e-01
2.009679362504220080e+03 1.933251170815984818e-04 1.892237636516827157e-05 1.224642802279503513e-02 1.890789553998217520e-01 3.261447007238472140e-01 4.199950847969842194e-01 4.961336430551422372e-01 5.499066072726163101e-01 5.915198626143082228e-01 6.156078976207309816e-01 6.737680855453662687e-01 6.507487117861452397e-01 7.841799830283472383e-01 5.684476915168832356e-01 8.354735018747551090e-01
2.059679362504220080e+03 1.665572660423442263e-04 1.952734387554386908e-05 8.324157018344071485e-03 1.835274243671366767e-01 3.211708392519176947e-01 4.166305720650448907e-01 4.930102185621625943e-01 5.475110021727696008e-01 5.892227391153236349e-01 6.138256206544044913e-01 6.718983714317675604e-01 6.492587033158164767e-01 7.826849464811123092e-01 5.669728935558426830e-01 8.354412126042513043e-01
2.109679362504220080e+03 1.389681576335781215e-04 1.404180234284735333e-05 2.119340030231577771e-02 2.070165341156223193e-01 3.426290271838861590e-01 4.325892406852305805e-01 5.079594942133173197e-01 5.593904408389066552e-01 6.012318273315396810e-01 6.225218567016393978e-01 6.838793965514846640e-01 6.537305036710927553e-01 7.966170952102826774e-01 5.690034358565714268e-01 8.499261342207647951e-01
2.159679362504220080e+03 1.374494765048272593e-04 7.498319087984775912e-05 5.284529249607947398e-05 1.171589370913990180e-01 2.722994064105810907e-01 3.899297788589508040e-01 4.753497442404378548e-01 5.384379428296292014e-01 5.841006665387281638e-01 6.130981204020373720e-01 6.718065809894404605e-01 6.534094169092488080e-01 7.844687871613570396e-01 5.744470725518122656e-01 8.399413750467437101e-01
2.209679362504220080e+03 1.770788159068410937e-05 1.001989596874802768e-05 1.380351595328867531e-01 3.223636434972785847e-01 4.301442210697532520e-01 5.052262552371530324e-01 5.693886757938491083e-01 6.119851436174236214e-01 6.500516736637970139e-01 6.593764425854269362e-01 7.301311644318860816e-01 6.746088443030332504e-01 8.501668741358928694e-01 5.775672794980829527e-01 9.052986842095028797e-01
2.259679362504220080e+03 2.419615578038640351e-04 1.567981096093612860e-04 6.931376427356472853e-05 1.818664676704594772e-05 1.728279700700586716e-02 1.625271794392901259e-01 3.136467317233379015e-01 4.207516818998991437e-01 4.940698943043621560e-01 5.465973459412796220e-01 6.030106421028678110e-01 6.216177364115575976e-01 7.131131483255375159e-01 5.663829309759994546e-01 7.726347586315104321e-01
2.309679362504220080e+03 3.837964875662288553e-05 1.038792535963012081e-05 4.998627302766697061e-02 2.174162087677425359e-01 3.635716615997608425e-01 4.420586928503291713e-01 5.384447949865172056e-01 5.849763305690115489e-01 6.456560455975695056e-01 6.653977718247728879e-01 7.155292148814420550e-01 7.303357544599504703e-01 8.147060869092807023e-01 8.412009082469042998e-01 9.140614675464194816e-01
2.359679362504220080e+03 1.410463651953538340e-04 1.298935069735310588e-05 2.906051585199134063e-02 2.343395349155749652e-01 3.746314686803982053e-01 4.639861302137891497e-01 5.387048832426551970e-01 5.878859736129153912e-01 6.304226749822603448e-01 6.466822341525358953e-01 7.142071930529819701e-01 6.704328386776645665e-01 8.304021865787373224e-01 5.805685774814206557e-01 8.907897560199958820e-01
2.409679362504220080e+03 1.527169390822251827e-04 1.253476253303375783e-04 1.889756767788327969e-05 6.511824082818236381e-02 2.309191709423879801e-01 3.610278605824397968e-01 4.536963725913228940e-01 5.213048042576282626e-01 5.692160766634641877e-01 6.027229662222886031e-01 6.553438066801541284e-01 6.516196719286752037e-01 7.601245724165572870e-01 5.820980452836970187e-01 8.145495492242481594e-01
2.459679362504220080e+03 9.098532576734309773e-05 1.250938103226868970e-05 2.389610003015525327e-02 1.963841440247365844e-01 3.403999357928071956e-01 4.280982802744225935e-01 5.071709457241702079e-01 5.572194137453423401e-01 6.027766636867910588e-01 6.210496099451207064e-01 6.901633720323392396e-01 6.468529151006974232e-01 8.136162502655392981e-01 5.546040349356385901e-01 8.885755962459075397e-01
2.509679362504220080e+03 1.112668586777009394e-04 9.263011902210723262e-05 2.873608148647940287e-05 9.587504079884453384e-03 1.171349854910467420e-01 2.612000282635949522e-01 3.875086055624099024e-01 4.790571140077365953e-01 5.411546864265369683e-01 5.801126138130608956e-01 6.344579487836090603e-01 6.436467293534638978e-01 7.344660679854609908e-01 5.816339920146397224e-01 7.966218668649910351e-01
2.559679362504220080e+03 7.738392668824889702e-05 1.603824466640198072e-05 6.660715358507715046e-03 1.803416737790385915e-01 3.237570799572882518e-01 4.264751693767643848e-01 5.027437255329946231e-01 5.594097020517491137e-01 6.017718390462140077e-01 6.264161303352010490e-01 6.852328343307099168e-01 6.618244533051882428e-01 7.954932246046360067e-01 5.819571844176605335e-01 8.503942539528057676e-01
2.609679362504220080e+03 5.792711897508948105e-05 1.146701426155872117e-05 2.613935132907025533e-02 2.554166140808356023e-01 3.866402581353799994e-01 4.721919090554551612e-01 5.420446526399854692e-01 5.888797268565755250e-01 6.276132643446958870e-01 6.443609280987190324e-01 7.067040335669413365e-01 6.665504766025706074e-01 8.185058653867337553e-01 5.779761604900509608e-01 8.742963383724253745e-01
2.659679362504220080e+03 2.343825700798622430e-04 5.021741734901959847e-05 4.567445809246665177e-03 1.481119791174681510e-01 3.157710850692643234e-01 4.271128133616579614e-01 5.082326992980940039e-01 5.693614552457640920e-01 6.070226064743305949e-01 6.326444783233262648e-01 6.813377857296794016e-01 6.674683116407436057e-01 7.755197102816034915e-01 6.001730962595278607e-01 8.298233416202970281e-01
2.709679362504220080e+03 1.522177735102701955e-04 1.506867336524969862e-05 7.758462398464344156e-02 2.386311017593258643e-01 3.953984389584332404e-01 4.662277357347017759e-01 5.492630839126136921e-01 5.913667498823199642e-01 6.397231801332846635e-01 6.517474400066031182e-01 7.248716300271260682e-01 6.753535473774382458e-01 8.502501395639499027e-01 5.881245568498048026e-01 8.897779199714709319e-01
2.759679362504220080e+03 5.631845402820757993e-05 1.903397954541719001e-05 3.611999991079366257e-02 2.672535854418118251e-01 4.122225529604868766e-01 5.041315874076316428e-01 5.850395392538593198e-01 6.322155375778534259e-01 6.768818232206557095e-01 6.983564097648272684e-01 7.456333380755293394e-01 7.383650165688997458e-01 8.151628489963801405e-01 7.496614276079579531e-01 9.509396561528982161e-01
2.809679362504220080e+03 9.044330747339108243e-05 8.133643165913840092e-05 2.754095406730110810e-05 3.747133823341547432e-03 9.957984307027163695e-02 2.685765531077955459e-01 3.842134879524323199e-01 4.737680780985738527e-01 5.314161899862560601e-01 5.782096744473699257e-01 6.297806212341240384e-01 6.364784665031663069e-01 7.389684650342851491e-01 5.767290611409590095e-01 8.034901837351212661e-01
2.859679362504220080e+03 5.940906191745882412e-05 5.676323948289078519e-05 4.373155719725720444e-05 6.492558901164201094e-05 2.248723133843501384e-04 1.059612406759166854e-02 9.147323753924899159e-02 2.425428101920409363e-01 3.248149329436120780e-01 4.114599512828416294e-01 5.273762492803905078e-01 6.398684359314646963e-01 6.044116676229293050e-01 6.605831197792692011e-01 9.170821401208655299e-01
2.909679362504220080e+03 1.343669291503447926e-04 3.683848462991881471e-04 5.417890966290149317e-03 3.627863217146162222e-01 4.665220103531450557e-01 4.983739156627297606e-01 5.494315609385703736e-01 6.103707785947478648e-01 6.736160929460429658e-01 6.800374569826517224e-01 7.216939872822865087e-01 7.041806589389615345e-01 8.486333329529629488e-01 5.631104601423583267e-01 8.937836517190964614e-01
2.959679362504220080e+03 6.099740571829463914e-05 6.523025021684443361e-05 7.843521111027673817e-05 2.602000331736201914e-04 6.049508286548354458e-02 3.015157421858845055e-01 4.300644340676820776e-01 5.221805858270536227e-01 5.924013119692981277e-01 6.339617964047192800e-01 6.852285825132206076e-01 6.876027287644781438e-01 7.862953517246658031e-01 6.147114844831704783e-01 9.205156687497333401e-01
3.009679362504220080e+03 1.073487933526673773e-04 1.713831398841933354e-04 4.881464836751287417e-05 1.561837230229195204e-02 1.196689948167268119e-01 2.706322975170925571e-01 3.818984924837588446e-01 4.692029853946050322e-01 5.401891656492434635e-01 5.782589795808165123e-01 6.759271271017570637e-01 7.698649688973475680e-01 8.857581389104211000e-01 8.928656368345385674e-01 9.415863128371185775e-01
3.059679362504220080e+03 9.031873232254956419e-05 1.630258702836531856e-04 2.343407658887787512e-05 1.257292475189043801e-01 2.443713134230561246e-01 3.839977885247582434e-01 4.432851318202213342e-01 4.802215874015657304e-01 5.463483707278020685e-01 5.947202878043963414e-01 6.316491141738770354e-01 6.499706909475478911e-01 7.181723941624731378e-01 5.183246488723377565e-01 8.816684051889319695e-01
3.109679362504220080e+03 5.613527023076945321e-05 5.365502600416920278e-05 1.504483255428495339e-05 1.199011127956536166e-02 1.729266272905127522e-01 3.254390510705569839e-01 4.380970204408687896e-01 5.151297288231542204e-01 5.716969087165264529e-01 6.061648865416745524e-01 6.717924957914735984e-01 6.490363526336803135e-01 7.946938230688512794e-01 5.734620749436558640e-01 8.658288788336127029e-01
3.159679362504220080e+03 3.026560256486184326e-05 1.006531819364252895e-05 3.712007116787160999e-02 2.163710194219747585e-01 3.572104166749884291e-01 4.380332698903243727e-01 5.155851411928210615e-01 5.621944712534830968e-01 6.064364193956087723e-01 6.242272404966333621e-01 6.899845035163468809e-01 6.502370412066643679e-01 8.081881186862928113e-01 5.617477901928760176e-01 8.824675763251109695e-01
3.209679362504220080e+03 2.989827525419016559e-05 2.713577208305159610e-05 1.000875874715979887e-05 2.020049255245132125e-01 3.509250647334650752e-01 4.460766615989265049e-01 5.225108623710441602e-01 5.732679107694437226e-01 6.147151359391787029e-01 6.353484567176941322e-01 6.942498853015762750e-01 6.648983326440202068e-01 8.007331728315677521e-01 5.849558180426588372e-01 8.534611489560780528e-01
3.259679362504220080e+03 2.593938599699139596e-05 2.534274538609981324e-05 1.349003291014777651e-05 5.206286998838899685e-03 1.558150004390276011e-01 2.862833174258227475e-01 3.829907202487132789e-01 4.601820261469745099e-01 5.268424833918508021e-01 5.697438408738987325e-01 6.278400904248837566e-01 6.412194430515804067e-01 7.362217789713497718e-01 5.727320393328402259e-01 7.901259437655431261e-01
3.309679362504220080e+03 2.461456695490592711e-05 2.222759595832236333e-05 1.748914418458228449e-05 5.245576979619144325e-04 9.166533615980558547e-02 2.471192020474284046e-01 3.804346557710291399e-01 4.652139336092601662e-01 5.298513175071547510e-01 5.720272223017582869e-01 6.318753694812336841e-01 6.320255543201541704e-01 7.474855480140764064e-01 5.678371921783730292e-01 8.183403092394931910e-01
3.359679362504220080e+03 2.164264074266762362e-05 1.960567321821577255e-05 1.043428793539194010e-05 1.342891478713641451e-01 2.823254864873896430e-01 4.170152977363538183e-01 4.905484456027106033e-01 5.607914009607360972e-01 5.990010147157436293e-01 6.295159994868111397e-01 6.910276690798415888e-01 6.564588715568466792e-01 8.143828519839484414e-01 5.680739080457486434e-01 8.916062258721587641e-01
3.409679362504220080e+03 1.960292532718452786e-05 1.888052930675491908e-05 1.012152018582808932e-05 1.533158188500028385e-01 3.006544297225073326e-01 4.054784199398546729e-01 4.838725095090400385e-01 5.409671950375425364e-01 5.829219409157354592e-01 6.108379370233240069e-01 6.629913199332051477e-01 6.506815901598340668e-01 7.663192791686969096e-01 5.764937154081499759e-01 8.255176597390483373e-01
3.459679362504220080e+03 1.800448746778213891e-05 1.582395448778598326e-05 2.285847069602624720e-05 5.041257030791069941e-04 8.530848779047335573e-02 2.294863290210490958e-01 3.646218906959218242e-01 4.457767804961655367e-01 5.163563985104349108e-01 5.555287353230558001e-01 6.237452355841880403e-01 6.157056064230950199e-01 7.501035585309153708e-01 5.436380559944741231e-01 8.446443780344525809e-01
3.509679362504220080e+03 1.691700035327966221e-05 1.599718041137356027e-05 1.009278541886271873e-05 4.947474738150064305e-02 2.248915466683327480e-01 3.405489953270780523e-01 4.317501257203593124e-01 4.956939441520654133e-01 5.431083957904974113e-01 5.770783018780679674e-01 6.298231341410026607e-01 6.259037443313562044e-01 7.381417430555220482e-01 5.550023323197184055e-01 8.089574342159253639e-01
3.559679362504220080e+03 1.551149699765359060e-05 1.383001271507951967e-05 1.009975849009409968e-05 1.696825962380322794e-01 3.121781695933356637e-01 4.246389653499488270e-01 4.973476725619400129e-01 5.576760583118540726e-01 5.957803313639350451e-01 6.241515271898647743e-01 6.764289015355833268e-01 6.593121268717780925e-01 7.807883177226282445e-01 5.833473755072973166e-01 8.370950271141269772e-01
3.609679362504220080e+03 1.740804268131481520e-05 1.689534263408534292e-05 2.232260186268427105e-05 1.721456000506351897e-05 3.145038540638415980e-02 1.552722774888607160e-01 2.797843009405298065e-01 3.751022035896272588e-01 4.444176991002209420e-01 4.988366790175176591e-01 5.579104598954620631e-01 5.782080201556092369e-01 6.787909761191621705e-01 5.249044640168627485e-01 7.678207780007295646e-01
3.659679362504220080e+03 1.797555543944932401e-05 1.717604022721260599e-05 1.100395254812129707e-05 1.801985212562463509e-02 1.850840445421262082e-01 3.450868527678412900e-01 4.550827296955338719e-01 5.368731952567595833e-01 5.893137345654893000e-01 6.243717872418673709e-01 6.915471471603111819e-01 6.612115740230057881e-01 8.190853469445767976e-01 5.773637116281660209e-01 9.177225706031524322e-01
3.709679362504220080e+03 1.891103872507724818e-05 1.843198499007793874e-05 1.640042491610894018e-05 1.183853773300569694e-05 2.199817217250894449e-02 2.076982336940045859e-01 3.540914581979869302e-01 4.186579777797559410e-01 4.538856455230305120e-01 4.980822769252043480e-01 5.603748719744094942e-01 5.875703582045638251e-01 7.035139665360693462e-01 5.415155864015160914e-01 7.586309446396722889e-01
3.759679362504220080e+03 2.726806309422480511e-05 2.658845084076465393e-05 1.039199687594631239e-05 1.479944699869455704e-01 3.022165013869172467e-01 3.984026342154088907e-01 4.813759521861327162e-01 5.344667297309398935e-01 5.789057331964795328e-01 6.058842132409699710e-01 6.592820693399735754e-01 6.469146681491650952e-01 7.628709722050711628e-01 5.756317113174249656e-01 8.238253109752904368e-01
3.809679362504220080e+03 1.973951371251001912e-05 2.004596661202048255e-05 1.782323146196072803e-05 1.306828933554465812e-05 3.189213623021865812e-02 1.713340116267501045e-01 3.032638448240218554e-01 3.975608921652719618e-01 4.659735289903085276e-01 5.166700152558423298e-01 5.742411615545235382e-01 5.906103834944944619e-01 6.901722389956306269e-01 5.336830544670402299e-01 7.744325757047006986e-01
3.859679362504220080e+03 2.887872826303256491e-05 2.670540471202208330e-05 1.023871348388093354e-05 1.832666406590668373e-01 3.363123044860357735e-01 4.271117956634951085e-01 5.082028015197984638e-01 5.560325775834680240e-01 6.018609337008392624e-01 6.207298170177137919e-01 6.829730876827633246e-01 6.522866571553542769e-01 7.924479859830487749e-01 5.728875826777468649e-01 8.549049827044497007e-01
3.909679362504220080e+03 2.312712881772235210e-05 2.358117417368240095e-05 2.104113321484344366e-05 1.524797260758841071e-05 2.741389823679089496e-02 1.658209154854232981e-01 2.935973924945062818e-01 3.837193260666936778e-01 4.512503020158915024e-01 5.024215811191123926e-01 5.588439092167277744e-01 5.779387304053993368e-01 6.738442077601908275e-01 5.213683195871239295e-01 7.633251656276266450e-01
3.959679362504220080e+03 2.229817183059699465e-05 1.990197366897881177e-05 1.325444330390068206e-05 1.471752344398764931e-03 1.009755623574809386e-01 2.633207334965615987e-01 4.073425578618700693e-01 4.939347320596362834e-01 5.604097902420914767e-01 5.985728964941093855e-01 6.696555225746945172e-01 6.434023614155646165e-01 8.018845341519430514e-01 5.630331514273716476e-01 8.890098643442949644e-01
4.009679362504220080e+03 2.369790731556878019e-05 2.318219691545977761e-05 1.936060012508075454e-05 1.176179318913375704e-05 3.633921934729174297e-02 2.261716244857194247e-01 3.577627466618912844e-01 4.461961613244915248e-01 5.100885574991537164e-01 5.525081216788328975e-01 6.125621650542121266e-01 6.098889829133302687e-01 7.379093265863260198e-01 5.211921020035105157e-01 8.589104356802246265e-01
4.059679362504220080e+03 2.513728790902313665e-05 2.559651993887378539e-05 2.233581986933109550e-05 3.583473389563709494e-05 7.645279284088203696e-05 2.523527236511882363e-02 1.443515341252385453e-01 2.860919309096822682e-01 3.898043864926862834e-01 4.623267470430514336e-01 5.376323111022991430e-01 5.621905120811551138e-01 6.800684376051766566e-01 5.110500606136945123e-01 7.952706156641234925e-01
4.109679362504220080e+03 2.305206657368085577e-05 2.275650079047826979e-05 1.915990294808041501e-05 1.029972446438735966e-05 1.791323957149120183e-01 3.260829242916686299e-01 4.365028707051967771e-01 5.075187576888622321e-01 5.619963714130100652e-01 5.957779380726664353e-01 6.533611293141964316e-01 6.427135110934834028e-01 7.636862316296046949e-01 5.689807999195455324e-01 8.327153282838718473e-01
4.159679362504220080e+03 2.075428463662594319e-05 2.017908542916767444e-05 1.469382756503031591e-05 4.085713345230898054e-03 1.808007318042346434e-01 3.263562637722999260e-01 4.373637533622613538e-01 5.076627999518319445e-01 5.615748219046066136e-01 5.958903876813688161e-01 6.515976763674939942e-01 6.434152666047637803e-01 7.604695210672814953e-01 5.691056846708959505e-01 8.301859250753386155e-01
4.209679362504220080e+03 1.973695985895346767e-05 1.943961013820828573e-05 1.259812803381288319e-05 4.807311726571774843e-04 1.632930549599585501e-01 3.118006004586441615e-01 4.360770259984539932e-01 5.089539158022403642e-01 5.669737304339032002e-01 6.005120447242389137e-01 6.616199828504799596e-01 6.451508941277178666e-01 7.778379339911878354e-01 5.628153443382039045e-01 8.533197052925050041e-01
4.259679362504220080e+03 1.872330540486048941e-05 1.853198147733277915e-05 1.570234325723151030e-05 1.726548570573071609e-05 1.284744471177371936e-02 1.501584611383841306e-01 2.940159561920677178e-01 4.015763502641886973e-01 4.774036530656816102e-01 5.302207699418181042e-01 5.996049654480845037e-01 5.972720009379716144e-01 7.371966793029230969e-01 5.232848643780931841e-01 8.511374268119239472e-01
4.309679362504220080e+03 1.743376035191775397e-05 1.773103966644819631e-05 1.741272276399142649e-05 1.023642064489727796e-05 7.447236872702497901e-02 2.267450362483560689e-01 3.522992049038888296e-01 4.351161778901533883e-01 4.989382173005836862e-01 5.422978066906948280e-01 6.016464826493539420e-01 6.035310757238180335e-01 7.201473296871383489e-01 5.332283430134194813e-01 8.126883681875090026e-01
4.359679362504220080e+03 1.611155211706819196e-05 1.641988853010542152e-05 1.636744029334773131e-05 1.019235828827219437e-05 1.148527651531386223e-01 2.623698900157403480e-01 3.806979734211195510e-01 4.578439647633866794e-01 5.179279947371918658e-01 5.576317051070136532e-01 6.169251912756287259e-01 6.131947151264536267e-01 7.345763407226452157e-01 5.401147985004257635e-01 8.228566264688630394e-01
4.409679362504220080e+03 1.511382767318071188e-05 1.538162467124974900e-05 1.544024521726231256e-05 1.015238911312386691e-05 1.484421877417863855e-01 2.875925110216715486e-01 3.980528032069853839e-01 4.704762897054117765e-01 5.274219303944174264e-01 5.646452975605006364e-01 6.232510788015024339e-01 6.169044723160741484e-01 7.395871075685794827e-01 5.422177852567429124e-01 8.259861705726333492e-01
4.459679362504220080e+03 1.419121498363893008e-05 1.444713294736317671e-05 1.014893159356929516e-05 1.552975144665083400e-02 1.810570104933835467e-01 3.142594651096945468e-01 4.139521986495917072e-01 4.839968511451537836e-01 5.361869405826555912e-01 5.721943447901561841e-01 6.292981436495793668e-01 6.207666159288843799e-01 7.448520727394257746e-01 5.438779004642334547e-01 8.302301018809157274e-01
4.509679362504220080e+03 1.350065148255034880e-05 1.367992552758468233e-05 1.011187291522389603e-05 3.814582631647050331e-02 2.027107391200105024e-01 3.314600435919085042e-01 4.248663926456133222e-01 4.934541751728546699e-01 5.427480154416103320e-01 5.778600263426142414e-01 6.341445283916030684e-01 6.239587453061229416e-01 7.491990649433067917e-01 5.456343258024528575e-01 8.334972669047612248e-01
4.559679362504220080e+03 1.277309656175554604e-05 1.296696731954041405e-05 1.008846843287068115e-05 6.607191235815551567e-02 2.260850412198463222e-01 3.498903702617600087e-01 4.372545445249260698e-01 5.040319255509243535e-01 5.504205466703676608e-01 5.843785861029655582e-01 6.398378152796796448e-01 6.277846454551354594e-01 7.540361723875176336e-01 5.481355814656396763e-01 8.364819699561057975e-01
4.609679362504220080e+03 1.222704670806477559e-05 1.237468820808298369e-05 1.007050407230331395e-05 9.408549146497661997e-02 2.476972928473571423e-01 3.662269149220376829e-01 4.490948617072438309e-01 5.136488327650843289e-01 5.578658543316515894e-01 5.904606614967059519e-01 6.449924121714027958e-01 6.320404796834405703e-01 7.571704198277579012e-01 5.526570983955757521e-01 8.355505978947084245e-01
4.659679362504220080e+03 1.177122813654001193e-05 1.191097784089937540e-05 1.005018303740293793e-05 1.184962707295191681e-01 2.643539562186623115e-01 3.767329979757795266e-01 4.560251062323283922e-01 5.184921876120651696e-01 5.612800152669373821e-01 5.927304684775174248e-01 6.473663696650452382e-01 6.323692639076987643e-01 7.599989041720278671e-01 5.510488095790857521e-01 8.399508916918658752e-01
4.709679362504220080e+03 1.135782852861116821e-05 1.148342137026463876e-05 1.004012451008323029e-05 1.354700575402227325e-01 2.769800250093643057e-01 3.857781201983983554e-01 4.630581996388640764e-01 5.240961997871682598e-01 5.660110218062426313e-01 5.964101946641342522e-01 6.513754522115297041e-01 6.343662275076683565e-01 7.641682951428991899e-01 5.519539912934010584e-01 8.438729606318793319e-01
4.759679362504220080e+03 1.095506821091476004e-05 1.108441029214716327e-05 1.002483446976531176e-05 1.571599399583320789e-01 2.930709591534331748e-01 3.960383729589950774e-01 4.707829893946454125e-01 5.294266776518442574e-01 5.702355902870424043e-01 5.992336361468908468e-01 6.539647797409868790e-01 6.357436662860500576e-01 7.657673385067493843e-01 5.527432518562245267e-01 8.442680456210274187e-01
4.809679362504220080e+03 1.065397494856936046e-05 1.007875293659263372e-05 3.752044515084636787e-03 1.717654662003814947e-01 3.071007495545139965e-01 4.042131272406140341e-01 4.786341638744006088e-01 5.344591391937274505e-01 5.753209675550261526e-01 6.024876690397886758e-01 6.576318955598328131e-01 6.379546878326135539e-01 7.683175081128745809e-01 5.549833677326484471e-01 8.446035534503067987e-01
4.859679362504220080e+03 1.042873956142275375e-05 1.001130000749403271e-05 1.218250023310232452e-02 1.841359156837696076e-01 3.177092963181031848e-01 4.100897869317083333e-01 4.840864143480727577e-01 5.377173551191721801e-01 5.785963915136574931e-01 6.043323163358791383e-01 6.600456051742957797e-01 6.387303418096210716e-01 7.704891079640726614e-01 5.551672145235441169e-01 8.463268738704983196e-01
4.909679362504220080e+03 1.027205684433370475e-05 1.000588967081370072e-05 1.994077009483316912e-02 1.926408193374686828e-01 3.247863435348319894e-01 4.138367008433526117e-01 4.875371925557417385e-01 5.396234900339098584e-01 5.805216533639422360e-01 6.052660853663037743e-01 6.613706227720711484e-01 6.389484865479437836e-01 7.716538224689049041e-01 5.549750909425371637e-01 8.472176218030251782e-01
4.959679362504220080e+03 1.016399392463212459e-05 1.000323516624044479e-05 2.650761762688558232e-02 1.988313208848507818e-01 3.297661803031277095e-01 4.164057321103764586e-01 4.898389647459424623e-01 5.408162204199253864e-01 5.817005650335410616e-01 6.057437259603623003e-01 6.621057186453875865e-01 6.389276064838199654e-01 7.722490330377524970e-01 5.547288145551109162e-01 8.474443760994807562e-01
5.009679362504220080e+03 1.009123409862628416e-05 1.000166460469545494e-05 3.140450685646756224e-02 2.029325129909567149e-01 3.328411865116756019e-01 4.179174858449207774e-01 4.911046687577191316e-01 5.413815211553101303e-01 5.822131210046074257e-01 6.058448001501374192e-01 6.622871246484409724e-01 6.387803206654454335e-01 7.722318495408497796e-01 5.546000491322076176e-01 8.468612016015324429e-01
5.059679362504220080e+03 1.004464148618717000e-05 1.000074276744927437e-05 3.624914792152772458e-02 2.069753159522172425e-01 3.357248798412830748e-01 4.195396071296420004e-01 4.923723899330095799e-01 5.420753761085554956e-01 5.827944582180574207e-01 6.060519725330572038e-01 6.626287811709892228e-01 6.385784470098261334e-01 7.726713905386253245e-01 5.537247764991434229e-01 8.482491996815190172e-01
5.109679362504220080e+03 1.003646899507539084e-05 1.000111896692106641e-05 2.037241771773080912e-02 1.887654213168105111e-01 3.205663987602585530e-01 4.097934416979384098e-01 4.841664525448986511e-01 5.362568450278174526e-01 5.775903253062655285e-01 6.021301059882783191e-01 6.598830815453803345e-01 6.324942604397513213e-01 7.787945116824014358e-01 5.213460506621840906e-01 9.162765026834862603e-01
5.159679362504220080e+03 1.006392510267491343e-05 1.000157585276699866e-05 4.201077965058174629e-02 2.137854036677242220e-01 3.403785623757349943e-01 4.229676658633791941e-01 4.956009504279359490e-01 5.444711354266755787e-01 5.852701365794671373e-01 6.071454651156340532e-01 6.672028766486568507e-01 6.333689215013424967e-01 7.883485471481942453e-01 5.184276992736476242e-01 9.288752324616996736e-01
5.209679362504220080e+03 1.001983033045724860e-05 9.995682784838528826e-06 7.400777699399085918e-02 2.372271264845468297e-01 3.550442006494872182e-01 4.309711249537261368e-01 5.011623823542947775e-01 5.480743581876054149e-01 5.848214043898740666e-01 6.147116742164110414e-01 6.489257442768887607e-01 6.784610054992100681e-01 6.896415589772112442e-01 7.400724163854498494e-01 1.978468860369812510e-01
5.259679362504220080e+03 1.000276345137386494e-05 1.000034662806991997e-05 1.010066586282281631e-01 2.664579179308055323e-01 3.731671389674660611e-01 4.490932266104208925e-01 5.144099868540833453e-01 5.609012169765427158e-01 5.963808563001304908e-01 6.210618002098002854e-01 6.664760030519591982e-01 6.662030214431814423e-01 7.400016201747832145e-01 6.621795196554691731e-01 9.956733559006724077e-01
5.309679362504220080e+03 1.002027657741849152e-05 1.000015249316580238e-05 9.933206839533596788e-02 2.616562759507637392e-01 3.722153063603357293e-01 4.464244856834145847e-01 5.140016179642714622e-01 5.577080290582290267e-01 6.003786128236333619e-01 6.067687075678648290e-01 6.990489331640822313e-01 5.853291253223082968e-01 9.030355015514259787e-01 9.993114126298050515e-01 9.993475649825676044e-01
5.359679362504220080e+03 1.001735453113603553e-05 1.000087732833804255e-05 1.029711773980938189e-01 2.674731889628450543e-01 3.760894430081397899e-01 4.512374818263580334e-01 5.169889136393268636e-01 5.634342665784320969e-01 5.979424373790693803e-01 6.252114988132269069e-01 6.650256792999348354e-01 9.995951181438442745e-01 9.992924358532386808e-01 9.990782092456740315e-01 9.993129373437016350e-01
5.409679362504220080e+03 1.003804732995487583e-05 1.000825641888909369e-05 1.373200053218401884e-01 3.145526854811203088e-01 4.150853088291474591e-01 4.921093975768322526e-01 5.601368876530594676e-01 5.820755400832512416e-01 9.459570896591407152e-01 9.982632513276002983e-01 9.998398794206577733e-01 9.992479060291922233e-01 9.994352643431400063e-01 9.990265604370159869e-01 9.992981980630448735e-01
5.459679362504220080e+03 9.999276545350952450e-01 9.998883642394532645e-01 9.999184312256130802e-01 9.998973806690577559e-01 9.998949249145312468e-01 9.998861675414684180e-01 9.998736635144385154e-01 9.998470046404384082e-01 9.998029157674926948e-01 9.997060997195890142e-01 9.995734079910282288e-01 9.993881094104479779e-01 9.993332761625478566e-01 9.989578948619247667e-01 9.991763586875358483e-01
5.509679362504220080e+03 9.998951283987347338e-01 9.998728313505326204e-01 9.999002965482710614e-01 9.998851946339604169e-01 9.998817286482196698e-01 9.998719005296532458e-01 9.998628642646040232e-01 9.998442295593032991e-01 9.998226512735209903e-01 9.997705142574071502e-01 9.997159172852939646e-01 9.996187694719967931e-01 9.988295185516170571e-01 9.986584714031612187e-01 9.991604190120930706e-01
5.559679362504220080e+03 9.999176418891119189e-01 9.998944352222766119e-01 9.999086370837164672e-01 9.998898488635571402e-01 9.998571962537652347e-01 9.996715441373013045e-01 9.995875469687298676e-01 9.992785514870696773e-01 9.989667860564437341e-01 9.990089519292937315e-01 9.989246257860132649e-01 9.987528410230228637e-01 9.988730275605269826e-01 9.983803480824764431e-01 9.987899415601546593e-01
5.609679362504220080e+03 9.999906840369224836e-01 9.999795012861749655e-01 9.999800315426846664e-01 9.999743782893600885e-01 9.999607482015586690e-01 9.999397556964821909e-01 9.999250759310643888e-01 9.999071762528335405e-01 9.998951091786654199e-01 9.998790569727019628e-01 9.998250925799365696e-01 9.996244780264962326e-01 9.991995092714368587e-01 9.987351919430107472e-01 9.990931844535984041e-01
5.659679362504220080e+03 9.999842420094605666e-01 9.999747724063970944e-01 9.999764844405008013e-01 9.999692835609699237e-01 9.999509287736615404e-01 9.999176852143253358e-01 9.998889088599547392e-01 9.998506180819241029e-01 9.997819368769145232e-01 9.996690631054151455e-01 9.993487597792519717e-01 9.989599426017621298e-01 9.990684665881510718e-01 9.988039423014286600e-01 9.991346936972961279e-01
5.709679362504220080e+03 9.999361499659357166e-01 9.999128548403699579e-01 9.999223762572081453e-01 9.999003832050517016e-01 9.998870318681459812e-01 9.998482401428153699e-01 9.996945743158938136e-01 9.987574274917744299e-01 9.968116766171900567e-01 9.943191464156220238e-01 9.936941598765984818e-01 9.928519158324951022e-01 9.933946342588907408e-01 9.906988133403969998e-01 9.927436532857077944e-01
5.759679362504220080e+03 7.726180701012801133e-02 1.423142647234911136e-02 1.641384724526564476e-01 9.982648983485892247e-01 9.988407123335720783e-01 9.987451155503411782e-01 9.986516928626563150e-01 9.984485297010321503e-01 9.986301202985989889e-01 9.981551166087224702e-01 9.979886880763503276e-01 9.977466909973444764e-01 9.980534023713121261e-01 9.973284890847651241e-01 9.981313302192944548e-01
5.809679362504220080e+03 1.608287731128234532e-01 1.851943491171154088e-02 1.363542957802628686e-01 4.723551602142791461e-01 9.999990000084003627e-01 9.999990000098476495e-01 9.999990000096128373e-01 9.999990000096798948e-01 9.999989996703495532e-01 9.999968565924675090e-01 9.998668685853837612e-01 9.997494734625063106e-01 9.996394455221676578e-01 9.994628348858196620e-01 9.995548003346622634e-01
5.859679362504220080e+03 2.471573159577963863e-02 2.701189035907765670e-02 2.408887297637688774e-01 2.413135829632002405e-01 9.999745320951580752e-01 9.999764713846803765e-01 9.999795045860356835e-01 9.999814613856561341e-01 9.999826990096108981e-01 9.999834233987390242e-01 9.999840211252833955e-01 9.999842360510862171e-01 9.999707048895157824e-01 9.997571530398060569e-01 9.998032220546412274e-01
5.909679362504220080e+03 1.327773307328986886e-02 2.237497354122898463e-02 2.353728449715287718e-01 2.360698702985806474e-01 9.997621455765224319e-01 9.999238058692302422e-01 9.999561864902619668e-01 9.999687740767759792e-01 9.999748441829999779e-01 9.999781518312519379e-01 9.999805608193582662e-01 9.999821595554847509e-01 9.999824489145429096e-01 9.999312994200652005e-01 9.996561699672393830e-01
5.959679362504220080e+03 5.424025675577658773e-02 9.564624896664324083e-02 2.901922781407650920e-01 3.754262208536805479e-01 4.610311964362132087e-01 9.999990000198050177e-01 9.999990000201853801e-01 9.999990000202554352e-01 9.999990000201606222e-01 9.999990000200180695e-01 9.999990000199213691e-01 9.999990000197186424e-01 9.999990000192749973e-01 9.999555420686466745e-01 9.996702966127148926e-01
6.009679362504220080e+03 3.944918056824903152e-02 6.592250888586841107e-02 2.583013185493044372e-01 3.461162794458172431e-01 5.245706434845949229e-01 9.999989999850436018e-01 9.999989999675474861e-01 9.999989999574629973e-01 9.999989999510539018e-01 9.999989999464147239e-01 9.999989999430580756e-01 9.999989999403033902e-01 9.999989999369942595e-01 9.999498074153181371e-01 9.997092384179869784e-01
6.059679362504220080e+03 7.265851200698316727e-03 9.474593301148370034e-03 1.902722162981844156e-01 3.163929915229495293e-01 8.358797170923286668e-01 9.999989999923479811e-01 9.999989999769958171e-01 9.999989999644539607e-01 9.999989999539363739e-01 9.999989999444924837e-01 9.999989999365382909e-01 9.999989999298568577e-01 9.999989999236622573e-01 9.999560768581892134e-01 9.997006975682832808e-01
6.109679362504220080e+03 2.835445859286339371e-03 2.311337500798488296e-03 1.824371080335459583e-01 2.855414076836264026e-01 7.334575858238697732e-01 9.999990000279314062e-01 9.999990000273765167e-01 9.999990000270413404e-01 9.999990000269041168e-01 9.999990000264771250e-01 9.999990000261754775e-01 9.999990000257772405e-01 9.999990000253079492e-01 9.999766175937040424e-01 9.996718814010245868e-01
6.159679362504220080e+03 9.017508094403260633e-04 1.090436601814978460e-03 1.393934170002990303e-01 2.561907605152555223e-01 8.181801938305168775e-01 9.999990000080091201e-01 9.999990000092694453e-01 9.999990000095599907e-01 9.999990000094090004e-01 9.999990000087960462e-01 9.999990000084741926e-01 9.999990000077956243e-01 9.999990000072436214e-01 9.999818373230652258e-01 9.996060928885449615e-01
6.209679362504220080e+03 6.814811589299667920e-04 4.025914218274321508e-05 1.255419643917546901e-01 2.564126220528949451e-01 9.999764384918019555e-01 9.999828694775930726e-01 9.999872718576597874e-01 9.999904342017589265e-01 9.999929914050524893e-01 9.999950237519859009e-01 9.999965316114798330e-01 9.999975526478509513e-01 9.999981674379839758e-01 9.999569634554729136e-01 9.996740944856358224e-01
6.259679362504220080e+03 6.106016276674853735e-04 1.590031560876413290e-05 1.284160901171967073e-01 2.008499276042651494e-01 9.600764863931755544e-01 9.999980485852112411e-01 9.999954840071729745e-01 9.999936136795016806e-01 9.999925151155755199e-01 9.999919389359415156e-01 9.999919661412769445e-01 9.999924111076234912e-01 9.999931218864750448e-01 9.999935291908175206e-01 9.999919275350249714e-01
6.309679362504220080e+03 1.547806551816503123e-04 3.206223555442036239e-05 1.415100324759405725e-01 3.798069763281011202e-01 9.999989918712045567e-01 9.999986879854556587e-01 9.999982117046508634e-01 9.999975745837756946e-01 9.999968767932928548e-01 9.999961454557091400e-01 9.999955168687069129e-01 9.999950671867994245e-01 9.999946751266800549e-01 9.999444448503435057e-01 9.996317165161933138e-01
6.359679362504220080e+03 5.443923779481745894e-05 2.662350609898577443e-05 1.736086720933908423e-01 3.559959951643643095e-01 9.999985137093507781e-01 9.999976309029494637e-01 9.999971537679880340e-01 9.999969111918558529e-01 9.999969153666099508e-01 9.999970682217559359e-01 9.999973297208762935e-01 9.999976477260836827e-01 9.999979487525726407e-01 9.999683436211198595e-01 9.997290568676184819e-01
6.409679362504220080e+03 7.987816403311591711e-05 2.096960347472410946e-05 1.579125128466396244e-01 2.889795164677815276e-01 9.999990000165298598e-01 9.999990000211890218e-01 9.999990000203684559e-01 9.999989999944542962e-01 9.999989999774718807e-01 9.999989999605050084e-01 9.999989999409019115e-01 9.999989999160111553e-01 9.999989998815265180e-01 9.999763881076546568e-01 9.997284552779842626e-01
6.459679362504220080e+03 3.163462699402407432e-04 2.770603379404755235e-05 1.367055558813359828e-01 3.717171233458536062e-01 9.999990000355980513e-01 9.999990000381878685e-01 9.999990000337637408e-01 9.999990000008248670e-01 9.999989999900417148e-01 9.999989999759804071e-01 9.999989999542869823e-01 9.999989999157585796e-01 9.999989998880349784e-01 9.999958099144794499e-01 9.997304385030501006e-01
6.504679362504220080e+03 1.356435261166068120e-04 1.158761129345623737e-05 1.407080741856278905e-01 3.199598997445200488e-01 9.999990000227397813e-01 9.999990000264201706e-01 9.999990000097748188e-01 9.999989999954751463e-01 9.999989999897628268e-01 9.999989999794248741e-01 9.999989999672251884e-01 9.999989999364936599e-01 9.999989998984801787e-01 9.999989998744264197e-01 9.999942909835509708e-01
6.509679362504220080e+03 2.867423854979918047e-04 1.439898262445981711e-05 1.251296107455674711e-01 3.189677177692238907e-01 9.999990000203369256e-01 9.999990000242983124e-01 9.999990000080530850e-01 9.999989999947114239e-01 9.999989999898886150e-01 9.999989999778146066e-01 9.999989999610989777e-01 9.999989999168411581e-01 9.999989998667836444e-01 9.999989998235111477e-01 9.999979478713236780e-01
6.559679362504220080e+03 1.459541177708706980e-04 1.022866260007190448e-05 1.552731495340330392e-01 3.605478715157152125e-01 9.999990000113089250e-01 9.999990000168078597e-01 9.999989999944712826e-01 9.999989999944238761e-01 9.999989999672892482e-01 9.999989999286251763e-01 9.999989998941329894e-01 9.999989998407642355e-01 9.999989997380988038e-01 9.999989996889697697e-01 9.999989995241933549e-01
6.609679362504220080e+03 7.973311962000273619e-05 1.096639310118730271e-05 1.311310300378079885e-01 4.716681183664521715e-01 9.999990000214893371e-01 9.999990000244924904e-01 9.999990000149937552e-01 9.999989999935895435e-01 9.999989999494990345e-01 9.999989998837267580e-01 9.999989998163200111e-01 9.999989996930915837e-01 9.999989992065567712e-01 9.999989990783572091e-01 9.999989985744368592e-01
6.659679362504220080e+03 3.409102635318833819e-05 1.000857854021300831e-05 9.669525271041617964e-02 6.665469763709453987e-01 9.999990000248462074e-01 9.999990000229063147e-01 9.999990000169683979e-01 9.999989999979207456e-01 9.999989999888172498e-01 9.999989999845224631e-01 9.999989999820956266e-01 9.999989999825804610e-01 9.999989999218638070e-01 9.999989998868369367e-01 9.999989998732522478e-01
6.709679362504220080e+03 2.720120926507495099e-04 1.057741050741257518e-05 1.437315721482524122e-01 4.509028980439956924e-01 9.999990000145144720e-01 9.999990000215698283e-01 9.999990000289539216e-01 9.999990000374855414e-01 9.999990000451676186e-01 9.999990000719871652e-01 9.999990000549142666e-01 9.999990000592215988e-01 9.999990000720104799e-01 9.999990000748290031e-01 9.999990000300295057e-01
6.759679362504220080e+03 1.153011673614975983e-04 1.003111196888584292e-05 1.259327560450171912e-01 6.177965269019215500e-01 9.999989999938294627e-01 9.999989999970841925e-01 9.999990000160511316e-01 9.999990000300068571e-01 9.999990000379009869e-01 9.999990000447154248e-01 9.999990000507409382e-01 9.999990000571307158e-01 9.999990000882659213e-01 9.999990000853594685e-01 9.999990000749104935e-01
6.809679362504220080e+03 9.439408653798309643e-05 1.000487279522923699e-05 1.159898127237308091e-01 7.024968145655317020e-01 9.999989999976268695e-01 9.999990000014147284e-01 9.999990000178778926e-01 9.999990000247965805e-01 9.999990000308980331e-01 9.999990000370549970e-01 9.999990000437207760e-01 9.999990000505316612e-01 9.999990000649982003e-01 9.999990000834467763e-01 9.999990000835925485e-01
6.859679362504220080e+03 3.417588965055542581e-04 1.580121030994220094e-05 1.012589740048428777e-01 6.480249396637892678e-01 9.999990000243821342e-01 9.999990000242227062e-01 9.999990000086496078e-01 9.999989999817066044e-01 9.999989999619675052e-01 9.999989999230218807e-01 9.999989998549051462e-01 9.999989997253461160e-01 9.999989995999906123e-01 9.999989988023209042e-01 9.999989979096479686e-01
6.909679362504220080e+03 3.106632467814198200e-04 1.127441745804124840e-05 1.326588788275606945e-01 5.973711424336906051e-01 9.999990000284340042e-01 9.999990000316798522e-01 9.999990000329032069e-01 9.999990000334200158e-01 9.999990000307806826e-01 9.999990000262423129e-01 9.999990000137015667e-01 9.999989999751440761e-01 9.999990001019537500e-01 9.999990001016572094e-01 9.999990000914676935e-01
6.959679362504220080e+03 5.217465894917685246e-05 1.000206197840086285e-05 9.294806585405873678e-02 7.779742413822527958e-01 9.999989999975439359e-01 9.999990000007494828e-01 9.999990000433538473e-01 9.999990000067079388e-01 9.999990000216337771e-01 9.999990000357265041e-01 9.999990000486390640e-01 9.999990000598646400e-01 9.999990001554707186e-01 9.999990000616509889e-01 9.999990000241287813e-01
7.009679362504220080e+03 1.996422787269983270e-05 1.001241103563309822e-05 9.431147451944425775e-02 8.516051525878434170e-01 9.999990000213916375e-01 9.999990000200683626e-01 9.999989999959560949e-01 9.999989999655223283e-01 9.999989999168220622e-01 9.999989998298897120e-01 9.999989997231296668e-01 9.999989995878871829e-01 9.999989996985783058e-01 9.999989997010192422e-01 9.999989998056286744e-01
7.059679362504220080e+03 1.366015564515014695e-04 1.114309740489548280e-05 1.159020285747905527e-01 7.312002517633379162e-01 9.999990000327597661e-01 9.999990000327486639e-01 9.999989999793905682e-01 9.999989999136763563e-01 9.999989998445218964e-01 9.999989997610126968e-01 9.999989996055329566e-01 9.999989993950256784e-01 9.999989995457858605e-01 9.999989990868755063e-01 9.999989989744937358e-01
7.109679362504220080e+03 6.054360620351944948e-05 9.996896471798699937e-06 1.032407431994694647e-01 8.953032985812874323e-01 9.999989999967303644e-01 9.999990000073566421e-01 9.999990000401843826e-01 9.999990000669189971e-01 9.999990000966622050e-01 9.999990001410733464e-01 9.999990002100647146e-01 9.999990001574442511e-01 9.999990000961123116e-01 9.999990000800541567e-01 9.999990000154361791e-01
7.159679362504220080e+03 1.263384440890099594e-04 1.000163379511306447e-05 1.191355597596584770e-01 9.651791702689683783e-01 9.999989999999587820e-01 9.999990000202916285e-01 9.999990000398359946e-01 9.999990000467471329e-01 9.999990000513998556e-01 9.999990000587527517e-01 9.999990000393993439e-01 9.999990000517192668e-01 9.999990000992748929e-01 9.999990000919920519e-01 9.999990000397391832e-01
7.209679362504220080e+03 4.017269464198459987e-05 9.996886707137711580e-06 1.287843417978103144e-01 9.878587633658936218e-01 9.999990000013548874e-01 9.999990000151806058e-01 9.999990000282621416e-01 9.999990000255576383e-01 9.999989999234303317e-01 9.999989999886063075e-01 9.999990000707373872e-01 9.999990000216653074e-01 9.999990000667376977e-01 9.999990000686131975e-01 9.999990000443087501e-01
7.259679362504220080e+03 1.003076379781083036e-05 9.992109156944337743e-06 8.290520645162202662e-02 9.999412915383737444e-01 9.999863101284419686e-01 9.999925477022865161e-01 9.999944172830624867e-01 9.999956577009303516e-01 9.999966088135487929e-01 9.999966725876864304e-01 9.999967173735929693e-01 9.999969261521433062e-01 9.999974227654581105e-01 9.999969359705617178e-01 9.999957073127052620e-01
7.309679362504220080e+03 1.000283882236786872e-05 1.000191509079604094e-05 1.099337508996760665e-01 9.999912592788062771e-01 9.999938021337662075e-01 9.999952026944225469e-01 9.999960241135490424e-01 9.999967011752709523e-01 9.999972781506950570e-01 9.999973682135507858e-01 9.999975835113321665e-01 9.999979220460191165e-01 9.999983319976252227e-01 9.999984944765150097e-01 9.999982834153124944e-01
7.359679362504220080e+03 1.027942291259669426e-02 1.047067210767573928e-05 1.323084495490449708e-01 9.999989788383755185e-01 9.999988879853353163e-01 9.999988008843371246e-01 9.999986655556896142e-01 9.999986604708585025e-01 9.999986298258846107e-01 9.999985061692151511e-01 9.999983547195505640e-01 9.999982178142505784e-01 9.999981713706764808e-01 9.999974243257965245e-01 9.999926655520617880e-01
7.409679362504220080e+03 1.469500696656820919e-02 2.300754584389842414e-03 6.352341639534465900e-02 9.999518505019098225e-01 9.999832406288228226e-01 9.999893867036444561e-01 9.999929941218216323e-01 9.999948228827338914e-01 9.999950917822604257e-01 9.999955739599470927e-01 9.999965839471802731e-01 9.999969808743005562e-01 9.999976577885557605e-01 9.999965180932068876e-01 9.999834643007766699e-01
7.459679362504220080e+03 3.531382414572633828e-04 1.529788084791246965e-03 1.753212222496409178e-01 9.999989999976328647e-01 9.999990000265254197e-01 9.999990000321421491e-01 9.999989997563931698e-01 9.999989997341178771e-01 9.999989997645670758e-01 9.999989996234823764e-01 9.999989999561499365e-01 9.999989998351699327e-01 9.999989999569021126e-01 9.999989989545748914e-01 9.999957031393653661e-01
7.509679362504220080e+03 3.861066114184504212e-04 1.700364318015596060e-03 2.030251932056190978e-01 9.999989999969998156e-01 9.999990000300204018e-01 9.999990000352408925e-01 9.999989996276206217e-01 9.999989998038777417e-01 9.999989999481446734e-01 9.999990000640870402e-01 9.999990000816340041e-01 9.999990000735067275e-01 9.999990000326490769e-01 9.999990000373302212e-01 9.999972807570528532e-01
7.559679362504220080e+03 3.958199151792920166e-03 1.899206008356139853e-03 1.894953750214151689e-01 9.999990000265299717e-01 9.999990000256731015e-01 9.999989999263204643e-01 9.999989997162298527e-01 9.999989998482404774e-01 9.999989999794774986e-01 9.999990000592832162e-01 9.999990000603510287e-01 9.999990000584975114e-01 9.999990000401498547e-01 9.999990000391889566e-01 9.999990000266530954e-01
7.609679362504220080e+03 9.800528668110822933e-03 1.523917385188393835e-03 2.437757974435274810e-01 9.999990000131625534e-01 9.999990000172864768e-01 9.999989998602929475e-01 9.999989997472764625e-01 9.999989998766919408e-01 9.999989999865931400e-01 9.999990000466623119e-01 9.999990000488381270e-01 9.999990000493569342e-01 9.999990000420437841e-01 9.999990000445119209e-01 9.999990000267441337e-01
7.659679362504220080e+03 2.309526551595051934e-05 1.003075970809027901e-05 2.357221238335710234e-01 9.999990000239344923e-01 9.999990000283481839e-01 9.999989999382061789e-01 9.999989998416830561e-01 9.999990000150950076e-01 9.999990000480077912e-01 9.999990000434345605e-01 9.999990000435590165e-01 9.999990000448167882e-01 9.999990000346554719e-01 9.999990000459412220e-01 9.999989999518643646e-01
7.709679362504220080e+03 1.960534417640113732e-05 1.000089965753241035e-05 2.150270246354999137e-01 9.999990000189996620e-01 9.999990000163033743e-01 9.999989997940731401e-01 9.999990000370531096e-01 9.999990000066734108e-01 9.999990000511409516e-01 9.999990000500796894e-01 9.999990000525122991e-01 9.999990000553773406e-01 9.999990000401742796e-01 9.999990000470387885e-01 9.999990000004832513e-01
7.759679362504220080e+03 8.435463002814060432e-03 1.641850893093454967e-05 2.190264968381707977e-01 9.999990000140436264e-01 9.999990000132737977e-01 9.999990002729365335e-01 9.999989999299345733e-01 9.999989999745831915e-01 9.999990000204702634e-01 9.999990000570737614e-01 9.999990000644014554e-01 9.999990000648848465e-01 9.999990000545381230e-01 9.999990000624228159e-01 9.999990000493396147e-01
7.809679362504220080e+03 1.824135893031577415e-05 1.000067329799877618e-05 2.076759688144368399e-01 9.999990000027556558e-01 9.999990000045453353e-01 9.999990000013613267e-01 9.999989992231980152e-01 9.999989998182940987e-01 9.999989999219900394e-01 9.999989999912889393e-01 9.999990000316383298e-01 9.999990000515172062e-01 9.999990000354594955e-01 9.999989999865115387e-01 9.999989998351518361e-01
7.859679362504220080e+03 1.029717008415324665e-05 1.000139011907756865e-05 1.453159078542356486e-01 9.999990000055185568e-01 9.999989999930084528e-01 9.999989999379629291e-01 9.999989998960249205e-01 9.999990001147089913e-01 9.999989992965980790e-01 9.999989998153551163e-01 9.999990000037872750e-01 9.999990000328458084e-01 9.999990000320270189e-01 9.999989999987586309e-01 9.999990000082835673e-01
7.909679362504220080e+03 7.643744561318920223e-03 1.118609110540575563e-05 1.413690610768200961e-01 9.999990000238575538e-01 9.999989998340510500e-01 9.999989997207842096e-01 9.999989996202727216e-01 9.999989997977077882e-01 9.999989998077659648e-01 9.999989999329823576e-01 9.999989998234726229e-01 9.999989920369881657e-01 9.999990004985980230e-01 9.999990001069073431e-01 9.999989983247595804e-01
7.959679362504220080e+03 1.176885622742428369e-05 1.000305998766015949e-05 1.598878833801403165e-01 9.999990000229129761e-01 9.999989987937496494e-01 9.999989999788370110e-01 9.999990005222990641e-01 9.999989998099338973e-01 9.999989999633972504e-01 9.999989999524421247e-01 9.999989999401663887e-01 9.999990001148727492e-01 9.999990001833601871e-01 9.999989998455887097e-01 9.999990000125059675e-01
8.009679362504220080e+03 8.959179538818582908e-03 1.149730773563191217e-03 1.378451197852822441e-01 9.999989999988480038e-01 9.999990002749937767e-01 9.999990001348219026e-01 9.999989998270860658e-01 9.999989999076348557e-01 9.999989999375709093e-01 9.999989999611276215e-01 9.999989999882571423e-01 9.999990000053297079e-01 9.999990003239063174e-01 9.999989995752817107e-01 9.999969851230084972e-01
8.059679362504220080e+03 7.255615400027507140e-05 1.440460405026108316e-03 2.092658363046765169e-01 9.999990000115797084e-01 9.999990001700466147e-01 9.999990000330813977e-01 9.999989997052525226e-01 9.999989999595796375e-01 9.999990000295254644e-01 9.999990000411079771e-01 9.999990000357007469e-01 9.999990000363183640e-01 9.999990000923140165e-01 9.999989999720699796e-01 9.999989539281793904e-01
8.109679362504220080e+03 2.984281341090993644e-04 1.379157714103677445e-03 2.659286309758062128e-01 9.999989999959089104e-01 9.999989997916411966e-01 9.999989996306696272e-01 9.999990002463819971e-01 9.999989998981233530e-01 9.999989994202760357e-01 9.999990002327128202e-01 9.999989992092218616e-01 9.999990002225007668e-01 9.999990000438432336e-01 9.999989999849040467e-01 9.999989996538264370e-01
8.159679362504220080e+03 6.519061362378036472e-04 2.445586025374275191e-03 2.734881103590139362e-01 9.999989998675624658e-01 9.999989986091681882e-01 9.999989992732748467e-01 9.999989994246735181e-01 9.999990001049963162e-01 9.999989994981183239e-01 9.999990001700962416e-01 9.999989996752897126e-01 9.999990001283611818e-01 9.999989999390169748e-01 9.999989999903535765e-01 9.999989998314441353e-01
8.209679362504219171e+03 6.145596159785362807e-04 1.875752885158475658e-03 3.112943783139209275e-01 9.999989998870028041e-01 9.999989998096424637e-01 9.999990001411188656e-01 9.999990000012975999e-01 9.999990000951575198e-01 9.999989998610372410e-01 9.999989997856294499e-01 9.999990002401811795e-01 9.999990000897915898e-01 9.999990002266673228e-01 9.999989999831049303e-01 9.999989997723676138e-01
8.259679362504219171e+03 5.278627248172556219e-04 1.434570378872158936e-03 3.369076388105461395e-01 9.999989999988723177e-01 9.999989999291692966e-01 9.999990001934951911e-01 9.999990002571961245e-01 9.999989982301566993e-01 9.999990000279794788e-01 9.999990001482979007e-01 9.999990001660782335e-01 9.999990000417413594e-01 9.999990001515229876e-01 9.999989999905445348e-01 9.999989998794727164e-01
8.309679362504219171e+03 4.550326617234530676e-04 9.888488029642353207e-04 3.896759245140228312e-01 9.999989999346691194e-01 9.999989999412489672e-01 9.999990001167191611e-01 9.999990001021239472e-01 9.999989991239565112e-01 9.999990001495975278e-01 9.999990000837580828e-01 9.999990000886022079e-01 9.999990000517942068e-01 9.999989999132219420e-01 9.999989999893145187e-01 9.999989998532650137e-01
8.359679362504219171e+03 1.284703528402773829e-05 9.996326141141217514e-06 4.009493059713924445e-01 9.999990001491663172e-01 9.999989889362383977e-01 9.999990007383154911e-01 9.999989902471132508e-01 9.999989998181827433e-01 9.999989998820829618e-01 9.999989998952419912e-01 9.999989999890237513e-01 9.999990001326081179e-01 9.999990000882392760e-01 9.999989999756587755e-01 9.999989999145723063e-01
8.409679362504219171e+03 1.006868778482977676e-05 1.000035747062508754e-05 4.194554750869146087e-01 9.999990000241513188e-01 9.999990000321543615e-01 9.999990001617116153e-01 9.999989997979800149e-01 9.999989990034946485e-01 9.999989998866669616e-01 9.999989998839818872e-01 9.999989999744964830e-01 9.999990000628231623e-01 9.999989921727145958e-01 9.999989994746479871e-01 9.999989980242603993e-01
8.459679362504219171e+03 1.025465053065960082e-05 1.001778331178663543e-05 9.998624364941464115e-01 9.999990001222304192e-01 9.999989999525976669e-01 9.999990000264642465e-01 9.999989999101512872e-01 9.999989998497976762e-01 9.999989999378026129e-01 9.999989999191265522e-01 9.999989999253936501e-01 9.999990000628791176e-01 9.999989974025346173e-01 9.999989978547221270e-01 9.999989968186629996e-01
8.509679362504219171e+03 1.010835536616333902e-05 1.000021734292601454e-05 9.998807147073910384e-01 9.999989518166717550e-01 9.999989502785897599e-01 9.999989543068394937e-01 9.999988998982772825e-01 9.999989492821416137e-01 9.999989848041955787e-01 9.999989919498323276e-01 9.999989960228868879e-01 9.999990000419217706e-01 9.999989963248769875e-01 9.999989961738001698e-01 9.999989963810522742e-01
8.559679362504219171e+03 1.004673876462421785e-05 1.000320117834612819e-05 9.998776817581451759e-01 9.999973810806387364e-01 9.999975397948029920e-01 9.999980804835273407e-01 9.999982285585652386e-01 9.999986714213593419e-01 9.999988280938555407e-01 9.999989002742624145e-01 9.999989315776536269e-01 9.999990000235086107e-01 9.999989038176343437e-01 9.999988956709378041e-01 9.999988823748450217e-01
8.609679362504219171e+03 3.269453611349105743e-03 1.735448473488685958e-02 9.998447865883406394e-01 9.999989999021841047e-01 9.999989306452742310e-01 9.999989205693107230e-01 9.999989244805237432e-01 9.999989504020103670e-01 9.999989527332108219e-01 9.999989463500450482e-01 9.999987848151077330e-01 9.999990001451271038e-01 9.999984656296974084e-01 9.999989542309027923e-01 9.999989383731434645e-01
8.659679362504219171e+03 3.075500691197973640e-04 2.950406778231933272e-02 9.998380433774367582e-01 9.999988921321235624e-01 9.999986997419183510e-01 9.999988507808240668e-01 9.999988485297598428e-01 9.999988608187738715e-01 9.999989852964523696e-01 9.999989559055457722e-01 9.999989946780392103e-01 9.999989993785264319e-01 9.999986461490896206e-01 9.999988926862731775e-01 9.999988175812082325e-01
8.709679362504219171e+03 1.242911900718236026e-04 3.092262731309774332e-02 9.998309721979403708e-01 9.999988049241765875e-01 9.999986308148209879e-01 9.999986279585014737e-01 9.999987350407860687e-01 9.999988525757111946e-01 9.999990002660971156e-01 9.999988872421377017e-01 9.999990003193304222e-01 9.999987439585377169e-01 9.999987215079250147e-01 9.999986879788085314e-01 9.999982982922904773e-01
8.759679362504219171e+03 5.686784704490242251e-05 2.987162538282035415e-02 9.993643609879923062e-01 9.999988704372201331e-01 9.999986859093222824e-01 9.999984488447158926e-01 9.999988388425702368e-01 9.999988828626719117e-01 9.999988749962449575e-01 9.999988713664798023e-01 9.999990002102133735e-01 9.999988818068259455e-01 9.999987601138629056e-01 9.999988603687892663e-01 9.999987650441870546e-01
8.809679362504219171e+03 3.439606239266221799e-05 3.252262945940920247e-02 9.967060180783029466e-01 9.999988221234102914e-01 9.999986116951258275e-01 9.999986137573114720e-01 9.999988244730527720e-01 9.999989730127933907e-01 9.999990001720175936e-01 9.999988829641498489e-01 9.999990001579621701e-01 9.999988861639641513e-01 9.999987839915885912e-01 9.999988633514661496e-01 9.999987020722724829e-01
8.859679362504219171e+03 3.342101287903929014e-05 2.784219054419282552e-02 9.998722862957961643e-01 9.999968714130798020e-01 9.999969314210952476e-01 9.999971005745397212e-01 9.999971397262235051e-01 9.999989730262255350e-01 9.999989582815166367e-01 9.999976428274380824e-01 9.999975766992897919e-01 9.999978817146492061e-01 9.999990024681187917e-01 9.999988788866717160e-01 9.999985022711100902e-01
8.909679362504219171e+03 3.572423507096686825e-05 2.694407587307591501e-02 9.998860248908154613e-01 9.999958559399021452e-01 9.999960575684211372e-01 9.999960735278168311e-01 9.999927277396005731e-01 9.999989847722895453e-01 9.999989972390679327e-01 9.999985942367223268e-01 9.999985924161055584e-01 9.999985910371648190e-01 9.999985813461400586e-01 9.999965855404088222e-01 9.999777079748479736e-01
8.959679362504219171e+03 3.445866363318466144e-05 2.620787139664880472e-02 9.998891546562885813e-01 9.999959149904318334e-01 9.999961207319509882e-01 9.999959948465799719e-01 9.999930301818886758e-01 9.999989855419145757e-01 9.999990000300940096e-01 9.999985004332277994e-01 9.999985430042689361e-01 9.999985554454556835e-01 9.999985578028216526e-01 9.999966447157746519e-01 9.999778639254373047e-01
9.009679362504219171e+03 3.514282173261205298e-05 2.548907070363537822e-02 9.998918731928179149e-01 9.999953849257492422e-01 9.999954338616773297e-01 9.999950709451336239e-01 9.999844047224746291e-01 9.999989887827609447e-01 9.999989998878699993e-01 9.999981452329400611e-01 9.999982118884175319e-01 9.999982660419388658e-01 9.999982782552214733e-01 9.999969096270742153e-01 9.999788838469937380e-01
9.059679362504219171e+03 4.958304578078325843e-03 5.448665877310213818e-02 9.999037724473426314e-01 9.999905391264322096e-01 9.999929130278816247e-01 9.999941015233650976e-01 9.999887899277153380e-01 9.999989867223848528e-01 9.999989976178386142e-01 9.999959804291860266e-01 9.999942844533897812e-01 9.999944507395180926e-01 9.999955941840558138e-01 9.999973207364796224e-01 9.999703813536211516e-01
9.109679362504219171e+03 5.704234968986645130e-03 4.200833206976027634e-02 9.998673160439951468e-01 9.999898450288898788e-01 9.999944744057940316e-01 9.999968762485275109e-01 9.999959467629343512e-01 9.999989789036156651e-01 9.999989977753488413e-01 9.999907086176306192e-01 9.999943783071907344e-01 9.999948777190170723e-01 9.999951855758890673e-01 9.999956974614794269e-01 9.999597198502140349e-01
9.159679362504219171e+03 5.817109945022787450e-04 1.517620616753948513e-02 9.998859319144794977e-01 9.999935382451022869e-01 9.999935963769204239e-01 9.999938916524313548e-01 9.999951925968455502e-01 9.999989980185338689e-01 9.999989979012309238e-01 9.999927277021483096e-01 9.999904774462825552e-01 9.999929904624048627e-01 9.999945467645325881e-01 9.999971412421503336e-01 9.999827068107547401e-01
9.209679362504219171e+03 2.794122333701293606e-04 1.628314839364562033e-02 9.998851448705342593e-01 9.995472371721682014e-01 9.999989665256110438e-01 9.999989726679143764e-01 9.999989711513678214e-01 9.999989699582203517e-01 9.999983200796012106e-01 9.999982432413186961e-01 9.999981123709568154e-01 9.999981924110047382e-01 9.999983215928104352e-01 9.999982106417520944e-01 9.999728517253224647e-01
9.259679362504219171e+03 2.140279086354940103e-04 1.745698247033343128e-02 9.998810138049936125e-01 9.996347464779624659e-01 9.999989553120971486e-01 9.999989552529321424e-01 9.999987411932991233e-01 9.999989552156395289e-01 9.999971862018089963e-01 9.999975429033605145e-01 9.999977307755685274e-01 9.999978278175293278e-01 9.999980500761993518e-01 9.999983285957417811e-01 9.999725091171720592e-01
9.309679362504219171e+03 2.083536783971131321e-04 1.757186088888576872e-02 9.998819377237837536e-01 9.997343863598612268e-01 9.999989515043995469e-01 9.999989550864236687e-01 9.999989119483502220e-01 9.999989515324524403e-01 9.999954420045830128e-01 9.999956152741252824e-01 9.999952167286800808e-01 9.999951774203947874e-01 9.999962849362177275e-01 9.999976818357776409e-01 9.999968586016833028e-01
9.359679362504219171e+03 2.240894520720587040e-04 2.301541200766241829e-02 9.998725642870527341e-01 9.997134084207531801e-01 9.999989870225607369e-01 9.999989851111898975e-01 9.999989927128704048e-01 9.999989562630835493e-01 9.999968061493009763e-01 9.999967331482340072e-01 9.999965828886114849e-01 9.999965738636041879e-01 9.999970808363902730e-01 9.999979610958572573e-01 9.999975205413967894e-01
9.409679362504219171e+03 2.471085755349008311e-04 2.310911561498973574e-02 9.999984556803021007e-01 9.997598159485411307e-01 9.999989973755595285e-01 9.999989951588439396e-01 9.999989977941896591e-01 9.999989551583252645e-01 9.999988661572148940e-01 9.999988633847901598e-01 9.999988580053245091e-01 9.999988563537152153e-01 9.999988772564216699e-01 9.999989072708462823e-01 9.999988775100311367e-01
9.459679362504219171e+03 1.957917274577009666e-04 3.133696211831866335e-02 9.999989999501734950e-01 9.999974499025986452e-01 9.999943519298861716e-01 9.999903988966493129e-01 9.999949357849093889e-01 9.999976326074178079e-01 9.999981617183987259e-01 9.999983625331428927e-01 9.999984784953132033e-01 9.999986414336490270e-01 9.999984710329801185e-01 9.999987756642576553e-01 9.999986758924264141e-01
9.509679362504219171e+03 1.699031341150877719e-04 3.390491101286616238e-02 9.999989998992743212e-01 9.999989999795600992e-01 9.999989999939502550e-01 9.999989999834323351e-01 9.999990000626539643e-01 9.999987868689340642e-01 9.999987472637354990e-01 9.999987638544202140e-01 9.999987646214940629e-01 9.999987603251341284e-01 9.999987845623287130e-01 9.999988465716985742e-01 9.999987950779422041e-01
9.559679362504219171e+03 1.296667650629796179e-04 4.051331324963180353e-02 9.999989997908842465e-01 9.999989999085429071e-01 9.999989999830073417e-01 9.999990000164985515e-01 9.999990000857228445e-01 9.999988236897179306e-01 9.999987835425350191e-01 9.999987910053174112e-01 9.999987910927663481e-01 9.999987902887339519e-01 9.999988185432615584e-01 9.999988747355301744e-01 9.999988348637603996e-01
9.609679362504219171e+03 8.901990540678467092e-05 4.183251828097434705e-02 9.999989998413781889e-01 9.999989999531525564e-01 9.999989998944590619e-01 9.999989999187361978e-01 9.999990001165047770e-01 9.999989601052309274e-01 9.999989520243879326e-01 9.999989534203931330e-01 9.999989532408138926e-01 9.999989527809974854e-01 9.999989587543283154e-01 9.999989718007430417e-01 9.999989627274130655e-01
9.659679362504219171e+03 6.897113168031923734e-05 4.832453543663823431e-02 9.999989996289723182e-01 9.999989994429285822e-01 9.999989995657092567e-01 9.999989999077859570e-01 9.999990001704529563e-01 9.999989892477179065e-01 9.999989876390852350e-01 9.999989876707005010e-01 9.999989876083400508e-01 9.999989873167983712e-01 9.999989889190292747e-01 9.999989924604257840e-01 9.999989900024958134e-01
9.709679362504219171e+03 2.493849927200536518e-05 6.278100270738393163e-02 9.999990000120738687e-01 9.999989999987637379e-01 9.999989996582877572e-01 9.999989997812830378e-01 9.999990000725258454e-01 9.999989977483237924e-01 9.999989974972619544e-01 9.999989972990557252e-01 9.999989971860930860e-01 9.999989970907784409e-01 9.999989974440953722e-01 9.999989982650993037e-01 9.999989977611297709e-01
9.759679362504219171e+03 2.316878152089608958e-05 7.007674237986796784e-02 9.999989990782442995e-01 9.999989995244911167e-01 9.999989990111345373e-01 9.999989988755013659e-01 9.999990000375587051e-01 9.999989999678136066e-01 9.999990000263566658e-01 9.999989999922075379e-01 9.999989999012596220e-01 9.999989998203103747e-01 9.999989997839923150e-01 9.999989998870257857e-01 9.999989998645999467e-01
9.809679362504219171e+03 3.658436290661035568e-05 8.744696856187181289e-02 9.999989974304226426e-01 9.999989978737944263e-01 9.999989974434518869e-01 9.999989976376973955e-01 9.999989976574650274e-01 9.999989867763282581e-01 9.999989858545633714e-01 9.999989857654125736e-01 9.999989855517716908e-01 9.999989850267739788e-01 9.999989861604474672e-01 9.999989905521633471e-01 9.999989875064876355e-01
9.859679362504219171e+03 2.531681583333301159e-05 9.490323742707909571e-02 9.999989967668307944e-01 9.999989974816514415e-01 9.999989976377854362e-01 9.999989979741846780e-01 9.999989429094421345e-01 9.999988520780027645e-01 9.999988485487290024e-01 9.999988491353831721e-01 9.999988481333201840e-01 9.999988447839328609e-01 9.999988537992039461e-01 9.999989005945184584e-01 9.999988669204409319e-01
9.909835612504219171e+03 1.291059037822797195e-04 1.359103318228782054e-01 9.921181799173449667e-01 9.999989999756009329e-01 9.999989919451377496e-01 9.999988579875711547e-01 9.999853536656921893e-01 9.999970667658485413e-01 9.999970420054962172e-01 9.999963199407595482e-01 9.999959615560094495e-01 9.999958179210274301e-01 9.999960640226002173e-01 9.999975120873099144e-01 9.999968308578238707e-01
9.959835612504219171e+03 2.160256289285423625e-05 1.887227379366059332e-01 9.113437730273032944e-01 9.999989999929502771e-01 9.999989999850764644e-01 9.999989999791157880e-01 9.999888907855754017e-01 9.999989479227437972e-01 9.999989687395947069e-01 9.999986324341060273e-01 9.999986532923967886e-01 9.999979676862915667e-01 9.999981116403371395e-01 9.999985461230807005e-01 9.999982667964208982e-01
1.000983561250421917e+04 1.475161221927196523e-05 1.815859580278723351e-01 9.869368414270583978e-01 9.999989976167109607e-01 9.999966052736012356e-01 9.999932115420131495e-01 9.999949243941229637e-01 9.999982150232733513e-01 9.999986919358737625e-01 9.999963429893725664e-01 9.999963686193203971e-01 9.999962488023810270e-01 9.999966687630966744e-01 9.999975584442664100e-01 9.999957811535046259e-01
1.005983561250421917e+04 1.725287002797161649e-05 4.140201226496014186e-01 4.849627065006333337e-01 9.998805496916266522e-01 9.999648977021615703e-01 9.999805224353398581e-01 9.999952406394937432e-01 9.999878316338803863e-01 9.999954443884060407e-01 9.999972904961570430e-01 9.999975189343385251e-01 9.999969693323210729e-01 9.999968734067685716e-01 9.999976616604011603e-01 9.999950304581300964e-01
1.010983561250421917e+04 1.770418707652563557e-05 2.166647867959239637e-01 9.999990000128071710e-01 9.999990000045805294e-01 9.999989999650223949e-01 9.999989999351965864e-01 9.999989732997744962e-01 9.999966740521284425e-01 9.999951436973485430e-01 9.999934871962915528e-01 9.999845106495220959e-01 9.999964095298520261e-01 9.999948599959687101e-01 9.999970969186063874e-01 9.999953221214006316e-01
1.015983561250421917e+04 1.382542766172178312e-05 2.475546732016625229e-01 9.999989986007273846e-01 9.999989113638649840e-01 9.999985150760141162e-01 9.999969289420438390e-01 9.999981586466890615e-01 9.999972689904794709e-01 9.999978809218447173e-01 9.999955417122521339e-01 9.999919544654287673e-01 9.999941448898445051e-01 9.999941186836845963e-01 9.999977475753786260e-01 9.999975233413865849e-01
1.020983561250421917e+04 1.389440825522326718e-05 2.515968213692949540e-01 9.999990000114785671e-01 9.999990000055420936e-01 9.999989999931102602e-01 9.999989999156305709e-01 9.999981558681159122e-01 9.999973080682756921e-01 9.999974454413153024e-01 9.999973832228670201e-01 9.999974338683076391e-01 9.999964299796414435e-01 9.999963975542389694e-01 9.999966659882156828e-01 9.999962567756494058e-01
1.025983561250421917e+04 1.140494454265513241e-05 2.727015525930009399e-01 9.999990000101919296e-01 9.999990000074188146e-01 9.999989999989064016e-01 9.999989999932578089e-01 9.999981914027743501e-01 9.999973218307715017e-01 9.999964617425753932e-01 9.999970214828204362e-01 9.999971239614693364e-01 9.999966796317494300e-01 9.999966945239170402e-01 9.999968519513674492e-01 9.999966497968931778e-01
1.030983561250421917e+04 2.476805253177583553e-05 2.617962127923307847e-01 9.999989999753206016e-01 9.999989999720155787e-01 9.999989999733205348e-01 9.999989999737499691e-01 9.999981954892811498e-01 9.999973324234794347e-01 9.999966706490619472e-01 9.999971364319363287e-01 9.999972087074674443e-01 9.999968748174875577e-01 9.999968906276670566e-01 9.999969884083564908e-01 9.999968412982616073e-01
1.035983561250421917e+04 2.482105590831123969e-05 2.642611481854124089e-01 9.999989999828401421e-01 9.999989999670521046e-01 9.999989999566084586e-01 9.999989998175663475e-01 9.999987010960615930e-01 9.999973451159492877e-01 9.999948915592228316e-01 9.999959930622152049e-01 9.999960492229160725e-01 9.999962413385425908e-01 9.999962958910003641e-01 9.999964550842945776e-01 9.999963762527458444e-01
1.040983561250421917e+04 1.296723025000129380e-05 2.933119745645974552e-01 9.999990000136219637e-01 9.999989999974059351e-01 9.999989999851751632e-01 9.999989999819226538e-01 9.999988666689050287e-01 9.999984675524314914e-01 9.999958327705323891e-01 9.999960830185314897e-01 9.999959620862436394e-01 9.999959461538038274e-01 9.999962331454623765e-01 9.999965439604306949e-01 9.999965400473241894e-01
1.045983561250421917e+04 1.022050209195512354e-05 3.226757044291798104e-01 9.999990000027632053e-01 9.999989999910947613e-01 9.999989999787313177e-01 9.999989999708525090e-01 9.999989907424006175e-01 9.999989548958192476e-01 9.999984071935197338e-01 9.999984310132673526e-01 9.999983959280149826e-01 9.999983657027873285e-01 9.999983984929426972e-01 9.999984250678660702e-01 9.999983913347109121e-01
1.050983561250421917e+04 1.767881435812113824e-05 3.043875686846261863e-01 9.999990000323301098e-01 9.999989999839986599e-01 9.999989996643171564e-01 9.999989983555105377e-01 9.999988951792013747e-01 9.999988047046527440e-01 9.999987419365721220e-01 9.999987691712216575e-01 9.999987709751828602e-01 9.999987686133011699e-01 9.999987535855492382e-01 9.999987404840039451e-01 9.999987312528730854e-01
1.055983561250421917e+04 1.024259988660793397e-05 3.909876226030319368e-01 9.058848399352040781e-01 9.999989999811648156e-01 9.999989999611363922e-01 9.999989999381191375e-01 9.999989886732866262e-01 9.999988940050296149e-01 9.999982973187058199e-01 9.999983633052008658e-01 9.999981446050770773e-01 9.999979040638280470e-01 9.999978431080110974e-01 9.999977944864171242e-01 9.999977187589400573e-01
1.060983561250421917e+04 9.517484178446398158e-01 9.525673844005145829e-01 8.376281478883857989e-01 9.111826495988654129e-01 7.587019136749287851e-01 9.022485846944456878e-01 5.063156700196559390e-01 5.397693742839387854e-01 5.167484694126027733e-01 9.574462680751791854e-01 9.997890888015948940e-01 9.996724931339751041e-01 9.998494338068741882e-01 9.995337344541309621e-01 9.993597147435909767e-01
1.065983561250421917e+04 5.331373579740553703e-01 9.915207903323295380e-01 9.760068056798252289e-01 9.893700613092375473e-01 9.954972322312259925e-01 9.711877127791492814e-01 8.433374631289290990e-01 9.999990000056967476e-01 9.999989999802042506e-01 9.999989933075565940e-01 9.999961674446281590e-01 9.999908651309110663e-01 9.999892331965150039e-01 9.999816046139518022e-01 9.999335035134703231e-01
1.070983561250421917e+04 9.140250726302575623e-01 9.996400764036178499e-01 9.981878538774195952e-01 9.989361674012208203e-01 9.951585482142771832e-01 9.041913733006278209e-01 9.976843953927301278e-01 9.998846865874269074e-01 9.999734035384075792e-01 9.999241537008756175e-01 9.999491840137078036e-01 9.999410913065104323e-01 9.999530751810430385e-01 9.999448526408284410e-01 9.999298934463427546e-01
1.075983561250421917e+04 9.236135831683509601e-01 8.585043379866317270e-01 7.401393385977653727e-01 9.276032708658346060e-01 8.303246642442773107e-01 9.738334326926819662e-01 9.938920413212171123e-01 9.999957525638026867e-01 9.999783612936086197e-01 9.999454629370068126e-01 9.999473362218513905e-01 9.999582468821069936e-01 9.999104447690913000e-01 9.998869609026885819e-01 9.998347766707389450e-01
1.080983561250421917e+04 9.664716400447100897e-01 7.719138580652590287e-01 7.147191999730844181e-01 9.999927245566803125e-01 9.999757212361285452e-01 9.844901684915238205e-01 9.951008794349260889e-01 9.999851123068995706e-01 9.999806716736442391e-01 9.999612899346160821e-01 9.999570834873725556e-01 9.999644507854734687e-01 9.999465874877918603e-01 9.999341599982579654e-01 9.999053162365820757e-01
1.085983561250421917e+04 9.964646400562110484e-01 9.955153973533635847e-01 9.927499119245075665e-01 9.986632110055487788e-01 9.998855933254100492e-01 9.997045255111479678e-01 9.942506870146361475e-01 9.968510519378982471e-01 9.999340481164491479e-01 9.992328726266528349e-01 9.991911753058907442e-01 9.991395651061871774e-01 9.999102447903026603e-01 9.993078463874047745e-01 9.991371743411298079e-01
1.090983561250421917e+04 9.993779596462947223e-01 9.995249931231339202e-01 9.989951990426485517e-01 9.996984480354951241e-01 9.999123419301459981e-01 9.999052090896181078e-01 9.946530896473934069e-01 9.991830077357083395e-01 9.999771134823118857e-01 9.997777475457613194e-01 9.998097301543379389e-01 9.998134843103011482e-01 9.999121443198167869e-01 9.998372090758597119e-01 9.998155806122762668e-01
1.095983561250421917e+04 9.999903703955160816e-01 9.999454026292849962e-01 9.999746613578154308e-01 9.999415530138119346e-01 9.999322527691787421e-01 9.999781911659275657e-01 9.955470555294697599e-01 9.998897129691403096e-01 9.999746664931578044e-01 9.999361508462334402e-01 9.999543529720961166e-01 9.999487552558294912e-01 9.999531317045411427e-01 9.999491142228319474e-01 9.999389070269596447e-01
1.100983561250421917e+04 2.327609076127797605e-01 9.999977860335564905e-01 9.999941040459850994e-01 9.999896223113505789e-01 9.999835245381407667e-01 9.999806494936896994e-01 9.964955518061123785e-01 9.999182845019412014e-01 9.999839907652573467e-01 9.999662054681947021e-01 9.999716125621134211e-01 9.999715320434452437e-01 9.999733165311094352e-01 9.999723002301377228e-01 9.999648360777573242e-01
1.103882291640421499e+04 6.619807053131497865e-01 9.881422740185387132e-01 9.999989999928040607e-01 9.999947898552155046e-01 9.999942155078563877e-01 9.999869600923952939e-01 9.969210185303118976e-01 9.999590236037217972e-01 9.999941748364772343e-01 9.999796606020341372e-01 9.999840193406773770e-01 9.999847967487247580e-01 9.999854139345475401e-01 9.999868819410455689e-01 9.999833477488262456e-01
