TIME T_sat_Ch2_mesh1 T_sat_Ch2_mesh2 T_sat_Ch2_mesh3 T_sat_Ch2_mesh4 T_sat_Ch2_mesh5 T_sat_Ch2_mesh6 T_sat_Ch2_mesh7 T_sat_Ch2_mesh8 T_sat_Ch2_mesh9 T_sat_Ch2_mesh10 T_sat_Ch2_mesh11 T_sat_Ch2_mesh12 T_sat_Ch2_mesh13 T_sat_Ch2_mesh14 T_sat_Ch2_mesh15 
0.000000000000000000e+00 6.201579828352394088e+02 6.201161684746650735e+02 6.200256989691380340e+02 6.199272231053221276e+02 6.198868806535581371e+02 6.197896829437249835e+02 6.196917697030714862e+02 6.195906724934020531e+02 6.195499986267027452e+02 6.194500745368804928e+02 6.193493750455736517e+02 6.192453247865532830e+02 6.192042043552357882e+02 6.190987783798790360e+02 6.190346500734269739e+02
5.000040000000043960e+01 5.655657433924120596e+02 5.655484704028863234e+02 5.655251774338828454e+02 5.655023080337499550e+02 5.654819891198816322e+02 5.654602261603979514e+02 5.654388980220214762e+02 5.654178270843867722e+02 5.653994451958619720e+02 5.653791206419867876e+02 5.653591111277833079e+02 5.653392433144944107e+02 5.653223398935388104e+02 5.653025170771788908e+02 5.652881678230262423e+02
1.000003999999985922e+02 5.616143184728895221e+02 5.615966548068954580e+02 5.615782677998720374e+02 5.615682011081032670e+02 5.615612478930080442e+02 5.615563837423869700e+02 5.615522968323961095e+02 5.615483994476669523e+02 5.615443412025916814e+02 5.615405022860276176e+02 5.615366227942314481e+02 5.615325684521990297e+02 5.615281934546279672e+02 5.615226663345862335e+02 5.615188534992835230e+02
1.502405034099261059e+02 5.523658974455424868e+02 5.523473150635423963e+02 5.523236541087163687e+02 5.523033535354534251e+02 5.522852683839123529e+02 5.522688314318776293e+02 5.522539024747773055e+02 5.522402859428151487e+02 5.522276427507702010e+02 5.522157143463221018e+02 5.522045737586654468e+02 5.521941390331462571e+02 5.521845053440988522e+02 5.521746818050708043e+02 5.521638469143638304e+02
2.004200391960640388e+02 5.297452174675696597e+02 5.297230613297876971e+02 5.296941900039772690e+02 5.296701545550913579e+02 5.296490911132880228e+02 5.296301583564558086e+02 5.296130169164467816e+02 5.295979061788967783e+02 5.295830637947992727e+02 5.295722587876182388e+02 5.295694144150124885e+02 5.295681829434222436e+02 5.295670658302052516e+02 5.295658618393298411e+02 5.295649340381049797e+02
2.553043625042201370e+02 4.638729456195534340e+02 4.638264322203640404e+02 4.637566700555271382e+02 4.637026805922184280e+02 4.636572093810523825e+02 4.636170260894731427e+02 4.635840020246889708e+02 4.635525924310720711e+02 4.635342689456346079e+02 4.635311462289673727e+02 4.635275780555184610e+02 4.635235546478746187e+02 4.635209588442115773e+02 4.635164943837235683e+02 4.635141712404266627e+02
3.053043625042201370e+02 4.470944645273333435e+02 4.469622390321194985e+02 4.467962748637633013e+02 4.466348803942465224e+02 4.464752124751905740e+02 4.463307303391734990e+02 4.462133795452342611e+02 4.461173540752636200e+02 4.460357791200046904e+02 4.459630586381497892e+02 4.458997637008919810e+02 4.458409586338148642e+02 4.457944668905271897e+02 4.457381947379264489e+02 4.456961171103955053e+02
3.553043625042201370e+02 4.512465588688529010e+02 4.511290808083258526e+02 4.509772908100939048e+02 4.508292397967526313e+02 4.506820695971782698e+02 4.505373070697663138e+02 4.504033468819844188e+02 4.502867152510349911e+02 4.501866711125687743e+02 4.500995980123104800e+02 4.500244014536610848e+02 4.499575501272208840e+02 4.499025886468875228e+02 4.498423986024610031e+02 4.497958220972607251e+02
4.053043625042201370e+02 4.516377600772148071e+02 4.515162462778887402e+02 4.513647703931686692e+02 4.512177159067175580e+02 4.510782360711934871e+02 4.509554099831667600e+02 4.508494290722528604e+02 4.507563921685351715e+02 4.506731210039451980e+02 4.505967325785113644e+02 4.505275776959919085e+02 4.504630330150345117e+02 4.504072400248303438e+02 4.503459336779882278e+02 4.502967668202143727e+02
4.553043625042201370e+02 4.552504348623438659e+02 4.551368705821553249e+02 4.549953604689272311e+02 4.548583261349350551e+02 4.547319823392692797e+02 4.546242743835764486e+02 4.545316772234800737e+02 4.544504752248649311e+02 4.543777563480062440e+02 4.543108441934764983e+02 4.542503798522675424e+02 4.541936258011204472e+02 4.541450522020112999e+02 4.540909110089169758e+02 4.540474511954751051e+02
5.053043625042201370e+02 4.557115361721808426e+02 4.555990326811433988e+02 4.554588744873550468e+02 4.553230692928335088e+02 4.551978549865258401e+02 4.550911360588331149e+02 4.549994270409924297e+02 4.549190245749946371e+02 4.548470119409905692e+02 4.547807444024616075e+02 4.547208255671645247e+02 4.546646080361401800e+02 4.546164025294549447e+02 4.545627073142146060e+02 4.545195810825526905e+02
5.553043625042200802e+02 4.556338598032693881e+02 4.555212924437871607e+02 4.553810544544678010e+02 4.552453295196812633e+02 4.551205559999960997e+02 4.550142255177702282e+02 4.549226206376341111e+02 4.548421569407363449e+02 4.547699624996066063e+02 4.547034546883406847e+02 4.546432459584545995e+02 4.545867380165593659e+02 4.545381850071234453e+02 4.544841591502746496e+02 4.544406765346076895e+02
6.053043625042200802e+02 4.554478375151706473e+02 4.553349217884923519e+02 4.551942515697749059e+02 4.550583270931670654e+02 4.549335268238194772e+02 4.548270039612163487e+02 4.547350537393620584e+02 4.546541629061088656e+02 4.545814917895839926e+02 4.545144896308560760e+02 4.544537744652545257e+02 4.543967747992495561e+02 4.543477183255039336e+02 4.542931816397716602e+02 4.542492665359425814e+02
6.591793625042200802e+02 4.551132631552378598e+02 4.549996522364716611e+02 4.548581132244686387e+02 4.547213350959658555e+02 4.545956145311915861e+02 4.544881179000390716e+02 4.543952234028646444e+02 4.543134305612187518e+02 4.542398970065112280e+02 4.541720763373240288e+02 4.541105765886688914e+02 4.540528399785637248e+02 4.540030772517473565e+02 4.539478131696092760e+02 4.539033422362651891e+02
7.091793625042200802e+02 4.547557546088568188e+02 4.546413782166694091e+02 4.544988811588538056e+02 4.543610917009841614e+02 4.542342208958455103e+02 4.541255476814130816e+02 4.540315405463522893e+02 4.539487028830084796e+02 4.538741826411331317e+02 4.538054337104272804e+02 4.537430508198029315e+02 4.536844873976091321e+02 4.536339399024799377e+02 4.535778686156368167e+02 4.535327893750809380e+02
7.591793625042200802e+02 4.543745113502604909e+02 4.542593110084339969e+02 4.541157825023335590e+02 4.539769789498980685e+02 4.538490788839862375e+02 4.537393997273453010e+02 4.536444435364323340e+02 4.535607153147695954e+02 4.534853527506035107e+02 4.534158086747369225e+02 4.533526743148492528e+02 4.532934001285935892e+02 4.532421915966066877e+02 4.531854238349627622e+02 4.531398117831038235e+02
8.091793625042200802e+02 4.531310787957425532e+02 4.530133272249822198e+02 4.528666067311942243e+02 4.527270855991404233e+02 4.526014731900265815e+02 4.524942537275186965e+02 4.524012419348208027e+02 4.523190900031773367e+02 4.522450057852502709e+02 4.521764583981038754e+02 4.521142247015146722e+02 4.520556143357051155e+02 4.520051616015093146e+02 4.519488391632688717e+02 4.519034415428319562e+02
8.591793625042200802e+02 4.511635663185838894e+02 4.510416098521660615e+02 4.508895211477336034e+02 4.507462131167967527e+02 4.506186711234959148e+02 4.505099436510847681e+02 4.504156458049104117e+02 4.503323636566439063e+02 4.502572617664163204e+02 4.501877157154524980e+02 4.501245915533321522e+02 4.500650966346445330e+02 4.500139730209491518e+02 4.499566868635245669e+02 4.499104233062448657e+02
9.091793625042200802e+02 4.488960609850934134e+02 4.487692030104835794e+02 4.486108022958024435e+02 4.484665377654389431e+02 4.483427616424312419e+02 4.482365509633777378e+02 4.481437638264441148e+02 4.480613927391230504e+02 4.479867929528755894e+02 4.479173593116639154e+02 4.478543208416226662e+02 4.477945545108652254e+02 4.477435023216381751e+02 4.476857497976421882e+02 4.476388628202181508e+02
9.591793625042200802e+02 4.468703257646164957e+02 4.467385376258114320e+02 4.465738725870034500e+02 4.464250337875533319e+02 4.462983886296448190e+02 4.461895520687583598e+02 4.460943598490214868e+02 4.460097721911718622e+02 4.459331159291326685e+02 4.458617009355530740e+02 4.457968563311827666e+02 4.457353186519831070e+02 4.456828066607118899e+02 4.456232594915429672e+02 4.455748937368398401e+02
1.009179362504220080e+03 4.450351546779889418e+02 4.448985929641651751e+02 4.447278987299266078e+02 4.445744318635251489e+02 4.444446596630862132e+02 4.443330874311351977e+02 4.442354514275145903e+02 4.441486494996362921e+02 4.440699522477987102e+02 4.439965877586594729e+02 4.439299758997267986e+02 4.438666992396666728e+02 4.438127583200835033e+02 4.437514614518020153e+02 4.437016542167209536e+02
1.059179362504220080e+03 4.429772540507958638e+02 4.428347931438938758e+02 4.426608475355861287e+02 4.425109281778676973e+02 4.423859099721871644e+02 4.422776429743213384e+02 4.421825381962984807e+02 4.420976945206625146e+02 4.420206419714836557e+02 4.419484257165944427e+02 4.418831363365897573e+02 4.418205354202729609e+02 4.417679786168034752e+02 4.417073232042557720e+02 4.416575708079290621e+02
1.109179362504220080e+03 4.405725734781847791e+02 4.404236558861738331e+02 4.402404855504658485e+02 4.400817117080954404e+02 4.399497128707770344e+02 4.398360065874663292e+02 4.397364303321841703e+02 4.396477975286694573e+02 4.395673802437815993e+02 4.394921814213385005e+02 4.394240936347766251e+02 4.393590193680316816e+02 4.393041175671424980e+02 4.392407581664610916e+02 4.391881586590479287e+02
1.159179362504220080e+03 4.382101668291042529e+02 4.380540067414257805e+02 4.378642794581158455e+02 4.377026324864547746e+02 4.375684749590762976e+02 4.374526982545836518e+02 4.373512297760659067e+02 4.372608325251327415e+02 4.371788299806806322e+02 4.371019702502229052e+02 4.370326062189976710e+02 4.369659854675037991e+02 4.369102760035210622e+02 4.368455932737711578e+02 4.367916284520600243e+02
1.209179362504220080e+03 4.354634987051060193e+02 4.352987111359590813e+02 4.350996841879095882e+02 4.349314264127067418e+02 4.347916403866196333e+02 4.346708645672278521e+02 4.345649268452027627e+02 4.344704894348355992e+02 4.343848509161288121e+02 4.343045088338387814e+02 4.342320708991752554e+02 4.341623765923717428e+02 4.341043550083274454e+02 4.340365289498478205e+02 4.339801892647908517e+02
1.259179362504220080e+03 4.337154939292967128e+02 4.335434831476566160e+02 4.333372930207626723e+02 4.331643926992299498e+02 4.330216986700556845e+02 4.328988709352220781e+02 4.327914755096070962e+02 4.326959109141609474e+02 4.326094070029215573e+02 4.325282118936007691e+02 4.324551898172809388e+02 4.323847799523559274e+02 4.323264232430773291e+02 4.322579494235761217e+02 4.322007083688912985e+02
1.309179362504220080e+03 4.321443556637148617e+02 4.319667538908175857e+02 4.317493226677631242e+02 4.315627034455216062e+02 4.314086515907219450e+02 4.312762763111307436e+02 4.311605153458340283e+02 4.310575194528700536e+02 4.309641937928909101e+02 4.308768392004866428e+02 4.307978092356214574e+02 4.307221708823752806e+02 4.306585743145550964e+02 4.305847750888451628e+02 4.305246453424948641e+02
1.359179362504220080e+03 4.311222039248140163e+02 4.309394788540557784e+02 4.307110500231742662e+02 4.305023618304363708e+02 4.303236272653173842e+02 4.301709906195101780e+02 4.300383957128829024e+02 4.299211872843050060e+02 4.298156556465211224e+02 4.297176897316901432e+02 4.296290192710755491e+02 4.295450815172326884e+02 4.294738805609040355e+02 4.293927394470805439e+02 4.293279635675666555e+02
1.409179362504220080e+03 4.313718485955059805e+02 4.311918181028701724e+02 4.309654636201722724e+02 4.307677788350227956e+02 4.306072054339291526e+02 4.304709368358392680e+02 4.303524171729509362e+02 4.302472835918197234e+02 4.301520210389305703e+02 4.300629424209486160e+02 4.299823312524505354e+02 4.299050838725520407e+02 4.298399595030714408e+02 4.297645251573917449e+02 4.297028451092929799e+02
1.459179362504220080e+03 4.287494616485448660e+02 4.285564320110134986e+02 4.283182141972726527e+02 4.281104295213928026e+02 4.279400366108145590e+02 4.277954629386673560e+02 4.276701809631409787e+02 4.275594560680172549e+02 4.274597816330426099e+02 4.273667802496597119e+02 4.272831770518311032e+02 4.272030880402235198e+02 4.271364718599542130e+02 4.270587352691252931e+02 4.269954519268410422e+02
1.509179362504220080e+03 4.267871203867602503e+02 4.265869745569117413e+02 4.263432496945868024e+02 4.261358375540025349e+02 4.259655579178312905e+02 4.258197469370796853e+02 4.256926119824551620e+02 4.255797449678295834e+02 4.254778189570186555e+02 4.253823342025637544e+02 4.252968769989826114e+02 4.252142138197136774e+02 4.251463650813905133e+02 4.250666444891504625e+02 4.250006855882867285e+02
1.559179362504220080e+03 4.245769823724032790e+02 4.243597963382816260e+02 4.241110595122849531e+02 4.239077706039636837e+02 4.237418880614566206e+02 4.236009012612446440e+02 4.234788275558113924e+02 4.233712527785050383e+02 4.232741024040641378e+02 4.231833902690163427e+02 4.231027005098928839e+02 4.230242809343510544e+02 4.229623053178081022e+02 4.228848229628262061e+02 4.228217957587073670e+02
1.609179362504220080e+03 4.223751672975920997e+02 4.221569744362896017e+02 4.218959491715917238e+02 4.216797017620059478e+02 4.215015317594004500e+02 4.213481798250896873e+02 4.212140380758678475e+02 4.210945286882238179e+02 4.209864976419531786e+02 4.208849041351099345e+02 4.207937370075267154e+02 4.207054539834257412e+02 4.206328463514631721e+02 4.205467120253576923e+02 4.204760478874302407e+02
1.659179362504220080e+03 4.206351135839930748e+02 4.204100794783995525e+02 4.201298237807738474e+02 4.198880428038938817e+02 4.196891525502644527e+02 4.195193726344406286e+02 4.193716282021827055e+02 4.192405627739907459e+02 4.191225707929269220e+02 4.190122074086904149e+02 4.189128970372015601e+02 4.188176847889167220e+02 4.187387212611416203e+02 4.186458708913581859e+02 4.185713086756370558e+02
1.709179362504220080e+03 4.186612136236444712e+02 4.184189778002494791e+02 4.181345109980143206e+02 4.179007404006759998e+02 4.177100497641760057e+02 4.175472417046279929e+02 4.174054221244040264e+02 4.172796826992055230e+02 4.171662974602812142e+02 4.170598687407191392e+02 4.169648240301195870e+02 4.168725254849604198e+02 4.167973212615349894e+02 4.167075294864115449e+02 4.166327260299418640e+02
1.759179362504220080e+03 4.170187913666403574e+02 4.167742577444880681e+02 4.164703189924489379e+02 4.162109657830782226e+02 4.159996297094854754e+02 4.158200377123727094e+02 4.156644445401453822e+02 4.155268253959850426e+02 4.154032837110912055e+02 4.152877457540010937e+02 4.151849233203555514e+02 4.150852344936480449e+02 4.150044098939628157e+02 4.149080684031324040e+02 4.148288439240824914e+02
1.809179362504220080e+03 4.155450578686172207e+02 4.152893603320675311e+02 4.149711525146129247e+02 4.146966156636108281e+02 4.144730062841032350e+02 4.142841826207657618e+02 4.141207276330032414e+02 4.139761312141330336e+02 4.138459969609115774e+02 4.137243358068445787e+02 4.136144007179783557e+02 4.135090070453014732e+02 4.134209517904138238e+02 4.133163002615337405e+02 4.132339712721638421e+02
1.859179362504220080e+03 4.143314182226030766e+02 4.140702189348243110e+02 4.137459444003684439e+02 4.134706343868659246e+02 4.132461421515540110e+02 4.130547879563316087e+02 4.128892738641496862e+02 4.127428768926362181e+02 4.126117469689383483e+02 4.124890161251963718e+02 4.123806324219791577e+02 4.122748616320529322e+02 4.121906519929887054e+02 4.120897360204470488e+02 4.120068855897446269e+02
1.909179362504220080e+03 4.129764572653888308e+02 4.126971317515224200e+02 4.123494952481370888e+02 4.120321000688117010e+02 4.117649784551274479e+02 4.115428191303741983e+02 4.113533048414197424e+02 4.111875909187120328e+02 4.110397217838336701e+02 4.109026326809985221e+02 4.107789884228496931e+02 4.106613965000302642e+02 4.105631811494750991e+02 4.104476673238667104e+02 4.103565613522728199e+02
1.959179362504220080e+03 4.120785444017989221e+02 4.118146288523851126e+02 4.114686195757349196e+02 4.111538480907134954e+02 4.108860783439957345e+02 4.106627473302622207e+02 4.104720749460244633e+02 4.103048160835856493e+02 4.101548510448369598e+02 4.100160458455405887e+02 4.098911204052172366e+02 4.097719294527117881e+02 4.096721540405417272e+02 4.095560580778957842e+02 4.094635945685816978e+02
2.009179362504220080e+03 4.111594599587070320e+02 4.108664533910570640e+02 4.105031764789900421e+02 4.101809719247745534e+02 4.099172142333858915e+02 4.096979464526228867e+02 4.095099475401256086e+02 4.093444635598140167e+02 4.091956689356454717e+02 4.090571269778384362e+02 4.089314108598849771e+02 4.088112646973463029e+02 4.087098020697080756e+02 4.085898326903721909e+02 4.084958497234449624e+02
2.059179362504220080e+03 4.103887125767467978e+02 4.100901895088740048e+02 4.097215536927833455e+02 4.093990153454520851e+02 4.091384214214006079e+02 4.089186169753731406e+02 4.087292170190681873e+02 4.085629514029087659e+02 4.084136377538440570e+02 4.082744415829605487e+02 4.081495958519806209e+02 4.080293731205883887e+02 4.079301745137159969e+02 4.078129081766948616e+02 4.077195848938837344e+02
2.109179362504220080e+03 4.094216746502804654e+02 4.091151252554117832e+02 4.087261313144305177e+02 4.083413477210987708e+02 4.079595469489368043e+02 4.075751456295483308e+02 4.072230640128290133e+02 4.069258030387290432e+02 4.066808098326148979e+02 4.064630964765989347e+02 4.062698924485998191e+02 4.060940863889468346e+02 4.059465100022798651e+02 4.057793082314956337e+02 4.056594379703616369e+02
2.159179362504220080e+03 4.083955701876317903e+02 4.080958715970712092e+02 4.077104161605965373e+02 4.073347111930988831e+02 4.069858276874020362e+02 4.066892528422972077e+02 4.064390247781402650e+02 4.062237327877737130e+02 4.060342978112051355e+02 4.058605327708545474e+02 4.057026249541484049e+02 4.055545103034867793e+02 4.054286117427363365e+02 4.052825892043624663e+02 4.051725884715845041e+02
2.209179362504220080e+03 4.078081350016126976e+02 4.074909949558037852e+02 4.070953866180868772e+02 4.067163337429179819e+02 4.063782578999217208e+02 4.061031340139655867e+02 4.058738270063878417e+02 4.056756016936398623e+02 4.054998017432322968e+02 4.053385517136358658e+02 4.051944166893730426e+02 4.050573361417789897e+02 4.049428258717715607e+02 4.048114869238239635e+02 4.047059011021984816e+02
2.259179362504220080e+03 4.077893518059540838e+02 4.074825019818838427e+02 4.070913863674644517e+02 4.067145031672925484e+02 4.063782290195273390e+02 4.061067443024596741e+02 4.058798536668306838e+02 4.056832019454516285e+02 4.055072381891146733e+02 4.053454100390760004e+02 4.052000572837711161e+02 4.050617677500637228e+02 4.049455779618106135e+02 4.048125566496063357e+02 4.047056855295700188e+02
2.309179362504220080e+03 4.082954975182584576e+02 4.079841961244655977e+02 4.075953905274911904e+02 4.072558267271258501e+02 4.069819964261851055e+02 4.067524285893993579e+02 4.065571037148690721e+02 4.063841566702862451e+02 4.062290553007587164e+02 4.060857503099661585e+02 4.059578954412041867e+02 4.058336412671716289e+02 4.057322386281218769e+02 4.056129050915636753e+02 4.055157288348095790e+02
2.359179362504220080e+03 4.086876210767819657e+02 4.083750611777845734e+02 4.079879136066389833e+02 4.076426330134556792e+02 4.073625591679035551e+02 4.071309086163511211e+02 4.069334532600207694e+02 4.067617248721178385e+02 4.066087236434021293e+02 4.064673052831369091e+02 4.063418317117423157e+02 4.062211768348049645e+02 4.061225965152056574e+02 4.060072400876318852e+02 4.059115291512860040e+02
2.409179362504220080e+03 4.087794567243810775e+02 4.084677956896214255e+02 4.080811236089924705e+02 4.077444596860617594e+02 4.074772804545292502e+02 4.072556698437165323e+02 4.070658638204994304e+02 4.068993867556459918e+02 4.067500733424467967e+02 4.066109740421239849e+02 4.064865919804680061e+02 4.063665094029432225e+02 4.062676841196862370e+02 4.061509993279643709e+02 4.060555782012160648e+02
2.459179362504220080e+03 4.088875471852008445e+02 4.085762445703153389e+02 4.081902888082872209e+02 4.078375598826308988e+02 4.075433022546592952e+02 4.073010767393267315e+02 4.070946843070033765e+02 4.069148945976074856e+02 4.067539988978190877e+02 4.066052188752911434e+02 4.064712358094780029e+02 4.063433677726735027e+02 4.062363390632935989e+02 4.061113755590454275e+02 4.060123717433147021e+02
2.509179362504220080e+03 4.089669226974320395e+02 4.086582906505214510e+02 4.082728126625893879e+02 4.079017999100794327e+02 4.075752039194754843e+02 4.073127668786490858e+02 4.070957312570292288e+02 4.069107640484656940e+02 4.067483505600800981e+02 4.066002696940488477e+02 4.064693372385964949e+02 4.063445801432933422e+02 4.062428485768311930e+02 4.061245676829703370e+02 4.060272482235314442e+02
2.559179362504220080e+03 4.089974399169249182e+02 4.086889985578494020e+02 4.083036256333800793e+02 4.079290590084404471e+02 4.075920823911648085e+02 4.073168750824003723e+02 4.070888220732236391e+02 4.068943114326122554e+02 4.067237363567199964e+02 4.065683851796690078e+02 4.064318105248217989e+02 4.063012265446565721e+02 4.061957878318734174e+02 4.060733809980535511e+02 4.059739478211816959e+02
2.609179362504220080e+03 4.092983288101444259e+02 4.089947929731406475e+02 4.086140855467741630e+02 4.082702351578394655e+02 4.079815126601434940e+02 4.077384297341778279e+02 4.075287638410777618e+02 4.073439449045479250e+02 4.071775302221194579e+02 4.070230886118513922e+02 4.068834423156712887e+02 4.067501250723904604e+02 4.066378089044316653e+02 4.065073966927037645e+02 4.064053106725561975e+02
2.659179362504220080e+03 4.098137408907264216e+02 4.095126546070461018e+02 4.091365115626203988e+02 4.087976495338429004e+02 4.085159470036670655e+02 4.082806136613324952e+02 4.080787003457162427e+02 4.079017120847688602e+02 4.077431195949067160e+02 4.075960803904266641e+02 4.074650790034737611e+02 4.073384681332988180e+02 4.072350912516552626e+02 4.071132329369885383e+02 4.070150431803493234e+02
2.709179362504220080e+03 4.104861831889028849e+02 4.101914462964858217e+02 4.098220349234489959e+02 4.094838911516898747e+02 4.091967627749195913e+02 4.089561426824242290e+02 4.087493412391421543e+02 4.085677830560430266e+02 4.084048450190248900e+02 4.082540707007219680e+02 4.081188580857671013e+02 4.079892692325418011e+02 4.078816760253088205e+02 4.077566045721524688e+02 4.076572844222964136e+02
2.759179362504220080e+03 4.111737753085479881e+02 4.108841987043175550e+02 4.105214747718626995e+02 4.101974328790635127e+02 4.099287157699662885e+02 4.097015317572478352e+02 4.095049480574697327e+02 4.093315069374953623e+02 4.091753219885108592e+02 4.090301468049116238e+02 4.089000232244199537e+02 4.087745650152938879e+02 4.086710041485782767e+02 4.085495778369340769e+02 4.084527315223101027e+02
2.809179362504220080e+03 4.117735460648470962e+02 4.114883852311392047e+02 4.111330366172717277e+02 4.108217828914089864e+02 4.105664972986602379e+02 4.103492456040067964e+02 4.101604534810370524e+02 4.099931491256961635e+02 4.098421574907920899e+02 4.097012694608089305e+02 4.095750101499289144e+02 4.094527367551173711e+02 4.093521924274211869e+02 4.092333741540253982e+02 4.091385734387611137e+02
2.859179362504220080e+03 4.121028423337168647e+02 4.118202296955340671e+02 4.114720096413620922e+02 4.111710009114139552e+02 4.109238475250604097e+02 4.107126334622285526e+02 4.105284602854953278e+02 4.103650483976601890e+02 4.102167750287617878e+02 4.100795897343749061e+02 4.099532713009640474e+02 4.098381402483300917e+02 4.097299764352112561e+02 4.096325990657571765e+02 4.095049945122844974e+02
2.909179362504220080e+03 4.125856893378963264e+02 4.123064709416186133e+02 4.119768092403997457e+02 4.117038577644011639e+02 4.114767592641303509e+02 4.112804338097488426e+02 4.111078361629522533e+02 4.109535648736211897e+02 4.108134454286416712e+02 4.106815896648960234e+02 4.105634958490983877e+02 4.104479713534535676e+02 4.103540716892805449e+02 4.102414781086520748e+02 4.101655779660017629e+02
2.959179362504220080e+03 4.120194628630537181e+02 4.117381662346458597e+02 4.114015763125527201e+02 4.111206986297427761e+02 4.108882511702059901e+02 4.106881741549923390e+02 4.105126703744692804e+02 4.103576536150885659e+02 4.102136463666885788e+02 4.100870734924019985e+02 4.100575984043011886e+02 4.100558575455301025e+02 4.100545200427390000e+02 4.100527180806252545e+02 4.100516453530044032e+02
3.009179362504220080e+03 4.108393840665238486e+02 4.105492639127600683e+02 4.102136090471120724e+02 4.099451981539505709e+02 4.097262424982228595e+02 4.095437201835055703e+02 4.093733597451143851e+02 4.093054178058897605e+02 4.093043277479073367e+02 4.093031010483565524e+02 4.093018783734873978e+02 4.093006165878171032e+02 4.092995866116012280e+02 4.092982820028406081e+02 4.092974743825253654e+02
3.059179362504220080e+03 4.095580913587087935e+02 4.092519657953658907e+02 4.089027113567223068e+02 4.086233553372387632e+02 4.083919470483895111e+02 4.082193052160190518e+02 4.081952466784303510e+02 4.081939045448775687e+02 4.081929085885420250e+02 4.081917284994551665e+02 4.081905278839741413e+02 4.081892736459418529e+02 4.081882430638185610e+02 4.081869165232707246e+02 4.081861304506544457e+02
3.109179362504220080e+03 4.101126756770080988e+02 4.098244913566726950e+02 4.094636049846688479e+02 4.091464248071532666e+02 4.088760940305239728e+02 4.086407467569948722e+02 4.084129010141159597e+02 4.082537292077323627e+02 4.082425912461011990e+02 4.082411613910117012e+02 4.082395976969746698e+02 4.082378939039887769e+02 4.082365748855037282e+02 4.082346456940711050e+02 4.082335692980367412e+02
3.159179362504220080e+03 4.106437677269117330e+02 4.103542472291155150e+02 4.100030580778529838e+02 4.097035882861157461e+02 4.094546103526835736e+02 4.092371657904627114e+02 4.090514653610568985e+02 4.088589861025502614e+02 4.087462353958050016e+02 4.087436318648578890e+02 4.087407714828876806e+02 4.087373570246897430e+02 4.087348371331979138e+02 4.087307838350603788e+02 4.087288603691760045e+02
3.209179362504220080e+03 4.119432074892480955e+02 4.116651387066323196e+02 4.113052340043770982e+02 4.109531951839635440e+02 4.105985794487500016e+02 4.102427017455397618e+02 4.098849931557853097e+02 4.095255725611561388e+02 4.091635913261056317e+02 4.088002229326600627e+02 4.084345201722870229e+02 4.081006465502367746e+02 4.078775146391935778e+02 4.077018699121538248e+02 4.075718464313267759e+02
3.259179362504220080e+03 4.097291753592527925e+02 4.094268078128538377e+02 4.090416818392859568e+02 4.086633739281981548e+02 4.082863888474230407e+02 4.079057441398152832e+02 4.075262773921193684e+02 4.071782020169108591e+02 4.068897233605912902e+02 4.066474490314225250e+02 4.064438820189558328e+02 4.062639633490102824e+02 4.061182022486934216e+02 4.059622918566508361e+02 4.058451218671257834e+02
3.309179362504220080e+03 4.085495823137503066e+02 4.082406295092573600e+02 4.078498845001557243e+02 4.074674133280061596e+02 4.070832260084727636e+02 4.066970556943903148e+02 4.063382371744764896e+02 4.060340871334622079e+02 4.057745609695158464e+02 4.055466601437209420e+02 4.053450908308892622e+02 4.051612634241507749e+02 4.050032120087845442e+02 4.048328946394628929e+02 4.047047403572673261e+02
3.359179362504220080e+03 4.075381782565761455e+02 4.072263967111271086e+02 4.068276762924375021e+02 4.064370939748490628e+02 4.060449012540551621e+02 4.056602466229761603e+02 4.053134067045837128e+02 4.050202408248567849e+02 4.047692670242982445e+02 4.045483063160832558e+02 4.043539118234141370e+02 4.041759173757734516e+02 4.040259570746605391e+02 4.038620263317764056e+02 4.037374915146776857e+02
3.409179362504220080e+03 4.078042309510761925e+02 4.074896959589713674e+02 4.070917051643426703e+02 4.067014442870426478e+02 4.063101041620706724e+02 4.059328511703869253e+02 4.056035198687324055e+02 4.053300855634545314e+02 4.050969672908177017e+02 4.048911862545661506e+02 4.047091733374844580e+02 4.045416154690072972e+02 4.043988625275588902e+02 4.042416368776738409e+02 4.041210257652845712e+02
3.459179362504220080e+03 4.077610084592454314e+02 4.074434456177644961e+02 4.070466194059486043e+02 4.066676993162041072e+02 4.063273877871777700e+02 4.060415164875569189e+02 4.057964088513083425e+02 4.055807523069925651e+02 4.053872602426145022e+02 4.052091583484593116e+02 4.050485601191392107e+02 4.048962324303520290e+02 4.047671443320123217e+02 4.046208350371871347e+02 4.045060201158191830e+02
3.509179362504220080e+03 4.077949606035037959e+02 4.074724158170189412e+02 4.070722518290184553e+02 4.066797045359620597e+02 4.062856957435862455e+02 4.059072307691924379e+02 4.055776721503551130e+02 4.052993753643321497e+02 4.050589519048741067e+02 4.048443928159015286e+02 4.046535552599247012e+02 4.044780691622888185e+02 4.043283474863704896e+02 4.041647788603596041e+02 4.040404890371738702e+02
3.559179362504220080e+03 4.079997438869202142e+02 4.076818399511882944e+02 4.072860156737222042e+02 4.068988528809785521e+02 4.065420142806121362e+02 4.062433393476297852e+02 4.059908151875760041e+02 4.057716858107742723e+02 4.055768917133165132e+02 4.053986357845013799e+02 4.052385572845377055e+02 4.050871688244347411e+02 4.049592575464665174e+02 4.048144949952195475e+02 4.047014508644184616e+02
3.609179362504220080e+03 4.083877215909299707e+02 4.080786864302271510e+02 4.076882204608580196e+02 4.073056431004232536e+02 4.069257396522937142e+02 4.065761791406253565e+02 4.062787611653337194e+02 4.060243973198561207e+02 4.058020878114631387e+02 4.056022617046313599e+02 4.054243489391529920e+02 4.052589555406962063e+02 4.051192154801771039e+02 4.049641909779942353e+02 4.048454887099796906e+02
3.659179362504220080e+03 4.080783662646414314e+02 4.077647321904217961e+02 4.073711381599231913e+02 4.069857604752186830e+02 4.066255398268858698e+02 4.063189754334406416e+02 4.060604370142959851e+02 4.058369230675969561e+02 4.056388702265600159e+02 4.054582352743824458e+02 4.052961265004878442e+02 4.051435289044459296e+02 4.050143054232628970e+02 4.048688163324911784e+02 4.047554861798778347e+02
3.709179362504220080e+03 4.085411392736994003e+02 4.082310973406715675e+02 4.078421308119587820e+02 4.074614570126580020e+02 4.071092946198314166e+02 4.068123635792804293e+02 4.065607037301476225e+02 4.063421541237969450e+02 4.061477240210215314e+02 4.059699171433596803e+02 4.058100366624001367e+02 4.056592347927881406e+02 4.055313742465942823e+02 4.053872447957755298e+02 4.052747859869490412e+02
3.759179362504220080e+03 4.089571351635411816e+02 4.086505235327911123e+02 4.082658885767523316e+02 4.078939915015148472e+02 4.075576083650165629e+02 4.072759474258822934e+02 4.070356513305155204e+02 4.068258788472171545e+02 4.066383612948284281e+02 4.064661935578487828e+02 4.063111130606607730e+02 4.061643213915613160e+02 4.060399717587714008e+02 4.058992367966917527e+02 4.057889793997078414e+02
3.809179362504220080e+03 4.092967816454848844e+02 4.089930823304570140e+02 4.086121463889322740e+02 4.082506612971205868e+02 4.079307403161307093e+02 4.076623097420893487e+02 4.074318432538713637e+02 4.072296935340534674e+02 4.070482527050792214e+02 4.068810470993997797e+02 4.067302190257248640e+02 4.065869740498138754e+02 4.064657536409906697e+02 4.063280031038094080e+02 4.062196999839981686e+02
3.859179362504220080e+03 4.095984286059241413e+02 4.092973915248471712e+02 4.089198441029513447e+02 4.085691750594136238e+02 4.082653997761916571e+02 4.080089530834024458e+02 4.077874278146492202e+02 4.075922197249848296e+02 4.074163662414285909e+02 4.072537203539573625e+02 4.071068272874314289e+02 4.069668550954475563e+02 4.068485403429731946e+02 4.067135609080513632e+02 4.066070415262825009e+02
3.909179362504220080e+03 4.098923957339735011e+02 4.095938442055981454e+02 4.092195090495495720e+02 4.088783012623434274e+02 4.085880224818606621e+02 4.083413617212552253e+02 4.081271647667600746e+02 4.079376656067821614e+02 4.077664411556079358e+02 4.076075767737115711e+02 4.074639770247595720e+02 4.073267263491312633e+02 4.072108603635623467e+02 4.070782151158834949e+02 4.069731893457681622e+02
3.959179362504220080e+03 4.102105364273609212e+02 4.099145402686667694e+02 4.095435002379832099e+02 4.092096459055318860e+02 4.089291223644320326e+02 4.086895270072358812e+02 4.084806506705705260e+02 4.082953228570102056e+02 4.081274989512130560e+02 4.079714333268607334e+02 4.078302634086943499e+02 4.076950494137619785e+02 4.075809730258308718e+02 4.074501004205234267e+02 4.073462329850649439e+02
4.009179362504220080e+03 4.105109445461218911e+02 4.102173277676060934e+02 4.098525254167312823e+02 4.095320330816070964e+02 4.092653507914586726e+02 4.090359771900251644e+02 4.088350979533444161e+02 4.086559893737307902e+02 4.084933714316850910e+02 4.083415126602265559e+02 4.082041611270433918e+02 4.080719873537735225e+02 4.079608472985509025e+02 4.078326915702244833e+02 4.077305020187254172e+02
4.059179362504220080e+03 4.107471970336677032e+02 4.104553151631444052e+02 4.100945920415380783e+02 4.097798510296879044e+02 4.095181011537075619e+02 4.092927317128878713e+02 4.090952119225637489e+02 4.089189761309502842e+02 4.087589279730972294e+02 4.086092956269577599e+02 4.084740950903224643e+02 4.083436284244914987e+02 4.082344588499213955e+02 4.081073611815954791e+02 4.080065640844699146e+02
4.109179362504220080e+03 4.112882416987317242e+02 4.110002066064527071e+02 4.106533314598193556e+02 4.103587909385304329e+02 4.101113687480351473e+02 4.098959738729395781e+02 4.097058151059860620e+02 4.095352779269042571e+02 4.093793212142485345e+02 4.092340666312515509e+02 4.090997215397595710e+02 4.089762900482147643e+02 4.088601782264681788e+02 4.087542666382830703e+02 4.086189948675995538e+02
4.159179362504220080e+03 4.116421575047216379e+02 4.113566237294822372e+02 4.110160629499162610e+02 4.107294278875937721e+02 4.104884151606187288e+02 4.102785773532809230e+02 4.100932872019204751e+02 4.099272328206734528e+02 4.097751347668645963e+02 4.096340201826535576e+02 4.095019894467991435e+02 4.093840292688978479e+02 4.092660375832901423e+02 4.091719603859784797e+02 4.091658847987268928e+02
4.209179362504220080e+03 4.114473186396927531e+02 4.111609909237791953e+02 4.108219609668201429e+02 4.105388187206459634e+02 4.103011894314221308e+02 4.100944712694702048e+02 4.099117059093696298e+02 4.097486002257790005e+02 4.095974565625537593e+02 4.094616399135553024e+02 4.093231871252702376e+02 4.092249441968497763e+02 4.092170539768968069e+02 4.092149850547380083e+02 4.092137651229141966e+02
4.259179362504220080e+03 4.104027635473837563e+02 4.101095144014881839e+02 4.097631721121661030e+02 4.094744151450840945e+02 4.092326921268139586e+02 4.090218079199915451e+02 4.088395160331178886e+02 4.086627673086669574e+02 4.085385411377982336e+02 4.085307130186312179e+02 4.085293628941832367e+02 4.085279634670087603e+02 4.085268405135182093e+02 4.085253968242237761e+02 4.085245088728690916e+02
4.309179362504220080e+03 4.095741024423538761e+02 4.092740185100760755e+02 4.089193293533429028e+02 4.086235203829679676e+02 4.083758649467589521e+02 4.081640452148443501e+02 4.079649907231546990e+02 4.078760227884403093e+02 4.078751006643111054e+02 4.078740642780164194e+02 4.078730297439869901e+02 4.078719467943882364e+02 4.078710193487818287e+02 4.078698969894440438e+02 4.078692006859280355e+02
4.359179362504220080e+03 4.088702613756946107e+02 4.085657214598297742e+02 4.082065629220528535e+02 4.079079292071207874e+02 4.076583683632965176e+02 4.074410746400867538e+02 4.072526821742089282e+02 4.072012606433899577e+02 4.072003553688329589e+02 4.071993233891660111e+02 4.071982709557897238e+02 4.071971441290687039e+02 4.071961713142553663e+02 4.071949865546423553e+02 4.071943195825219846e+02
4.409179362504220080e+03 4.085611091165737889e+02 4.082545861430767218e+02 4.078910101272437032e+02 4.075868301586322104e+02 4.073321354227305733e+02 4.071096652409177636e+02 4.069175766737253639e+02 4.068666062618044634e+02 4.068657006619873755e+02 4.068646531847352890e+02 4.068635711691599681e+02 4.068623941169682325e+02 4.068613676917358362e+02 4.068601160265553744e+02 4.068595111214933695e+02
4.459179362504220080e+03 4.082841955311303650e+02 4.079715644438969662e+02 4.076059566819862994e+02 4.073023901446119908e+02 4.070490160622167650e+02 4.068308857410675614e+02 4.066334951183298472e+02 4.065649240558938118e+02 4.065639921188617336e+02 4.065628833334408228e+02 4.065617204126734805e+02 4.065604332541597046e+02 4.065593082361983193e+02 4.065579206914263750e+02 4.065573034523557681e+02
4.509179362504220080e+03 4.083398453041860989e+02 4.080317481245057820e+02 4.076637812217337000e+02 4.073535976072078029e+02 4.070899762112463804e+02 4.068648772201382826e+02 4.066384555199920214e+02 4.065107326806117953e+02 4.065097558234585904e+02 4.065085547754272284e+02 4.065072728989912889e+02 4.065058276942069710e+02 4.065045612918684697e+02 4.065029770547005228e+02 4.065023148946582410e+02
4.559179362504220080e+03 4.084626032127700910e+02 4.081595483334103278e+02 4.077893184640617505e+02 4.074743936601947780e+02 4.072035820239611894e+02 4.069907102384619293e+02 4.067757035601223947e+02 4.066456371642607337e+02 4.066447518026586749e+02 4.066435961042333247e+02 4.066423194042988030e+02 4.066408499472568110e+02 4.066395386013858797e+02 4.066378979241043794e+02 4.066372372625648950e+02
4.609179362504220080e+03 4.088079790260808295e+02 4.085033587016506544e+02 4.081408836801052757e+02 4.078365201856370845e+02 4.075795368650769888e+02 4.073621286033871911e+02 4.071434315919632922e+02 4.070198380428449809e+02 4.070187943785564926e+02 4.070175062872061744e+02 4.070160298857305179e+02 4.070142625194019956e+02 4.070126952281858621e+02 4.070106205675126603e+02 4.070098140537734253e+02
4.659179362504220080e+03 4.087750190107479966e+02 4.084701928481876507e+02 4.081076099688669956e+02 4.078030628650170684e+02 4.075463536461165290e+02 4.073262428931189447e+02 4.071171980035941260e+02 4.070223185137215296e+02 4.070214410418990383e+02 4.070203340193428403e+02 4.070190817235337590e+02 4.070176003763597237e+02 4.070162168383631638e+02 4.070145172849172468e+02 4.070138909393236304e+02
4.709179362504220080e+03 4.088786218206284957e+02 4.085745496210275292e+02 4.082129373454989718e+02 4.079090039217567778e+02 4.076532426720367539e+02 4.074305335907154699e+02 4.072328699202736288e+02 4.071717435613358589e+02 4.071708594032286328e+02 4.071697246434533213e+02 4.071684286620345006e+02 4.071668789031602955e+02 4.071654049204215653e+02 4.071635968226267437e+02 4.071629598320997161e+02
4.759179362504220080e+03 4.092958299788959948e+02 4.089949294527907000e+02 4.086373127029091847e+02 4.083363452372624920e+02 4.080861253743739780e+02 4.078511817134487387e+02 4.077053101026391460e+02 4.077014343645283816e+02 4.077005515707660948e+02 4.076994088599518591e+02 4.076980921427001476e+02 4.076964984233671885e+02 4.076949447675938245e+02 4.076930394316200932e+02 4.076923956548478145e+02
4.809179362504220080e+03 4.091988400172740512e+02 4.088972065918177350e+02 4.085385924415462569e+02 4.082369177133768403e+02 4.079815128093951557e+02 4.077637095055370082e+02 4.077012808568055107e+02 4.077004057183019086e+02 4.076995861294461179e+02 4.076985817795147113e+02 4.076974444904491293e+02 4.076960724099740219e+02 4.076946718454245229e+02 4.076930250707431469e+02 4.076924886568968986e+02
4.859179362504220080e+03 4.097250486692681761e+02 4.094267062246966589e+02 4.090723049136699956e+02 4.087745828193174020e+02 4.085087979636334694e+02 4.083819905084696984e+02 4.083809793398470447e+02 4.083801101898349089e+02 4.083792724463938271e+02 4.083782509690449274e+02 4.083770912832026170e+02 4.083756788967747298e+02 4.083741330909215321e+02 4.083723348130043291e+02 4.083718026776642773e+02
4.894179362504220080e+03 4.098869859187016687e+02 4.095914563924959566e+02 4.092400870028569670e+02 4.089408483205609173e+02 4.087222655712794221e+02 4.086927747228600651e+02 4.086920015198979286e+02 4.086912331391876023e+02 4.086904861430126630e+02 4.086896274390738313e+02 4.086886935554305182e+02 4.086876346600888041e+02 4.086859645857884402e+02 4.086841903455870124e+02 4.086836909014394905e+02
4.899179362504220080e+03 4.099052061562001086e+02 4.096091157968612606e+02 4.092561244535396554e+02 4.089502323765056531e+02 4.087453980898591794e+02 4.087316617456959875e+02 4.087309152160914891e+02 4.087301825937056492e+02 4.087294728867574918e+02 4.087286762448055129e+02 4.087278183154870703e+02 4.087268539679507171e+02 4.087253385004366919e+02 4.087237339297092831e+02 4.087232743223195826e+02
4.949179362504220080e+03 4.105126310038268684e+02 4.102207821383507280e+02 4.098708926328620805e+02 4.096492398931750358e+02 4.096333115591439764e+02 4.096326297396512359e+02 4.096319987244739877e+02 4.096313930481454122e+02 4.096308138168700452e+02 4.096302151662656570e+02 4.096295929229443118e+02 4.096289067044967283e+02 4.096278087391953591e+02 4.096267038770405975e+02 4.096262061479837371e+02
4.999179362504220080e+03 4.107644101465483573e+02 4.105922028561362822e+02 4.105864801629076624e+02 4.105857841664496846e+02 4.105851358071556660e+02 4.105845293781253531e+02 4.105837207647600167e+02 4.105827488013253515e+02 4.105817791657997873e+02 4.105803122650704040e+02 4.105785577070078034e+02 4.105763649341575956e+02 4.105723057656226160e+02 4.105670084464134106e+02 4.105660243599663772e+02
5.049179362504220080e+03 4.091312261006113431e+02 4.088201699630690200e+02 4.086084930780460809e+02 4.086069875536526865e+02 4.086063119274708697e+02 4.086056732729740588e+02 4.086050671280629558e+02 4.086044958179403466e+02 4.086039574763150881e+02 4.086034169206262732e+02 4.086028485352027246e+02 4.086022361437333075e+02 4.086012623487947621e+02 4.086002919972340806e+02 4.086000175898730049e+02
5.099179362504220080e+03 4.109757680978812004e+02 4.107039594210809810e+02 4.103473031687947810e+02 4.101372682766393609e+02 4.101325449310006093e+02 4.101317847904084601e+02 4.101309933819305229e+02 4.101301564787042935e+02 4.101292955961824873e+02 4.101281792754307389e+02 4.101268053305796002e+02 4.101251057396384567e+02 4.101218455934853750e+02 4.101179542006744896e+02 4.101173179783411911e+02
5.149179362504220080e+03 4.101509895737713123e+02 4.098490595802443295e+02 4.095160544974023651e+02 4.094304724755079405e+02 4.094298267254927737e+02 4.094291965891358132e+02 4.094285920343986618e+02 4.094279949668137988e+02 4.094273716498021258e+02 4.094267028999378795e+02 4.094259339545184844e+02 4.094250260221887743e+02 4.094232885693546109e+02 4.094210990868871249e+02 4.094206705288359558e+02
5.199179362504220080e+03 4.093337942957709856e+02 4.090321965670434565e+02 4.087271661563395355e+02 4.086824580938564395e+02 4.086817754649215431e+02 4.086811488303914643e+02 4.086805517275712418e+02 4.086799613255211057e+02 4.086793663356775141e+02 4.086787475168480341e+02 4.086780789266202873e+02 4.086773372990601843e+02 4.086760690843036627e+02 4.086747016586209611e+02 4.086743501250350619e+02
5.249179362504220080e+03 4.105324829116952401e+02 4.102440893317853465e+02 4.098814961874836627e+02 4.096793256988728444e+02 4.096752579448505003e+02 4.096744582233352503e+02 4.096736523829326870e+02 4.096727164938369015e+02 4.096717421991642141e+02 4.096704678647475362e+02 4.096689544192299763e+02 4.096671379493399172e+02 4.096636414121966823e+02 4.096592294128183767e+02 4.096585167574828574e+02
5.299179362504220080e+03 4.099211876398522918e+02 4.096176938032672297e+02 4.093337376729756443e+02 4.093080790747554829e+02 4.093074349050354499e+02 4.093068459613581354e+02 4.093062581238117446e+02 4.093056240337073177e+02 4.093049617358070691e+02 4.093042018426867799e+02 4.093033545089392646e+02 4.093023659728567054e+02 4.093004638462971343e+02 4.092980759895709753e+02 4.092976609913565653e+02
5.349179362504220080e+03 4.106621600202678906e+02 4.103680064378917223e+02 4.100092890631533464e+02 4.097649190580156073e+02 4.097358355099105438e+02 4.097351272428542757e+02 4.097344253361801520e+02 4.097336215644160120e+02 4.097327662954069183e+02 4.097317188856835060e+02 4.097304814678609546e+02 4.097289973028297254e+02 4.097260594510917144e+02 4.097224746436120313e+02 4.097219224539215361e+02
5.399179362504220080e+03 4.101423158848724597e+02 4.098502110526357001e+02 4.094867092640954525e+02 4.091889008821711968e+02 4.090802533108977741e+02 4.090795628787101919e+02 4.090788928182240625e+02 4.090780656394224479e+02 4.090771242443585152e+02 4.090758831648215050e+02 4.090743216754559057e+02 4.090722570608766659e+02 4.090677388096079881e+02 4.090617991426776143e+02 4.090608653077135273e+02
5.449179362504220080e+03 4.085744533251005350e+02 4.082079736071916045e+02 4.078347146174936029e+02 4.076775978777538967e+02 4.076757244175090023e+02 4.076749928231173499e+02 4.076743447302760615e+02 4.076736067148645475e+02 4.076728136090096655e+02 4.076719242569433845e+02 4.076709053789488735e+02 4.076696932997029990e+02 4.076673255714387096e+02 4.076648783237852172e+02 4.076645018346480924e+02
5.499179362504220080e+03 4.076147477358720153e+02 4.073168993787579097e+02 4.072016780412335493e+02 4.072010077861412469e+02 4.072003257812024799e+02 4.071996962495834396e+02 4.071991861681094065e+02 4.071985878180806253e+02 4.071979397281902493e+02 4.071971948562594434e+02 4.071963262314858412e+02 4.071951952132841939e+02 4.071924099053619557e+02 4.071887305056914670e+02 4.071881938346972447e+02
5.549179362504220080e+03 4.057595228710074480e+02 4.054309863548703561e+02 4.052178260288566776e+02 4.052168882994905630e+02 4.052160901876487742e+02 4.052152800905629420e+02 4.052143884315653395e+02 4.052133020464857509e+02 4.052121353262295429e+02 4.052106395741668621e+02 4.052087678728244668e+02 4.052064580726096210e+02 4.052016302223964317e+02 4.051966374316665451e+02 4.051960474870361963e+02
5.599179362504220080e+03 4.033682445914352002e+02 4.031081164103110268e+02 4.030187270819870946e+02 4.030180920912584952e+02 4.030174577770746964e+02 4.030169040772917128e+02 4.030163748805666728e+02 4.030158039412245330e+02 4.030151993008950058e+02 4.030145313661651016e+02 4.030137742866127155e+02 4.030128694590030136e+02 4.030109526413798449e+02 4.030088877311062561e+02 4.030085916961901376e+02
5.649179362504220080e+03 4.026036679502681181e+02 4.026031302392324278e+02 4.026024802402270666e+02 4.026019539743437576e+02 4.026014441021343373e+02 4.026009994792958082e+02 4.026006287637957257e+02 4.026002006243811593e+02 4.025997387076239420e+02 4.025992378196366985e+02 4.025986564516372255e+02 4.025978477650980949e+02 4.025955175724838000e+02 4.025921007841860160e+02 4.025916408149232097e+02
5.699179362504220080e+03 4.050438242569481417e+02 4.050433324410721525e+02 4.050428099634250998e+02 4.050424997980938429e+02 4.050421053252160846e+02 4.050414687674076504e+02 4.050408612473504490e+02 4.050399481496975795e+02 4.050388066196986756e+02 4.050371567851519785e+02 4.050348482704175694e+02 4.050314423851368133e+02 4.050231616851269791e+02 4.050116747965445256e+02 4.050098996920600598e+02
5.749179362504220080e+03 4.046551965999670983e+02 4.043192647039179519e+02 4.041018121357861901e+02 4.040978370387898622e+02 4.040947320625072621e+02 4.040902688204930655e+02 4.040840390592871358e+02 4.040773347575195658e+02 4.040722863941531386e+02 4.040637937268785436e+02 4.040528305632665251e+02 4.040394112504141049e+02 4.040161512005906843e+02 4.039700908097577212e+02 4.039621123759357602e+02
5.799179362504220080e+03 4.034407935126601501e+02 4.030785549237107261e+02 4.026429944746753335e+02 4.022778294407088424e+02 4.019698789649744413e+02 4.017893794421041775e+02 4.017880163033325971e+02 4.017861368748071982e+02 4.017841623034092322e+02 4.017815553594424500e+02 4.017781217644511003e+02 4.017737009464246967e+02 4.017641086569064441e+02 4.017542317717989135e+02 4.017532257595655096e+02
5.849179362504220080e+03 4.035001956989392511e+02 4.031647456696146037e+02 4.027434068043215802e+02 4.023854371793172504e+02 4.020678255273255672e+02 4.018899268093059050e+02 4.018858796263866111e+02 4.018834167246877200e+02 4.018807510844865192e+02 4.018767029505820574e+02 4.018714531584762994e+02 4.018644084834356249e+02 4.018492597461881815e+02 4.018320926044109456e+02 4.018299545197400562e+02
5.899179362504220080e+03 4.012809482953861107e+02 4.009101108271951261e+02 4.004666423751011735e+02 4.000862672583947415e+02 3.997679908233365040e+02 3.995219465348330345e+02 3.994921898234617288e+02 3.994907045341013259e+02 3.994889116283688963e+02 3.994866162142489543e+02 3.994836910133635683e+02 3.994798363713758249e+02 3.994709519313261126e+02 3.994619281459747526e+02 3.994610815353269686e+02
5.949179362504220080e+03 3.999869179434990087e+02 3.996173600538302253e+02 3.991717834975996766e+02 3.987991132404393966e+02 3.984837025761136147e+02 3.982246161522286343e+02 3.981928226919653184e+02 3.981911098258084394e+02 3.981891875207888347e+02 3.981868401799978869e+02 3.981839087837572606e+02 3.981799913935518020e+02 3.981709248150660301e+02 3.981616989923899155e+02 3.981608926824072796e+02
5.999179362504220080e+03 3.986371138988015446e+02 3.982738749679326702e+02 3.978177276606369333e+02 3.974299663888754139e+02 3.971299504280346468e+02 3.968599050874458953e+02 3.967959037655743941e+02 3.967945392923381860e+02 3.967926268592043471e+02 3.967899998279912097e+02 3.967865071553096641e+02 3.967816384934401981e+02 3.967707471742498910e+02 3.967602010807150918e+02 3.967595377267390404e+02
6.049179362504220080e+03 3.976449919857122950e+02 3.972412563493945754e+02 3.967770445825599381e+02 3.964146895509461501e+02 3.961024897308321897e+02 3.958283524176702599e+02 3.957841297756879158e+02 3.957828375508589716e+02 3.957809034595707089e+02 3.957782049089859129e+02 3.957745775977967924e+02 3.957693311620343479e+02 3.957576906195282049e+02 3.957459675170761102e+02 3.957452217379023978e+02
6.099179362504220080e+03 3.971584128823790252e+02 3.967586528695561583e+02 3.963011082426833696e+02 3.959256600281657370e+02 3.956038846647214200e+02 3.953204826846755964e+02 3.952905837342777886e+02 3.952891098776511285e+02 3.952869876962737976e+02 3.952839822947141784e+02 3.952797489631851136e+02 3.952744642489188891e+02 3.952625076368865393e+02 3.952497722066332244e+02 3.952489134662671404e+02
6.149179362504220080e+03 3.968494373055605138e+02 3.964436408157138203e+02 3.959606482919102177e+02 3.955645849989239196e+02 3.952351266221475043e+02 3.950181604813280956e+02 3.950133045174882227e+02 3.950117969819235668e+02 3.950096677865195147e+02 3.950067185313432674e+02 3.950031100261779784e+02 3.949985070771259075e+02 3.949864590693020432e+02 3.949744308175492620e+02 3.949735201168279559e+02
6.199179362504220080e+03 3.966509128134681532e+02 3.962368793471126764e+02 3.957551082830082692e+02 3.953608800536992476e+02 3.950078541389293605e+02 3.948496123632082799e+02 3.948486326794137540e+02 3.948470418839389140e+02 3.948448759427901678e+02 3.948419238636473665e+02 3.948381126487278721e+02 3.948317990590657018e+02 3.948179434962602841e+02 3.948051109799911842e+02 3.948040944934866729e+02
6.249179362504220080e+03 3.962168025975599335e+02 3.957982835029612829e+02 3.953064885183410979e+02 3.948974875143440499e+02 3.945323857797063738e+02 3.943692661272555142e+02 3.943683847617220408e+02 3.943671172451695952e+02 3.943656237987418081e+02 3.943643060710392092e+02 3.943573265091080202e+02 3.943455011203462277e+02 3.943370395021487411e+02 3.943265863197868839e+02 3.943201726222471279e+02
6.299179362504220080e+03 3.959481512938384071e+02 3.955261035998070156e+02 3.950369306613919775e+02 3.946452279649893171e+02 3.943111485708448072e+02 3.942118247958716779e+02 3.942110666779555004e+02 3.942098721881381493e+02 3.942083905649350299e+02 3.942072009896568829e+02 3.942036862300621465e+02 3.941914506915296101e+02 3.941881724163866920e+02 3.941761850366302156e+02 3.941674633403896451e+02
6.349179362504220080e+03 3.957386096600806127e+02 3.953058393667221253e+02 3.948121118417297453e+02 3.944127624062965651e+02 3.940950676661686884e+02 3.940474660527578408e+02 3.940468766023323610e+02 3.940449259202724193e+02 3.940415089960319506e+02 3.940406231616898367e+02 3.940358266023690703e+02 3.940199385461141901e+02 3.940192594653891547e+02 3.940102295118800839e+02 3.940014134756036697e+02
6.399179362504220080e+03 3.953193732741066810e+02 3.948720371869984547e+02 3.943734497577119669e+02 3.939810056176293074e+02 3.936675383681413223e+02 3.936222171515429977e+02 3.936216320254962397e+02 3.936193383541537969e+02 3.936153563951254455e+02 3.936129199339652018e+02 3.936100407872284563e+02 3.936080349987603313e+02 3.936079589944781105e+02 3.935992732149931044e+02 3.935916114813211948e+02
6.449179362504220080e+03 3.954834328062213444e+02 3.950743535013463088e+02 3.945665208211561890e+02 3.941175968373821661e+02 3.938351706958295608e+02 3.938290834759768586e+02 3.938284692711886805e+02 3.938251863287769652e+02 3.938236001413677627e+02 3.938226203724155994e+02 3.938120575849057445e+02 3.938092732461905712e+02 3.938091464990266104e+02 3.937935432288438165e+02 3.937876059247279272e+02
6.499179362504220080e+03 3.960707967660233635e+02 3.956413011637902173e+02 3.951337468786952627e+02 3.946905891637598529e+02 3.944424248467893790e+02 3.944398537362034745e+02 3.944392433255005699e+02 3.944359049803176163e+02 3.944340493398007652e+02 3.944330388062489874e+02 3.944218862265390158e+02 3.944192452484683145e+02 3.944191081266442325e+02 3.944093811050659042e+02 3.944072296739617514e+02
6.549179362504220080e+03 3.954033234707108022e+02 3.949788496705331227e+02 3.944774181358347960e+02 3.940507856129397055e+02 3.938099429714251301e+02 3.938070589425996104e+02 3.938064037965853004e+02 3.938025643992463074e+02 3.938003952064042892e+02 3.937992029963138521e+02 3.937861024926380082e+02 3.937829820457269534e+02 3.937828471706221762e+02 3.937681660429226440e+02 3.937655381125214831e+02
6.599179362504220080e+03 3.965417503316787702e+02 3.962207254866062840e+02 3.957325700243277424e+02 3.952788847141184760e+02 3.949767558201995143e+02 3.949697467816945391e+02 3.949692300230552746e+02 3.949664644659958412e+02 3.949648583586684936e+02 3.949639760153298198e+02 3.949552814352391010e+02 3.949532938024055966e+02 3.949531642911734934e+02 3.949502319426514987e+02 3.949488647480816326e+02
6.649179362504220080e+03 3.957339797713884764e+02 3.953236033720008891e+02 3.948399912893178225e+02 3.944237427025751117e+02 3.942155859183271787e+02 3.942144063662484541e+02 3.942137192718987535e+02 3.942097806498453565e+02 3.942072222781214919e+02 3.942058130761467396e+02 3.941933121221112515e+02 3.941906674883471169e+02 3.941905285699675687e+02 3.941866753739963087e+02 3.941847307533332696e+02
6.699179362504220080e+03 3.952442529077789004e+02 3.948280086001976201e+02 3.943335310843205548e+02 3.939014646886982973e+02 3.936924699313593692e+02 3.936918566809520144e+02 3.936913298583380083e+02 3.936897127865103698e+02 3.936879790924797931e+02 3.936870234935744293e+02 3.936772384399928910e+02 3.936759988257119858e+02 3.936758685154659929e+02 3.936742889521142388e+02 3.936734864631794721e+02
6.749179362504220080e+03 3.950149783144026401e+02 3.945877977455332939e+02 3.940978970472066294e+02 3.936864290520009035e+02 3.935263429436404294e+02 3.935257091763966173e+02 3.935251332029766900e+02 3.935235746224393552e+02 3.935220146342734893e+02 3.935208587857588896e+02 3.935089116723421512e+02 3.935075224461476182e+02 3.935073909971625881e+02 3.935056565633675518e+02 3.935047059206657423e+02
6.799179362504220080e+03 3.950314818054338843e+02 3.946002906608629246e+02 3.941031581005241833e+02 3.937092873743215478e+02 3.935953332965497680e+02 3.935947280840724716e+02 3.935941583312830971e+02 3.935920650445999627e+02 3.935901612602486352e+02 3.935895764494957234e+02 3.935787770636447362e+02 3.935775192253391310e+02 3.935774045604885032e+02 3.935759075163845750e+02 3.935751024696005516e+02
6.849179362504220080e+03 3.949735112902790206e+02 3.945450782276475934e+02 3.940448646842170319e+02 3.936594765572448296e+02 3.935740516966687892e+02 3.935734444434430088e+02 3.935728559795103365e+02 3.935707987970289992e+02 3.935686250876381109e+02 3.935679757871740776e+02 3.935573873065029602e+02 3.935562835861150006e+02 3.935561795830269602e+02 3.935548476155216235e+02 3.935541022916352176e+02
6.899179362504220080e+03 3.948883392018336735e+02 3.944493748864156828e+02 3.939453793854534069e+02 3.935726739833694978e+02 3.935082389722031735e+02 3.935076209065953776e+02 3.935070085932903794e+02 3.935043667254791444e+02 3.935021186254529084e+02 3.935009810849394398e+02 3.934906908931880025e+02 3.934901813225993692e+02 3.934901548527092245e+02 3.934895966457834788e+02 3.934892529214014303e+02
6.949179362504220080e+03 3.950203666482544804e+02 3.946252571033141407e+02 3.941247371274199622e+02 3.937354893064156727e+02 3.936413621107344625e+02 3.936407364066633363e+02 3.936401478961610110e+02 3.936395756649067721e+02 3.936342628890124615e+02 3.936313148931303090e+02 3.936237740547358044e+02 3.936235473181232010e+02 3.936233079445753447e+02 3.936227383007982326e+02 3.936215156570992235e+02
6.999179362504220080e+03 3.948798246279611703e+02 3.945414530326979161e+02 3.940622587681204436e+02 3.936950795922955422e+02 3.936167796846291935e+02 3.936161190375653973e+02 3.936155255490820082e+02 3.936148985719690927e+02 3.936097758448354966e+02 3.936049922834342851e+02 3.935979416040696606e+02 3.935978265391162267e+02 3.935974538169488710e+02 3.935964226169240305e+02 3.935963758992571684e+02
7.049179362504220080e+03 3.949271797942508897e+02 3.945059035430909944e+02 3.939997516236250021e+02 3.936557354384362384e+02 3.936240632392463112e+02 3.936234674873618360e+02 3.936229146685503792e+02 3.936224369142152000e+02 3.936168013680511422e+02 3.936103980021188136e+02 3.936019009550306009e+02 3.936017830472605397e+02 3.936011829386038130e+02 3.936000743929009786e+02 3.936000560054033031e+02
7.099179362504220080e+03 3.948576125914568138e+02 3.943682558840554293e+02 3.938525604538003790e+02 3.935609913865404792e+02 3.935532199580574115e+02 3.935525206479363760e+02 3.935519205675468584e+02 3.935515276878406894e+02 3.935449467778183248e+02 3.935393463399261123e+02 3.935314309931404182e+02 3.935313385675989366e+02 3.935310556951061471e+02 3.935304413386397187e+02 3.935304095978800092e+02
7.149179362504220080e+03 3.948236619872284905e+02 3.943584782436211071e+02 3.938323079341236621e+02 3.935890894571349463e+02 3.935885213629334203e+02 3.935880218390645950e+02 3.935876715985547207e+02 3.935874660605883264e+02 3.935831339800018895e+02 3.935713479116989788e+02 3.934286193832405161e+02 3.934278893045204768e+02 3.934265899021734754e+02 3.934229078047217740e+02 3.934228309348832227e+02
7.199179362504220080e+03 3.946427889563319127e+02 3.942069203224494913e+02 3.936972939939214484e+02 3.934926761291048933e+02 3.934921483457032991e+02 3.934916714851989354e+02 3.934913509146584829e+02 3.934910067062426151e+02 3.934870382873032213e+02 3.934784974480165261e+02 3.934256293336238741e+02 3.933954881277506956e+02 3.933768035869369442e+02 3.933761704048332604e+02 3.933761137986742824e+02
7.249179362504220080e+03 3.945308258023072767e+02 3.940891328584185658e+02 3.935854589057814792e+02 3.933985674813828837e+02 3.933980383777130783e+02 3.933975395950311622e+02 3.933971862966681101e+02 3.933969641232949357e+02 3.933921196134755291e+02 3.933888471898135322e+02 3.933592016802069793e+02 3.933335456282744076e+02 3.933334926829347182e+02 3.933333973335953715e+02 3.933333346041733876e+02
7.299179362504220080e+03 3.944820109538976567e+02 3.940426949109003658e+02 3.935411233009230614e+02 3.933756395981965852e+02 3.933751327945615230e+02 3.933746580541076128e+02 3.933743255898402822e+02 3.933741254003483618e+02 3.933694348672656815e+02 3.933678724009475332e+02 3.933482215064170759e+02 3.933281991161762221e+02 3.933281450214391270e+02 3.933280580973086558e+02 3.933280009531730457e+02
7.349179362504220080e+03 3.944533274554823947e+02 3.940123499302183063e+02 3.935044901186790298e+02 3.933194696086698627e+02 3.933189631905515853e+02 3.933184776077652032e+02 3.933181291925341156e+02 3.933178007708069117e+02 3.933086198961898390e+02 3.933042980742136479e+02 3.932910635539527107e+02 3.932756391638408786e+02 3.932755955858931429e+02 3.932755252552357206e+02 3.932754770237323214e+02
7.399179362504220080e+03 3.944638705663899145e+02 3.940214585005408594e+02 3.935198307192783886e+02 3.933561245536524211e+02 3.933556183293775916e+02 3.933551447728057724e+02 3.933548105382092217e+02 3.933544527734808867e+02 3.933478694783540845e+02 3.933438630516264993e+02 3.933427784946686643e+02 3.933418350149509592e+02 3.933417503913977384e+02 3.933416372365271627e+02 3.933415776097880325e+02
7.449179362504220080e+03 3.944163505278352773e+02 3.939749914525054919e+02 3.934693542866671123e+02 3.932792030352729853e+02 3.932786519963592582e+02 3.932781200468351699e+02 3.932777426284973785e+02 3.932773163426259657e+02 3.932658821940377720e+02 3.932579960355379853e+02 3.932565089560809497e+02 3.932549195879727222e+02 3.932548634111379897e+02 3.932547981422963517e+02 3.932547551779666719e+02
7.499179362504220080e+03 3.944035822499234882e+02 3.939701018185003250e+02 3.934719564019662243e+02 3.933077541744854670e+02 3.933072183217216775e+02 3.933067577392622525e+02 3.933064713358340327e+02 3.933059443768129881e+02 3.932945029819971978e+02 3.932871038353224549e+02 3.932858262277783297e+02 3.932841602928530733e+02 3.932841301608238496e+02 3.932840919608862578e+02 3.932840538919788287e+02
7.549179362504220080e+03 3.943721241843425673e+02 3.939275439799852165e+02 3.934242970452994541e+02 3.932470716807558802e+02 3.932464797894010076e+02 3.932459474087328317e+02 3.932455740660849983e+02 3.932451784727100517e+02 3.932410423460051447e+02 3.932404630649044748e+02 3.932403270444380610e+02 3.932401879159460805e+02 3.932401453250355985e+02 3.932400953411831779e+02 3.932400465794589763e+02
7.599179362504220080e+03 3.943566795596827887e+02 3.939160245482661367e+02 3.934207937557215473e+02 3.932762367908552505e+02 3.932757127849034191e+02 3.932752318398528359e+02 3.932748883337467873e+02 3.932743798329921674e+02 3.932715443257439460e+02 3.932711127398044937e+02 3.932710965845188866e+02 3.932710756609819782e+02 3.932710429110913992e+02 3.932710046504797674e+02 3.932709684880309737e+02
7.649179362504220080e+03 3.943669161265509047e+02 3.939218167782955788e+02 3.934332277067090331e+02 3.933036270886220791e+02 3.933030924964672295e+02 3.933026634655857379e+02 3.933017004846448117e+02 3.933004292803495900e+02 3.932984133500224289e+02 3.932976360676982495e+02 3.932976235833203873e+02 3.932976048025743694e+02 3.932975749725504784e+02 3.932975398722277305e+02 3.932975066253172258e+02
7.699179362504220080e+03 3.943424744751610547e+02 3.938995294398441729e+02 3.934170402394400980e+02 3.932997709934400632e+02 3.932991813171068998e+02 3.932986135030408832e+02 3.932979366727461752e+02 3.932929326896772295e+02 3.932880285766306088e+02 3.932880109929451464e+02 3.932879908007093945e+02 3.932879574016049560e+02 3.932879252370137806e+02 3.932878924347137399e+02 3.932878621843692599e+02
7.749179362504220080e+03 3.943450285254798473e+02 3.939012963787967578e+02 3.934155325309334899e+02 3.932938959284930434e+02 3.932933096429438820e+02 3.932927324908126820e+02 3.932919787281432491e+02 3.932871341429149652e+02 3.932824673107339777e+02 3.932824499137271914e+02 3.932824267478175670e+02 3.932823968421918721e+02 3.932823761228202102e+02 3.932823533791979571e+02 3.932823329070534442e+02
7.799179362504220080e+03 3.943488470773358472e+02 3.939046378294390820e+02 3.934138769170358501e+02 3.932800723612106708e+02 3.932794753926281146e+02 3.932788558275753985e+02 3.932777610512156343e+02 3.932726004216258389e+02 3.932666317435787846e+02 3.932666033974452375e+02 3.932665493460741573e+02 3.932664847918554187e+02 3.932664577044055250e+02 3.932664232595299154e+02 3.932663933432592103e+02
7.849179362504220080e+03 3.943637119832297913e+02 3.939199256847600736e+02 3.934361466571766641e+02 3.933240761803492092e+02 3.933235284271588057e+02 3.933229497048036478e+02 3.933218642579445259e+02 3.933157682098516830e+02 3.933040545237452079e+02 3.933040261408203833e+02 3.933039407378108763e+02 3.933038377071693503e+02 3.933038078399661117e+02 3.933037652597519127e+02 3.933037317722753414e+02
7.899179362504220080e+03 3.943827722256046400e+02 3.939469918090042029e+02 3.934576514728185543e+02 3.933291390794643689e+02 3.933283681025557712e+02 3.933276883700051485e+02 3.933271957812342521e+02 3.933254446017721193e+02 3.933250130069946522e+02 3.933249994560389950e+02 3.933249885739183469e+02 3.933249737557291610e+02 3.933249417531154677e+02 3.933249060327014490e+02 3.933248723486748304e+02
7.949179362504220080e+03 3.943824125207318048e+02 3.939520130089508712e+02 3.934564612283098768e+02 3.933033062710877630e+02 3.933028517039502958e+02 3.933009039645404528e+02 3.933002540348351772e+02 3.932981113815170602e+02 3.932974095251116182e+02 3.932973171524675422e+02 3.932972992860670161e+02 3.932972718351539925e+02 3.932972400680860687e+02 3.932972042494812968e+02 3.932971702311091349e+02
7.999179362504220080e+03 3.944461477541999557e+02 3.940029155036377233e+02 3.935069243887905941e+02 3.933574087690848842e+02 3.933572421060185320e+02 3.933554411077671489e+02 3.933521946005244558e+02 3.933515749975925928e+02 3.933515450088403895e+02 3.933515045923751359e+02 3.933514648001959131e+02 3.933514239687993950e+02 3.933513827413117951e+02 3.933513301392189305e+02 3.933512847824820824e+02
8.049179362504220080e+03 3.944066268866245082e+02 3.939650025032609051e+02 3.934681837890703378e+02 3.933255063085339884e+02 3.933253560397347997e+02 3.933237249667935203e+02 3.933204520526429064e+02 3.933200896771313637e+02 3.933200706228115564e+02 3.933200437023639893e+02 3.933200142286054870e+02 3.933199825764111779e+02 3.933199527422793835e+02 3.933199197774504796e+02 3.933198931355860850e+02
8.099179362504220080e+03 3.943956822690206536e+02 3.939546726762811204e+02 3.934679902226320678e+02 3.933421837192645967e+02 3.933420066846713326e+02 3.933400307463983268e+02 3.933359213012125792e+02 3.933355192183321378e+02 3.933355005377369480e+02 3.933354812661902997e+02 3.933354615473514286e+02 3.933354437613636492e+02 3.933354218474240724e+02 3.933353930857231830e+02 3.933353690028602614e+02
8.149179362504220080e+03 3.944070157399725076e+02 3.939596454487073629e+02 3.934763598554346800e+02 3.933604013282477467e+02 3.933601127073222870e+02 3.933579826379867654e+02 3.933547767222912626e+02 3.933546452510598215e+02 3.933546324205242968e+02 3.933546123369649195e+02 3.933545919823422992e+02 3.933545738268579157e+02 3.933545495639249339e+02 3.933545179796416846e+02 3.933544924781624559e+02
8.199179362504219171e+03 3.944223592988141149e+02 3.939656814049999412e+02 3.935055743182331867e+02 3.934433170445551013e+02 3.934419652716615019e+02 3.934380221143878202e+02 3.934370271314044203e+02 3.934369680083012213e+02 3.934368881692645346e+02 3.934368019811083741e+02 3.934367129138039445e+02 3.934366097426139390e+02 3.934364978588073996e+02 3.934363825999367350e+02 3.934362916806693988e+02
8.249179362504219171e+03 3.943998312679132709e+02 3.939595024210581755e+02 3.935076257900511791e+02 3.934407917129462362e+02 3.934410180756716500e+02 3.934356215087561850e+02 3.934345007480856111e+02 3.934344630325016965e+02 3.934344105188527578e+02 3.934343541812062881e+02 3.934342968087596546e+02 3.934342462604768684e+02 3.934341940003049558e+02 3.934341325173783730e+02 3.934340852096068488e+02
8.299179362504219171e+03 3.944353332852137441e+02 3.939911967874195966e+02 3.935492550067535831e+02 3.934916315439505752e+02 3.934909934695346010e+02 3.934860451371583849e+02 3.934851290267758941e+02 3.934851016742887850e+02 3.934850734444844989e+02 3.934850426147964413e+02 3.934850113254862549e+02 3.934849713497430912e+02 3.934849286212279367e+02 3.934848828158587821e+02 3.934848468786677813e+02
8.349179362504219171e+03 3.946622084356872051e+02 3.942210520549292596e+02 3.938445467565052240e+02 3.938348994873614402e+02 3.938334384129781256e+02 3.938021828171422953e+02 3.935575168805584667e+02 3.935527462533709127e+02 3.935527198334983154e+02 3.935526870326418134e+02 3.935526497641590140e+02 3.935526080114307206e+02 3.935525625425428302e+02 3.935525125046706876e+02 3.935524714812834191e+02
8.399179362504219171e+03 3.947380633243133161e+02 3.942994586085685000e+02 3.939472902586036298e+02 3.939432792999441517e+02 3.939415443504219070e+02 3.939106050948985285e+02 3.936120443463786387e+02 3.936036924084482393e+02 3.936036664922557406e+02 3.936036315724873020e+02 3.936035920274999853e+02 3.936035468678841198e+02 3.936035016627984078e+02 3.936034541671018587e+02 3.936034137868496714e+02
8.449179362504219171e+03 3.947740627447503812e+02 3.943376195058403937e+02 3.940072653633727668e+02 3.940056125593669094e+02 3.940035074924338119e+02 3.939668284545670645e+02 3.936358361250153735e+02 3.936261204885667553e+02 3.936260919000325202e+02 3.936260542879744548e+02 3.936260151013990480e+02 3.936259727486977908e+02 3.936259292478528096e+02 3.936258813286549412e+02 3.936258414052300623e+02
8.499179362504219171e+03 3.948508747666568297e+02 3.944137158302096964e+02 3.941398263369998745e+02 3.941394978975962431e+02 3.941357943714937164e+02 3.939367360464203216e+02 3.935460515252310643e+02 3.935258681440006967e+02 3.935257650271603325e+02 3.935256429932108517e+02 3.935255208143873915e+02 3.935253712879669479e+02 3.935252298897124774e+02 3.935251063153353925e+02 3.935250009448628816e+02
8.549179362504219171e+03 3.948163656588784534e+02 3.943787461019205693e+02 3.941044773555493066e+02 3.941041742366115272e+02 3.941007741702989051e+02 3.939245561779950435e+02 3.935891134764651724e+02 3.935720452778019762e+02 3.935719372508160063e+02 3.935718026810110359e+02 3.935716658868980176e+02 3.935714936541893394e+02 3.935713200505898044e+02 3.935711718487424378e+02 3.935710538452464675e+02
8.599179362504219171e+03 3.948271670751950069e+02 3.943896278996276124e+02 3.941150979369684251e+02 3.941148002617370025e+02 3.941133529458617772e+02 3.940575337928398199e+02 3.936488520892611973e+02 3.936364836140237458e+02 3.936363840426752176e+02 3.936362750949142537e+02 3.936361615792067141e+02 3.936360436068432023e+02 3.936359210771051949e+02 3.936357879577742551e+02 3.936356711393151500e+02
8.649179362504219171e+03 3.947958463367323247e+02 3.943581108281208003e+02 3.940833337288365783e+02 3.940830132753845874e+02 3.940817683018398156e+02 3.937724437485114208e+02 3.936731851796782848e+02 3.936607778564401201e+02 3.936606411319318113e+02 3.936605040413704728e+02 3.936603714873641593e+02 3.936602257996797789e+02 3.936600793939909408e+02 3.936599304926609193e+02 3.936598095127010311e+02
8.699179362504219171e+03 3.947486621323305371e+02 3.943102012938960002e+02 3.940356208894459655e+02 3.940353198195855953e+02 3.940341245899536489e+02 3.937580731090034760e+02 3.936731216646222720e+02 3.936622894895659783e+02 3.936621697435970191e+02 3.936620319418346980e+02 3.936618974534512176e+02 3.936617515927871409e+02 3.936616063149799629e+02 3.936614583597935280e+02 3.936613384129536826e+02
8.749179362504219171e+03 3.947758815462324833e+02 3.943351755205329709e+02 3.940499042277826902e+02 3.940496139689116717e+02 3.940482175426688514e+02 3.937441687013241562e+02 3.936649580075251151e+02 3.936551653175875458e+02 3.936550438489255157e+02 3.936549044836623352e+02 3.936547682891584827e+02 3.936546108286020171e+02 3.936544648443567667e+02 3.936543175541941082e+02 3.936541985684938822e+02
8.799179362504219171e+03 3.947184387351145460e+02 3.942792924880830014e+02 3.939894933033402253e+02 3.939892101885541251e+02 3.939876200942142077e+02 3.937729550681506794e+02 3.936759356449529719e+02 3.936653187434283154e+02 3.936652020511911587e+02 3.936650687572256402e+02 3.936649378725572888e+02 3.936647923054763396e+02 3.936646452766008224e+02 3.936645045061804353e+02 3.936643910254983325e+02
8.849179362504219171e+03 3.946855184515650308e+02 3.942464113293586934e+02 3.939698386360514633e+02 3.939695605419021831e+02 3.936805718177114386e+02 3.936678315167399660e+02 3.936616067296614574e+02 3.936607105150192183e+02 3.936605999863540433e+02 3.936604755507923414e+02 3.936603528101568372e+02 3.936602096689583732e+02 3.936600750036318459e+02 3.936599380499110339e+02 3.936598294377175762e+02
8.899179362504219171e+03 3.946487076475727918e+02 3.942090985206640426e+02 3.939320695991287948e+02 3.939317909805121189e+02 3.936905699840267516e+02 3.936845069265278880e+02 3.936817951215714402e+02 3.936813804494126998e+02 3.936812882629645856e+02 3.936811843164689435e+02 3.936810804749389376e+02 3.936809626482544218e+02 3.936808440249229193e+02 3.936807232722979961e+02 3.936806277100517946e+02
8.949179362504219171e+03 3.946069272950771278e+02 3.941665485355971441e+02 3.938802143684687280e+02 3.938799537093971708e+02 3.936775195780473950e+02 3.936746910029134483e+02 3.936736720096040472e+02 3.936734547905193722e+02 3.936733922571631865e+02 3.936733238671840809e+02 3.936732558409376566e+02 3.936731840119185790e+02 3.936731030230129136e+02 3.936730234345260442e+02 3.936729596711658132e+02
8.999179362504219171e+03 3.945788440951855023e+02 3.941391910127553047e+02 3.938613495485516296e+02 3.938610891545296226e+02 3.936720615676910597e+02 3.936699824807166692e+02 3.936692752048110151e+02 3.936690742179238214e+02 3.936690188572632110e+02 3.936689585178893935e+02 3.936688985358462674e+02 3.936688344345041060e+02 3.936687654032494947e+02 3.936686914484787394e+02 3.936686353853668834e+02
9.049179362504219171e+03 3.945429722782246245e+02 3.941021914888542597e+02 3.938239754482412991e+02 3.938237068126693430e+02 3.936928665753742962e+02 3.936915998807019150e+02 3.936911217171223711e+02 3.936909354094007085e+02 3.936908736985964197e+02 3.936908045538784222e+02 3.936907345260059401e+02 3.936906589348171792e+02 3.936905730799552430e+02 3.936905021429829503e+02 3.936904442981190186e+02
9.099179362504219171e+03 3.945110471330252722e+02 3.940699324392398921e+02 3.937914995933113005e+02 3.937912275986487884e+02 3.936698196569134893e+02 3.936688930198960179e+02 3.936685455761038952e+02 3.936684039996274578e+02 3.936683484902140435e+02 3.936682848555238365e+02 3.936682189010871298e+02 3.936681486096659910e+02 3.936680673180998156e+02 3.936680002574622677e+02 3.936679458918929413e+02
9.149179362504219171e+03 3.944847471352338175e+02 3.940435088776909538e+02 3.937647973301718025e+02 3.937645143617774579e+02 3.936921156751987496e+02 3.936916648935015814e+02 3.936914150874806637e+02 3.936912751660435674e+02 3.936912128003878593e+02 3.936911421174603447e+02 3.936910694139786528e+02 3.936909929068510792e+02 3.936909041925363226e+02 3.936908311172802541e+02 3.936907715703397344e+02
9.199179362504219171e+03 3.944272771653626251e+02 3.939845444701187489e+02 3.936857263759198986e+02 3.936854902077241150e+02 3.936711247933002937e+02 3.936709245497864913e+02 3.936707696691684077e+02 3.936706610527278372e+02 3.936706021177449770e+02 3.936705418472571409e+02 3.936704840155380225e+02 3.936704238094638413e+02 3.936703602191971640e+02 3.936703039174178116e+02 3.936702578271041375e+02
9.249179362504219171e+03 3.944039447912073797e+02 3.939484929113996827e+02 3.936440844776313952e+02 3.936241760578029698e+02 3.936219636281437033e+02 3.936210220436675513e+02 3.936207106993769003e+02 3.936205677950449626e+02 3.936204694036919705e+02 3.936203656339617396e+02 3.936202664972298635e+02 3.936201652429361957e+02 3.936200543128567233e+02 3.936199597002180894e+02 3.936198848550940852e+02
9.299179362504219171e+03 3.943651756923024436e+02 3.939222630673004346e+02 3.936438121416045988e+02 3.936424988685668040e+02 3.936420066160542888e+02 3.936416347717923827e+02 3.936413416244988639e+02 3.936411890929120432e+02 3.936410975626014306e+02 3.936410004024758109e+02 3.936409017997805222e+02 3.936408010726444218e+02 3.936406868634708189e+02 3.936405884324308886e+02 3.936405083084674175e+02
9.349179362504219171e+03 3.943149387837244149e+02 3.938721488279882124e+02 3.936097600314976717e+02 3.936068996998432681e+02 3.936061711787125432e+02 3.936055429874310789e+02 3.936050094405128448e+02 3.936047871149944513e+02 3.936046614431898547e+02 3.936045287679551166e+02 3.936043989873970759e+02 3.936042702120879540e+02 3.936041309430153206e+02 3.936040086282853849e+02 3.936039090858126883e+02
9.399179362504219171e+03 3.942603865944662971e+02 3.938170516709628259e+02 3.935762455098860642e+02 3.935676855705733601e+02 3.935664237982017539e+02 3.935652135160456169e+02 3.935644234207188106e+02 3.935641820573430323e+02 3.935640513118128183e+02 3.935639107031715866e+02 3.935637712953471237e+02 3.935636297941205157e+02 3.935634744908993525e+02 3.935633397218125538e+02 3.935632320086830305e+02
9.449179362504219171e+03 3.942361448852469152e+02 3.937951903604502490e+02 3.936071447817029139e+02 3.936007228188464069e+02 3.935996225721835344e+02 3.935985502860718270e+02 3.935977624314604100e+02 3.935976213609625347e+02 3.935974933262511399e+02 3.935973559632437286e+02 3.935972195252624601e+02 3.935970795062322622e+02 3.935969267796073723e+02 3.935967931577606578e+02 3.935966860977512738e+02
9.499179362504219171e+03 3.941877913076791629e+02 3.937534178428779228e+02 3.935493740386947366e+02 3.935413754241636752e+02 3.935410878924789131e+02 3.935405198083146843e+02 3.935400639752130019e+02 3.935399426964475538e+02 3.935398027364997233e+02 3.935396564470510157e+02 3.935395149855485784e+02 3.935393689425012553e+02 3.935392245981821588e+02 3.935390897051101433e+02 3.935389837081712585e+02
9.549179362504219171e+03 3.941723613813903171e+02 3.937385457814958158e+02 3.935659479661554769e+02 3.935599490271131913e+02 3.935597190161490744e+02 3.935592193347372358e+02 3.935586785804406418e+02 3.935585385975042527e+02 3.935583726930268540e+02 3.935581999883728486e+02 3.935580310545755083e+02 3.935578555965529972e+02 3.935576834967627633e+02 3.935575205223528883e+02 3.935573914936541087e+02
9.599179362504219171e+03 3.941450206550118764e+02 3.937114038468929493e+02 3.935407361266592261e+02 3.935331255317130967e+02 3.935328786623175574e+02 3.935323905219386802e+02 3.935318047736056997e+02 3.935316619095970623e+02 3.935314921899140472e+02 3.935313152382074691e+02 3.935311421897686728e+02 3.935309616715405809e+02 3.935307840714555709e+02 3.935306151683689677e+02 3.935304813949935010e+02
9.649179362504219171e+03 3.940969533201908348e+02 3.936656768897275356e+02 3.934955538572316982e+02 3.934844081956623540e+02 3.934841447407101214e+02 3.934836601429151415e+02 3.934830960994877955e+02 3.934829539129203795e+02 3.934827848363923408e+02 3.934826088046717132e+02 3.934824363094804767e+02 3.934822562394459737e+02 3.934820793705404185e+02 3.934819101751404560e+02 3.934817763766395728e+02
9.699179362504219171e+03 3.941135866585355529e+02 3.936853620357206296e+02 3.935418805427403868e+02 3.935393735275746394e+02 3.935391884515333913e+02 3.935388249769495133e+02 3.935384253997600581e+02 3.935382874299813238e+02 3.935381221960158200e+02 3.935379504324777145e+02 3.935377819285852183e+02 3.935376065945016535e+02 3.935374340129641269e+02 3.935372676443399769e+02 3.935371360850732003e+02
9.749179362504219171e+03 3.941342893548027746e+02 3.937122987165004133e+02 3.935072371217708564e+02 3.935042603588528891e+02 3.935035444160055249e+02 3.935024209935604063e+02 3.935019028069440310e+02 3.935017704397540115e+02 3.935016148649302181e+02 3.935014499078396284e+02 3.935012881456520972e+02 3.935011157544084313e+02 3.935009454368561137e+02 3.935007833064181000e+02 3.935006548193921390e+02
9.799179362504219171e+03 3.940680255290076275e+02 3.936466733078042921e+02 3.934724809563217036e+02 3.934712105015897805e+02 3.934708627008943154e+02 3.934703680207352363e+02 3.934700538142612913e+02 3.934699281464833689e+02 3.934697810039459682e+02 3.934696261481932424e+02 3.934694723741033613e+02 3.934693096229228217e+02 3.934691478558938229e+02 3.934689922486585374e+02 3.934688691612428784e+02
9.849179362504219171e+03 3.940642393445781408e+02 3.936447695766083825e+02 3.934661685818769001e+02 3.934639481532453829e+02 3.934634410714264732e+02 3.934628476693958419e+02 3.934624805962191090e+02 3.934623635842579006e+02 3.934622303310118809e+02 3.934620901597102716e+02 3.934619512492647004e+02 3.934618040697374681e+02 3.934616579285096236e+02 3.934615185293652075e+02 3.934614080170513262e+02
9.899179362504219171e+03 3.940723581344112745e+02 3.936547888596343796e+02 3.934839469778725629e+02 3.934823158577748359e+02 3.934819548024582900e+02 3.934815092602910909e+02 3.934812106171213486e+02 3.934810858580490276e+02 3.934809496581217445e+02 3.934808080421768182e+02 3.934806689423261332e+02 3.934805228756820838e+02 3.934803775653336970e+02 3.934802390181241663e+02 3.934801285220825093e+02
9.949179362504219171e+03 3.940460381600697701e+02 3.936270336595917456e+02 3.934359889107830668e+02 3.934358303482791257e+02 3.934356193750669490e+02 3.934353226186548227e+02 3.934351118366883497e+02 3.934349828059210950e+02 3.934348439190807767e+02 3.934346992085934858e+02 3.934345566493771003e+02 3.934344058527344714e+02 3.934342555966049986e+02 3.934341125239463395e+02 3.934339981258623311e+02
9.999179362504219171e+03 3.940422062524842204e+02 3.936312499955168391e+02 3.934332785231518415e+02 3.934327719987395540e+02 3.934324695510466654e+02 3.934318968648095733e+02 3.934315691614974071e+02 3.934314074519452333e+02 3.934312421514155176e+02 3.934310737623953287e+02 3.934309076640399212e+02 3.934307329568212026e+02 3.934305593333381239e+02 3.934303930535618861e+02 3.934302598913923816e+02
1.004917936250421917e+04 3.940334852668053145e+02 3.936250246014966478e+02 3.934307388934512346e+02 3.934302266560314933e+02 3.934299398735399791e+02 3.934293554700686855e+02 3.934289904418850483e+02 3.934288158245723821e+02 3.934286374076644961e+02 3.934284561463886689e+02 3.934282774531693576e+02 3.934280894034594667e+02 3.934279028675053951e+02 3.934277234615163934e+02 3.934275807926422885e+02
1.009917936250421917e+04 3.940177500824233903e+02 3.936077050881865489e+02 3.933899072956877490e+02 3.933893733881457138e+02 3.933890834416948792e+02 3.933884877481937110e+02 3.933880982592909845e+02 3.933879175381365485e+02 3.933877340296496641e+02 3.933875483606354351e+02 3.933873651797129583e+02 3.933871708337392192e+02 3.933869773669464962e+02 3.933867935358917407e+02 3.933866475971433374e+02
1.014917936250421917e+04 3.940076270031795502e+02 3.936036752019871869e+02 3.934272653183715533e+02 3.934267750451295456e+02 3.934264939113840569e+02 3.934259166344276650e+02 3.934255383527277559e+02 3.934253542029395021e+02 3.934251684465492644e+02 3.934249816151827304e+02 3.934247970070854308e+02 3.934246042909516063e+02 3.934244136421667690e+02 3.934242289105147279e+02 3.934240825892034081e+02
1.019917936250421917e+04 3.939870118876735887e+02 3.935834382965742293e+02 3.933915202269755014e+02 3.933910185069477166e+02 3.933906859841363257e+02 3.933900870564352772e+02 3.933897465518556373e+02 3.933895598425880280e+02 3.933893723749304172e+02 3.933891847149061505e+02 3.933889989864210293e+02 3.933888058173616287e+02 3.933886143004572205e+02 3.933884288813469539e+02 3.933882820437989949e+02
1.024917936250421917e+04 3.939738976748394066e+02 3.935732018175744429e+02 3.934053367086115145e+02 3.934049815823070162e+02 3.934046215599070706e+02 3.934040453314951264e+02 3.934037091229582188e+02 3.934035196470471760e+02 3.934033303474207059e+02 3.934031418609121715e+02 3.934029550243856193e+02 3.934027609765988700e+02 3.934025684624859878e+02 3.934023824050448752e+02 3.934022353230811859e+02
1.029917936250421917e+04 3.939254942513909441e+02 3.935249727357395386e+02 3.933399960714277768e+02 3.933395799875462444e+02 3.933392011668859141e+02 3.933386050195276766e+02 3.933382756482077980e+02 3.933380899666339019e+02 3.933379031052368759e+02 3.933377160051639407e+02 3.933375303226232518e+02 3.933373390663326177e+02 3.933371495155715820e+02 3.933369640379094108e+02 3.933368172804972005e+02
1.034917936250421917e+04 3.939207801180357365e+02 3.935230708508609609e+02 3.933513894585984190e+02 3.933510119667095069e+02 3.933506503598392214e+02 3.933500889371841822e+02 3.933497679229076311e+02 3.933495830864441132e+02 3.933493966031542755e+02 3.933492101279798021e+02 3.933490248720019054e+02 3.933488339467172636e+02 3.933486440964750841e+02 3.933484590083329522e+02 3.933483128285521957e+02
1.039917936250421917e+04 3.939098426415059180e+02 3.935130015938766519e+02 3.933469156063886771e+02 3.933465565366245755e+02 3.933462018668977862e+02 3.933456432934499389e+02 3.933453205313188050e+02 3.933451343989435713e+02 3.933449473110769077e+02 3.933447609750529637e+02 3.933445756866241254e+02 3.933443846449176817e+02 3.933441943132601182e+02 3.933440092887246351e+02 3.933438632994066779e+02
1.044917936250421917e+04 3.939006781828389876e+02 3.935065335892612666e+02 3.933240811481537094e+02 3.933236439335755676e+02 3.933232477449646467e+02 3.933226232925517252e+02 3.933222748395575081e+02 3.933220780945655974e+02 3.933218848353520798e+02 3.933216961479848806e+02 3.933215087214578034e+02 3.933213145402733062e+02 3.933211226826211941e+02 3.933209368617476684e+02 3.933207906840985402e+02
1.049917936250421917e+04 3.939011385009499691e+02 3.935139357136104650e+02 3.933304012135422454e+02 3.933299682272220821e+02 3.933295638081708603e+02 3.933288529002265363e+02 3.933284619025045004e+02 3.933282378160521375e+02 3.933280232756374062e+02 3.933278195923196563e+02 3.933276213900161338e+02 3.933274212035754545e+02 3.933272273669485344e+02 3.933270354529812494e+02 3.933268863389590706e+02
1.054917936250421917e+04 3.939317712176545001e+02 3.935531458049297271e+02 3.933452618666784701e+02 3.933447827172317943e+02 3.933443622032231133e+02 3.933435189450920575e+02 3.933430603687873486e+02 3.933428008628890780e+02 3.933425533718663587e+02 3.933423221674873957e+02 3.933421011397668963e+02 3.933418818675856414e+02 3.933416691873302966e+02 3.933414640580734840e+02 3.933413075508497059e+02
1.059917936250421917e+04 4.139904806155190045e+02 4.139682099148666339e+02 4.138692724716669318e+02 4.137780736059421542e+02 4.136951879881206651e+02 4.136142840261883293e+02 4.131061660484232902e+02 4.129570267975448132e+02 4.128076389848502004e+02 4.127060671784086026e+02 4.127048269132926634e+02 4.127038747404315018e+02 4.127032299249561902e+02 4.127024182477384215e+02 4.127018255866762502e+02
1.064917936250421917e+04 4.121466941327436189e+02 4.121462052670473213e+02 4.121343241924702738e+02 4.121174671256042643e+02 4.121126114822565114e+02 4.118785767343231328e+02 4.117165438756795766e+02 4.116740923650239665e+02 4.116732589742288155e+02 4.116725168498865060e+02 4.116718630638994227e+02 4.116712427176454412e+02 4.116706459484427114e+02 4.116700402488357895e+02 4.116695946082197679e+02
1.069917936250421917e+04 4.130202360197337157e+02 4.130191854904833235e+02 4.130072552418255327e+02 4.125743986296381536e+02 4.124271744499089891e+02 4.124255718485014199e+02 4.124245995491946246e+02 4.124237819613665010e+02 4.124230585023913136e+02 4.124223066549212717e+02 4.124215650632631309e+02 4.124208313833250372e+02 4.124201198983626568e+02 4.124193988919243452e+02 4.124188629699949615e+02
1.074917936250421917e+04 4.111092776759314802e+02 4.111083241484139990e+02 4.111075979989891493e+02 4.111068946207013823e+02 4.111061265501602406e+02 4.111054573552058287e+02 4.111047830133961156e+02 4.111040989599824229e+02 4.111033671662122515e+02 4.111026853514501909e+02 4.111019925082383679e+02 4.111012921310501156e+02 4.111006372684172447e+02 4.110999185106591085e+02 4.110993534869032828e+02
1.079917936250421917e+04 4.066945563157273114e+02 4.065027292382302448e+02 4.065020251659053656e+02 4.065013544721388143e+02 4.065006633532467504e+02 4.064999942108369169e+02 4.064993252331941562e+02 4.064986557238929663e+02 4.064979925538012822e+02 4.064973645948115291e+02 4.064967249938034684e+02 4.064960714756020934e+02 4.064954420404561688e+02 4.064948144364658447e+02 4.064943305590089153e+02
1.084917936250421917e+04 4.026468151709613608e+02 4.024572236817028852e+02 4.024469644193047770e+02 4.024462892562092975e+02 4.024456321657650051e+02 4.024449751148590622e+02 4.024443232488798117e+02 4.024436839451434480e+02 4.024430469288638506e+02 4.024424223010319679e+02 4.024417953355351187e+02 4.024411752885704345e+02 4.024405620190054833e+02 4.024399827235880593e+02 4.024395436874087864e+02
1.089917936250421917e+04 4.014514225781657615e+02 4.011689334655901575e+02 4.009301166536228038e+02 4.009293379484669231e+02 4.009286454302875882e+02 4.009279901091625788e+02 4.009273450017789173e+02 4.009266932274297233e+02 4.009260260997216392e+02 4.009254029759546256e+02 4.009247734639741338e+02 4.009241281756357012e+02 4.009235064244024329e+02 4.009228907755157252e+02 4.009224145133380830e+02
1.094917936250421917e+04 3.998233089785024958e+02 3.995275177583383766e+02 3.992177493645579034e+02 3.992066482020041462e+02 3.992059830023279119e+02 3.992053246585400075e+02 3.992046692965450347e+02 3.992040154611336220e+02 3.992033637236149843e+02 3.992027291498131376e+02 3.992020991064739519e+02 3.992014759301849836e+02 3.992008599300967262e+02 3.992002762511521041e+02 3.991998327592573332e+02
1.096582485910421929e+04 3.996583655945169085e+02 3.992569646383258259e+02 3.989369605778532559e+02 3.989091439499898115e+02 3.989085630998542911e+02 3.989078824143317092e+02 3.989071862466008156e+02 3.989064859318428375e+02 3.989057993893268304e+02 3.989051161484448471e+02 3.989044314409539993e+02 3.989037486077775156e+02 3.989030936990127998e+02 3.989024604809739571e+02 3.989019665297853408e+02
1.096583735910422001e+04 3.949985414661034611e+02 3.990881877553137542e+02 3.989395996122922838e+02 3.989117315500934069e+02 3.989113601573249639e+02 3.989108515993592050e+02 3.989103063980526258e+02 3.989097421022929097e+02 3.989091765435467778e+02 3.989086021129136839e+02 3.989080167239221737e+02 3.989074227819484122e+02 3.989068445177002786e+02 3.989062753135297612e+02 3.989058307149992970e+02
1.096593735910422038e+04 3.981708818923125932e+02 3.987636605299547909e+02 3.988547875270926397e+02 3.988497340197857284e+02 3.988497800630613028e+02 3.988496399715992311e+02 3.988494406590922381e+02 3.988492180270509948e+02 3.988489804337817759e+02 3.988487451706935758e+02 3.988485078884346535e+02 3.988482729351004537e+02 3.988480223896381176e+02 3.988477869502899011e+02 3.988476524080612649e+02
1.101619570992354784e+04 3.953080671280575871e+02 3.953077850025876501e+02 3.953073477281511714e+02 3.953069400569105483e+02 3.953065271808974330e+02 3.953061238741975103e+02 3.953057242198460699e+02 3.953053279900980215e+02 3.953049328058016272e+02 3.953045479027207421e+02 3.953041689019028695e+02 3.953037993144545794e+02 3.953034500666303757e+02 3.953031350294369304e+02 3.953029044843108295e+02
1.106747401159219407e+04 3.951721751982778414e+02 3.951718510620262919e+02 3.951714370454966456e+02 3.951710515859772386e+02 3.951706593434373644e+02 3.951702799219287954e+02 3.951699016672579319e+02 3.951695253237711540e+02 3.951691436382538427e+02 3.951687725007814720e+02 3.951684022460838150e+02 3.951680382268988865e+02 3.951676857677651356e+02 3.951673528641553048e+02 3.951671138361320459e+02
1.107555798641183173e+04 3.951411090324712632e+02 3.951404826014392029e+02 3.951399456462050921e+02 3.951394918911777268e+02 3.951390735791898123e+02 3.951386628157154632e+02 3.951382544414938707e+02 3.951378504913759002e+02 3.951374504160463630e+02 3.951370540412389119e+02 3.951366605570536876e+02 3.951362769706330482e+02 3.951359086457889589e+02 3.951355542634736366e+02 3.951352891536737388e+02
1.107611392737563438e+04 3.951683180838575709e+02 3.951684501517327135e+02 3.951680974038259819e+02 3.951677571290275637e+02 3.951674214596430943e+02 3.951670890911420315e+02 3.951667552964181027e+02 3.951664220522933419e+02 3.951660885347802150e+02 3.951657588436122523e+02 3.951654305097288216e+02 3.951651106615452704e+02 3.951647982916155115e+02 3.951644985128667145e+02 3.951642804805229616e+02
1.161249293016792581e+04 3.947353057663669915e+02 3.947350838759574003e+02 3.947348724694533075e+02 3.947346424687405602e+02 3.947343960703241237e+02 3.947341460861347286e+02 3.947338968901221392e+02 3.947336495143432558e+02 3.947333964170319405e+02 3.947331503182642791e+02 3.947329032936708018e+02 3.947326692711287706e+02 3.947324259146784016e+02 3.947321773579579940e+02 3.947319810441219943e+02
1.161250543016792653e+04 3.927224624914769038e+02 3.936194408535324669e+02 3.938420335176621734e+02 3.938672237457769256e+02 3.938857670096586503e+02 3.939077055327139760e+02 3.939288404185408581e+02 3.939488446370094721e+02 3.939649073462828142e+02 3.939818976760767555e+02 3.939971423731556115e+02 3.940174747158719128e+02 3.940299265627538716e+02 3.940415840691572384e+02 3.940514035347215440e+02
1.161260543016792690e+04 3.946080325399793765e+02 3.946102085269585587e+02 3.946085539093159014e+02 3.946086591835356785e+02 3.946085629363178668e+02 3.946083818690387943e+02 3.946081569376437983e+02 3.946079014360338988e+02 3.946075749842106006e+02 3.946072486444797960e+02 3.946068800236158722e+02 3.946064964767044785e+02 3.946060445240715353e+02 3.946055505604742848e+02 3.946050973793711591e+02
1.207825469774593876e+04 3.948131424862600625e+02 3.948129258899898559e+02 3.948125075064368730e+02 3.948122710963779696e+02 3.948120414171580705e+02 3.948117928215123129e+02 3.948115423690999251e+02 3.948112894724838497e+02 3.948110517460696656e+02 3.948107960366911016e+02 3.948105410689992709e+02 3.948102814959497664e+02 3.948100425419708017e+02 3.948097768390073270e+02 3.948095636068190402e+02
1.297825469774593876e+04 3.948413548629866909e+02 3.948409133431023292e+02 3.948403172339902767e+02 3.948399027175690890e+02 3.948393826716812214e+02 3.948389234382011068e+02 3.948384678104325189e+02 3.948379999661707984e+02 3.948375509327473765e+02 3.948370793175254789e+02 3.948366085094643267e+02 3.948361372194269734e+02 3.948357298620019833e+02 3.948352856132920010e+02 3.948349421452430761e+02
1.387825469774593876e+04 3.943020731475439788e+02 3.942878763196885075e+02 3.942861194123269115e+02 3.942856860220244926e+02 3.942852347568292544e+02 3.942847629823329498e+02 3.942842934671203352e+02 3.942838187179547162e+02 3.942833666868418732e+02 3.942828898790700691e+02 3.942824138145695088e+02 3.942819295064694529e+02 3.942814815919139164e+02 3.942809967038326135e+02 3.942806150865757218e+02
1.477825469774593876e+04 3.926330451048692680e+02 3.926338857170335928e+02 3.926337719257049343e+02 3.926333865867357531e+02 3.926329869107942727e+02 3.926325772402773282e+02 3.926321691398819667e+02 3.926317575264965853e+02 3.926313581975885540e+02 3.926309469271132571e+02 3.926305373826427854e+02 3.926301278862291610e+02 3.926297394290353395e+02 3.926293225982137187e+02 3.926290002086213917e+02
1.567825469774593876e+04 3.914161422749776875e+02 3.914141628468966019e+02 3.914131639136587069e+02 3.914127590854507730e+02 3.914123406195102461e+02 3.914119013051893035e+02 3.914114621187072203e+02 3.914110159415698718e+02 3.914105898692358778e+02 3.914101409310869712e+02 3.914096940726624894e+02 3.914092424094341141e+02 3.914088267258884457e+02 3.914083741016094109e+02 3.914080216358609050e+02
1.657825469774593876e+04 3.906741109440138189e+02 3.906580978683918488e+02 3.906525799060752320e+02 3.906521749258422460e+02 3.906517935131498689e+02 3.906513495720137144e+02 3.906509081692161658e+02 3.906504557081009352e+02 3.906500748626774566e+02 3.906496181383105295e+02 3.906491646991641460e+02 3.906486950928630222e+02 3.906483190641932310e+02 3.906478739435382863e+02 3.906475256416402999e+02
1.748106719774593876e+04 3.898050449049723056e+02 3.898042750077600545e+02 3.898035679697242131e+02 3.898030586259408210e+02 3.898025311655022733e+02 3.898020091750997835e+02 3.898014963193247695e+02 3.898009872963080511e+02 3.898004819567145205e+02 3.897999779099532134e+02 3.897994715717669578e+02 3.897989652257554098e+02 3.897984737484044899e+02 3.897979577974809899e+02 3.897975642145642041e+02
1.837925764526856074e+04 3.891157543834274293e+02 3.891145662515298795e+02 3.891136958091034899e+02 3.891131899227725626e+02 3.891126795103286327e+02 3.891121692264480316e+02 3.891116608726108552e+02 3.891111524799340486e+02 3.891106489597040081e+02 3.891101421448557289e+02 3.891096328540660920e+02 3.891091199878567295e+02 3.891086318643991717e+02 3.891081156279586821e+02 3.891077165179789290e+02
1.927925764526856074e+04 3.889809672553965356e+02 3.889795206215916323e+02 3.889785596815458462e+02 3.889780815685068660e+02 3.889775919462655338e+02 3.889770959523040688e+02 3.889766012979708876e+02 3.889761022105269603e+02 3.889756134130643659e+02 3.889751111890803941e+02 3.889746055339674058e+02 3.889740917115248067e+02 3.889736135090204243e+02 3.889731029336350048e+02 3.889727068100423821e+02
2.017925764526856074e+04 3.888721068556003502e+02 3.888716194591156636e+02 3.888710470733564080e+02 3.888705691646181322e+02 3.888700918974508909e+02 3.888696195271438114e+02 3.888691500016936402e+02 3.888686777869731372e+02 3.888682113924456303e+02 3.888677386455839269e+02 3.888672644027597016e+02 3.888667886564140872e+02 3.888663355991452590e+02 3.888658552927195160e+02 3.888654853728331773e+02
2.107925764526856074e+04 3.889306206898153846e+02 3.889293658534561473e+02 3.889284507944759639e+02 3.889279567921022931e+02 3.889274550543047440e+02 3.889269543543169334e+02 3.889264559056312009e+02 3.889259534487765109e+02 3.889254634164456093e+02 3.889249591857754922e+02 3.889244530141014593e+02 3.889239412719994675e+02 3.889234627176209642e+02 3.889229511750637016e+02 3.889225529611698562e+02
2.197925764526856074e+04 3.889465204298730896e+02 3.889461894301452389e+02 3.889457116981446916e+02 3.889452496227462461e+02 3.889447810568827890e+02 3.889443159815612603e+02 3.889438535428681689e+02 3.889433891896608770e+02 3.889429313558056265e+02 3.889424668065839796e+02 3.889420011602455816e+02 3.889415348621972157e+02 3.889410893380489824e+02 3.889406171090406588e+02 3.889402533974493963e+02
2.287925764526856074e+04 3.890675386010696570e+02 3.890669643062516343e+02 3.890663796399493890e+02 3.890659211315809216e+02 3.890654517089336082e+02 3.890649755262826943e+02 3.890645022865990086e+02 3.890640250030147058e+02 3.890635628380048274e+02 3.890630846792772672e+02 3.890626079923794691e+02 3.890621296607295676e+02 3.890616823422902257e+02 3.890612003865877568e+02 3.890608252503020594e+02
2.377925764526856074e+04 3.891382023180293572e+02 3.891360821378058858e+02 3.891348957703613678e+02 3.891344133343397971e+02 3.891339223107410135e+02 3.891334131535497818e+02 3.891328981224272638e+02 3.891323751128163622e+02 3.891318819828985625e+02 3.891313566926780254e+02 3.891308334560535513e+02 3.891303021508677489e+02 3.891298209065560059e+02 3.891292929092800250e+02 3.891288757500390716e+02
2.467925764526856074e+04 3.891368625200022393e+02 3.891356826874525723e+02 3.891348564076236016e+02 3.891343990719324779e+02 3.891339208809151273e+02 3.891334312285119950e+02 3.891329355776119883e+02 3.891324335380847401e+02 3.891319513997312924e+02 3.891314484029674645e+02 3.891309459100733079e+02 3.891304369634700606e+02 3.891299665508861949e+02 3.891294591461166874e+02 3.891290619950245855e+02
2.538925764526856074e+04 3.891356709262324216e+02 3.891347274585215246e+02 3.891339704309944523e+02 3.891334714114349254e+02 3.891329575335042819e+02 3.891324518799579550e+02 3.891319532818888547e+02 3.891314519366159175e+02 3.891309620169075743e+02 3.891304593212160512e+02 3.891299567226133149e+02 3.891294515873554474e+02 3.891289727524689965e+02 3.891284617129705339e+02 3.891280615293321716e+02
