TIME T_sat_Ch2_mesh1 T_sat_Ch2_mesh2 T_sat_Ch2_mesh3 T_sat_Ch2_mesh4 T_sat_Ch2_mesh5 T_sat_Ch2_mesh6 T_sat_Ch2_mesh7 T_sat_Ch2_mesh8 T_sat_Ch2_mesh9 T_sat_Ch2_mesh10 T_sat_Ch2_mesh11 T_sat_Ch2_mesh12 T_sat_Ch2_mesh13 T_sat_Ch2_mesh14 T_sat_Ch2_mesh15 
0.000000000000000000e+00 6.201579828352394088e+02 6.201161684746650735e+02 6.200256989691380340e+02 6.199272231053221276e+02 6.198868806535581371e+02 6.197896829437249835e+02 6.196917697030714862e+02 6.195906724934020531e+02 6.195499986267027452e+02 6.194500745368804928e+02 6.193493750455736517e+02 6.192453247865532830e+02 6.192042043552357882e+02 6.190987783798790360e+02 6.190346500734269739e+02
5.000040000000043960e+01 5.658542212891253484e+02 5.658386623738998651e+02 5.658175887396733970e+02 5.657968058529424979e+02 5.657785635884773683e+02 5.657585748835609820e+02 5.657388955153737697e+02 5.657193678616024499e+02 5.657025764557618004e+02 5.656835934760381406e+02 5.656648366582352310e+02 5.656461471421109763e+02 5.656304987522618148e+02 5.656116694238035052e+02 5.655981628494512279e+02
1.000003999999985922e+02 5.619075808543848325e+02 5.618888582347551619e+02 5.618691715081840812e+02 5.618566326494224086e+02 5.618481025837949119e+02 5.618425085789709783e+02 5.618381983603777599e+02 5.618342436081468350e+02 5.618302613801579355e+02 5.618265510255944264e+02 5.618228015000277082e+02 5.618187690916471411e+02 5.618142772467792838e+02 5.618083538111650341e+02 5.618042796226235396e+02
1.502405034099261059e+02 5.511909821128962221e+02 5.511723148971217370e+02 5.511487984092721035e+02 5.511286870737220625e+02 5.511108270067843478e+02 5.510946340590649015e+02 5.510799341020143629e+02 5.510665156495136898e+02 5.510540340755616171e+02 5.510421720889657990e+02 5.510310754463238254e+02 5.510206666454116657e+02 5.510110261723547183e+02 5.510012941526130135e+02 5.509906446662417920e+02
2.004200391960640388e+02 5.251803669774353693e+02 5.251597128900472171e+02 5.251302201710922191e+02 5.251082025786274698e+02 5.250889593030572087e+02 5.250715184149458992e+02 5.250557025246606599e+02 5.250412630046296272e+02 5.250275489364307759e+02 5.250145978860757623e+02 5.250021118308666246e+02 5.249935277015731572e+02 5.249908139660504958e+02 5.249895274644535448e+02 5.249885995699834211e+02
2.553043625042201370e+02 4.561128735511667855e+02 4.560042091532535551e+02 4.558672396974811818e+02 4.557388192151754538e+02 4.556281871003025117e+02 4.555398540294158352e+02 4.554690751780308346e+02 4.554152887262115996e+02 4.553691570949860079e+02 4.553402002561047084e+02 4.553352061241557180e+02 4.553307237643561507e+02 4.553276256386821501e+02 4.553217956216312814e+02 4.553187008272154799e+02
3.053043625042201370e+02 4.468314506559692063e+02 4.466980143814413395e+02 4.465313426520752955e+02 4.463689233931764875e+02 4.462107390559539795e+02 4.460707154813112538e+02 4.459567119201129231e+02 4.458616076567358277e+02 4.457797322451356763e+02 4.457057778163587045e+02 4.456399270955758993e+02 4.455787121141145235e+02 4.455279393988682841e+02 4.454671593883583682e+02 4.454221963142571212e+02
3.553043625042201370e+02 4.481361732896100989e+02 4.480065877599099622e+02 4.478443348509425732e+02 4.476859854132225109e+02 4.475306316205728763e+02 4.473891671458338806e+02 4.472703712479028582e+02 4.471698425983061043e+02 4.470829596372049082e+02 4.470043977799110166e+02 4.469340559567863238e+02 4.468693403692861352e+02 4.468141083962889297e+02 4.467523704564935656e+02 4.467041740878220253e+02
4.053043625042201370e+02 4.518484654032891967e+02 4.517272589188924030e+02 4.515763743123885092e+02 4.514299289390244212e+02 4.512921175739180057e+02 4.511717464066229013e+02 4.510677473458226814e+02 4.509762934689991880e+02 4.508943308699625163e+02 4.508190228743674197e+02 4.507508257705750339e+02 4.506870908888380427e+02 4.506320874933996947e+02 4.505715150348499378e+02 4.505229785941832574e+02
4.553043625042201370e+02 4.547446802774389880e+02 4.546301570192209169e+02 4.544874698037110079e+02 4.543499598382983891e+02 4.542246053921772955e+02 4.541183780858873433e+02 4.540269671029290635e+02 4.539467583693190136e+02 4.538748692386326979e+02 4.538086371526791254e+02 4.537488004487991020e+02 4.536925507900163552e+02 4.536445187486334021e+02 4.535907875472195201e+02 4.535475719471606340e+02
5.053043625042201370e+02 4.547794025987942632e+02 4.546650532622674632e+02 4.545225840381334024e+02 4.543851992892137446e+02 4.542598044971392710e+02 4.541534219302743622e+02 4.540619231623300607e+02 4.539816520818137064e+02 4.539096990200486061e+02 4.538434195918054002e+02 4.537834972299175433e+02 4.537272230821698145e+02 4.536790395151635948e+02 4.536252393129302050e+02 4.535818449754914923e+02
5.553043625042200802e+02 4.546162142734228837e+02 4.545015824261137141e+02 4.543587632773686664e+02 4.542213986659253351e+02 4.540962618548152250e+02 4.539898435734189661e+02 4.538980855511358072e+02 4.538174312376260104e+02 4.537450201047499263e+02 4.536782492834337859e+02 4.536178091516367772e+02 4.535610291984990567e+02 4.535123154621000481e+02 4.534579797829787822e+02 4.534141313112872353e+02
6.053043625042200802e+02 4.543595244262291999e+02 4.542443580720919272e+02 4.541008721095298597e+02 4.539629521276364130e+02 4.538372874677326649e+02 4.537302378052190761e+02 4.536378046923525176e+02 4.535564666882083316e+02 4.534833741809885623e+02 4.534159393910535414e+02 4.533548488006707089e+02 4.532974484096030210e+02 4.532481303472999912e+02 4.531931691845006753e+02 4.531488431738879399e+02
6.594293625042200802e+02 4.539435596333680678e+02 4.538274808463036720e+02 4.536828573250863315e+02 4.535437103877578124e+02 4.534166601002246466e+02 4.533082417297762277e+02 4.532145420373880711e+02 4.531320324425715285e+02 4.530578467830079603e+02 4.529893925391505149e+02 4.529273420968865480e+02 4.528690453541120178e+02 4.528188888425747791e+02 4.527630613360635721e+02 4.527180766419742781e+02
7.094293625042200802e+02 4.535369102498715392e+02 4.534199205633240695e+02 4.532741608529866539e+02 4.531337556455151798e+02 4.530052690523432375e+02 4.528954612049305410e+02 4.528004924206221631e+02 4.527168172965701842e+02 4.526415459092622768e+02 4.525720794301723799e+02 4.525090713865278076e+02 4.524498828679970757e+02 4.523988830987947836e+02 4.523421847912603084e+02 4.522965492960457254e+02
7.594293625042200802e+02 4.531013984524083185e+02 4.529834350006423733e+02 4.528364508924326515e+02 4.526947521819469671e+02 4.525648704718141744e+02 4.524537384747169426e+02 4.523575666448720654e+02 4.522727927174113347e+02 4.521965039426081603e+02 4.521260922119296879e+02 4.520622023599968315e+02 4.520021874955114072e+02 4.519504282409040457e+02 4.518929332157837280e+02 4.518466883785418418e+02
8.094293625042200802e+02 4.520504137727327247e+02 4.519301827950024517e+02 4.517803799595707233e+02 4.516379594746778707e+02 4.515098553192732425e+02 4.514006243007561920e+02 4.513059446098435501e+02 4.512223726101591410e+02 4.511470449012191466e+02 4.510773680655056523e+02 4.510141417525969700e+02 4.509545953153920550e+02 4.509033896802003483e+02 4.508461880336826084e+02 4.508000470380036404e+02
8.594293625042200802e+02 4.502524876117115582e+02 4.501282488103357764e+02 4.499733829060744483e+02 4.498271318192776107e+02 4.496967454301398561e+02 4.495857487236861516e+02 4.494896237097242420e+02 4.494048200290818613e+02 4.493284170242847040e+02 4.492577126325892323e+02 4.491935762832139858e+02 4.491331503127171914e+02 4.490812676403962200e+02 4.490231287366701736e+02 4.489761921031816314e+02
9.094293625042200802e+02 4.479204986695847310e+02 4.477912076929920886e+02 4.476297353847825207e+02 4.474828361549497231e+02 4.473570574536142885e+02 4.472492800784152678e+02 4.471552173203855318e+02 4.470717750638676762e+02 4.469962482363525851e+02 4.469259685108330586e+02 4.468622059075798347e+02 4.468017397472534640e+02 4.467501678040599700e+02 4.466917420508465284e+02 4.466442775513288552e+02
9.594293625042200802e+02 4.458755720962518581e+02 4.457411981296785370e+02 4.455732643912813842e+02 4.454217146692398046e+02 4.452930805142976283e+02 4.451826347329078430e+02 4.450860988175022612e+02 4.450003591450380327e+02 4.449226941100981207e+02 4.448503455880665456e+02 4.447846924069360739e+02 4.447223694771669784e+02 4.446692627917240088e+02 4.446089590681048094e+02 4.445599542152786512e+02
1.009429362504220080e+03 4.440472893219420030e+02 4.439080388943702360e+02 4.437339443985957814e+02 4.435777626329895043e+02 4.434460978336099970e+02 4.433330017382912160e+02 4.432340892629065934e+02 4.431461813838500916e+02 4.430665055126166862e+02 4.429922228857574282e+02 4.429248086739170276e+02 4.428607459821655539e+02 4.428062038325586514e+02 4.427441307527801087e+02 4.426936805834696997e+02
1.059429362504220080e+03 4.421989124431356117e+02 4.420548091511501525e+02 4.418749801379749442e+02 4.417152470457943423e+02 4.415812039466800343e+02 4.414657848499456350e+02 4.413646711686268986e+02 4.412746496436178631e+02 4.411930165848771708e+02 4.411167458955002303e+02 4.410475283667281019e+02 4.409816208241992967e+02 4.409256471805080650e+02 4.408616909427497603e+02 4.408100538378513988e+02
1.109429362504220080e+03 4.398334671883650913e+02 4.396845033514001102e+02 4.395001134196347152e+02 4.393394008612654034e+02 4.392026367873827439e+02 4.390842936388061730e+02 4.389808616574049438e+02 4.388872893820314971e+02 4.388032238324526588e+02 4.387236420648649755e+02 4.386505416291734605e+02 4.385799449166742647e+02 4.385235988248909962e+02 4.384578546871177309e+02 4.384057336752774745e+02
1.159429362504220080e+03 4.371618767921285098e+02 4.370025575052119393e+02 4.368073386071383766e+02 4.366391794605366385e+02 4.364993579651708728e+02 4.363787434937185026e+02 4.362730415921432154e+02 4.361788752036085270e+02 4.360934873443984543e+02 4.360135429881581786e+02 4.359411632568341588e+02 4.358719678862416345e+02 4.358136530081762317e+02 4.357463257954705114e+02 4.356913073747098224e+02
1.209429362504220080e+03 4.347974139910111262e+02 4.346303537066067975e+02 4.344268694253854619e+02 4.342533380727820145e+02 4.341093066480073048e+02 4.339850356496854147e+02 4.338761104724673601e+02 4.337790584073148921e+02 4.336910480954868490e+02 4.336085857753896562e+02 4.335340280721006252e+02 4.334625907574671828e+02 4.334026333456136513e+02 4.333331006878852349e+02 4.332760818908769238e+02
1.259429362504220080e+03 4.326506792959145287e+02 4.324761084182891864e+02 4.322639527367120991e+02 4.320836394992793998e+02 4.319341148962135435e+02 4.318051875215501809e+02 4.316922439260396800e+02 4.315916575202027161e+02 4.315004974151123633e+02 4.314150751336462690e+02 4.313379727521192990e+02 4.312639702547083402e+02 4.312021065509604227e+02 4.311301528269210621e+02 4.310710294361832666e+02
1.309429362504220080e+03 4.311961022929404521e+02 4.310148155276311854e+02 4.307876315015125783e+02 4.305811091357255691e+02 4.304041201274119999e+02 4.302516739385087021e+02 4.301184489273088616e+02 4.300001510717733026e+02 4.298934266914029081e+02 4.297941259042519846e+02 4.297040169972360673e+02 4.296187966235893327e+02 4.295462694064780180e+02 4.294638240665103694e+02 4.293983216496624209e+02
1.359429362504220080e+03 4.294948936206630492e+02 4.293040322595832663e+02 4.290714851930554232e+02 4.288706222924625990e+02 4.287057226012736351e+02 4.285652773167799410e+02 4.284433951705298682e+02 4.283355236147171468e+02 4.282385249047118805e+02 4.281478375585847402e+02 4.280662476152010640e+02 4.279881283054254482e+02 4.279232314330803320e+02 4.278470115092579817e+02 4.277857444936956881e+02
1.409429362504220080e+03 4.296248856178277151e+02 4.294358518841657428e+02 4.292036156436489591e+02 4.290022043349878231e+02 4.288353013636932474e+02 4.286915457567462227e+02 4.285656941276336624e+02 4.284535730595357563e+02 4.283518101211008684e+02 4.282566069331893459e+02 4.281703775666975957e+02 4.280877986961839952e+02 4.280181064432177322e+02 4.279377463391845140e+02 4.278724520582739501e+02
1.459429362504220080e+03 4.293279722656122885e+02 4.291367110356368357e+02 4.289007326023759106e+02 4.286956031670974312e+02 4.285292930937467872e+02 4.283887191391935403e+02 4.282668673276486402e+02 4.281591163529629398e+02 4.280618025679326024e+02 4.279709197312587321e+02 4.278886099010302928e+02 4.278099843571942529e+02 4.277437452084313918e+02 4.276662918404801985e+02 4.276030864492187220e+02
1.509429362504220080e+03 4.277101750968107012e+02 4.275108340171150303e+02 4.272629812277399992e+02 4.270424122679158927e+02 4.268627580659628507e+02 4.267086661407411157e+02 4.265738792119125264e+02 4.264538167365514028e+02 4.263474811120072445e+02 4.262481641291792585e+02 4.261619487457460309e+02 4.260787415383276766e+02 4.260112000493819551e+02 4.259325611063195538e+02 4.258680434191752511e+02
1.559429362504220080e+03 4.252778087084502658e+02 4.250699209630230371e+02 4.248131730391473866e+02 4.245893224092053515e+02 4.244059478934653953e+02 4.242508675509593559e+02 4.241170148846499046e+02 4.239990895737039409e+02 4.238935800629494679e+02 4.237951843066639412e+02 4.237076037356347342e+02 4.236231936487303074e+02 4.235544471482666040e+02 4.234731122014038647e+02 4.234065032583540074e+02
1.609429362504220080e+03 4.235450733570614830e+02 4.233296017490130225e+02 4.230600879464810760e+02 4.228171966031817988e+02 4.226127505939274442e+02 4.224386763008383809e+02 4.222879172515633286e+02 4.221545276036185328e+02 4.220351932948631770e+02 4.219233089824549552e+02 4.218212917373991218e+02 4.217247235185038221e+02 4.216429162927503853e+02 4.215469176901024184e+02 4.214736521352702994e+02
1.659429362504220080e+03 4.215894718256312217e+02 4.213653873825512619e+02 4.210911263885809035e+02 4.208556298068771184e+02 4.206618241581318216e+02 4.204869882835879480e+02 4.203366159566116949e+02 4.202054829635006854e+02 4.200907640860248762e+02 4.199911952942784410e+02 4.198999575146925736e+02 4.198128181021914997e+02 4.197423031138293936e+02 4.196595576740363640e+02 4.195997821801923919e+02
1.709429362504220080e+03 4.200604691672589297e+02 4.198371721149292171e+02 4.195443914624173658e+02 4.192613183485232753e+02 4.190117395286479223e+02 4.188024495979224184e+02 4.186141299930427522e+02 4.184384984961533291e+02 4.183000503481803207e+02 4.181609030676163457e+02 4.180328562777619936e+02 4.179170214720425065e+02 4.178272843739765108e+02 4.177267084334361016e+02 4.176481386846977557e+02
1.759429362504220080e+03 4.186746937175515768e+02 4.184284842893256382e+02 4.181389390626758313e+02 4.178956793729999504e+02 4.176955157546856867e+02 4.175251743114391161e+02 4.173776944156122113e+02 4.172481203760404469e+02 4.171319541126083550e+02 4.170254441696329764e+02 4.169314327331638879e+02 4.168440109435576915e+02 4.167707319180234435e+02 4.166929624103856895e+02 4.166592447406274005e+02
1.809429362504220080e+03 4.171253107769741746e+02 4.168796639750738677e+02 4.165727014971375866e+02 4.163129687711958695e+02 4.160995995013852280e+02 4.159254026302558032e+02 4.157810654171223632e+02 4.156488634082544991e+02 4.155295397889537981e+02 4.154264491688886665e+02 4.153309877070747689e+02 4.152393553074002739e+02 4.151649990403715265e+02 4.150654581342065512e+02 4.149836132044118813e+02
1.859429362504220080e+03 4.160448860899849137e+02 4.157907201635761112e+02 4.154776308124297088e+02 4.152084101545969475e+02 4.149778548919234709e+02 4.147858203726996180e+02 4.146209957971076392e+02 4.144673586014275770e+02 4.143329247202412375e+02 4.142039328442381247e+02 4.140800518282604799e+02 4.139638298198153734e+02 4.138687295049728618e+02 4.137511126667462804e+02 4.136686403444433608e+02
1.909429362504220080e+03 4.148279019103657674e+02 4.145670768729557949e+02 4.142414212861364149e+02 4.139513584929301828e+02 4.136893305995745322e+02 4.134578954124316397e+02 4.132715300181356497e+02 4.131106136726834848e+02 4.129782790820181617e+02 4.128674056680335411e+02 4.127659181304365461e+02 4.126682212073067717e+02 4.125914915137286698e+02 4.124872494128458698e+02 4.123996424681951680e+02
1.959429362504220080e+03 4.134459684958628714e+02 4.132679696370093438e+02 4.129750844787577080e+02 4.127378806991636111e+02 4.125266276647287782e+02 4.123449709935129590e+02 4.121811718468661070e+02 4.120209503522073646e+02 4.118679108495663854e+02 4.117303682248568180e+02 4.115848702008966029e+02 4.114542315455249764e+02 4.113420456489574804e+02 4.112060427100152538e+02 4.111198308238680283e+02
2.009429362504220080e+03 4.122348675467590056e+02 4.118304059427173343e+02 4.114233417562199406e+02 4.110509462953547200e+02 4.107797451719739001e+02 4.105157236774504668e+02 4.103858570191903823e+02 4.103124125855925968e+02 4.102449546001420799e+02 4.101963851422111134e+02 4.101510439667767969e+02 4.101049670385307309e+02 4.100635750521258842e+02 4.100157429630944534e+02 4.099990321960948449e+02
2.059429362504220080e+03 4.115040181885478319e+02 4.112254433218178065e+02 4.108805920947801837e+02 4.105480277336114909e+02 4.102181591946480239e+02 4.099339056822965404e+02 4.097040860233370267e+02 4.095093047644747344e+02 4.093343936178146123e+02 4.091775843789068858e+02 4.090326254586478854e+02 4.088921485843019354e+02 4.087675033587879625e+02 4.086202295602546997e+02 4.085019892597669013e+02
2.109429362504220080e+03 4.108317099929950018e+02 4.106012987114285693e+02 4.102559401134066093e+02 4.099180619452159817e+02 4.095882178741101711e+02 4.092876643581508915e+02 4.090272348880903905e+02 4.087875351945818920e+02 4.085623694916537261e+02 4.083492873268004928e+02 4.081668648506441741e+02 4.079883958275430587e+02 4.078351319877888272e+02 4.076587340523900593e+02 4.075326507198524268e+02
2.159429362504220080e+03 4.095901511412599802e+02 4.092009946668729867e+02 4.087960195510285075e+02 4.084193155009257907e+02 4.080847314165492890e+02 4.077951602096389365e+02 4.075584239766619135e+02 4.073598737662773601e+02 4.071923105971849282e+02 4.070429791138894302e+02 4.069197761153192232e+02 4.068088679531797993e+02 4.067286006509370964e+02 4.066230524572197851e+02 4.065438618653883509e+02
2.209429362504220080e+03 4.083527609999308083e+02 4.080137876845296887e+02 4.076214221807238118e+02 4.072542210883822236e+02 4.069279455981339879e+02 4.066749955356086161e+02 4.064742750467551105e+02 4.063086790388581448e+02 4.061599776213391237e+02 4.060323740518742852e+02 4.059238204174980069e+02 4.058233939893128763e+02 4.057384599798193676e+02 4.056508610319839363e+02 4.056179577452787157e+02
2.259429362504220080e+03 4.089462638184698449e+02 4.086750144035014500e+02 4.082973046819836327e+02 4.079250830302596569e+02 4.075541679121340621e+02 4.071819779511523620e+02 4.068247223271113171e+02 4.064928901984010849e+02 4.061989613019345597e+02 4.059412437538761651e+02 4.057292940574124600e+02 4.055184385328823282e+02 4.053587881645689208e+02 4.051832142320617436e+02 4.050604858687191836e+02
2.309429362504220080e+03 4.079335520811721381e+02 4.076190522540096026e+02 4.072248244428209318e+02 4.068644641666558073e+02 4.065656467150044477e+02 4.063127640550148385e+02 4.060933987142046817e+02 4.058989733802782212e+02 4.057220277169808469e+02 4.055592417891646164e+02 4.054146400678753821e+02 4.052798420465319396e+02 4.051731744103889810e+02 4.050422110650226273e+02 4.049340612284379972e+02
2.359429362504220080e+03 4.078519763825410678e+02 4.075397567608391682e+02 4.071453437604128567e+02 4.067632253398562057e+02 4.064190248875316911e+02 4.061363446599336839e+02 4.059024032994313416e+02 4.057011356636210166e+02 4.055243124965905963e+02 4.053637090527984697e+02 4.052200882128503849e+02 4.050846376179237609e+02 4.049732530025935944e+02 4.048445106501661712e+02 4.047414010669139088e+02
2.409429362504220080e+03 4.081833270976431436e+02 4.078652831715088496e+02 4.074707716835088718e+02 4.070927320199608062e+02 4.067623704361386103e+02 4.064959649085971591e+02 4.062765740390782412e+02 4.060893991341495166e+02 4.059252566882258861e+02 4.057753067394235131e+02 4.056427290325638069e+02 4.055164512544813533e+02 4.054129722397584032e+02 4.052924762171417683e+02 4.051935344820006435e+02
2.459429362504220080e+03 4.085967977031297664e+02 4.082839785323131991e+02 4.078960475309419849e+02 4.075480895520189506e+02 4.072619591730079947e+02 4.070232062608578190e+02 4.068173460840829989e+02 4.066355879073511801e+02 4.064762644351614540e+02 4.063272850483878074e+02 4.061962220580928715e+02 4.060697010863774494e+02 4.059655175700355016e+02 4.058454125829126724e+02 4.057495730756482999e+02
2.509429362504220080e+03 4.087631868699503457e+02 4.084546500048745088e+02 4.080683160795683762e+02 4.077000972659960780e+02 4.073765792913216615e+02 4.071125263940128889e+02 4.068919650753250608e+02 4.067018494577768593e+02 4.065338460506455931e+02 4.063796623912789414e+02 4.062422338359873493e+02 4.061115704846215522e+02 4.060033394654198560e+02 4.058780332845692556e+02 4.057780509409194565e+02
2.559429362504220080e+03 4.086506605491053392e+02 4.083413622361923672e+02 4.079547642683815525e+02 4.075887787894430403e+02 4.072676769056249668e+02 4.070073429246535284e+02 4.067893394797731048e+02 4.066001930595404019e+02 4.064321691045154239e+02 4.062776578009315926e+02 4.061400654652951516e+02 4.060083796473802522e+02 4.058993547520685752e+02 4.057734792850664007e+02 4.056707666687544247e+02
2.609429362504220080e+03 4.087515039586593275e+02 4.084359738975836080e+02 4.080470071478287650e+02 4.076782035708304761e+02 4.073587414749544564e+02 4.070995275187531774e+02 4.068833275764089876e+02 4.066976096008129957e+02 4.065338029358912877e+02 4.063835400300861238e+02 4.062510163434562287e+02 4.061235674196866512e+02 4.060203697372843408e+02 4.058997499743777553e+02 4.058011660305285204e+02
2.659429362504220080e+03 4.090863318887304558e+02 4.087825140481440371e+02 4.084007425620335425e+02 4.080488444731689128e+02 4.077438209625845502e+02 4.074904342544688234e+02 4.072755038933532887e+02 4.070866032944581434e+02 4.069172224824438899e+02 4.067604249157377581e+02 4.066188647279038832e+02 4.064838621369609655e+02 4.063693198330715859e+02 4.062376152511889700e+02 4.061330842491573208e+02
2.709429362504220080e+03 4.092545072484788307e+02 4.089569560027533726e+02 4.085775357803658494e+02 4.082059049378912050e+02 4.078467330633034180e+02 4.075281864915603478e+02 4.072589175455632926e+02 4.070272917795958278e+02 4.068233266347501740e+02 4.066383495516610083e+02 4.064723672718331500e+02 4.063175880005878753e+02 4.061858301490499343e+02 4.060389729463425965e+02 4.059262692724064436e+02
2.759429362504220080e+03 4.087212085642659076e+02 4.084215687047545202e+02 4.080374005684945473e+02 4.076646065558762189e+02 4.073270854236700416e+02 4.070477167218639920e+02 4.068127629454740486e+02 4.066099597311046523e+02 4.064306671962352766e+02 4.062669880444343562e+02 4.061210743444240734e+02 4.059827887123868209e+02 4.058671967455013601e+02 4.057352059726219977e+02 4.056296379362385665e+02
2.809429362504220080e+03 4.087101171103906836e+02 4.084071400003332997e+02 4.080223582344199258e+02 4.076462033847184330e+02 4.072990054995759692e+02 4.070053292450133426e+02 4.067555073414813478e+02 4.065383778414812923e+02 4.063448008633852169e+02 4.061676663452380467e+02 4.060076261518076990e+02 4.058572115711287438e+02 4.057287141079040680e+02 4.055839849309586498e+02 4.054720133211047255e+02
2.859429362504220080e+03 4.087038767014612404e+02 4.083975369424139785e+02 4.080114674305518747e+02 4.076346953219317584e+02 4.072874832611724969e+02 4.069953195702507855e+02 4.067486563746598449e+02 4.065352318026943976e+02 4.063461380109271772e+02 4.061734575292849172e+02 4.060186882418332743e+02 4.058728915386611220e+02 4.057500641694044248e+02 4.056111493503030943e+02 4.055025656384530635e+02
2.909429362504220080e+03 4.086783772872081499e+02 4.083693681281374666e+02 4.079820884120462665e+02 4.076071442110180669e+02 4.072684901292070663e+02 4.069865655805531333e+02 4.067494456729519356e+02 4.065448377615130084e+02 4.063642430581930398e+02 4.061989287024338182e+02 4.060523312786111774e+02 4.059126478289791180e+02 4.057981566294834010e+02 4.056659574112384234e+02 4.055616307062597343e+02
2.959429362504220080e+03 4.087243458129771625e+02 4.084130062006738626e+02 4.080248597182989556e+02 4.076501062119273797e+02 4.073157654327661703e+02 4.070423890442772290e+02 4.068152277384292574e+02 4.066210932878281028e+02 4.064508921626564870e+02 4.062958618255020156e+02 4.061599888178066067e+02 4.060303346696925928e+02 4.059265520352618069e+02 4.058048013035486292e+02 4.057096063548618758e+02
3.009429362504220080e+03 4.088358195710196696e+02 4.085254445648141086e+02 4.081390008543521049e+02 4.077708172087137086e+02 4.074477271367036337e+02 4.071819649216839707e+02 4.069579466112705290e+02 4.067642576985658707e+02 4.065924053538373073e+02 4.064347248346782635e+02 4.062946349192401954e+02 4.061605391631943576e+02 4.060504482457617996e+02 4.059230930571890212e+02 4.058203596396892294e+02
3.059429362504220080e+03 4.089738774338509302e+02 4.086643058617468114e+02 4.082796519121343408e+02 4.079252456997355694e+02 4.076247639975393326e+02 4.073744286661913065e+02 4.071604148470056543e+02 4.069736645492051821e+02 4.068067290519359176e+02 4.066525479752956471e+02 4.065151466095417163e+02 4.063829321069772504e+02 4.062744012339076107e+02 4.061481437606109921e+02 4.060462474321000172e+02
3.109429362504220080e+03 4.095145659184611304e+02 4.092125024294239211e+02 4.088342250527020383e+02 4.084968732427986424e+02 4.082179126100971871e+02 4.079820646150073458e+02 4.077778175622889307e+02 4.075975037319950616e+02 4.074348658242712418e+02 4.072837384569995720e+02 4.071477980271726551e+02 4.070172073480987365e+02 4.069082192216495741e+02 4.067823400272602612e+02 4.066809741185754774e+02
3.159429362504220080e+03 4.098125094778617949e+02 4.095087507177473753e+02 4.091313601396036006e+02 4.087739378831290651e+02 4.084615588962138872e+02 4.082031448030114689e+02 4.079849663529672625e+02 4.077961812839218965e+02 4.076285906061400510e+02 4.074747445847517611e+02 4.073377358457887567e+02 4.072069499456247854e+02 4.070989445624333030e+02 4.069742873469505753e+02 4.068742856762974611e+02
3.209429362504220080e+03 4.097399771938078743e+02 4.094403099996371793e+02 4.090644981289109978e+02 4.087182360258915423e+02 4.084218524255247758e+02 4.081732628001154808e+02 4.079597278279190391e+02 4.077722940947847974e+02 4.076041098828949885e+02 4.074486186902882991e+02 4.073087446241064526e+02 4.071753297479688172e+02 4.070634175462004123e+02 4.069351032278732418e+02 4.068329385460949652e+02
3.259429362504220080e+03 4.099633038215443435e+02 4.096654832033367484e+02 4.092923198197593138e+02 4.089608444805180056e+02 4.086868712275976918e+02 4.084541527935427325e+02 4.082521288078097541e+02 4.080733252600044807e+02 4.079119348424634381e+02 4.077617439729824014e+02 4.076266273905979460e+02 4.074966715446396393e+02 4.073883393473282126e+02 4.072629106291912535e+02 4.071623281024710082e+02
3.309429362504220080e+03 4.101396617827040245e+02 4.098434262035133315e+02 4.094719141121076404e+02 4.091367538304691607e+02 4.088555523548164956e+02 4.086176625079991709e+02 4.084117476376187597e+02 4.082298975404157204e+02 4.080660393216967918e+02 4.079137261851864196e+02 4.077769175322989668e+02 4.076447015298055021e+02 4.075361557604566656e+02 4.074038900475695186e+02 4.073040232967749716e+02
3.359429362504220080e+03 4.101453948253317208e+02 4.098495482927440321e+02 4.094827216475920295e+02 4.091628157992349770e+02 4.088986274996894394e+02 4.086727937471949872e+02 4.084760926987961511e+02 4.083014609832252972e+02 4.081431202484753840e+02 4.079965785330457493e+02 4.078619088569416817e+02 4.077386775429940826e+02 4.076235637752477032e+02 4.075188552230424648e+02 4.073828993693794018e+02
3.409429362504220080e+03 4.103296520407431558e+02 4.100351256647369382e+02 4.096844110724001666e+02 4.093920818760462907e+02 4.091489369919131605e+02 4.089387083900478501e+02 4.087540848534159181e+02 4.085892107600009240e+02 4.084389775053489871e+02 4.082992551455969306e+02 4.081705268692625168e+02 4.080523195008644279e+02 4.079422388717547392e+02 4.078406050518393613e+02 4.077187224319767438e+02
3.459429362504220080e+03 4.102907058287830750e+02 4.099961873530245384e+02 4.096475910643530369e+02 4.093579761357833604e+02 4.091170374858604646e+02 4.089087360872034651e+02 4.087257205589791056e+02 4.085620094819299197e+02 4.084137210829979949e+02 4.082733197136091121e+02 4.081497096751830895e+02 4.080237993512628236e+02 4.079327796498965881e+02 4.079242557015034549e+02 4.079228871536136012e+02
3.509429362504220080e+03 4.097605234990345480e+02 4.094626147269117951e+02 4.091103102840597785e+02 4.088183763030839373e+02 4.085760170946132348e+02 4.083666702674075850e+02 4.081829530804605497e+02 4.080183259390427111e+02 4.078703732490181437e+02 4.077274433052853055e+02 4.076079765074952093e+02 4.075863286829199978e+02 4.075848385456666279e+02 4.075827714659349112e+02 4.075815763438663453e+02
3.559429362504220080e+03 4.089497068414587488e+02 4.086465677810221564e+02 4.082883609916580099e+02 4.079923901989735100e+02 4.077469521440359586e+02 4.075357625033519184e+02 4.073478789639132742e+02 4.071875449248141194e+02 4.070202518120134982e+02 4.069118414194582556e+02 4.069085162015700234e+02 4.069067258188889582e+02 4.069053445791089416e+02 4.069034270864309519e+02 4.069023345147527380e+02
3.609429362504220080e+03 4.081976573391849001e+02 4.078887782437923306e+02 4.075241269842134670e+02 4.072230591022241697e+02 4.069737175727528324e+02 4.067582642193747233e+02 4.065703822938494341e+02 4.063983612006928752e+02 4.062535130762327640e+02 4.062260517590420363e+02 4.062245465423918631e+02 4.062229456399340961e+02 4.062216860973111920e+02 4.062199581925781331e+02 4.062190377502283241e+02
3.659429362504220080e+03 4.077768177889080903e+02 4.074630381071822285e+02 4.070943047496699592e+02 4.067895535514071526e+02 4.065370439028089322e+02 4.063185025475791008e+02 4.061297888943134922e+02 4.059508503465542617e+02 4.058168297577593648e+02 4.058047759474663962e+02 4.058032535733081545e+02 4.058016051545732807e+02 4.058003069598762522e+02 4.057984892563104609e+02 4.057975499339963790e+02
3.709429362504220080e+03 4.077024806687253999e+02 4.073925516580293333e+02 4.070234271019736525e+02 4.067212361524034350e+02 4.064702455525124378e+02 4.062489858020111342e+02 4.060477744985540198e+02 4.058804620866487198e+02 4.056998690469744133e+02 4.055892133461979938e+02 4.055872810276785003e+02 4.055852305089648553e+02 4.055836424065603296e+02 4.055812480244247809e+02 4.055800059749938100e+02
3.759429362504220080e+03 4.077328577496433581e+02 4.074231991302275446e+02 4.070471453172715428e+02 4.067275354102805522e+02 4.064577485231033620e+02 4.062212454807481095e+02 4.060137755439915281e+02 4.058373577206273808e+02 4.056471987705888296e+02 4.055293655923690039e+02 4.055272367989855411e+02 4.055249790890879353e+02 4.055232211801919107e+02 4.055205157294937521e+02 4.055191344014531865e+02
3.809429362504220080e+03 4.083236846968661666e+02 4.080143949073213321e+02 4.076514782848117875e+02 4.073522636167504061e+02 4.071038317165093190e+02 4.068898839687650479e+02 4.066984079923424815e+02 4.065359426523574484e+02 4.063609419866028247e+02 4.062529090152957565e+02 4.062509447980235109e+02 4.062486219079285092e+02 4.062467505454428647e+02 4.062437240767794719e+02 4.062421756835703945e+02
3.859429362504220080e+03 4.078212606521993280e+02 4.075066304417873653e+02 4.071370973528627246e+02 4.068317883037227602e+02 4.065789412015554944e+02 4.063613642261957466e+02 4.061684770503860591e+02 4.060023032661391085e+02 4.058341349633959112e+02 4.057471443978458296e+02 4.057453877080367306e+02 4.057434195328517603e+02 4.057418054893273620e+02 4.057392810743331779e+02 4.057380525585696205e+02
3.909429362504220080e+03 4.080988522233845970e+02 4.077897787303255086e+02 4.074167639323501362e+02 4.070974674731097593e+02 4.068203175224549568e+02 4.065843028143857509e+02 4.063789904743395027e+02 4.061958128508631489e+02 4.060462704190657632e+02 4.058823324181469161e+02 4.057928466191661414e+02 4.057905828321466970e+02 4.057887455577362061e+02 4.057857494954707249e+02 4.057842846235257639e+02
3.959429362504220080e+03 4.080056909631408644e+02 4.076928559255943583e+02 4.073149543157577455e+02 4.069956513382330741e+02 4.067321353776819137e+02 4.065055721885403273e+02 4.063095515814413830e+02 4.061317225346666646e+02 4.059810222655532357e+02 4.058142370700606989e+02 4.057213529913614707e+02 4.057195105299080069e+02 4.057179542340032867e+02 4.057154369321540344e+02 4.057142275001002645e+02
4.009429362504220080e+03 4.083890997235467921e+02 4.080844534756173516e+02 4.077022359698796663e+02 4.073644300334491959e+02 4.070811023710191989e+02 4.068374752277101152e+02 4.066251594019852291e+02 4.064335949038783156e+02 4.062695302937436281e+02 4.060831559059925553e+02 4.059546078640496489e+02 4.059530462928972838e+02 4.059516018467300000e+02 4.059493137704221795e+02 4.059482659064630639e+02
4.059429362504220080e+03 4.081140218557691242e+02 4.078003996956207970e+02 4.074330404099113139e+02 4.071284134779015176e+02 4.068767281270365288e+02 4.066620077466312750e+02 4.064728135842092343e+02 4.063034893703884336e+02 4.061486195133422257e+02 4.060088932668604684e+02 4.059801094906673598e+02 4.059785463047471694e+02 4.059770306343547190e+02 4.059745609815512353e+02 4.059734244530238811e+02
4.109429362504220080e+03 4.082815673542468176e+02 4.079743767140116688e+02 4.075868352463983229e+02 4.072441047817834487e+02 4.069631378759505083e+02 4.067219575196182859e+02 4.065077806851575133e+02 4.063053090899255722e+02 4.061320329784466026e+02 4.059443186234459517e+02 4.058460445482052137e+02 4.058445511401774866e+02 4.058431188629814415e+02 4.058409412520911133e+02 4.058400352997254572e+02
4.159429362504220080e+03 4.082357852828425280e+02 4.079258530650815828e+02 4.075549084160474536e+02 4.072433290255855809e+02 4.069843899164720824e+02 4.067608914909067721e+02 4.065657767816915111e+02 4.063897957942176618e+02 4.062340289482594358e+02 4.060732774785750507e+02 4.060093331659012392e+02 4.060077788755459096e+02 4.060062292313316448e+02 4.060036972802581658e+02 4.060025731992284364e+02
4.209429362504220080e+03 4.081574760067228453e+02 4.078470042682455414e+02 4.074730009888202176e+02 4.071535799366923811e+02 4.068892176207000375e+02 4.066631582231990478e+02 4.064775063367863481e+02 4.063181010842414480e+02 4.061468034934719640e+02 4.060656098423919502e+02 4.060642364148147294e+02 4.060627082543800270e+02 4.060611876242398921e+02 4.060587346352177747e+02 4.060576785909770479e+02
4.259429362504220080e+03 4.082905884059297250e+02 4.079778442337436672e+02 4.075950488438819548e+02 4.072662389242866539e+02 4.069988527973036980e+02 4.067693487325311708e+02 4.065686893571776750e+02 4.063935151425897629e+02 4.062318523952861256e+02 4.061740411573862843e+02 4.061718672072426557e+02 4.061702232002272694e+02 4.061686098273819994e+02 4.061659634744295317e+02 4.061648205461041243e+02
4.309429362504220080e+03 4.081961287305991277e+02 4.078736393479335334e+02 4.074844036923574890e+02 4.071565967761188176e+02 4.068991968032213435e+02 4.066671006943720386e+02 4.064620726576063703e+02 4.062718283997811568e+02 4.061224008039419004e+02 4.061078494307506617e+02 4.061064076911180223e+02 4.061049109379122228e+02 4.061033937778027507e+02 4.061010056210555490e+02 4.061000425393830255e+02
4.359429362504220080e+03 4.083421412591404192e+02 4.080319893391173309e+02 4.076431204813433169e+02 4.072867957705958588e+02 4.069820842067794047e+02 4.067238839133720489e+02 4.064992027482623485e+02 4.063072545975945218e+02 4.061081325747724122e+02 4.059978786644003321e+02 4.059967317815386991e+02 4.059953792304538638e+02 4.059939477295233701e+02 4.059917428159990322e+02 4.059908758552214181e+02
4.409429362504220080e+03 4.079158070891352281e+02 4.075992001265383351e+02 4.072231978722614372e+02 4.069046215588253972e+02 4.066386337537525719e+02 4.064079046288741210e+02 4.062077145136607328e+02 4.060160603523428335e+02 4.058989842704733064e+02 4.058943745770948226e+02 4.058931002371229511e+02 4.058915813121194560e+02 4.058899748286486897e+02 4.058874419743511908e+02 4.058864454926294343e+02
4.459429362504220080e+03 4.083717744433217263e+02 4.080632707424273917e+02 4.076781829967771955e+02 4.073368920922991947e+02 4.070553748373906160e+02 4.068161057043811866e+02 4.066077444654371220e+02 4.064198563842217027e+02 4.062559454711377498e+02 4.062349759955280888e+02 4.062338822284134494e+02 4.062325148418527760e+02 4.062310195607902301e+02 4.062287813863242718e+02 4.062279454950270292e+02
4.509429362504220080e+03 4.082020518687249933e+02 4.078874804641814649e+02 4.075036135467302643e+02 4.071737279568602617e+02 4.069032067910243882e+02 4.066707969220351515e+02 4.064685669755540403e+02 4.062857446523082672e+02 4.061243406279220380e+02 4.060992502279888186e+02 4.060978507290914195e+02 4.060962015096523032e+02 4.060944750419761249e+02 4.060917115855834822e+02 4.060906419248927932e+02
4.559429362504220080e+03 4.086720731166190035e+02 4.083668305214694101e+02 4.079829435179693178e+02 4.076406056303362107e+02 4.073522896186909747e+02 4.071032151180900200e+02 4.068815739300778205e+02 4.066923541923725907e+02 4.064863107143902425e+02 4.063601302837943194e+02 4.063588841189709342e+02 4.063573175974438527e+02 4.063556112039944423e+02 4.063530091939056206e+02 4.063520634249146042e+02
4.609429362504220080e+03 4.085256634152410697e+02 4.082146969067607074e+02 4.078369261964823522e+02 4.075101942783733762e+02 4.072400759670210846e+02 4.070048043615983033e+02 4.067991493978079234e+02 4.065920402777948652e+02 4.064656269595861886e+02 4.064625403670507353e+02 4.064612668649720035e+02 4.064596517620425402e+02 4.064579088893649441e+02 4.064551548123160956e+02 4.064541289486171536e+02
4.659429362504220080e+03 4.086431593660859107e+02 4.083366441914433835e+02 4.079543537106235362e+02 4.076153998612727491e+02 4.073312548128768071e+02 4.070848181860277464e+02 4.068724443447027852e+02 4.066836669881672037e+02 4.066120703675970276e+02 4.066110008692704127e+02 4.066098355089251299e+02 4.066083294759070554e+02 4.066066963136246386e+02 4.066041158841262586e+02 4.066031696806387572e+02
4.709429362504220080e+03 4.086762633527558819e+02 4.083698761471214311e+02 4.080010500638027793e+02 4.076866698679531282e+02 4.074209718278870582e+02 4.071900302377057415e+02 4.069818647981766730e+02 4.068075542924838146e+02 4.067649928834654247e+02 4.067638590490747674e+02 4.067626878670610608e+02 4.067611700800803760e+02 4.067595142359415377e+02 4.067568562823693128e+02 4.067558918127020888e+02
4.759429362504220080e+03 4.092997870303772743e+02 4.089971211032601559e+02 4.086369169243142778e+02 4.083336325755507232e+02 4.080774275671349756e+02 4.078572398463918489e+02 4.076486795803204473e+02 4.075047373857120760e+02 4.074947723702056237e+02 4.074936221574961905e+02 4.074924241843913819e+02 4.074908847653528596e+02 4.074892083710643647e+02 4.074864398640750096e+02 4.074854325809918691e+02
4.809429362504220080e+03 4.092187199478543107e+02 4.089173403354458287e+02 4.085558565790611283e+02 4.082501739315230793e+02 4.079912430249219710e+02 4.077694410688720268e+02 4.075606189197993672e+02 4.074745186285463205e+02 4.074736519198329461e+02 4.074726336810211933e+02 4.074716039489826471e+02 4.074702939334732719e+02 4.074688381178581835e+02 4.074663561290834650e+02 4.074654760418973183e+02
4.854429362504220080e+03 4.093516349833402046e+02 4.090500015365757918e+02 4.086819312524257271e+02 4.083634171372027026e+02 4.080962431849895324e+02 4.078579523883734055e+02 4.076726065184158188e+02 4.076455171532404620e+02 4.076446414807248857e+02 4.076435707187229127e+02 4.076424870961241709e+02 4.076411283786885633e+02 4.076397052040912286e+02 4.076362700236265937e+02 4.076348756130011566e+02
4.859429362504220080e+03 4.092677303551752743e+02 4.089683339166455198e+02 4.086038182638948797e+02 4.082851154413459653e+02 4.080118102332500030e+02 4.077780348057768833e+02 4.075902107180729672e+02 4.075578334056655763e+02 4.075569934252604867e+02 4.075559036980694145e+02 4.075547924148667676e+02 4.075533937297678904e+02 4.075519322870547967e+02 4.075483732637601406e+02 4.075469251255940435e+02
4.909429362504220080e+03 4.091336215023174532e+02 4.088303797067940195e+02 4.084716280704344626e+02 4.081716619848642154e+02 4.079199062442676222e+02 4.076999272889194685e+02 4.076257982092602674e+02 4.076248987065430356e+02 4.076240569291041993e+02 4.076230076046280146e+02 4.076219651970832842e+02 4.076206517266909941e+02 4.076192858253286886e+02 4.076159355627410719e+02 4.076145539171074574e+02
4.959429362504220080e+03 4.085917209565889152e+02 4.082855587862759421e+02 4.079201784620178159e+02 4.076119464077593761e+02 4.073554109295427565e+02 4.071280638099516977e+02 4.070467540852217780e+02 4.070458265498523929e+02 4.070449741597140019e+02 4.070439819052400594e+02 4.070429792912912035e+02 4.070417172400348136e+02 4.070403843115233258e+02 4.070371304684866800e+02 4.070358230773587138e+02
5.009429362504220080e+03 4.083918595537556939e+02 4.080825915573117300e+02 4.077150639767174312e+02 4.074068320687642881e+02 4.071431670265202456e+02 4.069348847727846987e+02 4.068995173309067468e+02 4.068985498872146991e+02 4.068976779576088916e+02 4.068966735328131108e+02 4.068956786313907514e+02 4.068944428061163876e+02 4.068931073959565765e+02 4.068898918214041487e+02 4.068886351788617048e+02
5.059429362504220080e+03 4.092694924167860790e+02 4.089670022671902530e+02 4.086045534115922919e+02 4.082969503073384203e+02 4.080183150832936008e+02 4.078781864251751017e+02 4.078773160890835356e+02 4.078763202381911697e+02 4.078754629695562812e+02 4.078744333020214299e+02 4.078733313157447924e+02 4.078719263934621040e+02 4.078704142567324880e+02 4.078666107427465022e+02 4.078648386161618191e+02
5.109429362504220080e+03 4.092931697459297880e+02 4.090015466093291252e+02 4.086401368606267397e+02 4.083459126623072279e+02 4.082364718594080273e+02 4.082356392844115476e+02 4.082347842903407127e+02 4.082338844891008875e+02 4.082330313541493751e+02 4.082320099324874718e+02 4.082308528610466283e+02 4.082293820592724387e+02 4.082277575695750897e+02 4.082230898495956808e+02 4.082208910343329080e+02
5.159429362504220080e+03 4.079401823230146533e+02 4.076284709947962028e+02 4.072504677219699829e+02 4.069267896041886843e+02 4.066711763564675266e+02 4.066044530338358527e+02 4.066035894741447692e+02 4.066027599973627957e+02 4.066019339127482226e+02 4.066009967508392151e+02 4.066000415883397636e+02 4.065988598987861451e+02 4.065975641770993434e+02 4.065943949160227930e+02 4.065929981418157695e+02
5.209429362504220080e+03 4.077618082698348871e+02 4.074478885346429706e+02 4.070737981958704950e+02 4.067620209235691391e+02 4.064764382947773811e+02 4.063280425318562834e+02 4.063271280528543343e+02 4.063261081057760293e+02 4.063251184579694382e+02 4.063239784820058844e+02 4.063229077904785527e+02 4.063216450393124433e+02 4.063202788872500264e+02 4.063171939214203121e+02 4.063160907915971620e+02
5.259429362504220080e+03 4.083293784305735699e+02 4.080199882041017645e+02 4.076521631555996237e+02 4.073453870230727034e+02 4.070647945993786152e+02 4.069220226890240610e+02 4.069211986879645906e+02 4.069202937427261304e+02 4.069193842422741909e+02 4.069183601193519735e+02 4.069173346921821235e+02 4.069160966321029491e+02 4.069147963117875406e+02 4.069116803110786122e+02 4.069105182401423235e+02
5.309429362504220080e+03 4.085480736357485512e+02 4.082403791310027827e+02 4.078745627924234896e+02 4.075669571888986980e+02 4.072940014819292855e+02 4.071760859824468071e+02 4.071752909768639483e+02 4.071743991728789069e+02 4.071734920791964782e+02 4.071724745810792001e+02 4.071714427849792628e+02 4.071701683357932779e+02 4.071688097500386903e+02 4.071655781612104192e+02 4.071643149669669128e+02
5.359429362504220080e+03 4.091366947929203093e+02 4.088331571459054885e+02 4.084722869334781308e+02 4.081628199703392852e+02 4.079281166431306929e+02 4.078927333255384156e+02 4.078920125176770739e+02 4.078911681966293372e+02 4.078903014413855885e+02 4.078893042241536477e+02 4.078882457223261326e+02 4.078869319035870262e+02 4.078854485234807612e+02 4.078818948789536876e+02 4.078804772592098971e+02
5.409429362504220080e+03 4.087240711890298144e+02 4.084176826271651635e+02 4.080562685911062886e+02 4.077481471568308393e+02 4.075385747892904078e+02 4.075300182322228011e+02 4.075292575155637564e+02 4.075283743856933825e+02 4.075274518054352484e+02 4.075264073374489158e+02 4.075253888830194455e+02 4.075241546857165531e+02 4.075227680109213111e+02 4.075194447890788751e+02 4.075181929885346221e+02
5.459429362504220080e+03 4.060600309618445749e+02 4.059724154350737990e+02 4.059717372723854396e+02 4.059711014759107570e+02 4.059704540253882783e+02 4.059698922456636865e+02 4.059694430598532335e+02 4.059689881307338055e+02 4.059684668225842188e+02 4.059678779467528784e+02 4.059672306697614772e+02 4.059663799372851258e+02 4.059653072375528495e+02 4.059623980461872179e+02 4.059612102834107645e+02
5.509429362504220080e+03 4.047645466531099032e+02 4.047640233007041388e+02 4.047633886032040778e+02 4.047628528564833914e+02 4.047623326724931871e+02 4.047618471281353436e+02 4.047614768262308189e+02 4.047611884963883426e+02 4.047609074518826446e+02 4.047605770026104892e+02 4.047601987243445478e+02 4.047597573512433655e+02 4.047592287596627330e+02 4.047575061104815859e+02 4.047565794790324958e+02
5.559429362504220080e+03 4.046904938645018319e+02 4.046901563223497078e+02 4.046897120943180539e+02 4.046894563076613167e+02 4.046891584339931569e+02 4.046889545780671824e+02 4.046888146781913065e+02 4.046887848244134602e+02 4.046887383901434987e+02 4.046886092699452320e+02 4.046884690580356505e+02 4.046884138419230794e+02 4.046884630003497705e+02 4.046886223819532233e+02 4.046884929585005466e+02
5.609429362504220080e+03 4.026606453369178098e+02 4.026601589125152714e+02 4.026597425105571801e+02 4.026595550341944545e+02 4.026593039525388917e+02 4.026591566819651007e+02 4.026594817805753905e+02 4.026601090005549395e+02 4.026606837023321077e+02 4.026611712599760722e+02 4.026617014720429779e+02 4.026624807802677424e+02 4.026634237132681733e+02 4.026648473829897057e+02 4.026648871825947253e+02
5.659429362504220080e+03 4.024893063540014282e+02 4.021778255680112579e+02 4.017948180140894010e+02 4.016350812063517424e+02 4.016343295499764849e+02 4.016335223058956672e+02 4.016327502472625497e+02 4.016317371415132129e+02 4.016306482060647340e+02 4.016294811588548441e+02 4.016283875463569757e+02 4.016271817098394763e+02 4.016258553620561997e+02 4.016231079231382637e+02 4.016223046768771496e+02
5.709429362504220080e+03 4.004137448368455239e+02 4.000995536581594365e+02 3.996755764170167708e+02 3.995037298574027886e+02 3.995023534204865427e+02 3.995009667949562981e+02 3.994995794451426718e+02 3.994974441957537579e+02 3.994950939628474771e+02 3.994924656999997978e+02 3.994899773729326853e+02 3.994871956326709324e+02 3.994841383252570495e+02 3.994779834620299539e+02 3.994762762575913371e+02
5.759429362504220080e+03 4.000154517665718004e+02 3.996560017965879865e+02 3.992164192031391394e+02 3.989888447563449176e+02 3.989860593253463321e+02 3.989848616074457937e+02 3.989836139380900022e+02 3.989817266831018969e+02 3.989796689396367242e+02 3.989772900410183638e+02 3.989750104738626533e+02 3.989724889347940007e+02 3.989697872193712556e+02 3.989641560088525694e+02 3.989625455167978316e+02
5.809429362504220080e+03 3.977448599770192459e+02 3.973385072520382550e+02 3.968967109334881798e+02 3.966412103356439616e+02 3.966052884077322460e+02 3.966044678412937401e+02 3.966036617816708940e+02 3.966025538570546018e+02 3.966013262246079307e+02 3.966000584207902193e+02 3.965988746740497959e+02 3.965975554571389239e+02 3.965960769030014035e+02 3.965933117791673794e+02 3.965925460693753166e+02
5.859429362504220080e+03 3.962735327415871893e+02 3.959956349254084671e+02 3.955508127822641882e+02 3.951528236654490911e+02 3.949163303964512011e+02 3.949153764239639486e+02 3.949143023983004355e+02 3.949126990470907117e+02 3.949108798040428496e+02 3.949089410381013181e+02 3.949070998384158884e+02 3.949050350671611227e+02 3.949027058629314411e+02 3.948981469996849683e+02 3.948969606019059597e+02
5.909429362504220080e+03 3.953927151938568159e+02 3.949722558140928186e+02 3.944710327966759564e+02 3.940999778237494411e+02 3.940321268254887173e+02 3.940311080290979362e+02 3.940299597957637161e+02 3.940282685069883541e+02 3.940263450034132688e+02 3.940242853277179620e+02 3.940222897604925265e+02 3.940200411117767771e+02 3.940174327652783859e+02 3.940122394772710095e+02 3.940109606849820807e+02
5.959429362504220080e+03 3.947490024969233673e+02 3.943793737072139720e+02 3.938728371420874055e+02 3.934788093005279279e+02 3.933932388414456227e+02 3.933923418685452020e+02 3.933911564518715522e+02 3.933893727580320956e+02 3.933873110709963044e+02 3.933850753960437032e+02 3.933828254836556084e+02 3.933801285149729665e+02 3.933764632831669132e+02 3.933683376937374874e+02 3.933665647316532841e+02
6.009429362504220080e+03 3.941747655191036301e+02 3.937553522523749621e+02 3.933085790794418699e+02 3.928951008898652049e+02 3.926535114396506287e+02 3.926525619037769843e+02 3.926513395125022043e+02 3.926495008185482334e+02 3.926473449725974092e+02 3.926450293883430049e+02 3.926426595689859482e+02 3.926398205766195701e+02 3.926360051137717733e+02 3.926279165311461270e+02 3.926262166473554771e+02
6.059429362504220080e+03 3.938857807553874295e+02 3.934415051477730572e+02 3.929228287876370587e+02 3.924991429399734670e+02 3.923441074592153655e+02 3.923431199773967819e+02 3.923419130961682981e+02 3.923401605130229086e+02 3.923381164982355358e+02 3.923359000605898927e+02 3.923336371470175550e+02 3.923309351604101494e+02 3.923273769292045472e+02 3.923200926681477654e+02 3.923186166096463126e+02
6.109429362504220080e+03 3.937937235669299980e+02 3.933532435171010775e+02 3.928316601208787802e+02 3.924117209351927045e+02 3.922773255500702589e+02 3.922763194913403026e+02 3.922750780640307084e+02 3.922732895050235697e+02 3.922712140681888968e+02 3.922689342626936195e+02 3.922665995628525479e+02 3.922638770387841305e+02 3.922603596103157315e+02 3.922527780258815824e+02 3.922513298783334221e+02
6.159429362504220080e+03 3.936460171799611771e+02 3.931887096458224846e+02 3.926567160092709514e+02 3.922653608845575945e+02 3.922124211198513990e+02 3.922113825684355106e+02 3.922101468237981976e+02 3.922084038470902101e+02 3.922063630974571424e+02 3.922042760682099356e+02 3.922023231060027229e+02 3.922001658521483023e+02 3.921973037653879715e+02 3.921906000574209088e+02 3.921891813406463143e+02
6.209429362504220080e+03 3.935338004055402052e+02 3.930813523020723892e+02 3.925548024279785295e+02 3.921601412114928848e+02 3.920951210425392333e+02 3.920942121493029049e+02 3.920929910298409595e+02 3.920912173528811877e+02 3.920890980026167654e+02 3.920871167988039474e+02 3.920852564890197982e+02 3.920830673181878865e+02 3.920802078950725900e+02 3.920737771992361331e+02 3.920724109290812294e+02
6.259429362504220080e+03 3.933729312242728042e+02 3.929146779969044019e+02 3.923861930155936193e+02 3.919944478114501294e+02 3.919290784124357288e+02 3.919279895972603640e+02 3.919264935068364935e+02 3.919243015164437338e+02 3.919216641105678036e+02 3.919191030058928504e+02 3.919166076422733340e+02 3.919139165768287398e+02 3.919108517220973908e+02 3.919043549978370038e+02 3.919029982828900529e+02
6.309429362504220080e+03 3.932658754791242472e+02 3.928200131715654493e+02 3.922889728592231222e+02 3.918897390371312213e+02 3.918224258044909902e+02 3.918213548224473470e+02 3.918199137076549619e+02 3.918177939938260579e+02 3.918154339127588628e+02 3.918133338917708670e+02 3.918111251412798879e+02 3.918086382762097060e+02 3.918058951350612915e+02 3.918001558063927519e+02 3.917989584105400809e+02
6.359429362504220080e+03 3.933109056290546732e+02 3.928548753818453179e+02 3.923100441834268395e+02 3.919336768790756764e+02 3.919116993151130259e+02 3.919106076366114166e+02 3.919092180148013540e+02 3.919072851463752727e+02 3.919047824245342326e+02 3.919026506555283618e+02 3.919008467955218293e+02 3.918984754653259870e+02 3.918957329641033880e+02 3.918894116470661402e+02 3.918879356547928978e+02
6.409429362504220080e+03 3.936388785079647050e+02 3.931887311825318534e+02 3.926542047313515127e+02 3.923023851333778111e+02 3.922884801716672882e+02 3.922875635964295498e+02 3.922862678105427676e+02 3.922844266657750723e+02 3.922820841016555278e+02 3.922801786408485896e+02 3.922785790517476698e+02 3.922765358389997914e+02 3.922744930993949311e+02 3.922709571174796679e+02 3.922701700983274122e+02
6.459429362504220080e+03 3.934619098907954253e+02 3.930047108757461274e+02 3.924728117899946938e+02 3.921287410099607769e+02 3.921176404274635843e+02 3.921165826151038800e+02 3.921149737504237009e+02 3.921126865190178705e+02 3.921097939871713720e+02 3.921074837895457676e+02 3.921054727076167410e+02 3.921029028046140752e+02 3.921003818015440174e+02 3.920961677252396385e+02 3.920952394816864626e+02
6.509429362504220080e+03 3.933913279842044517e+02 3.929416676595934064e+02 3.924045167712113198e+02 3.920621241939070956e+02 3.920532079903725844e+02 3.920522230997811448e+02 3.920506848644658930e+02 3.920484048654446951e+02 3.920454627929946696e+02 3.920433343417914784e+02 3.920414503550011887e+02 3.920390604165834247e+02 3.920368059110180639e+02 3.920331934278681274e+02 3.920324088732906489e+02
6.559429362504220080e+03 3.933386310857154058e+02 3.928743916090083985e+02 3.923304169726865780e+02 3.920135284137115832e+02 3.920094060678590040e+02 3.920082336121586195e+02 3.920066163594962063e+02 3.920043198260460713e+02 3.920014731593860802e+02 3.919995003829151869e+02 3.919978301549359117e+02 3.919958016764140893e+02 3.919940046665551563e+02 3.919914247334593824e+02 3.919908539876786904e+02
6.609429362504220080e+03 3.933523297531930325e+02 3.928976102069740364e+02 3.923497738819875735e+02 3.920403481410124868e+02 3.920373223120533339e+02 3.920361742705200641e+02 3.920345807135464611e+02 3.920323098693181691e+02 3.920296675806441158e+02 3.920280101516306672e+02 3.920266050037008654e+02 3.920248088968972979e+02 3.920231414263666920e+02 3.920209048577461317e+02 3.920204104582633136e+02
6.659429362504220080e+03 3.934543312897033047e+02 3.929829180010123650e+02 3.924378136224135574e+02 3.921562350013413152e+02 3.921545813967655931e+02 3.921533878365884220e+02 3.921518738662961141e+02 3.921497739786285024e+02 3.921472210894476120e+02 3.921456337064677768e+02 3.921444606671714723e+02 3.921428983687579830e+02 3.921412589579550740e+02 3.921390806163340699e+02 3.921386123502159649e+02
6.709429362504220080e+03 3.933743608988933715e+02 3.929250205795111697e+02 3.923824259441439608e+02 3.921078899201681338e+02 3.921061696013215965e+02 3.921049903631040365e+02 3.921034174528689391e+02 3.921011059360945978e+02 3.920986385491109445e+02 3.920970849489588659e+02 3.920959363949363023e+02 3.920944302822895224e+02 3.920928406528895493e+02 3.920908093810162427e+02 3.920903814271998158e+02
6.759429362504220080e+03 3.934334119866116453e+02 3.929789496739121546e+02 3.924359340654538073e+02 3.921961437636722394e+02 3.921955694873342964e+02 3.921947277850508726e+02 3.921858489188254566e+02 3.921456679517003749e+02 3.921120838072587276e+02 3.921087037905818420e+02 3.921076407060030533e+02 3.921058691281934898e+02 3.921042176111942581e+02 3.921017980114962143e+02 3.921012711099139096e+02
6.809429362504220080e+03 3.934120473431581786e+02 3.929591030034681580e+02 3.924288940890998560e+02 3.922229638332476043e+02 3.922224582006227820e+02 3.922220480692245701e+02 3.922129337045747093e+02 3.921818379886830144e+02 3.921374542297658650e+02 3.921281160325706878e+02 3.921275313177922612e+02 3.921266778941266011e+02 3.921259133669010453e+02 3.921248586517502304e+02 3.921246326101148156e+02
6.859429362504220080e+03 3.933709318500919494e+02 3.929099636093391723e+02 3.923706006026645809e+02 3.921609913584987339e+02 3.921605156457119392e+02 3.921601542142450967e+02 3.921573707775087883e+02 3.921494994583875950e+02 3.921243058440677487e+02 3.921169431989762870e+02 3.921164594721215622e+02 3.921157553159212057e+02 3.921151212136986715e+02 3.921143319393927413e+02 3.921141734272762278e+02
6.909429362504220080e+03 3.933624042445238729e+02 3.929069784821843427e+02 3.923629418062053560e+02 3.921224669913211756e+02 3.921220037377759695e+02 3.921216338598105153e+02 3.921197238544640413e+02 3.921151890669022464e+02 3.920909952388975626e+02 3.920831818524445680e+02 3.920826695204656289e+02 3.920818995680582475e+02 3.920811964822801201e+02 3.920805524936339452e+02 3.920804387347935744e+02
6.959429362504220080e+03 3.936859395883031425e+02 3.930307324597740148e+02 3.924223059739592259e+02 3.922138651169207719e+02 3.922133879483600367e+02 3.922129966632633113e+02 3.922109538352626714e+02 3.922074753027110319e+02 3.921761008538173314e+02 3.921636952383701669e+02 3.921632709490498883e+02 3.921627196223232090e+02 3.921622151809890511e+02 3.921616554867510445e+02 3.921615163725605839e+02
7.009429362504220080e+03 3.933314431356013756e+02 3.928748911400913357e+02 3.923302520344613527e+02 3.920955207384088794e+02 3.920950269400498200e+02 3.920945977523640522e+02 3.920932991796848910e+02 3.920914562938115182e+02 3.920908846697435592e+02 3.920906277616067541e+02 3.920905903058396120e+02 3.920905322965974733e+02 3.920904654260995130e+02 3.920903756038022721e+02 3.920903334683313233e+02
7.059429362504220080e+03 3.933433209462735363e+02 3.928937833709110805e+02 3.923564810114222041e+02 3.921531811707671409e+02 3.921529447157396930e+02 3.921499812183685663e+02 3.921494794450977111e+02 3.921483911515640557e+02 3.921483689301501272e+02 3.921483445418698466e+02 3.921482792452400190e+02 3.921481840938158712e+02 3.921480994991491684e+02 3.921479992303078461e+02 3.921479549911975369e+02
7.109429362504220080e+03 3.933446457042600741e+02 3.928880529681547955e+02 3.923537233699935314e+02 3.921550852166435561e+02 3.921546431857652806e+02 3.921514965721638646e+02 3.921503239489015868e+02 3.921497134237866931e+02 3.921496939002848876e+02 3.921496633674180998e+02 3.921494594149781960e+02 3.921493749009704288e+02 3.921492258066153909e+02 3.921491509897410879e+02 3.921491062866167567e+02
7.159429362504220080e+03 3.933206211772858865e+02 3.928622462591807221e+02 3.923327839584277967e+02 3.921536145865426306e+02 3.921531615278773870e+02 3.921511431806131327e+02 3.921482970081336248e+02 3.921482319936272347e+02 3.921482188218727742e+02 3.921481664580187498e+02 3.921478903085878756e+02 3.921477353747098960e+02 3.921474539221674718e+02 3.921473755039384059e+02 3.921473321235160938e+02
7.209429362504220080e+03 3.933485872800573588e+02 3.928937177026064660e+02 3.923657414502888514e+02 3.921958032063550377e+02 3.921953517297596363e+02 3.921933243030726999e+02 3.921916946530147925e+02 3.921916768272369609e+02 3.921916632602863046e+02 3.921916348121426381e+02 3.921914532934445106e+02 3.921913275515245800e+02 3.921910191280092022e+02 3.921909279075400718e+02 3.921908807302103810e+02
7.259429362504220080e+03 3.933207946762279335e+02 3.928660846098993034e+02 3.923426841788505044e+02 3.921841583519789651e+02 3.921836404340306217e+02 3.921809341422363104e+02 3.921794760523312107e+02 3.921794598519789474e+02 3.921794467603142493e+02 3.921794185528412982e+02 3.921791982382608239e+02 3.921790692218299341e+02 3.921788945840943370e+02 3.921788335883114200e+02 3.921788031066982967e+02
7.309429362504220080e+03 3.937838793743110273e+02 3.933326835103257508e+02 3.928756032224947603e+02 3.928252309301175842e+02 3.928215626161959335e+02 3.927153620881358052e+02 3.925040323635660116e+02 3.925039617491620447e+02 3.925038993059195036e+02 3.925037506974852022e+02 3.925028374380759715e+02 3.925026047754198544e+02 3.925017397113944071e+02 3.925016080813901453e+02 3.925015213228930406e+02
7.359429362504220080e+03 3.935011769297541377e+02 3.930447195980120227e+02 3.925771502285085717e+02 3.925264726762330270e+02 3.925254307900485742e+02 3.924908505078711869e+02 3.923172820408145753e+02 3.923011642276508155e+02 3.923007930500741622e+02 3.922998255824276725e+02 3.922997474619085096e+02 3.922996187071196346e+02 3.922994468223398599e+02 3.922993442326784361e+02 3.922992710109864447e+02
7.409429362504220080e+03 3.934665230056014025e+02 3.930116570514055638e+02 3.925252762901859001e+02 3.924470551629342481e+02 3.924464336862677669e+02 3.924418152944422786e+02 3.923488484498000730e+02 3.922647333907158327e+02 3.922610007056692325e+02 3.922609131267334419e+02 3.922608912203326099e+02 3.922608473154871831e+02 3.922608020534759703e+02 3.922608108352927729e+02 3.922607803599156568e+02
7.459429362504220080e+03 3.934018143227204973e+02 3.929477517014127557e+02 3.924269006803926914e+02 3.922666541207153728e+02 3.922659610508557080e+02 3.922635135835907363e+02 3.922537740903334225e+02 3.922518011584712667e+02 3.922517842352939965e+02 3.922517681080619241e+02 3.922517448426786473e+02 3.922517063290162582e+02 3.922516677474825428e+02 3.922516578438402348e+02 3.922516396192927459e+02
7.509429362504220080e+03 3.933908756775412030e+02 3.929341454382853271e+02 3.924109561833899988e+02 3.922465140600231166e+02 3.922443984539341955e+02 3.922431008476169723e+02 3.922396571186337724e+02 3.922380527123109459e+02 3.922378856937712044e+02 3.922378707807276328e+02 3.922378540282592780e+02 3.922378377895792028e+02 3.922378218588328878e+02 3.922378042520974759e+02 3.922377856798524931e+02
7.559429362504220080e+03 3.933615133117668847e+02 3.929092618259156779e+02 3.924131672893793166e+02 3.923632880431096055e+02 3.922888327670466992e+02 3.922819308907742197e+02 3.922775697730331217e+02 3.922769912454278369e+02 3.922769708710192731e+02 3.922769522614066773e+02 3.922769276554039379e+02 3.922769032074477877e+02 3.922768797341428240e+02 3.922767888906822691e+02 3.922767223615733201e+02
7.609429362504220080e+03 3.987544572981662441e+02 3.983926615018336292e+02 3.982509123711876100e+02 3.982508881006656338e+02 3.982503483227714582e+02 3.982504359678371202e+02 3.982500884531301608e+02 3.982494596207516224e+02 3.982493625020446189e+02 3.982492808625420935e+02 3.982492053047929517e+02 3.982491239586347547e+02 3.982490459890288435e+02 3.982488115488285985e+02 3.982486315449992844e+02
7.659429362504220080e+03 3.934999984270460800e+02 3.930467545435286638e+02 3.925692322466617838e+02 3.925310119783134724e+02 3.924640189033809179e+02 3.924583332994411649e+02 3.924502600168449362e+02 3.924495341052711979e+02 3.924494954585060214e+02 3.924494511127966234e+02 3.924494063109837043e+02 3.924493637432926789e+02 3.924493231327908802e+02 3.924492655256421472e+02 3.924492170236392781e+02
7.709429362504220080e+03 3.939363714551252542e+02 3.934886946260656941e+02 3.932358891884518357e+02 3.932354931442919792e+02 3.932338092454688194e+02 3.926981190967006796e+02 3.924836047941789730e+02 3.924548562612306455e+02 3.924547751721587474e+02 3.924546822545515852e+02 3.924545806175970597e+02 3.924544789465820713e+02 3.924544163587299295e+02 3.924542994568071208e+02 3.924541933983670674e+02
7.759429362504220080e+03 3.938758196226581845e+02 3.934270030220732224e+02 3.931361219135151259e+02 3.931357400314509505e+02 3.931341851895516584e+02 3.926780789757935963e+02 3.924929296895445532e+02 3.924660802744919010e+02 3.924659906492916548e+02 3.924658521965253044e+02 3.924656786137062454e+02 3.924655134036809727e+02 3.924654225354356640e+02 3.924652895106738129e+02 3.924651755081600299e+02
7.809429362504220080e+03 3.939703863452667179e+02 3.935226781338169530e+02 3.932326395318136747e+02 3.932322436704957909e+02 3.932306785990972458e+02 3.928082805745378892e+02 3.926154182725301780e+02 3.925790663411813739e+02 3.925789737190084452e+02 3.925788488254293611e+02 3.925787172985497477e+02 3.925785968858052115e+02 3.925785002813789220e+02 3.925783828141306344e+02 3.925782813621158880e+02
7.859429362504220080e+03 3.946048551960781765e+02 3.941684802712256896e+02 3.938858252527652439e+02 3.938853494489889044e+02 3.938840081392757497e+02 3.933364206284610418e+02 3.931945570524345612e+02 3.931780334937137695e+02 3.931779301051112725e+02 3.931777527408033848e+02 3.931775743472514932e+02 3.931774165345932488e+02 3.931773068342675970e+02 3.931771546024409645e+02 3.931770065463019250e+02
7.909429362504220080e+03 3.957942421643372199e+02 3.953676540691977834e+02 3.951066998984754832e+02 3.951061276469855557e+02 3.951056963386293432e+02 3.949888921963362236e+02 3.949588908070654725e+02 3.949548962214351491e+02 3.949547670203202188e+02 3.949545795590743182e+02 3.949543599507701970e+02 3.949541561609998439e+02 3.949540398811322461e+02 3.949538470254580034e+02 3.949536479445549730e+02
7.959429362504220080e+03 3.947066571970838709e+02 3.942634797442054833e+02 3.939760059739160170e+02 3.939756635591807594e+02 3.939744588082429004e+02 3.935256174021882316e+02 3.934259924948940466e+02 3.934162746763730638e+02 3.934161261057965362e+02 3.934159471932150041e+02 3.934157603761590281e+02 3.934155873482977768e+02 3.934154830462702535e+02 3.934153309723925531e+02 3.934151819050545100e+02
8.009429362504220080e+03 3.952501893081331446e+02 3.948123813884804463e+02 3.945232831820828778e+02 3.945228972815842212e+02 3.945217169070117507e+02 3.941918611892621129e+02 3.941453507189259540e+02 3.941419363942146674e+02 3.941417644490670114e+02 3.941415822146397545e+02 3.941414188017362790e+02 3.941412562237051134e+02 3.941411403077389650e+02 3.941409813073768191e+02 3.941408321545332001e+02
8.059429362504220080e+03 3.943246017433916677e+02 3.938784670992127417e+02 3.935906407092700192e+02 3.935902723716618539e+02 3.935884518261507310e+02 3.930546888158414731e+02 3.929940990592583603e+02 3.929914983327948903e+02 3.929914491710889024e+02 3.929914045275246508e+02 3.929913649108016216e+02 3.929913266212813596e+02 3.929912892830965916e+02 3.929912504238436668e+02 3.929912145148074956e+02
8.109429362504220080e+03 3.942359944437998820e+02 3.937912424231731734e+02 3.935238359231766481e+02 3.935235025351589684e+02 3.935219237796969765e+02 3.930345099875569872e+02 3.929851275189533339e+02 3.929847349152459515e+02 3.929847033942153303e+02 3.929846682211236271e+02 3.929846323218023940e+02 3.929845989840795255e+02 3.929845687016240845e+02 3.929845353792278502e+02 3.929845073207170003e+02
8.159429362504220080e+03 3.942002597661189611e+02 3.937553160270575745e+02 3.934734441496212298e+02 3.934730828261101010e+02 3.934387258311707569e+02 3.930013599817151544e+02 3.929830574547502806e+02 3.929830393850855330e+02 3.929830155713101476e+02 3.929829807376907524e+02 3.929829448121862470e+02 3.929829125174252340e+02 3.929828843245776397e+02 3.929828545568173013e+02 3.929828281517577011e+02
8.209429362504219171e+03 3.941623339896783591e+02 3.937167836956374458e+02 3.934310275461116930e+02 3.934304117702606618e+02 3.934018062853705260e+02 3.929739408843324782e+02 3.929529435189070341e+02 3.929529176989804000e+02 3.929528786364912776e+02 3.929528240506608654e+02 3.929527687570847547e+02 3.929527177537172520e+02 3.929526765846661078e+02 3.929526300766010536e+02 3.929525960879214495e+02
8.259429362504219171e+03 3.943016591672910636e+02 3.939019677964784591e+02 3.938262764499903597e+02 3.937987883783853249e+02 3.930937672016424358e+02 3.930572630132580230e+02 3.930347612130620405e+02 3.930346164250939864e+02 3.930345007823369201e+02 3.930343557691556953e+02 3.930342123819295921e+02 3.930340766510548747e+02 3.930339709078525061e+02 3.930338380011780828e+02 3.930337386673992341e+02
8.309429362504219171e+03 3.941615229868824031e+02 3.937189936571744511e+02 3.934304089858668476e+02 3.934294790764318464e+02 3.930420480083671464e+02 3.930266974592773295e+02 3.930204022503651800e+02 3.930202557635753919e+02 3.930201243852199013e+02 3.930199823294179282e+02 3.930198475424405160e+02 3.930197164915603025e+02 3.930195998045941792e+02 3.930194724090368936e+02 3.930193740682570933e+02
8.359429362504219171e+03 3.941228217234314570e+02 3.936325089212232342e+02 3.934466709926583121e+02 3.934445686800462454e+02 3.931345772911660674e+02 3.931233969541895590e+02 3.931186151402065434e+02 3.931184807504351397e+02 3.931183506323351367e+02 3.931182062347696728e+02 3.931180693347986335e+02 3.931179342553568858e+02 3.931178342718100112e+02 3.931177035589699358e+02 3.931176104984168660e+02
8.409429362504219171e+03 3.941295681384277714e+02 3.936838780693334456e+02 3.933957220228597293e+02 3.933951688979079790e+02 3.930598191595356639e+02 3.930468912366932841e+02 3.930413053899831652e+02 3.930411430443000995e+02 3.930409923057520700e+02 3.930408293148656185e+02 3.930406691134766675e+02 3.930405104526084870e+02 3.930403899756255441e+02 3.930402380521302916e+02 3.930401308379505281e+02
8.459429362504219171e+03 3.941287383820081800e+02 3.936847137333872411e+02 3.934264135399033648e+02 3.934257618479005600e+02 3.930773841924786893e+02 3.930665213418955091e+02 3.930619134905356304e+02 3.930617518872445544e+02 3.930616062724496373e+02 3.930614536461365560e+02 3.930613061743551953e+02 3.930611634482559680e+02 3.930610572319872063e+02 3.930609193703052142e+02 3.930608221076839754e+02
8.509429362504219171e+03 3.940750470372678933e+02 3.936283708705818185e+02 3.933521077470215914e+02 3.933514196015380548e+02 3.930903025376520077e+02 3.930833283134415979e+02 3.930802339572712754e+02 3.930800780810034780e+02 3.930799239644602494e+02 3.930797554102543927e+02 3.930795860886128139e+02 3.930794228147965441e+02 3.930792945290323246e+02 3.930791273860112369e+02 3.930790155856752790e+02
8.559429362504219171e+03 3.940577468945397186e+02 3.936128204499018466e+02 3.933374228640781780e+02 3.933358808896239793e+02 3.930527046188536815e+02 3.930501553094517249e+02 3.930489022451895949e+02 3.930487525060075313e+02 3.930486046187409670e+02 3.930484493149632499e+02 3.930482951741138891e+02 3.930481477845097515e+02 3.930480309549320737e+02 3.930478774830542079e+02 3.930477741327967465e+02
8.609429362504219171e+03 3.940458101278038043e+02 3.935993206988525799e+02 3.933222839879438197e+02 3.933098768377687406e+02 3.930961890047992142e+02 3.930954293186007931e+02 3.930949465284232929e+02 3.930948268263601335e+02 3.930947005142164699e+02 3.930945607594615581e+02 3.930944259549675621e+02 3.930942968334449006e+02 3.930941931957376028e+02 3.930940587027050128e+02 3.930939675199007866e+02
8.659429362504219171e+03 3.939956186230087383e+02 3.935469112957523521e+02 3.932704333007984587e+02 3.932623868643430569e+02 3.930623578312514610e+02 3.930617211828311497e+02 3.930613723840793341e+02 3.930612914505337585e+02 3.930612083425057222e+02 3.930611125158133063e+02 3.930610186930765622e+02 3.930609298898389170e+02 3.930608606027074075e+02 3.930607697742492519e+02 3.930607084224105847e+02
8.709429362504219171e+03 3.939630259593238861e+02 3.935152813051052476e+02 3.932368452260096774e+02 3.931521829033996482e+02 3.930771828864158124e+02 3.930696810012792639e+02 3.930683802017488802e+02 3.930683105398919110e+02 3.930682341531032762e+02 3.930681414232815882e+02 3.930680513864663226e+02 3.930679660987178750e+02 3.930678939918988135e+02 3.930678086380852392e+02 3.930677485551948962e+02
8.759429362504219171e+03 3.939356858970973576e+02 3.934840990056908367e+02 3.931918400696899880e+02 3.931204946283096433e+02 3.930762042613595781e+02 3.930677666671895167e+02 3.930658127107293467e+02 3.930657411907046708e+02 3.930656639241354355e+02 3.930655719590169497e+02 3.930654832363702553e+02 3.930654008217296678e+02 3.930653301392915751e+02 3.930652512526536384e+02 3.930651957558476965e+02
8.809429362504219171e+03 3.939904431969213761e+02 3.935702929213516654e+02 3.933335195340194446e+02 3.931502806843137137e+02 3.930539065693783414e+02 3.930499070520504574e+02 3.930494500787743846e+02 3.930493781918770537e+02 3.930493117551657178e+02 3.930492245394335669e+02 3.930491381892936715e+02 3.930490558634763261e+02 3.930489848665447994e+02 3.930489038164433282e+02 3.930488453760860921e+02
8.859429362504219171e+03 3.939214384487588632e+02 3.934899815407821393e+02 3.931691899973416184e+02 3.931024578250787727e+02 3.930630487893141662e+02 3.930619118361828441e+02 3.930617292734990542e+02 3.930616514400185224e+02 3.930615827460120499e+02 3.930615023592673651e+02 3.930614233023546831e+02 3.930613480808487452e+02 3.930612812294442620e+02 3.930612049254391991e+02 3.930611495983396253e+02
8.909429362504219171e+03 3.938842023773992196e+02 3.934329095752250964e+02 3.931376583339184663e+02 3.930795865765048802e+02 3.930539055423996047e+02 3.930517523922869714e+02 3.930511843379134120e+02 3.930510871769331516e+02 3.930509915899164071e+02 3.930508853007091261e+02 3.930507809473707539e+02 3.930506810447737962e+02 3.930505935705720049e+02 3.930504905845558028e+02 3.930504168842668378e+02
8.959429362504219171e+03 3.938458242743813571e+02 3.933994201145155785e+02 3.931588572138332438e+02 3.930752702601110400e+02 3.930690378128669522e+02 3.930634564598497036e+02 3.930624758727777817e+02 3.930623781273773716e+02 3.930622831311935101e+02 3.930621674613756227e+02 3.930620516570552923e+02 3.930619417153546920e+02 3.930618494096488575e+02 3.930617403666342966e+02 3.930616626614012716e+02
9.009429362504219171e+03 3.938249656386649349e+02 3.933758827416835402e+02 3.930701526492401285e+02 3.930503724823751099e+02 3.930498649724440838e+02 3.930486641762010436e+02 3.930479696083133376e+02 3.930477535762931325e+02 3.930475521683933948e+02 3.930473682426309097e+02 3.930471975943040661e+02 3.930470340967972334e+02 3.930468858204542926e+02 3.930467227646752804e+02 3.930466024397252340e+02
9.059429362504219171e+03 3.938060920051004814e+02 3.933595873809834416e+02 3.931173902716051316e+02 3.930516186787730248e+02 3.930503399584138151e+02 3.930463216113992075e+02 3.930445377289336193e+02 3.930443577167009721e+02 3.930441971073050809e+02 3.930440426128237164e+02 3.930438965967057356e+02 3.930437522534944605e+02 3.930436270960005345e+02 3.930434659496678478e+02 3.930433548425231152e+02
9.109429362504219171e+03 3.937627911789819564e+02 3.933192544777759849e+02 3.931114724674663989e+02 3.930759219889471296e+02 3.930749604610152801e+02 3.930726163535819069e+02 3.930715160873773470e+02 3.930713117626762596e+02 3.930711275115297667e+02 3.930709567516744301e+02 3.930707987227701778e+02 3.930706429621037614e+02 3.930704981160344573e+02 3.930703269917063380e+02 3.930702045883386404e+02
9.159429362504219171e+03 3.937449728605133714e+02 3.932975263594146895e+02 3.930746052426171104e+02 3.930605832129631949e+02 3.930601747874709986e+02 3.930593495328373592e+02 3.930588222166849732e+02 3.930586129976785514e+02 3.930584231540233873e+02 3.930582472315492737e+02 3.930580838382905995e+02 3.930579234919069336e+02 3.930577714721138136e+02 3.930575973254742621e+02 3.930574713228912742e+02
9.209429362504219171e+03 3.937317973048062640e+02 3.932802729802473891e+02 3.930562219649941653e+02 3.930401596275150382e+02 3.930399584004509279e+02 3.930394557094920174e+02 3.930389357079198476e+02 3.930387354997679950e+02 3.930385486636877204e+02 3.930383717038318991e+02 3.930382056079187123e+02 3.930380430153235238e+02 3.930378880244722950e+02 3.930377126478480818e+02 3.930375850679714631e+02
9.259429362504219171e+03 3.937120835158176533e+02 3.932633550400112199e+02 3.930271943462433342e+02 3.930116902250204021e+02 3.930114948807850510e+02 3.930110098095091189e+02 3.930104612660160228e+02 3.930102660478158896e+02 3.930100820003779631e+02 3.930099063263913308e+02 3.930097407251772665e+02 3.930095785454606130e+02 3.930094235229395281e+02 3.930092493724216638e+02 3.930091221549135980e+02
9.309429362504219171e+03 3.936908106822356217e+02 3.932474693146106688e+02 3.930066566412687052e+02 3.929907252122407044e+02 3.929905318361621767e+02 3.929900471773866570e+02 3.929895248952003044e+02 3.929893314082470965e+02 3.929891485810006770e+02 3.929889742039258635e+02 3.929888096416876806e+02 3.929886482585741874e+02 3.929884939961897885e+02 3.929883210203984731e+02 3.929881944007165089e+02
9.359429362504219171e+03 3.936710204407013975e+02 3.932311486663177789e+02 3.929991057076591687e+02 3.929766963728592373e+02 3.929765047139521243e+02 3.929760131162758512e+02 3.929754839862714562e+02 3.929752936540140809e+02 3.929751128749351778e+02 3.929749396837373752e+02 3.929747759064975980e+02 3.929746150220765912e+02 3.929744611688481655e+02 3.929742884446828839e+02 3.929741623038319744e+02
9.409429362504219171e+03 3.936482623869356985e+02 3.932081311219570807e+02 3.929804947648015059e+02 3.929761151850248666e+02 3.929755071056115980e+02 3.929743529010581256e+02 3.929736069341934126e+02 3.929734264091952127e+02 3.929732524909252902e+02 3.929730829884869650e+02 3.929729224144365389e+02 3.929727641404574001e+02 3.929726129537951920e+02 3.929724432628519821e+02 3.929723190335158165e+02
9.459429362504219171e+03 3.936309724525208367e+02 3.931926468572299882e+02 3.929713920412876291e+02 3.929669435009560630e+02 3.929663377301688456e+02 3.929652457697474119e+02 3.929645707336680402e+02 3.929643916518920150e+02 3.929642193881340404e+02 3.929640519964269174e+02 3.929638935445996140e+02 3.929637369987673310e+02 3.929635885242082054e+02 3.929634210000695020e+02 3.929632985331104464e+02
9.509429362504219171e+03 3.936081424518679341e+02 3.931751262565173874e+02 3.929794445559905398e+02 3.929759481565775445e+02 3.929754309903586318e+02 3.929744570823173717e+02 3.929739168973871983e+02 3.929737360186238675e+02 3.929735631507471680e+02 3.929733977013038384e+02 3.929732413993468754e+02 3.929730861882737258e+02 3.929729394645741536e+02 3.929727735824343426e+02 3.929726520857707328e+02
9.559429362504219171e+03 3.935908538211613177e+02 3.931606137842413773e+02 3.929743518069595893e+02 3.929722678098759161e+02 3.929719452811207248e+02 3.929713967225362694e+02 3.929710340722135129e+02 3.929708582493273070e+02 3.929706885446139495e+02 3.929705248381375213e+02 3.929703700363538132e+02 3.929702159372466213e+02 3.929700705397418687e+02 3.929699056993237036e+02 3.929697851981181884e+02
9.609429362504219171e+03 3.935728339473187702e+02 3.931455303844709874e+02 3.929582102635135357e+02 3.929557826419815001e+02 3.929554381562825256e+02 3.929549069358606630e+02 3.929545712061739096e+02 3.929544147886077212e+02 3.929542900686763574e+02 3.929541945829924430e+02 3.929541037298087645e+02 3.929540113620643638e+02 3.929539264546253889e+02 3.929538269830710533e+02 3.929537553434041115e+02
9.659429362504219171e+03 3.935830744109848638e+02 3.931518742424970014e+02 3.929646703239859562e+02 3.929629667787398830e+02 3.929626396527444285e+02 3.929621719324537708e+02 3.929618784650996304e+02 3.929617460769779314e+02 3.929616304516907803e+02 3.929615342247036551e+02 3.929614447522144474e+02 3.929613559794963749e+02 3.929612717099762449e+02 3.929611758626749634e+02 3.929611060795145931e+02
9.709429362504219171e+03 3.935535369595074258e+02 3.931232986897881574e+02 3.929144817388271349e+02 3.929133156190857221e+02 3.929127590058545820e+02 3.929120498669701647e+02 3.929117706663144531e+02 3.929117009489998509e+02 3.929116419557206541e+02 3.929115928633137287e+02 3.929115446819313320e+02 3.929114941032270849e+02 3.929114507003516792e+02 3.929113993545687435e+02 3.929113628861935581e+02
9.759429362504219171e+03 3.935295471469557356e+02 3.931031766065358397e+02 3.929105201117401975e+02 3.929093747205283194e+02 3.929088510164623926e+02 3.929082456204287723e+02 3.929079294177073507e+02 3.929078258393495844e+02 3.929077345648195205e+02 3.929076581948073681e+02 3.929075876180266391e+02 3.929075177954093192e+02 3.929074519786006476e+02 3.929073769855538103e+02 3.929073222997872676e+02
9.809429362504219171e+03 3.935540550360208840e+02 3.931320506349854327e+02 3.929239044124785778e+02 3.929227763381694558e+02 3.929222746663604084e+02 3.929217456588847881e+02 3.929215146734563291e+02 3.929213993986885498e+02 3.929212909966571488e+02 3.929211878447678146e+02 3.929210902881629295e+02 3.929209923211215028e+02 3.929209020567443531e+02 3.929207983700189288e+02 3.929207228768543700e+02
9.859429362504219171e+03 3.935374181513140002e+02 3.931191513762038312e+02 3.929263138061887162e+02 3.929259176223702070e+02 3.929255626713425045e+02 3.929249578247945465e+02 3.929246182304143531e+02 3.929244210692416459e+02 3.929242553728113307e+02 3.929241147322735515e+02 3.929239855484690906e+02 3.929238564489276087e+02 3.929237330165478852e+02 3.929235951041705448e+02 3.929234937858037142e+02
9.909429362504219171e+03 3.935389168722376780e+02 3.931212859546513982e+02 3.928946865441338332e+02 3.928942567294386663e+02 3.928938868100909190e+02 3.928932343573248431e+02 3.928928676848925079e+02 3.928926563495916184e+02 3.928924745880952969e+02 3.928923165612886237e+02 3.928921694970373437e+02 3.928920231304102799e+02 3.928918838769837976e+02 3.928917273741415102e+02 3.928916128340044907e+02
9.959429362504219171e+03 3.935458849278422804e+02 3.931293987172532525e+02 3.928868999806386455e+02 3.928864492570876337e+02 3.928860393090734533e+02 3.928853563972266443e+02 3.928849657654033081e+02 3.928847400656827062e+02 3.928845478302827132e+02 3.928843837540939603e+02 3.928842317585634873e+02 3.928840803287312724e+02 3.928839358989520747e+02 3.928837731937800868e+02 3.928836541964132039e+02
1.000942936250421917e+04 3.935753609455306332e+02 3.931664637293903297e+02 3.929066598031856756e+02 3.929061799711832350e+02 3.929057815552237685e+02 3.929050055434621527e+02 3.929045547640155860e+02 3.929042735783789340e+02 3.929040464448917760e+02 3.929038737269454487e+02 3.929037238458250840e+02 3.929035763427515349e+02 3.929034341924910905e+02 3.929032767920786000e+02 3.929031609166324301e+02
1.005942936250421917e+04 3.935950189711474536e+02 3.931987637227087475e+02 3.929558567409218313e+02 3.929519646011763143e+02 3.929502172380625211e+02 3.929421586453595410e+02 3.929383527132134759e+02 3.929380263128550723e+02 3.929377246679237601e+02 3.929374923777692175e+02 3.929373133049180069e+02 3.929371434248448622e+02 3.929369808803733690e+02 3.929368009373510517e+02 3.929366680737592787e+02
1.010942936250421917e+04 3.936374284673478314e+02 3.932650780303708302e+02 3.929832511659369629e+02 3.929603371647773997e+02 3.929592938543785863e+02 3.929537350209990336e+02 3.929482240679300276e+02 3.929478236450279383e+02 3.929474528704022305e+02 3.929471733669290074e+02 3.929469643421294904e+02 3.929467738416416296e+02 3.929465976703995125e+02 3.929464008273006357e+02 3.929462569703836152e+02
1.015942936250421917e+04 3.937362417611681167e+02 3.934011951757322549e+02 3.931247372627192362e+02 3.930416057550807523e+02 3.930405235294522868e+02 3.930330900788884492e+02 3.930253816160624751e+02 3.930249325388520560e+02 3.930245107855822084e+02 3.930241815494875368e+02 3.930239256059340391e+02 3.930236973666135327e+02 3.930234871078637298e+02 3.930232903054319422e+02 3.930231386187975886e+02
1.020942936250421917e+04 3.940692556043766217e+02 3.938615454845320301e+02 3.938068582543492653e+02 3.937515073960195764e+02 3.937337728030853441e+02 3.934667724032783553e+02 3.932909378760664936e+02 3.932903832661016850e+02 3.932898637887726636e+02 3.932893798008245767e+02 3.932889352308420143e+02 3.932885627841548626e+02 3.932882263809648862e+02 3.932878950579858497e+02 3.932876443193167120e+02
1.025942936250421917e+04 4.090158311158029960e+02 4.089820959864820225e+02 4.089029367010106739e+02 4.088297081702687024e+02 4.088102871318636744e+02 4.083202287308868108e+02 4.081794127000829349e+02 4.081786046388811542e+02 4.081779157525245409e+02 4.081772498622274270e+02 4.081766322632419701e+02 4.081761029237204639e+02 4.081756703819669951e+02 4.081752619333347525e+02 4.081749416059748228e+02
1.030942936250421917e+04 4.098496230874883395e+02 4.098289620527235684e+02 4.097823279631488163e+02 4.097494789811884175e+02 4.094569781907705419e+02 4.093795994019200180e+02 4.093788672502153076e+02 4.093781369571835285e+02 4.093774173551706781e+02 4.093767195831021581e+02 4.093760354948781242e+02 4.093754226117807775e+02 4.093748745068724588e+02 4.093743662832260952e+02 4.093739625670391433e+02
1.035942936250421917e+04 4.090745436294305364e+02 4.090721087762817660e+02 4.090685971045951419e+02 4.090572773579838213e+02 4.090527879747812676e+02 4.090521482999909040e+02 4.090514764013794888e+02 4.090508084901366033e+02 4.090501018341448116e+02 4.090495122203087135e+02 4.090489822425284956e+02 4.090485131926596409e+02 4.090480609928974332e+02 4.090476991057408895e+02 4.090473969163390962e+02
1.041135807344171917e+04 4.077304640619473730e+02 4.077547408077361979e+02 4.077750673889177051e+02 4.077777758697779404e+02 4.077757906034365760e+02 4.077754570470591489e+02 4.077751221643346753e+02 4.077747908050983483e+02 4.077743416148690585e+02 4.077740221693346712e+02 4.077737053770133571e+02 4.077733915325954399e+02 4.077729710434535946e+02 4.077726637885039054e+02 4.077724133245458802e+02
1.046135807344171917e+04 4.057447086018627260e+02 4.057690423742803318e+02 4.057782754490482375e+02 4.057795547869061465e+02 4.057776521845386242e+02 4.057772925060371563e+02 4.057769148267640844e+02 4.057765330096965499e+02 4.057761332581004581e+02 4.057757420838552207e+02 4.057753491440562925e+02 4.057749734434910351e+02 4.057745810149802992e+02 4.057742111642594978e+02 4.057739238767102279e+02
1.051135807344171917e+04 4.020795994773827715e+02 4.020808722367448809e+02 4.020810039198938739e+02 4.020807326171058094e+02 4.020799449508441512e+02 4.020795619119375033e+02 4.020791868754343454e+02 4.020788173616977019e+02 4.020784416084210307e+02 4.020780785622017675e+02 4.020777226631892063e+02 4.020773713781168226e+02 4.020770246261301963e+02 4.020766841247080947e+02 4.020764095200655106e+02
1.056135807344171917e+04 3.985285867526480388e+02 3.985315889769221371e+02 3.985321528150906261e+02 3.985320408806068144e+02 3.985316652099690486e+02 3.985313472976306457e+02 3.985310424770473219e+02 3.985307473035413750e+02 3.985304448477112942e+02 3.985301551984516664e+02 3.985298732676700411e+02 3.985295876872320378e+02 3.985293036968290608e+02 3.985290187192690610e+02 3.985287920235485899e+02
1.061135807344171917e+04 3.968168911320512962e+02 3.968174259688447592e+02 3.968172511762280692e+02 3.968169677559332627e+02 3.968166377889897376e+02 3.968163245893961744e+02 3.968160230915308944e+02 3.968157249705294589e+02 3.968154266180912373e+02 3.968151496133490923e+02 3.968148862921041768e+02 3.968146226016273204e+02 3.968143604397762374e+02 3.968140983570070830e+02 3.968138918819292371e+02
1.066135807344171917e+04 3.963218907778866651e+02 3.963099813783235277e+02 3.962939330253924481e+02 3.962890602820706931e+02 3.962884699529504360e+02 3.962880193948354872e+02 3.962875963700688544e+02 3.962871905844596085e+02 3.962868000303163285e+02 3.962864578124787158e+02 3.962861657893977281e+02 3.962859006039543601e+02 3.962856542182606745e+02 3.962854048130166120e+02 3.962852037158271514e+02
1.071135807344171917e+04 3.960833313499012434e+02 3.960600085517793332e+02 3.960141665303685841e+02 3.960002909480359676e+02 3.959997988892984608e+02 3.959993335188108858e+02 3.959988945274989192e+02 3.959984723468182892e+02 3.959980672497573551e+02 3.959977110591779592e+02 3.959974084335278803e+02 3.959971383762172081e+02 3.959968928512620323e+02 3.959966445561580031e+02 3.959964438366545210e+02
1.076135807344171917e+04 3.957742038158985451e+02 3.957149521043052118e+02 3.956608218214951194e+02 3.956544757521140809e+02 3.956539785023016975e+02 3.956535253369113434e+02 3.956530950988222912e+02 3.956526848813289803e+02 3.956522940455046182e+02 3.956519494773382917e+02 3.956516559069862069e+02 3.956513936311824864e+02 3.956511538296250023e+02 3.956509123225526992e+02 3.956507200255188081e+02
1.081135807344171917e+04 3.955932735241115097e+02 3.955407527866148598e+02 3.954906521235491255e+02 3.954829595540230684e+02 3.954824629843516846e+02 3.954820112747410690e+02 3.954815844630502397e+02 3.954811773716586458e+02 3.954807886434217608e+02 3.954804464143460905e+02 3.954801545288081570e+02 3.954798968619116977e+02 3.954796620081017977e+02 3.954794233365506670e+02 3.954792338281386037e+02
1.082635807344171917e+04 3.955413716174910519e+02 3.954525121870312319e+02 3.953703149096803031e+02 3.953643040923847138e+02 3.953637774751244933e+02 3.953633195677469985e+02 3.953628890233136985e+02 3.953624794094359913e+02 3.953620891684399226e+02 3.953617469832780671e+02 3.953614570075492907e+02 3.953612015868906155e+02 3.953609684065132797e+02 3.953607306441167566e+02 3.953605413362983541e+02
1.082637067109796953e+04 3.944733241597524511e+02 3.951472599655996305e+02 3.952836848338092182e+02 3.953184988043598196e+02 3.953246323765199008e+02 3.953251920397963772e+02 3.953258529204562137e+02 3.953264683113296769e+02 3.953270309252752099e+02 3.953275407524529328e+02 3.953279553301850342e+02 3.953282662607905422e+02 3.953285087745937858e+02 3.953287169310711988e+02 3.953288758857082712e+02
1.082637067109796953e+04 3.944733241597524511e+02 3.951472599655996305e+02 3.952836848338092182e+02 3.953184988043598196e+02 3.953246323765199008e+02 3.953251920397963772e+02 3.953258529204562137e+02 3.953264683113296769e+02 3.953270309252752099e+02 3.953275407524529328e+02 3.953279553301850342e+02 3.953282662607905422e+02 3.953285087745937858e+02 3.953287169310711988e+02 3.953288758857082712e+02
1.087639078809913008e+04 3.945271763917222643e+02 3.945268693725246294e+02 3.945265245009330783e+02 3.945261608995942311e+02 3.945258977133084386e+02 3.945256456521537984e+02 3.945253987190735643e+02 3.945251552107590669e+02 3.945249143524299598e+02 3.945246770786707202e+02 3.945244424235541487e+02 3.945242093488486148e+02 3.945239788788061901e+02 3.945237470586461086e+02 3.945235639364740905e+02
1.092639088556911520e+04 3.944379304921772018e+02 3.944374746815639696e+02 3.944370018179952240e+02 3.944365926405280334e+02 3.944363494536954704e+02 3.944361018242036607e+02 3.944358598372238589e+02 3.944356215945338135e+02 3.944353860611009281e+02 3.944351518660250804e+02 3.944349195258741929e+02 3.944346895190780060e+02 3.944344625200978953e+02 3.944342334125491334e+02 3.944340521142337934e+02
1.097312682755692185e+04 3.943685193114200160e+02 3.943681395685011921e+02 3.943677969085086374e+02 3.943674020885016489e+02 3.943671312325747067e+02 3.943668842143784445e+02 3.943666468194483059e+02 3.943664129999526722e+02 3.943661815139606119e+02 3.943659527316982576e+02 3.943657259070811278e+02 3.943655008342838642e+02 3.943652782622643826e+02 3.943650541210868710e+02 3.943648774479026429e+02
1.097322682755692222e+04 3.943693077491954568e+02 3.943692075762985496e+02 3.943691148592149602e+02 3.943688677385796382e+02 3.943686260500006142e+02 3.943683845385524478e+02 3.943681535917282872e+02 3.943679261635517150e+02 3.943677008451597885e+02 3.943674787036052294e+02 3.943672584692313308e+02 3.943670391089228815e+02 3.943668216483566198e+02 3.943666022463543186e+02 3.943664294475652241e+02
1.197887609513521602e+04 3.947045323162378168e+02 3.947041832963118395e+02 3.947039077129755356e+02 3.947037071970210036e+02 3.947035108569525050e+02 3.947032934658806198e+02 3.947030742740323035e+02 3.947028523083469622e+02 3.947026352388274972e+02 3.947024195052513846e+02 3.947022103616328650e+02 3.947020089069777669e+02 3.947018157652114496e+02 3.947016193014555938e+02 3.947014640822683305e+02
1.287887609513521602e+04 3.948202529588289735e+02 3.948199132887477845e+02 3.948196743846451682e+02 3.948194786015546356e+02 3.948192958000674935e+02 3.948190880193641306e+02 3.948188819419889342e+02 3.948186745077576916e+02 3.948184715199058701e+02 3.948182742643720076e+02 3.948180797266214768e+02 3.948178856921105080e+02 3.948176965650003467e+02 3.948175091593558363e+02 3.948173619489410271e+02
1.377887609513521602e+04 3.949165636938661237e+02 3.949162314353760053e+02 3.949160237597134255e+02 3.949157970285195915e+02 3.949155694669024115e+02 3.949153277342244337e+02 3.949150961451887270e+02 3.949148642863924579e+02 3.949146362617128148e+02 3.949144228947150168e+02 3.949142242630356350e+02 3.949140299073612255e+02 3.949138433142915119e+02 3.949136535530600440e+02 3.949135038956173958e+02
1.467887609513521602e+04 3.951262817929978155e+02 3.951259478021819405e+02 3.951257214980061576e+02 3.951254733029231261e+02 3.951252383266263450e+02 3.951250305724281588e+02 3.951248483559310216e+02 3.951246765037368505e+02 3.951245169490713351e+02 3.951243621410067135e+02 3.951242110297792465e+02 3.951240587066995431e+02 3.951239226240614357e+02 3.951237700964536543e+02 3.951236545039602106e+02
1.557887609513521602e+04 3.950623976175456846e+02 3.950623189399885860e+02 3.950622780573405066e+02 3.950622403241633833e+02 3.950621838545596347e+02 3.950621234718524875e+02 3.950620721966334941e+02 3.950620213971947123e+02 3.950619711299497112e+02 3.950619172472440255e+02 3.950618624845168370e+02 3.950618076102095415e+02 3.950617546883971727e+02 3.950617002935781557e+02 3.950616585951389652e+02
1.561165533963521375e+04 3.950543686375659149e+02 3.950542903054613362e+02 3.950542596541383773e+02 3.950542223133451216e+02 3.950541777282733165e+02 3.950541234577331124e+02 3.950540798266345064e+02 3.950540368247405922e+02 3.950539887011608471e+02 3.950539426774871572e+02 3.950538952809749844e+02 3.950538444768799309e+02 3.950537937436856737e+02 3.950537412593102431e+02 3.950537003585733373e+02
1.561166783963521448e+04 3.944506221797727221e+02 3.944870869918331096e+02 3.945845886406704608e+02 3.946113949280703537e+02 3.946176532969105892e+02 3.946182899205207946e+02 3.946198394154755533e+02 3.946215692071017429e+02 3.946234512150400633e+02 3.946267470896880241e+02 3.946298095051752739e+02 3.946319517933582688e+02 3.946336372183301364e+02 3.946352307636143451e+02 3.946364890351394479e+02
1.561176783963521484e+04 3.950146896967298744e+02 3.950143579070424948e+02 3.950138025123946477e+02 3.950134711016148685e+02 3.950134813879059834e+02 3.950134305802854442e+02 3.950133729646889265e+02 3.950133043729623523e+02 3.950132021977111663e+02 3.950130581482350749e+02 3.950129164812124145e+02 3.950128010634792872e+02 3.950126917768504882e+02 3.950125822157727953e+02 3.950124907073322902e+02
1.647741710721322670e+04 3.946752718534584687e+02 3.946751123780679791e+02 3.946749189172210208e+02 3.946747681114057968e+02 3.946746157991766495e+02 3.946744495968213187e+02 3.946742703033081625e+02 3.946740912055408330e+02 3.946739270924398397e+02 3.946737591328476356e+02 3.946735901165927771e+02 3.946734318175670069e+02 3.946732813698170048e+02 3.946731319524833452e+02 3.946730138733315698e+02
1.737741710721322670e+04 3.945458430800596261e+02 3.945456583044743297e+02 3.945454462933943773e+02 3.945452665344677143e+02 3.945450811948368823e+02 3.945448875373498367e+02 3.945446864422575572e+02 3.945444837899941604e+02 3.945442881184828821e+02 3.945440941904326451e+02 3.945439038795320812e+02 3.945437258212643314e+02 3.945435593168015203e+02 3.945433951235448831e+02 3.945432647085724511e+02
1.827741710721322670e+04 3.944465882151246774e+02 3.944463702054347323e+02 3.944461242337729345e+02 3.944459032884175826e+02 3.944456802117322809e+02 3.944454500928708853e+02 3.944452207684465748e+02 3.944449939735676480e+02 3.944447762140750910e+02 3.944445571066833054e+02 3.944443455517240409e+02 3.944441484537875340e+02 3.944439607882187033e+02 3.944437723996847467e+02 3.944436227880737533e+02
1.917839366971322670e+04 3.946176127125996800e+02 3.946173616721725921e+02 3.946170653617467678e+02 3.946167795425095051e+02 3.946164826836765087e+02 3.946161862542192580e+02 3.946158877671060736e+02 3.946155892833282905e+02 3.946152957162462371e+02 3.946150409956221665e+02 3.946148066932296388e+02 3.946145824752372846e+02 3.946143549688993630e+02 3.946141336577466063e+02 3.946139588474493962e+02
2.008086380063363686e+04 3.948027046706746432e+02 3.948024712289776517e+02 3.948022572501018885e+02 3.948020006369811199e+02 3.948017064205263864e+02 3.948014085742389057e+02 3.948011030664541750e+02 3.948008027173524965e+02 3.948005028054746504e+02 3.948002157302651653e+02 3.947999409013987702e+02 3.947996861917416709e+02 3.947994416886834301e+02 3.947992033017253561e+02 3.947990139627986537e+02
2.097380606137562063e+04 3.950433212610129772e+02 3.950430710279335926e+02 3.950431085265594220e+02 3.950429613401433357e+02 3.950426484621595478e+02 3.950423349222271554e+02 3.950420065822688684e+02 3.950416693112193798e+02 3.950413139486762475e+02 3.950409567848259940e+02 3.950406182154567887e+02 3.950403081327823429e+02 3.950400112207416896e+02 3.950397141062750279e+02 3.950394683083407017e+02
2.187509512387562063e+04 3.948958581685515128e+02 3.948956348600391948e+02 3.948962150750988940e+02 3.948963357805668011e+02 3.948960395969664319e+02 3.948957606678251864e+02 3.948954653634543774e+02 3.948951680790933096e+02 3.948948647670929404e+02 3.948945693442207698e+02 3.948942824172723931e+02 3.948940079014747084e+02 3.948937355548276287e+02 3.948934706855561103e+02 3.948932608345605217e+02
2.277509512387562063e+04 3.952279964310781679e+02 3.952277934489550262e+02 3.952281328197874473e+02 3.952281570790120782e+02 3.952278939266813609e+02 3.952276320794441631e+02 3.952273654090280388e+02 3.952270991262228108e+02 3.952268335685079137e+02 3.952265710424812823e+02 3.952263191714667983e+02 3.952260825143701481e+02 3.952258497776921331e+02 3.952256219922363698e+02 3.952254418517848080e+02
2.367509512387562063e+04 3.953990886789663932e+02 3.953988278359067294e+02 3.953985381452171737e+02 3.953982842629397965e+02 3.953980364053649623e+02 3.953977699168771096e+02 3.953975090427404666e+02 3.953972598601530422e+02 3.953970284130490427e+02 3.953968018536178306e+02 3.953965756291741513e+02 3.953963557865619123e+02 3.953961403069761218e+02 3.953959311210646206e+02 3.953957655210372195e+02
2.457509512387562063e+04 3.956419004499681478e+02 3.956416943341661181e+02 3.956414576636287848e+02 3.956412091949003980e+02 3.956409440470029608e+02 3.956406762609562975e+02 3.956404026615171006e+02 3.956401287956581996e+02 3.956398502674617248e+02 3.956395690694519089e+02 3.956392887949803026e+02 3.956390170627852854e+02 3.956387485170732248e+02 3.956384841738813520e+02 3.956382716587150412e+02
2.525509512387562063e+04 3.956764703036430433e+02 3.956762573726158507e+02 3.956760391363751523e+02 3.956758025384742723e+02 3.956755428610880472e+02 3.956752830476001463e+02 3.956750175757050556e+02 3.956747533150402205e+02 3.956744872594296112e+02 3.956742317150441295e+02 3.956739795372075150e+02 3.956737266363951449e+02 3.956734733678141538e+02 3.956732251840435879e+02 3.956730280199612366e+02
