TIME T_sat_Ch2_mesh1 T_sat_Ch2_mesh2 T_sat_Ch2_mesh3 T_sat_Ch2_mesh4 T_sat_Ch2_mesh5 T_sat_Ch2_mesh6 T_sat_Ch2_mesh7 T_sat_Ch2_mesh8 T_sat_Ch2_mesh9 T_sat_Ch2_mesh10 T_sat_Ch2_mesh11 T_sat_Ch2_mesh12 T_sat_Ch2_mesh13 T_sat_Ch2_mesh14 T_sat_Ch2_mesh15 
0.000000000000000000e+00 6.201579828352394088e+02 6.201161684746650735e+02 6.200256989691380340e+02 6.199272231053221276e+02 6.198868806535581371e+02 6.197896829437249835e+02 6.196917697030714862e+02 6.195906724934020531e+02 6.195499986267027452e+02 6.194500745368804928e+02 6.193493750455736517e+02 6.192453247865532830e+02 6.192042043552357882e+02 6.190987783798790360e+02 6.190346500734269739e+02
5.000040000000043960e+01 5.641023270556448779e+02 5.640869681114832019e+02 5.640673668127508336e+02 5.640496036700280911e+02 5.640332405070334971e+02 5.640175974064436559e+02 5.640027905722258765e+02 5.639886610344424298e+02 5.639753729288884188e+02 5.639621996999679823e+02 5.639495040853093997e+02 5.639371891023986336e+02 5.639257862189332400e+02 5.639134095366907786e+02 5.639036400528866579e+02
1.000003999999985922e+02 5.546893668679450684e+02 5.546725877397182103e+02 5.546493546329381843e+02 5.546307511760984426e+02 5.546152536191574427e+02 5.546018649943490573e+02 5.545902819824184462e+02 5.545802335539489150e+02 5.545711388248840876e+02 5.545629667210649814e+02 5.545560029775926978e+02 5.545500846311731493e+02 5.545451336650747862e+02 5.545378486744305064e+02 5.545321490201590677e+02
1.502405034099261059e+02 5.262751931491934556e+02 5.262548790524799642e+02 5.262259177833753938e+02 5.262028190584045433e+02 5.261828625475147874e+02 5.261646234547035874e+02 5.261480374480559021e+02 5.261327768741056161e+02 5.261185416237606205e+02 5.261049685272694205e+02 5.260929261442348661e+02 5.260811365528876422e+02 5.260718506501215188e+02 5.260595336721513604e+02 5.260496850792135319e+02
2.004200391960640388e+02 4.518503359692485901e+02 4.517697870200843226e+02 4.516608537974071851e+02 4.515810606645666780e+02 4.515227025616202354e+02 4.514731850763412240e+02 4.514469009401198036e+02 4.514436410709804477e+02 4.514410275529714909e+02 4.514365467671040051e+02 4.514318354578191475e+02 4.514267671943558753e+02 4.514236228652584941e+02 4.514183404727012885e+02 4.514157062708376316e+02
2.553043625042201370e+02 4.468108625938700698e+02 4.466809049860324876e+02 4.465265091912536946e+02 4.463974156850840131e+02 4.462898736161231454e+02 4.461961139636576945e+02 4.461130446270856282e+02 4.460388460774400983e+02 4.459717542915790887e+02 4.459091573756972480e+02 4.458526172312979838e+02 4.458004805291736830e+02 4.457518018286856432e+02 4.457267950379274453e+02 4.457245781279937091e+02
3.053043625042201370e+02 4.436350392681313792e+02 4.434951184738376924e+02 4.433246338836651148e+02 4.431782373114892835e+02 4.430569709983031998e+02 4.429524571947905542e+02 4.428611977624731253e+02 4.427801332772870637e+02 4.427071626213043487e+02 4.426388501794628496e+02 4.425769166560069152e+02 4.425181918595977208e+02 4.424688043794074019e+02 4.424110825998629934e+02 4.423638997308956391e+02
3.553043625042201370e+02 4.432274367434436613e+02 4.430828581978842067e+02 4.429041512184979297e+02 4.427353893289774760e+02 4.425873022110646389e+02 4.424635069530914393e+02 4.423583685772691183e+02 4.422671097134567049e+02 4.421862277805096255e+02 4.421118990418827366e+02 4.420449692608760301e+02 4.419823265647036123e+02 4.419292379701404911e+02 4.418683449176066915e+02 4.418193284985920855e+02
4.053043625042201370e+02 4.486623949250507621e+02 4.485344032054176751e+02 4.483744982456162234e+02 4.482244149890763651e+02 4.480921366097925898e+02 4.479804326561788912e+02 4.478840730466436639e+02 4.477994029753443215e+02 4.477233932582261104e+02 4.476531021362602019e+02 4.475896630154244917e+02 4.475297040896057865e+02 4.474788757855030781e+02 4.474213611770039734e+02 4.473748850684527270e+02
4.553043625042201370e+02 4.484915251378300241e+02 4.483627083485737899e+02 4.482021330393482117e+02 4.480495370039290606e+02 4.479135504466765951e+02 4.477994367122084327e+02 4.477017831333131994e+02 4.476164456915788605e+02 4.475401887420139246e+02 4.474699541558054534e+02 4.474067295998897862e+02 4.473472180840114447e+02 4.472968383715877962e+02 4.472399081999228088e+02 4.471937133205444752e+02
5.053043625042201370e+02 4.483164537042748634e+02 4.481872538778497415e+02 4.480262025441033984e+02 4.478736142864971725e+02 4.477378968636047603e+02 4.476236532538996471e+02 4.475256074836774474e+02 4.474397434107511344e+02 4.473628753130884661e+02 4.472919992166990255e+02 4.472281049627144398e+02 4.471679359999798749e+02 4.471168839631158676e+02 4.470592576820644695e+02 4.470125365902384260e+02
5.553043625042200802e+02 4.479928067338671553e+02 4.478627379718496400e+02 4.477006802644158938e+02 4.475476604231246256e+02 4.474119558428611754e+02 4.472974835171490895e+02 4.471990179280672351e+02 4.471126338819425996e+02 4.470351747213506428e+02 4.469636755576080986e+02 4.468991324797483458e+02 4.468383227430667830e+02 4.467866255106351900e+02 4.467282977525564434e+02 4.466810539241678839e+02
6.053043625042200802e+02 4.474982542298765793e+02 4.473669906226448916e+02 4.472033674189783028e+02 4.470485672803245620e+02 4.469109224925638841e+02 4.467947493366667686e+02 4.466948244825955499e+02 4.466071599059862365e+02 4.465285572987031628e+02 4.464560200422808975e+02 4.463905421042679791e+02 4.463288570271751610e+02 4.462763961771215691e+02 4.462172577697864426e+02 4.461693696653884444e+02
6.584293625042200802e+02 4.467768317384346233e+02 4.466437099918368858e+02 4.464777613288987368e+02 4.463208425471652276e+02 4.461813379251307197e+02 4.460634840989039276e+02 4.459620351593475220e+02 4.458729778502781187e+02 4.457930820856443006e+02 4.457193288295421780e+02 4.456527204536697013e+02 4.455899602977468703e+02 4.455365378783423012e+02 4.454763388283457743e+02 4.454276283370322176e+02
7.096793625042200802e+02 4.459693878606283874e+02 4.458341625887248370e+02 4.456655731334228108e+02 4.455063662555383530e+02 4.453649908533314488e+02 4.452454542596002511e+02 4.451424713104971147e+02 4.450520092131259275e+02 4.449708071524872821e+02 4.448958202287038830e+02 4.448280708362528912e+02 4.447642171573598944e+02 4.447098355235985991e+02 4.446485572994686208e+02 4.445989996011178391e+02
7.596793625042200802e+02 4.447794600261751157e+02 4.446409257002613344e+02 4.444683892064949760e+02 4.443081366529779643e+02 4.441686827669125250e+02 4.440509415892069001e+02 4.439494143433734052e+02 4.438601748198134374e+02 4.437799923890025298e+02 4.437057982472246636e+02 4.436388547901225934e+02 4.435755275088159806e+02 4.435218947977190851e+02 4.434610389063683442e+02 4.434115038307046461e+02
8.096793625042200802e+02 4.430583423170021433e+02 4.429154211803168550e+02 4.427370949429563893e+02 4.425715452077567420e+02 4.424273750322688556e+02 4.423053097696017062e+02 4.421998997746656528e+02 4.421071342681285614e+02 4.420237467829617231e+02 4.419465620741132170e+02 4.418768200164696509e+02 4.418109230767946656e+02 4.417549607963725862e+02 4.416915205992543179e+02 4.416401449176624965e+02
8.596793625042200802e+02 4.409824688258706260e+02 4.408339067286307227e+02 4.406482437665866883e+02 4.404797159773819430e+02 4.403365622879780972e+02 4.402150220015016089e+02 4.401097144483868533e+02 4.400167984913922510e+02 4.399331042997784493e+02 4.398553963458426779e+02 4.397852181941312892e+02 4.397186415609828032e+02 4.396623840179586296e+02 4.395981141193612984e+02 4.395458488202779677e+02
9.096793625042200802e+02 4.395055722171331354e+02 4.393523594592633117e+02 4.391610424920042988e+02 4.389884163738761345e+02 4.388426616964582081e+02 4.387186825105511048e+02 4.386110998038129196e+02 4.385160690892088269e+02 4.384304005999979950e+02 4.383507875217975993e+02 4.382788808903079598e+02 4.382105853859333706e+02 4.381529255343889417e+02 4.380869495782747549e+02 4.380333010474959110e+02
9.596793625042200802e+02 4.383057323452011360e+02 4.381485151311933919e+02 4.379523351660116077e+02 4.377751597411825060e+02 4.376253917828992144e+02 4.374979816149007661e+02 4.373874138332960229e+02 4.372897410201811113e+02 4.372016844403490836e+02 4.371198637128816245e+02 4.370459514776116521e+02 4.369757541268171508e+02 4.369164636344619908e+02 4.368486518866099004e+02 4.367935720908469648e+02
1.009679362504220080e+03 4.373054569790836013e+02 4.371449146826802235e+02 4.369445872099335020e+02 4.367636130352245800e+02 4.366105623262496351e+02 4.364803162204731279e+02 4.363672552643497511e+02 4.362673579553785430e+02 4.361772742489326902e+02 4.360935697211676825e+02 4.360179448158070841e+02 4.359461084193740135e+02 4.358854178636219672e+02 4.358160221310862426e+02 4.357596981163358691e+02
1.059679362504220080e+03 4.363782473470132004e+02 4.362145398164437893e+02 4.360102576375713852e+02 4.358256176390485734e+02 4.356693991410218132e+02 4.355364874173892531e+02 4.354211296285308208e+02 4.353192116501402325e+02 4.352273090100315471e+02 4.351419236291717425e+02 4.350647838902212357e+02 4.349915004123779454e+02 4.349295905731027574e+02 4.348588011835844327e+02 4.348013811177163461e+02
1.109679362504220080e+03 4.354133819552370710e+02 4.352463133925821808e+02 4.350378097350948110e+02 4.348491255777559559e+02 4.346893248380612249e+02 4.345534515768400183e+02 4.344355803097342346e+02 4.343314754206525663e+02 4.342376230729395843e+02 4.341504488860724109e+02 4.340717018758782615e+02 4.339968951141344178e+02 4.339337016998940726e+02 4.338614472131303614e+02 4.338028816755348771e+02
1.159679362504220080e+03 4.343864089008652627e+02 4.342157522503495670e+02 4.340027278791648087e+02 4.338106274376866622e+02 4.336486029989927147e+02 4.335108068106461019e+02 4.333912265920938580e+02 4.332855784138496915e+02 4.331903132017706639e+02 4.331017871979129268e+02 4.330218365515244727e+02 4.329458237470371387e+02 4.328816794161930375e+02 4.328082310877579175e+02 4.327486759337033959e+02
1.209679362504220080e+03 4.333421952034377682e+02 4.331677795344194237e+02 4.329500284291967773e+02 4.327543237703294494e+02 4.325898870628208215e+02 4.324499517368233228e+02 4.323284452383927601e+02 4.322210441906019014e+02 4.321241670407529227e+02 4.320341008138120173e+02 4.319527592779338647e+02 4.318753723245154106e+02 4.318101090392243577e+02 4.317352905268691643e+02 4.316746308358507349e+02
1.259679362504220080e+03 4.323549075320344173e+02 4.321768113906521194e+02 4.319544350564391948e+02 4.317549297713579222e+02 4.315876439741806507e+02 4.314452418465388064e+02 4.313215543833725292e+02 4.312121942605254503e+02 4.311135322198787208e+02 4.310217838640824652e+02 4.309389238024147062e+02 4.308600570551757869e+02 4.307935704881434731e+02 4.307172964619818458e+02 4.306554797571463951e+02
1.309679362504220080e+03 4.314290663814639402e+02 4.312474058951354436e+02 4.310205530927686368e+02 4.308171770123547049e+02 4.306468037245957703e+02 4.305017705240804844e+02 4.303757894950704213e+02 4.302643916006559834e+02 4.301638851053128292e+02 4.300704149030594294e+02 4.299860040416214133e+02 4.299056371250823076e+02 4.298379048183244322e+02 4.297601695945419351e+02 4.296971985741915887e+02
1.359679362504220080e+03 4.305481814542564507e+02 4.303630334624864986e+02 4.301318005351453735e+02 4.299245129951963236e+02 4.297509085593874829e+02 4.296031510950161874e+02 4.294748164999093660e+02 4.293613419008821666e+02 4.292589647871927809e+02 4.291637583598730430e+02 4.290777864125857377e+02 4.289959164643698841e+02 4.289269333728316269e+02 4.288477418593775496e+02 4.287836264415030882e+02
1.409679362504220080e+03 4.296398165342832272e+02 4.294508315473956372e+02 4.292150169171078460e+02 4.290045180113027072e+02 4.288289641196406592e+02 4.286795050014942490e+02 4.285496968924981047e+02 4.284349104248103686e+02 4.283313746262301720e+02 4.282350552981108649e+02 4.281481905422357386e+02 4.280653460899059155e+02 4.279957600714578803e+02 4.279157160718505679e+02 4.278507575223043773e+02
1.459679362504220080e+03 4.286557308169283260e+02 4.284628700260354321e+02 4.282220563059397591e+02 4.280072269102444125e+02 4.278281807066538818e+02 4.276757946848632628e+02 4.275434427691156998e+02 4.274263788753053745e+02 4.273207631260956418e+02 4.272224908353086903e+02 4.271337924643053725e+02 4.270492249608831230e+02 4.269780911112424064e+02 4.268962438008627487e+02 4.268299741690523774e+02
1.509679362504220080e+03 4.276684844437814377e+02 4.274712075436578971e+02 4.272251233740684597e+02 4.270056620490706791e+02 4.268228143246363970e+02 4.266672829104371658e+02 4.265322799917761358e+02 4.264129197563607363e+02 4.263052905345987824e+02 4.262051601631690687e+02 4.261148172057973511e+02 4.260286752594340101e+02 4.259562722507183139e+02 4.258728880942297792e+02 4.258054374680761498e+02
1.559679362504220080e+03 4.265999627985214602e+02 4.263982573057250534e+02 4.261470675936587895e+02 4.259247526185290553e+02 4.257404647939658844e+02 4.255836041053901226e+02 4.254473555386194903e+02 4.253267921653321650e+02 4.252180219895371351e+02 4.251167236596419343e+02 4.250253572609742605e+02 4.249381004525880599e+02 4.248648900014720766e+02 4.247803550840985736e+02 4.247118552318393085e+02
1.609679362504220080e+03 4.253780060336593465e+02 4.251708369470192110e+02 4.249133882621605949e+02 4.246866039190997526e+02 4.244990569617737037e+02 4.243393896599882282e+02 4.242006912407248365e+02 4.240779271501551762e+02 4.239671799150942206e+02 4.238639891189328637e+02 4.237709572969051806e+02 4.236820275398089279e+02 4.236075292987432590e+02 4.235213321623990055e+02 4.234514568945155020e+02
1.659679362504220080e+03 4.242848346663246275e+02 4.240725751469323086e+02 4.238090945315234421e+02 4.235775632814127789e+02 4.233863264150450618e+02 4.232235160045232760e+02 4.230820868501552923e+02 4.229568889293170741e+02 4.228439524757320100e+02 4.227386954630145510e+02 4.226438280432063266e+02 4.225530860272533005e+02 4.224771425010061989e+02 4.223891673089078722e+02 4.223178646403395078e+02
1.709679362504220080e+03 4.232560810093407326e+02 4.230388656737475799e+02 4.227694256783456694e+02 4.225330718889495074e+02 4.223380729019400519e+02 4.221721026768673823e+02 4.220279522951055355e+02 4.219003468269197583e+02 4.217852548868805798e+02 4.216779734574064378e+02 4.215813144553866323e+02 4.214888063991068066e+02 4.214114593037576242e+02 4.213217619936036158e+02 4.212490743542644509e+02
1.759679362504220080e+03 4.222689975980154031e+02 4.220468851233832766e+02 4.217715481709462892e+02 4.215304223982570875e+02 4.213317168070451544e+02 4.211626459993713070e+02 4.210158317886401846e+02 4.208858737240276469e+02 4.207686788007879386e+02 4.206594227863654964e+02 4.205610217035074356e+02 4.204667919586423750e+02 4.203880845786318332e+02 4.202967125002318198e+02 4.202226717542720280e+02
1.809679362504220080e+03 4.213199469156576242e+02 4.210929330710202976e+02 4.208112986751223161e+02 4.205643586660830806e+02 4.203608772899048063e+02 4.201878860814374548e+02 4.200377512645319484e+02 4.199049028018230842e+02 4.197851408122421049e+02 4.196735211511341390e+02 4.195730064732812252e+02 4.194767539486173291e+02 4.193963734413982252e+02 4.193030397350013914e+02 4.192274889464616763e+02
1.859679362504220080e+03 4.204279110259374193e+02 4.201962494847556968e+02 4.199088066403212451e+02 4.196569378121486125e+02 4.194495869702027449e+02 4.192733901771026694e+02 4.191205146059106710e+02 4.189852585757369070e+02 4.188633448150188769e+02 4.187497177772286818e+02 4.186474346415864147e+02 4.185494379226262822e+02 4.184676759544239530e+02 4.183726639308509334e+02 4.182957606323707296e+02
1.909679362504220080e+03 4.197313580750715687e+02 4.194959108959446894e+02 4.192034594569079218e+02 4.189468023501517564e+02 4.187354139967298465e+02 4.185558175311342097e+02 4.184000074118100656e+02 4.182621678001205510e+02 4.181379215177827291e+02 4.180221495450242628e+02 4.179179464328180984e+02 4.178180978852459475e+02 4.177347873686064759e+02 4.176380489923706136e+02 4.175597592361719990e+02
1.959679362504220080e+03 4.190769202855417461e+02 4.188377958692644256e+02 4.185400748574539307e+02 4.182776365349296839e+02 4.180612827288540529e+02 4.178778020063185750e+02 4.177188156886090269e+02 4.175783032269715704e+02 4.174517340526708722e+02 4.173338843464763386e+02 4.172278234583260428e+02 4.171262579670736841e+02 4.170414912820293125e+02 4.169431083866454628e+02 4.168636194253555232e+02
2.009679362504220080e+03 4.183682549891081521e+02 4.181251325937356569e+02 4.178221210149627041e+02 4.175546611844263225e+02 4.173342352525324941e+02 4.171475099261468813e+02 4.169858276339191434e+02 4.168430055817853486e+02 4.167144046254155114e+02 4.165946984029300211e+02 4.164870030265817604e+02 4.163838618969277832e+02 4.162978243771426605e+02 4.161979408680795132e+02 4.161172669950134946e+02
2.059679362504220080e+03 4.178821204496823611e+02 4.176352835615547292e+02 4.173292721307851707e+02 4.170610896282804561e+02 4.168410106740636820e+02 4.166544910662588563e+02 4.164929485423787696e+02 4.163501846253688541e+02 4.162216218122616738e+02 4.161018489763901016e+02 4.159942408183760563e+02 4.158909488630237092e+02 4.158050572658435158e+02 4.157051306868667666e+02 4.156240574442905427e+02
2.109679362504220080e+03 4.170895957261488434e+02 4.168389742358214107e+02 4.165288427762827155e+02 4.162590328865713332e+02 4.160383325190515507e+02 4.158512251862629228e+02 4.156891091532713745e+02 4.155457567328076038e+02 4.154166771411454988e+02 4.152962821322702212e+02 4.151882357136977362e+02 4.150843136212048421e+02 4.149981973790808070e+02 4.148976138218689584e+02 4.148159055193310110e+02
2.159679362504220080e+03 4.165148134865843303e+02 4.162604657242411577e+02 4.159424705210247453e+02 4.156569524283157193e+02 4.154186010912761731e+02 4.152173319117319465e+02 4.150436123240486950e+02 4.148905406257017034e+02 4.147530018519113355e+02 4.146252656706079733e+02 4.145101848542619791e+02 4.144003771907665055e+02 4.143083782719261308e+02 4.142019138262776323e+02 4.141169361294674900e+02
2.209679362504220080e+03 4.152729340595952294e+02 4.150108728061103420e+02 4.146869325139672355e+02 4.144075932023772566e+02 4.141815823850701008e+02 4.139902334080451283e+02 4.138244701713343829e+02 4.136778502224575504e+02 4.135457808915251121e+02 4.134224116314104549e+02 4.133120234692662507e+02 4.132053022114739633e+02 4.131174553168774537e+02 4.130144606482439258e+02 4.129299316536705646e+02
2.259679362504220080e+03 4.129171056862219302e+02 4.126377113911221386e+02 4.122881512640859683e+02 4.119454567730984991e+02 4.116049299674433541e+02 4.112913898325314221e+02 4.110281228840613039e+02 4.108077875694528984e+02 4.106180840800916485e+02 4.104471210177739522e+02 4.102934462048497721e+02 4.101510015304421586e+02 4.100290000131707870e+02 4.098905142734742526e+02 4.097874557507386726e+02
2.309679362504220080e+03 4.113151645686003803e+02 4.110333387891018901e+02 4.106824763426357094e+02 4.103917633475490447e+02 4.101626053426039675e+02 4.099697592704707176e+02 4.098041446967870343e+02 4.096574290972779409e+02 4.095257008180199705e+02 4.094025747576152980e+02 4.092941806453663958e+02 4.091889507254461478e+02 4.091062755924386352e+02 4.090048100149574566e+02 4.089311238688070489e+02
2.359679362504220080e+03 4.119478210545148613e+02 4.116644428915579965e+02 4.113089399615224124e+02 4.109971585249689383e+02 4.107462605846340011e+02 4.105371355231509369e+02 4.103577517181717553e+02 4.102003291503940545e+02 4.100593710046778142e+02 4.099282350590397641e+02 4.098115204997353658e+02 4.096987056268100105e+02 4.096067057845381782e+02 4.094979777145139792e+02 4.094087352394378740e+02
2.409679362504220080e+03 4.102549603491454491e+02 4.099604658084948028e+02 4.095919986337272576e+02 4.092673093473823656e+02 4.090020806142614447e+02 4.087794293531612198e+02 4.085878243450899276e+02 4.084192371773212358e+02 4.082681249958699254e+02 4.081276053851601091e+02 4.080019635274024949e+02 4.078810603979593452e+02 4.077815458751570077e+02 4.076646704264926484e+02 4.075703853764919131e+02
2.459679362504220080e+03 4.097721549621757049e+02 4.094694555308037138e+02 4.090936082488331067e+02 4.087600796038457815e+02 4.084853581403501721e+02 4.082547363856439233e+02 4.080568053008530001e+02 4.078829294806575945e+02 4.077273316934989111e+02 4.075828276690814391e+02 4.074538138752573673e+02 4.073296489780533420e+02 4.072274980675014149e+02 4.071080435959725037e+02 4.070115625167341022e+02
2.509679362504220080e+03 4.102566097569468866e+02 4.099613528369824849e+02 4.095910874938005009e+02 4.092611385024516721e+02 4.089892273670300256e+02 4.087607618355935983e+02 4.085639972608622656e+02 4.083908320507183589e+02 4.082353648906953367e+02 4.080909876381809909e+02 4.079615131463057196e+02 4.078372643025147681e+02 4.077341527096232312e+02 4.076143195862412654e+02 4.075177676101320685e+02
2.559679362504220080e+03 4.099238877227574562e+02 4.096263043746602648e+02 4.092546449119120098e+02 4.089279870647020516e+02 4.086616663268122238e+02 4.084378391718640273e+02 4.082449755262086342e+02 4.080750710398606316e+02 4.079225637070348398e+02 4.077806449719878401e+02 4.076535717766234939e+02 4.075312725603191097e+02 4.074302632398734545e+02 4.073120718723093319e+02 4.072165297062248328e+02
2.609679362504220080e+03 4.092020786445879139e+02 4.088990398188677773e+02 4.085197479651458252e+02 4.081835892571679096e+02 4.079082175643571873e+02 4.076776147078473969e+02 4.074794752788274081e+02 4.073052857952369550e+02 4.071491934421308088e+02 4.070041386845172156e+02 4.068741707715066696e+02 4.067493723859639658e+02 4.066461243265169969e+02 4.065252097765944654e+02 4.064281564486462912e+02
2.659679362504220080e+03 4.085298966594044145e+02 4.082203311170832194e+02 4.078342428708864418e+02 4.074923735448356297e+02 4.072126524784950448e+02 4.069785668544773216e+02 4.067776406089737407e+02 4.066011509978688991e+02 4.064431861746782033e+02 4.062964028409960520e+02 4.061652508306530649e+02 4.060390450886570761e+02 4.059351549407773518e+02 4.058133490861306427e+02 4.057151015946819257e+02
2.709679362504220080e+03 4.079637734929723365e+02 4.076513029275936333e+02 4.072595794343275202e+02 4.069122149324515476e+02 4.066280261408661545e+02 4.063902167713565063e+02 4.061859394465026298e+02 4.060063928693211892e+02 4.058454974408087992e+02 4.056960179188818074e+02 4.055622447728336510e+02 4.054336250938567900e+02 4.053274007040273545e+02 4.052031689385862023e+02 4.051030667741396201e+02
2.759679362504220080e+03 4.075552270790866487e+02 4.072377490108573284e+02 4.068412468153234158e+02 4.064892680225756294e+02 4.062011318941998752e+02 4.059602607596309554e+02 4.057536594323770487e+02 4.055722769610251248e+02 4.054099534145922235e+02 4.052591868873949466e+02 4.051246069341084421e+02 4.049949676076366245e+02 4.048883872992767010e+02 4.047635926097547099e+02 4.046626780163281865e+02
2.809679362504220080e+03 4.074136896192743507e+02 4.070965676829944186e+02 4.066986287245077847e+02 4.063396135535188023e+02 4.060407293876244808e+02 4.057913675651893755e+02 4.055777458633028232e+02 4.053904649865005467e+02 4.052227947293791885e+02 4.050674681904538943e+02 4.049283977222474391e+02 4.047950522974637124e+02 4.046845378535889495e+02 4.045562150611361858e+02 4.044530535609704884e+02
2.859679362504220080e+03 4.073631545111139758e+02 4.070455669950858919e+02 4.066470633205897229e+02 4.062869735625131398e+02 4.059866553587669955e+02 4.057361129539923468e+02 4.055214993014254219e+02 4.053333657077770908e+02 4.051649236535857881e+02 4.050089123590622648e+02 4.048692100496519402e+02 4.047352836386834269e+02 4.046242305905547596e+02 4.044953917047156438e+02 4.043918520730263708e+02
2.909679362504220080e+03 4.072361775379814048e+02 4.069175517141578666e+02 4.065177174035366647e+02 4.061556421525560836e+02 4.058529373867094705e+02 4.056004699886894969e+02 4.053842448834576544e+02 4.051947204583169082e+02 4.050250244894721163e+02 4.048678925533615143e+02 4.047271352298376996e+02 4.045922544973234949e+02 4.044803047963170002e+02 4.043505289324302794e+02 4.042463607092951179e+02
2.959679362504220080e+03 4.070972527114565764e+02 4.067774665872518085e+02 4.063761668244632688e+02 4.060118587753055976e+02 4.057064956932574091e+02 4.054519543324535107e+02 4.052340682508166765e+02 4.050431705761128001e+02 4.048722869097142620e+02 4.047141216417253418e+02 4.045724559246763192e+02 4.044367398531647950e+02 4.043240757655113384e+02 4.041935912089663248e+02 4.040888554872822169e+02
3.009679362504220080e+03 4.069650156809750001e+02 4.066441768609856240e+02 4.062415457553673832e+02 4.058765064980816533e+02 4.055708869025803551e+02 4.053159275824910424e+02 4.050975284501903388e+02 4.049060837013665832e+02 4.047346380185170460e+02 4.045759090723323652e+02 4.044337181291895149e+02 4.042974537544539544e+02 4.041843214960005071e+02 4.040533221537037889e+02 4.039481407851527592e+02
3.059679362504220080e+03 4.068712479726461879e+02 4.065497303213278997e+02 4.061462191919284805e+02 4.057815021662793811e+02 4.054770157650204965e+02 4.052225908012736113e+02 4.050043679319925900e+02 4.048128986858882854e+02 4.046413153757416694e+02 4.044823645520430659e+02 4.043399493113867038e+02 4.042033836144518091e+02 4.040900130922758535e+02 4.039587136037547452e+02 4.038532633222220056e+02
3.109679362504220080e+03 4.069743838041887329e+02 4.066511271859017143e+02 4.062439769879761116e+02 4.058432960586061995e+02 4.054468598915066195e+02 4.050727884415247786e+02 4.047469217953828320e+02 4.044690210404064601e+02 4.042296768962902433e+02 4.040132186047260916e+02 4.038176447089157932e+02 4.036371983448786409e+02 4.034824346676030018e+02 4.033090912517550350e+02 4.031822678713041341e+02
3.159679362504220080e+03 4.069491869516670022e+02 4.066989996482917604e+02 4.063233903183873963e+02 4.059566496849953410e+02 4.055832029477201672e+02 4.052112775604897479e+02 4.048505568558427967e+02 4.045339134766720690e+02 4.042596994976826181e+02 4.040133022491677366e+02 4.037824877583743159e+02 4.035668566584440669e+02 4.033728956788443156e+02 4.031628310119183425e+02 4.030029600280456634e+02
3.209679362504220080e+03 4.045363752119547485e+02 4.041670484621913602e+02 4.038150516346727272e+02 4.036921708403598359e+02 4.035627419597963126e+02 4.034824124456046093e+02 4.033902738710331732e+02 4.032839334850764317e+02 4.031706679886237907e+02 4.030721808360686964e+02 4.029803892186440635e+02 4.028726318206907422e+02 4.027792695175090785e+02 4.026549537279263404e+02 4.025731617785830849e+02
3.259679362504220080e+03 4.052222028989727960e+02 4.048863467412970749e+02 4.044635174762698853e+02 4.040478294692466079e+02 4.036312005813908286e+02 4.032400646916052551e+02 4.029063536251019286e+02 4.026270319418021018e+02 4.023875441582248413e+02 4.021742969015526228e+02 4.019849441260282674e+02 4.018103736163672011e+02 4.016624410142160286e+02 4.014984045943002116e+02 4.013736778325097703e+02
3.309679362504220080e+03 4.053258536933085452e+02 4.049962348491592365e+02 4.045769592863240405e+02 4.041653959354874814e+02 4.037682224934630995e+02 4.034169600364113535e+02 4.031200076294365999e+02 4.028642457580507994e+02 4.026389007597870204e+02 4.024343154306361612e+02 4.022504156463077152e+02 4.020787887203138098e+02 4.019323227310762263e+02 4.017690260400592024e+02 4.016441734951559965e+02
3.359679362504220080e+03 4.059263603165694008e+02 4.056001062033841436e+02 4.051878095596649700e+02 4.048102309376373569e+02 4.044849228783407398e+02 4.042074331773426934e+02 4.039667398347150993e+02 4.037538075124296029e+02 4.035619456228690183e+02 4.033841348340879449e+02 4.032228388503187944e+02 4.030697976722769909e+02 4.029396765716246023e+02 4.027913135880259574e+02 4.026761500200003638e+02
3.409679362504220080e+03 4.057260372410769378e+02 4.053867589143728765e+02 4.049680050936854059e+02 4.045847461513957910e+02 4.042645300295516790e+02 4.040001643604753099e+02 4.037759289430296690e+02 4.035809252235959548e+02 4.034073802149835046e+02 4.032470859883995900e+02 4.031046355638129626e+02 4.029674326734559600e+02 4.028553137784825822e+02 4.027239750977927315e+02 4.026174435391039879e+02
3.459679362504220080e+03 4.060443431446314548e+02 4.057150504568844553e+02 4.053017830195569786e+02 4.048963768117845348e+02 4.045178235076516557e+02 4.041952216054108931e+02 4.039213817951547867e+02 4.036836952022887886e+02 4.034725650667168111e+02 4.032795617759322226e+02 4.031054212092341231e+02 4.029420111500431290e+02 4.028025058039064561e+02 4.026458996296660757e+02 4.025256685589785093e+02
3.509679362504220080e+03 4.058379196300604690e+02 4.055044063098331435e+02 4.050900410914837266e+02 4.047175567870514215e+02 4.044033564200499313e+02 4.041399175824666372e+02 4.039138575647497191e+02 4.037144914977856160e+02 4.035352656684382850e+02 4.033691017560097407e+02 4.032207728171656527e+02 4.030775086234358469e+02 4.029605437560510381e+02 4.028219764535167542e+02 4.027120057310480661e+02
3.559679362504220080e+03 4.057856114594291057e+02 4.054467400763716114e+02 4.050286245083250378e+02 4.046447177499720738e+02 4.043238969355955987e+02 4.040603008830238423e+02 4.038366919729353413e+02 4.036423775190312426e+02 4.034690368407470942e+02 4.033091810248403704e+02 4.031666650078171870e+02 4.030298545084162924e+02 4.029171360110457272e+02 4.027863255117067638e+02 4.026794297515580183e+02
3.609679362504220080e+03 4.060920201822569879e+02 4.057656933382513103e+02 4.053553241557943920e+02 4.049531915836282678e+02 4.045742197207753179e+02 4.042500382331339210e+02 4.039809366426351289e+02 4.037510579807268414e+02 4.035463736503760401e+02 4.033601504719844115e+02 4.031923711643524939e+02 4.030332123064570169e+02 4.028988532605810633e+02 4.027454492627778109e+02 4.026245633998507856e+02
3.659679362504220080e+03 4.059904246888655734e+02 4.056597115572346297e+02 4.052410530084304696e+02 4.048290217441494860e+02 4.044172196169932363e+02 4.040172276313594466e+02 4.036693359347585783e+02 4.033806222900647072e+02 4.031372856069770023e+02 4.029241788936925559e+02 4.027393193198992094e+02 4.025691602966526261e+02 4.024299513831260242e+02 4.022748290980833303e+02 4.021560298664267066e+02
3.709679362504220080e+03 4.055970166117243707e+02 4.052574983863461284e+02 4.048386804342956680e+02 4.044389508403226614e+02 4.040801909286199134e+02 4.037829430988127797e+02 4.035311736230545989e+02 4.033096212620940832e+02 4.031102962671480441e+02 4.029256568660319999e+02 4.027583780658529804e+02 4.025989551705647500e+02 4.024633152542828043e+02 4.023091731010442800e+02 4.021897213574374064e+02
3.759679362504220080e+03 4.060090875787616369e+02 4.056884075515141603e+02 4.052765078480188095e+02 4.048727205384133754e+02 4.044662886197766056e+02 4.040759920593741867e+02 4.037297393417097737e+02 4.034315585706018510e+02 4.031705013953284151e+02 4.029366635928343499e+02 4.027271936406864370e+02 4.025345129951859917e+02 4.023681175551921569e+02 4.021880675872898792e+02 4.020521165784952018e+02
3.809679362504220080e+03 4.055890122713082064e+02 4.052550622685358235e+02 4.048343004035393733e+02 4.044211545379924928e+02 4.040173860619999573e+02 4.036583732768812069e+02 4.033607804050426466e+02 4.031092462371378247e+02 4.028914968740724589e+02 4.026964301237630934e+02 4.025250720173424952e+02 4.023646586696264649e+02 4.022333918163964768e+02 4.020825839312519747e+02 4.019682415829592514e+02
3.859679362504220080e+03 4.055380309212599172e+02 4.052059110731592000e+02 4.047867129945533406e+02 4.043760135640885096e+02 4.039902804008969497e+02 4.036583285469201883e+02 4.033757556579450920e+02 4.031301528243369603e+02 4.029117299657644367e+02 4.027125283926131942e+02 4.025334733736801809e+02 4.023651650918848190e+02 4.022223543099898961e+02 4.020623706629178287e+02 4.019387596887919472e+02
3.909679362504220080e+03 4.056766780728026447e+02 4.053435175958667287e+02 4.049249238673359059e+02 4.045147279581984208e+02 4.041216138515783882e+02 4.037772814377696022e+02 4.034868128436646657e+02 4.032364264401280707e+02 4.030153402420057773e+02 4.028146603384996070e+02 4.026347651923182411e+02 4.024662518067421502e+02 4.023232330173157152e+02 4.021633792447714768e+02 4.020400519626342657e+02
3.959679362504220080e+03 4.053861886132358450e+02 4.050468778590576449e+02 4.046240644959571000e+02 4.042108609436234019e+02 4.038343929812647275e+02 4.035232950645941514e+02 4.032626139682221265e+02 4.030380632425478780e+02 4.028394524097267322e+02 4.026581945443984978e+02 4.024966003806714525e+02 4.023432718192265156e+02 4.022156643534430600e+02 4.020700532416906299e+02 4.019546145825729582e+02
4.009679362504220080e+03 4.060371210270532742e+02 4.057068244500200080e+02 4.052920997453214227e+02 4.048859137336197591e+02 4.045079341164823177e+02 4.041881263396913369e+02 4.039183416259929231e+02 4.036848765159393793e+02 4.034777499105693437e+02 4.032887077249556569e+02 4.031190585363669356e+02 4.029590323860379613e+02 4.028237191406627744e+02 4.026710788840390478e+02 4.025520961161460036e+02
4.059679362504220080e+03 4.061460675068213959e+02 4.058171697592308078e+02 4.054042445964328181e+02 4.050045138032974137e+02 4.046437898268289359e+02 4.043436201670364198e+02 4.040887376406199678e+02 4.038668892007490854e+02 4.036690098989234912e+02 4.034874891670957595e+02 4.033243105037134342e+02 4.031696504314460867e+02 4.030391462370798195e+02 4.028910236438305219e+02 4.027747964913689884e+02
4.109679362504220080e+03 4.062847362808186062e+02 4.059575735945870747e+02 4.055468040788482540e+02 4.051590536595296612e+02 4.048187146543097015e+02 4.045340200766275984e+02 4.042899642140604328e+02 4.040760702312538797e+02 4.038842302914854940e+02 4.037074169123205820e+02 4.035481924719638869e+02 4.033966334961771736e+02 4.032689500724891332e+02 4.031233410407808151e+02 4.030085917852920261e+02
4.159679362504220080e+03 4.063127949240672478e+02 4.059862862241787980e+02 4.055763855415889907e+02 4.051962596983547087e+02 4.048686769096938747e+02 4.045936895994422002e+02 4.043571504955902469e+02 4.041492458526251994e+02 4.039623814125105241e+02 4.037896636465551410e+02 4.036340311993574232e+02 4.034855075214006774e+02 4.033605250328938610e+02 4.032174862602973917e+02 4.031043672843661625e+02
4.209679362504220080e+03 4.063587078926715890e+02 4.060329630730395820e+02 4.056240557512492160e+02 4.052519251430084068e+02 4.049371111531303313e+02 4.046711248114542627e+02 4.044411025357550216e+02 4.042381244549438861e+02 4.040551617632218040e+02 4.038855272918734727e+02 4.037325566939126702e+02 4.035861412863381474e+02 4.034630927770953122e+02 4.033217931357518182e+02 4.032096830646379431e+02
4.259679362504220080e+03 4.064106256338733374e+02 4.060856027815181051e+02 4.056776637628071853e+02 4.053116058243593898e+02 4.050060992228713985e+02 4.047467189818212319e+02 4.045215615013765387e+02 4.043222681375366960e+02 4.041422658347376569e+02 4.039749698442558383e+02 4.038240262309159334e+02 4.036792252969205492e+02 4.035576398944300536e+02 4.034176765680900871e+02 4.033063601418161284e+02
4.309679362504220080e+03 4.064904819014495274e+02 4.061663182212991501e+02 4.057609838041333887e+02 4.054020020615547537e+02 4.051046163011617978e+02 4.048510550273176705e+02 4.046302686302955749e+02 4.044342818952133030e+02 4.042569752919650341e+02 4.040918066406284197e+02 4.039427399712992610e+02 4.037994201745644887e+02 4.036792055572175286e+02 4.035405054244068879e+02 4.034299294214073370e+02
4.359679362504220080e+03 4.065886473650867856e+02 4.062654287591348066e+02 4.058635492591956790e+02 4.055109297099008927e+02 4.052192605945647301e+02 4.049697807156056228e+02 4.047520630479422721e+02 4.045584225339486011e+02 4.043830297186339067e+02 4.042193872000552801e+02 4.040716733655632424e+02 4.039294242231123917e+02 4.038102035750129630e+02 4.036724497809594823e+02 4.035624213591858052e+02
4.409679362504220080e+03 4.066869446263402210e+02 4.063646296298252309e+02 4.059659397009764916e+02 4.056185111173033420e+02 4.053310993722447506e+02 4.050846710085679661e+02 4.048692513386274641e+02 4.046773837926316446e+02 4.045034383642242801e+02 4.043409576300091999e+02 4.041942757425510990e+02 4.040528419999194512e+02 4.039343854995100855e+02 4.037973451587370164e+02 4.036877518235513662e+02
4.459679362504220080e+03 4.067533758142432134e+02 4.064316676149101113e+02 4.060352180332002945e+02 4.056912695247258398e+02 4.054065620854637473e+02 4.051621393716718558e+02 4.049482834160637594e+02 4.047576544584817952e+02 4.045847546447359946e+02 4.044231202881712761e+02 4.042772287174442454e+02 4.041363651494421561e+02 4.040185917380502474e+02 4.038817782157028091e+02 4.037726236262628845e+02
4.509679362504220080e+03 4.066524224621799704e+02 4.063302759895271379e+02 4.059311154076905268e+02 4.055821162867983389e+02 4.052929904002276089e+02 4.050452897345352881e+02 4.048287054916891066e+02 4.046357370604309835e+02 4.044607891763602083e+02 4.042971578514475937e+02 4.041497835579807543e+02 4.040063137072356767e+02 4.038887117591928018e+02 4.037435100055937482e+02 4.036346487250355040e+02
4.559679362504220080e+03 4.065748560864217325e+02 4.062520832597120375e+02 4.058576862686611548e+02 4.055185537877896422e+02 4.052370770611135526e+02 4.049945612404276289e+02 4.047817165733900993e+02 4.045917319292887555e+02 4.044186695643687699e+02 4.042579505520446901e+02 4.041096174910324521e+02 4.039734435967280888e+02 4.038459859843428603e+02 4.037291590895966920e+02 4.035781937256729748e+02
4.609679362504220080e+03 4.066346635583936404e+02 4.063123017820015548e+02 4.059270563033876442e+02 4.056039520691816733e+02 4.053340464079971071e+02 4.050999614233475654e+02 4.048938162139911583e+02 4.047092745325140868e+02 4.045408005322095732e+02 4.043840477004234231e+02 4.042391384080180501e+02 4.041062594831496995e+02 4.039813375197414871e+02 4.038675774749706875e+02 4.037190590483235155e+02
4.659679362504220080e+03 4.065159923990697735e+02 4.061928870116380494e+02 4.058096006009806729e+02 4.054897199211819725e+02 4.052225437626897246e+02 4.049909824737811732e+02 4.047868410155077186e+02 4.046041837504270688e+02 4.044372391856353488e+02 4.042820447819881338e+02 4.041381501559765184e+02 4.040072277181129152e+02 4.038818929371753370e+02 4.037725993144005656e+02 4.037604421123922975e+02
4.709679362504220080e+03 4.061164158630390375e+02 4.057902917615008960e+02 4.054031638377429090e+02 4.050799090524785697e+02 4.048100527216286082e+02 4.045762783544461172e+02 4.043699595907714297e+02 4.041863144066789459e+02 4.040157803871450142e+02 4.038642137701466481e+02 4.037063737794030658e+02 4.035991902063805696e+02 4.035935463775751941e+02 4.035911929244996941e+02 4.035898598814355864e+02
4.759679362504220080e+03 4.058302620565577286e+02 4.055017607368193922e+02 4.051121310429314235e+02 4.047872340338833510e+02 4.045163245546345365e+02 4.042814794303454846e+02 4.040755943939071813e+02 4.038883550219886729e+02 4.037261132333537148e+02 4.035516340994873872e+02 4.034486559764563935e+02 4.034469143914434426e+02 4.034455632963189373e+02 4.034436822685632933e+02 4.034425862958745483e+02
4.809679362504220080e+03 4.058045521272317160e+02 4.054755836193093614e+02 4.050879091618773487e+02 4.047663940849241726e+02 4.044982753290101414e+02 4.042657886724728655e+02 4.040613398086879897e+02 4.038757302548014536e+02 4.037129657979058948e+02 4.035424300472616892e+02 4.034509342630145170e+02 4.034491905419006912e+02 4.034477605718254267e+02 4.034453182064660268e+02 4.034439643759124579e+02
4.859679362504220080e+03 4.056264133253892510e+02 4.052964361139965490e+02 4.049046277053786298e+02 4.045773980738302953e+02 4.043041567842149107e+02 4.040669824551431475e+02 4.038588501149390027e+02 4.036690862619390145e+02 4.035053812500069625e+02 4.033257593573755457e+02 4.032144862998063104e+02 4.032127207092165690e+02 4.032112921716389451e+02 4.032092032486590938e+02 4.032079980790867921e+02
4.909679362504220080e+03 4.054361897544299040e+02 4.051058434894443963e+02 4.047126523970475773e+02 4.043846192163991873e+02 4.041108305246757482e+02 4.038732922084626580e+02 4.036640322080218084e+02 4.034754214774995944e+02 4.033066416333585948e+02 4.031389631916282497e+02 4.030685806612986539e+02 4.030667816905427117e+02 4.030653292252677034e+02 4.030631804086245893e+02 4.030620311009425336e+02
4.959679362504220080e+03 4.060211091409930759e+02 4.056941037837077033e+02 4.053036450988082038e+02 4.049746461654605127e+02 4.046985391420565747e+02 4.044586452904991347e+02 4.042465007554000067e+02 4.040581470377845221e+02 4.038811646539849107e+02 4.037311425293631260e+02 4.037052117036428172e+02 4.037034360094154408e+02 4.037018134412730319e+02 4.036987741203429323e+02 4.036971788587586047e+02
5.009679362504220080e+03 4.057974405519282186e+02 4.054689086798973676e+02 4.050785391330340417e+02 4.047518965234423831e+02 4.044786360032895800e+02 4.042413033978550629e+02 4.040323607598828630e+02 4.038434129928223228e+02 4.036758330892163258e+02 4.035058563383463479e+02 4.034281482755051229e+02 4.034263636822663557e+02 4.034248072367543614e+02 4.034224748231722515e+02 4.034211809546752647e+02
5.059679362504220080e+03 4.055724447049415176e+02 4.052427104444012684e+02 4.048519762854043620e+02 4.045271503123310595e+02 4.042561561214821495e+02 4.040216619315532398e+02 4.038133753289451420e+02 4.036318292922197770e+02 4.034512508098501939e+02 4.033174097045895792e+02 4.033080070528509395e+02 4.033061849987532241e+02 4.033046061104598721e+02 4.033024172474125635e+02 4.033011900454857823e+02
5.109679362504220080e+03 4.059536254403440694e+02 4.056265114250140300e+02 4.052378062035784296e+02 4.049124991808869254e+02 4.046400768003271082e+02 4.044031636215726735e+02 4.041940577460024429e+02 4.040051233117328593e+02 4.038353372924419773e+02 4.037897927626410137e+02 4.037884337338875866e+02 4.037862952712998776e+02 4.037842122122692103e+02 4.037809463389282882e+02 4.037792521885920110e+02
5.159679362504220080e+03 4.056131458269406949e+02 4.052832402733818640e+02 4.048901889232290614e+02 4.045598866937555158e+02 4.042826503938189262e+02 4.040422555907526885e+02 4.038271618539110364e+02 4.036434325341830345e+02 4.034461208906157026e+02 4.033262606394366685e+02 4.033249038824325226e+02 4.033230734063406544e+02 4.033213157205246944e+02 4.033188202788422814e+02 4.033174613187555337e+02
5.209679362504220080e+03 4.056841953465424240e+02 4.053548290011935933e+02 4.049629076036849256e+02 4.046342071227479664e+02 4.043586053196308967e+02 4.041197232042290466e+02 4.039059628316990711e+02 4.037234440337144861e+02 4.035272348056882947e+02 4.034078383915365293e+02 4.034061842439733709e+02 4.034043656118284389e+02 4.034027355842924862e+02 4.034003026967311598e+02 4.033989798315634516e+02
5.259679362504220080e+03 4.054908185948163464e+02 4.051598893295091557e+02 4.047668740994066638e+02 4.044381312860646176e+02 4.041627897765304169e+02 4.039242895987270572e+02 4.037108569641545728e+02 4.035288061305776637e+02 4.033330078815783963e+02 4.032137116835218649e+02 4.032122866574468389e+02 4.032106636285282093e+02 4.032092094408439493e+02 4.032072813533084741e+02 4.032061776062184322e+02
5.309679362504220080e+03 4.058216406793773103e+02 4.054930746701167550e+02 4.050994044941520542e+02 4.047659356809585915e+02 4.044850109039950894e+02 4.042392878473607993e+02 4.040252096508417026e+02 4.038204151548271739e+02 4.037257072602438370e+02 4.037241842726257346e+02 4.037226031184345629e+02 4.037208223270718008e+02 4.037190928927600453e+02 4.037167777589484103e+02 4.037155250181779707e+02
5.359679362504220080e+03 4.042171023564985717e+02 4.038665259390239726e+02 4.034571856513529156e+02 4.031466271031143833e+02 4.030761091803791487e+02 4.030751662486948703e+02 4.030743021399628105e+02 4.030734557055546929e+02 4.030726424931914380e+02 4.030717420171953336e+02 4.030708000762708707e+02 4.030697638697945422e+02 4.030686870066140273e+02 4.030674737579750513e+02 4.030667059096689400e+02
5.409679362504220080e+03 4.027034320196160024e+02 4.027028931723250480e+02 4.027022663912426310e+02 4.027017311574800260e+02 4.027011623627881249e+02 4.027005653665382283e+02 4.026999408370565448e+02 4.026992926259334808e+02 4.026985907249392085e+02 4.026979175589119109e+02 4.026972625850104919e+02 4.026965661416736566e+02 4.026958201161082229e+02 4.026947979483722975e+02 4.026942367391436619e+02
5.459679362504220080e+03 4.027212963050595818e+02 4.027207558761486439e+02 4.027203524813456852e+02 4.027198073406822800e+02 4.027183208337656311e+02 4.027159684192531017e+02 4.027132545564575707e+02 4.027100264779439840e+02 4.027072862993463787e+02 4.027034538641779022e+02 4.026994417597434222e+02 4.026940347339325399e+02 4.026893931160441298e+02 4.026823365035332927e+02 4.026790702664676473e+02
5.509679362504220080e+03 4.013645395377649834e+02 4.013639406631828024e+02 4.013632937654308535e+02 4.013626643524526685e+02 4.013619707966178680e+02 4.013611973621981406e+02 4.013603209134818144e+02 4.013593007004799347e+02 4.013582503391719456e+02 4.013568973705055214e+02 4.013554269590517833e+02 4.013535457818655914e+02 4.013517655930244246e+02 4.013490346976699357e+02 4.013476100810152047e+02
5.559679362504220080e+03 4.012839457265203009e+02 4.012834141121425091e+02 4.012827812103972747e+02 4.012822328079926137e+02 4.012816248024831793e+02 4.012809610753217839e+02 4.012801863008320993e+02 4.012791193225101551e+02 4.012781053518696694e+02 4.012769015756778117e+02 4.012756094601306813e+02 4.012739810092642756e+02 4.012724082991786645e+02 4.012700992552762500e+02 4.012688839558422842e+02
5.609679362504220080e+03 4.009920071449625425e+02 4.009914898856697505e+02 4.009908707772129901e+02 4.009902902572131893e+02 4.009895584952724903e+02 4.009881039149606181e+02 4.009846359341275956e+02 4.009805691086028787e+02 4.009772384266107110e+02 4.009726911797816911e+02 4.009678269270405622e+02 4.009612149699768793e+02 4.009548060895043022e+02 4.009456054003277359e+02 4.009415349056088758e+02
5.659679362504220080e+03 3.996853201276719574e+02 3.993069645000878154e+02 3.988583802325408101e+02 3.984922146990751344e+02 3.981651383775830482e+02 3.980023940299385572e+02 3.980015177181133481e+02 3.980006144968289732e+02 3.979997840748225144e+02 3.979988981470977478e+02 3.979979719696790426e+02 3.979969395093959292e+02 3.979958112599544506e+02 3.979945620447768988e+02 3.979937935512116951e+02
5.709679362504220080e+03 3.992140842847035174e+02 3.988324043440330797e+02 3.983742982719410861e+02 3.979946558452977570e+02 3.976490274721356855e+02 3.974694936710513957e+02 3.974680133022394557e+02 3.974665218631843686e+02 3.974653098951118295e+02 3.974638034952645853e+02 3.974622991435130643e+02 3.974607163756035675e+02 3.974592211901459109e+02 3.974574513301167826e+02 3.974565388962399766e+02
5.759679362504220080e+03 3.970698924036645394e+02 3.966848845967425632e+02 3.962156588436409947e+02 3.958257585667233798e+02 3.954967285419681389e+02 3.952331900543912298e+02 3.952120875532035598e+02 3.952108894306784919e+02 3.952097668969890947e+02 3.952084746200295058e+02 3.952071601417243301e+02 3.952057056575915794e+02 3.952042437826693231e+02 3.952027342847413252e+02 3.952020715525873129e+02
5.809679362504220080e+03 3.967265264704275296e+02 3.963164314373059938e+02 3.958314880166303737e+02 3.954343008869191181e+02 3.950853738986866119e+02 3.948819510732574827e+02 3.948791673798789930e+02 3.948779178035676978e+02 3.948767581410454568e+02 3.948754438103340476e+02 3.948741055838986540e+02 3.948726068667531308e+02 3.948710938116381612e+02 3.948695394886192389e+02 3.948689101506720363e+02
5.859679362504220080e+03 3.966244855418675570e+02 3.961972229674282744e+02 3.957183294058770571e+02 3.953365217514310643e+02 3.949978025278040832e+02 3.948393127928327999e+02 3.948376323690676486e+02 3.948364582448361944e+02 3.948353187799340844e+02 3.948340266847707198e+02 3.948327025901742218e+02 3.948312095271542148e+02 3.948297069387774627e+02 3.948281510192363157e+02 3.948275571905176093e+02
5.909679362504220080e+03 3.961725017393253552e+02 3.957540358667950500e+02 3.952677060763795680e+02 3.948776969715003133e+02 3.945284202002295615e+02 3.943655844954166128e+02 3.943646816606379844e+02 3.943635628714240511e+02 3.943624431358875313e+02 3.943612217556333235e+02 3.943599743796169719e+02 3.943585655229523468e+02 3.943571167893202301e+02 3.943556494290895671e+02 3.943551097109357215e+02
5.959679362504220080e+03 3.959527671337378365e+02 3.955292152759551527e+02 3.950478335903419520e+02 3.946562717387596422e+02 3.943109680072612946e+02 3.942097407026960809e+02 3.942087957270242100e+02 3.942076229589710010e+02 3.942064432475767717e+02 3.942051713744845074e+02 3.942038718970227933e+02 3.942023961337998799e+02 3.942008732033084470e+02 3.941993250224570602e+02 3.941987896909537312e+02
6.009679362504220080e+03 3.958822106245007717e+02 3.954440040976622299e+02 3.949569207334914154e+02 3.945602202611967755e+02 3.942356034166435848e+02 3.941920962344416921e+02 3.941912057378035570e+02 3.941899864663096196e+02 3.941887178006998624e+02 3.941873392616595311e+02 3.941859232077550814e+02 3.941843005243389371e+02 3.941826298198689074e+02 3.941809270895288932e+02 3.941803771579891986e+02
6.059679362504220080e+03 3.958274188834555503e+02 3.954012226243403347e+02 3.949075324803396256e+02 3.944985192423645799e+02 3.941812078734755005e+02 3.941507136034642826e+02 3.941497140794061806e+02 3.941484126199154048e+02 3.941470691913950191e+02 3.941456240931773891e+02 3.941441403063956272e+02 3.941424230488878493e+02 3.941406388695691589e+02 3.941388265138293718e+02 3.941382767456296392e+02
6.109679362504220080e+03 3.957627130807379103e+02 3.953346748827308375e+02 3.948448214069189817e+02 3.944413935978600989e+02 3.941378379177454008e+02 3.941210399875569692e+02 3.941201144252393078e+02 3.941187886815491765e+02 3.941173596086097177e+02 3.941158111603516545e+02 3.941142125782168932e+02 3.941123399382869366e+02 3.941103615584440263e+02 3.941083655715577834e+02 3.941077970263449970e+02
6.159679362504220080e+03 3.957154939260988158e+02 3.952977925823969372e+02 3.947947348936380649e+02 3.943658534168110350e+02 3.941046504638478609e+02 3.941002725788554812e+02 3.940992337352619757e+02 3.940978704388585356e+02 3.940964345259364450e+02 3.940948961307560126e+02 3.940933127521820438e+02 3.940914273368611020e+02 3.940893877866315052e+02 3.940873650787793849e+02 3.940868240353109968e+02
6.209679362504220080e+03 3.956357216782801061e+02 3.952123969237420056e+02 3.947137832128869377e+02 3.942930974443407877e+02 3.940598759287110511e+02 3.940572079157836924e+02 3.940561502906582518e+02 3.940546672831126216e+02 3.940530614924655879e+02 3.940513286834730593e+02 3.940495525797737173e+02 3.940473825844634916e+02 3.940447551595995606e+02 3.940422656942682806e+02 3.940417011081962073e+02
6.234679362504220080e+03 3.956159139977467021e+02 3.952006587293051325e+02 3.947042712727997582e+02 3.942783006338526093e+02 3.940436261071630497e+02 3.940415158211046105e+02 3.940404735187999563e+02 3.940390117668312655e+02 3.940374179184034347e+02 3.940357019889801222e+02 3.940339821200996084e+02 3.940319593003144973e+02 3.940286113334007609e+02 3.940255973283033200e+02 3.940251337193363952e+02
6.239679362504220080e+03 3.956131457824800464e+02 3.951821368367700984e+02 3.946795567461584255e+02 3.942467966841335851e+02 3.940174509473024500e+02 3.940156942190183713e+02 3.940145937999644730e+02 3.940130142841028373e+02 3.940112887764146308e+02 3.940094119833095192e+02 3.940075284356581733e+02 3.940053109226425363e+02 3.940016184025811299e+02 3.939982657619351585e+02 3.939977628166322461e+02
6.289679362504220080e+03 3.954546956443512045e+02 3.950254429548505186e+02 3.945236508104063660e+02 3.940931215045912950e+02 3.938850063296977737e+02 3.938841870062036605e+02 3.938831806844833636e+02 3.938817808700496812e+02 3.938802351362654690e+02 3.938785947748704075e+02 3.938769449540778851e+02 3.938749630515313243e+02 3.938714861504433884e+02 3.938683752236387932e+02 3.938679345750376797e+02
6.339679362504220080e+03 3.951367484393324503e+02 3.947050536449546598e+02 3.942011145946199804e+02 3.937691263239799468e+02 3.935736921588170389e+02 3.935729758069676336e+02 3.935721125805156362e+02 3.935709439633800457e+02 3.935696425958829536e+02 3.935682886274491352e+02 3.935669201960513419e+02 3.935652702696692131e+02 3.935623277258089274e+02 3.935597129039203992e+02 3.935593675408071590e+02
6.389679362504220080e+03 3.950405786128436603e+02 3.946003441443264705e+02 3.940925067248010691e+02 3.936679246083272119e+02 3.935012594990960224e+02 3.935005368993400907e+02 3.934996261741081298e+02 3.934983768666089645e+02 3.934969697770469566e+02 3.934954966040689897e+02 3.934939870420835177e+02 3.934920916674685714e+02 3.934885869110210592e+02 3.934855614598326952e+02 3.934852470263234068e+02
6.439679362504220080e+03 3.949711119861045177e+02 3.945319571932972735e+02 3.940225064485772464e+02 3.936081523191189149e+02 3.934726688790954654e+02 3.934719282612189772e+02 3.934709784014181650e+02 3.934696671746652328e+02 3.934681848177285701e+02 3.934666211471296720e+02 3.934649280206447202e+02 3.934624997638058517e+02 3.934571772515383827e+02 3.934526513057178363e+02 3.934523735735382388e+02
6.489679362504220080e+03 3.949273534760042708e+02 3.944928797749187197e+02 3.939803971920189269e+02 3.935735579889596920e+02 3.934639107001360685e+02 3.934631371672943487e+02 3.934621389633127819e+02 3.934607591542676914e+02 3.934591993949418338e+02 3.934575634476863684e+02 3.934557966407971890e+02 3.934533049584840114e+02 3.934477204086905431e+02 3.934427071169005785e+02 3.934424456333939588e+02
6.539679362504220080e+03 3.948771522589970573e+02 3.944381402402380559e+02 3.939197405841896398e+02 3.935196984893375429e+02 3.934374848816944450e+02 3.934366494024017129e+02 3.934355873175730380e+02 3.934341370537722469e+02 3.934325046238873824e+02 3.934307849031151818e+02 3.934289241424304464e+02 3.934262186009565312e+02 3.934203659331380436e+02 3.934152900989375894e+02 3.934150075132361053e+02
6.589679362504220080e+03 3.948277435954609018e+02 3.944086281483366747e+02 3.939001786634603945e+02 3.935108966934137698e+02 3.934325685758706754e+02 3.934318023840937713e+02 3.934307965436511267e+02 3.934294144698084210e+02 3.934278575555279076e+02 3.934262127712187294e+02 3.934244142083732640e+02 3.934218066561068667e+02 3.934166433463399244e+02 3.934121957334662056e+02 3.934119162250113959e+02
6.639679362504220080e+03 3.947775980436192071e+02 3.943436039231208383e+02 3.938312714863489532e+02 3.934566480572273690e+02 3.934123330864891273e+02 3.934115855056568876e+02 3.934104876585296324e+02 3.934089273054166256e+02 3.934071459642489117e+02 3.934052609968333627e+02 3.934032475697297286e+02 3.934002037755133188e+02 3.933940124946045671e+02 3.933892285701954847e+02 3.933889065672178162e+02
6.689679362504220080e+03 3.947214382893966444e+02 3.942814534635467112e+02 3.937610436465332668e+02 3.933919165360042598e+02 3.933597429229859017e+02 3.933588278961954074e+02 3.933576530862661116e+02 3.933560512880383726e+02 3.933542233907515424e+02 3.933523266439650001e+02 3.933504170294742721e+02 3.933476454988345381e+02 3.933420815803254413e+02 3.933381661183456117e+02 3.933379135969364597e+02
6.739679362504220080e+03 3.946710431522312774e+02 3.942293884978951723e+02 3.937104738207980290e+02 3.933591112984419169e+02 3.933399165260810264e+02 3.933390681953711692e+02 3.933378805929771715e+02 3.933362126442245881e+02 3.933342550375833184e+02 3.933323811613831822e+02 3.933306545501141613e+02 3.933279769814715792e+02 3.933223270935425262e+02 3.933183664970809446e+02 3.933180951398553020e+02
6.789679362504220080e+03 3.946542135260004329e+02 3.942075142705349435e+02 3.936873600412442897e+02 3.933561281023155516e+02 3.933462845184371872e+02 3.933453645604388953e+02 3.933440783341303586e+02 3.933422585109286729e+02 3.933403258262670192e+02 3.933386071259855044e+02 3.933367389059033030e+02 3.933339720843126770e+02 3.933285019045633817e+02 3.933247286110257619e+02 3.933244502726681162e+02
6.839679362504220080e+03 3.946514892188364456e+02 3.942145147286194060e+02 3.936907487679606561e+02 3.933592271254953516e+02 3.933518758281875307e+02 3.933509007452621518e+02 3.933495532330013020e+02 3.933476559160908437e+02 3.933455901256222660e+02 3.933436372076332646e+02 3.933417101955604949e+02 3.933388522599822181e+02 3.933337147737556734e+02 3.933308051399050669e+02 3.933305882321590161e+02
6.889679362504220080e+03 3.946793949935241699e+02 3.942364186279998535e+02 3.937109998700310030e+02 3.934108632098934208e+02 3.934074107438132160e+02 3.934064284949014336e+02 3.934050708122084643e+02 3.934032314761323619e+02 3.934012169617378731e+02 3.933992533667120597e+02 3.933973955719390005e+02 3.933946784494717690e+02 3.933901220803007845e+02 3.933875955036803589e+02 3.933873984831672033e+02
6.939679362504220080e+03 3.946635326546149827e+02 3.942218848677396181e+02 3.936979861644848597e+02 3.934083714881977585e+02 3.934054336138981967e+02 3.934044237335552339e+02 3.934029132505875168e+02 3.934009428409668203e+02 3.933988432460491822e+02 3.933966690694607564e+02 3.933945445731722543e+02 3.933914526165657435e+02 3.933864516391349753e+02 3.933837183004141593e+02 3.933835008634490578e+02
6.989679362504220080e+03 3.946301544435034998e+02 3.942518844396624900e+02 3.937445532102551056e+02 3.934453527320775947e+02 3.934412524621057514e+02 3.934402259364467795e+02 3.934387809177254667e+02 3.934368744277290375e+02 3.934347974781504149e+02 3.934328861708405611e+02 3.934311239080002451e+02 3.934289673721958707e+02 3.934265556144113134e+02 3.934252677306046166e+02 3.934251591445873260e+02
7.039679362504220080e+03 3.947207002561056015e+02 3.942769352711061401e+02 3.937524187401967311e+02 3.935120105170718716e+02 3.935113268783817375e+02 3.935103166128669727e+02 3.935088593290150243e+02 3.935069625237721311e+02 3.935048505428397334e+02 3.935029074228062882e+02 3.935010758290293325e+02 3.934988768389210918e+02 3.934965635983417087e+02 3.934952842562252044e+02 3.934951748125890845e+02
7.089679362504220080e+03 3.947113156811342947e+02 3.942727992003069630e+02 3.937468043398498025e+02 3.935011329633520631e+02 3.935005279195505636e+02 3.934997163549869583e+02 3.934987543263523548e+02 3.934973031328536877e+02 3.934954914807266846e+02 3.934943293278747660e+02 3.934931993177777940e+02 3.934917212900588765e+02 3.934902581892910121e+02 3.934894977553238959e+02 3.934894331300217232e+02
7.139679362504220080e+03 3.947522805584357002e+02 3.943131432857838945e+02 3.937849555804581314e+02 3.935356860782392232e+02 3.935351529665926478e+02 3.935346328834444307e+02 3.935342280670179207e+02 3.935333921077889272e+02 3.935316974382194530e+02 3.935307433096504610e+02 3.935302666910472453e+02 3.935294370721757673e+02 3.935286563015782804e+02 3.935282092236544145e+02 3.935281638348296838e+02
7.189679362504220080e+03 3.947362423162986147e+02 3.942951904706134201e+02 3.937726031784629868e+02 3.935455672358222614e+02 3.935450598316016340e+02 3.935445826367957807e+02 3.935441050155208131e+02 3.935431356186604717e+02 3.935415247738619087e+02 3.935405844505153254e+02 3.935402372349094549e+02 3.935398548586966854e+02 3.935395104030902758e+02 3.935392875929437082e+02 3.935392550040950255e+02
7.239679362504220080e+03 3.952165069001183610e+02 3.947945079559988244e+02 3.942857222718579351e+02 3.940498341366973705e+02 3.940490623068341733e+02 3.940474375813714687e+02 3.940440007305245445e+02 3.940413463892791697e+02 3.940353796431301134e+02 3.940297471779783791e+02 3.940281213049300959e+02 3.940262969868105642e+02 3.940253451174360180e+02 3.940248574529100551e+02 3.940247602716558504e+02
7.289679362504220080e+03 3.947919325524853775e+02 3.943561953400061384e+02 3.938391031933059594e+02 3.936392039975982016e+02 3.936387129867209751e+02 3.936382293492661688e+02 3.936374814734440974e+02 3.936369401548827227e+02 3.936359120268442666e+02 3.936349142729732193e+02 3.936346874957310433e+02 3.936342914722768001e+02 3.936339717160117857e+02 3.936336988882081869e+02 3.936336229226798764e+02
7.339679362504220080e+03 3.947181470165511996e+02 3.942788761608837831e+02 3.937634130694948453e+02 3.935760617724677672e+02 3.935755770977299903e+02 3.935751190491889702e+02 3.935744202339891444e+02 3.935738762943400388e+02 3.935731012913387303e+02 3.935723915879954120e+02 3.935723484708319120e+02 3.935722940468576212e+02 3.935722491226322859e+02 3.935722128642238999e+02 3.935721794178192567e+02
7.389679362504220080e+03 3.947042270953905359e+02 3.942652460891886790e+02 3.937579567289760689e+02 3.936024881715636639e+02 3.936019990975826204e+02 3.936015122304949045e+02 3.936007212218846689e+02 3.936001586219691717e+02 3.935991850596448671e+02 3.935982436257909853e+02 3.935981700249101323e+02 3.935980335414395199e+02 3.935979557979513856e+02 3.935979074842494470e+02 3.935978633171360457e+02
7.439679362504220080e+03 3.946835716270484227e+02 3.942440065939173337e+02 3.937450021582235991e+02 3.936151522938916969e+02 3.936146673983590176e+02 3.936141810937475611e+02 3.936133629594424974e+02 3.936127975878922598e+02 3.936116009707664603e+02 3.936103736718941946e+02 3.936103183617559580e+02 3.936102356673423515e+02 3.936101788911704489e+02 3.936101383486603140e+02 3.936100929392382568e+02
7.489679362504220080e+03 3.947058045019304018e+02 3.942704517087778981e+02 3.937655883513342019e+02 3.936152353063798159e+02 3.936147486851870099e+02 3.936142467876462661e+02 3.936133931280470506e+02 3.936128431191423829e+02 3.936121887252750184e+02 3.936114765120335051e+02 3.936114420847592896e+02 3.936114005895424270e+02 3.936112992325383289e+02 3.936112507742010962e+02 3.936111967154099602e+02
7.539679362504220080e+03 3.947099387412121132e+02 3.942668069276400615e+02 3.937675214740312413e+02 3.936447935102207794e+02 3.936443240628314015e+02 3.936438405195332848e+02 3.936429991349230022e+02 3.936424762520743457e+02 3.936418352150013220e+02 3.936411020874767246e+02 3.936410739336038205e+02 3.936410312264600861e+02 3.936409502370498785e+02 3.936408859984601918e+02 3.936408586087956110e+02
7.589679362504220080e+03 3.947379773491745709e+02 3.942951419197901259e+02 3.937906227675474611e+02 3.936504764015995761e+02 3.936500062508206952e+02 3.936494940391448836e+02 3.936485756268633622e+02 3.936479487724774344e+02 3.936470971767782885e+02 3.936465829572366033e+02 3.936464678583962495e+02 3.936463230223978371e+02 3.936462857829542372e+02 3.936462164062161264e+02 3.936461886019191070e+02
7.639679362504220080e+03 3.946286690259963734e+02 3.941981953450393235e+02 3.937097852458131797e+02 3.936030049918765030e+02 3.936025266569673704e+02 3.936019876522018421e+02 3.936009937199646629e+02 3.936003815003333557e+02 3.935996316880126642e+02 3.935991960609627540e+02 3.935991273964399966e+02 3.935990624482245721e+02 3.935990099123526988e+02 3.935989506372329174e+02 3.935989150050273793e+02
7.689679362504220080e+03 3.946653287044025546e+02 3.942271407611863765e+02 3.937585776359724150e+02 3.936908007055796475e+02 3.936902900899119686e+02 3.936897198098305353e+02 3.936888759198499770e+02 3.936885333412089949e+02 3.936881592311278837e+02 3.936879150686710318e+02 3.936877533938726401e+02 3.936875354104175244e+02 3.936874964788581792e+02 3.936873961216874136e+02 3.936873455460180367e+02
7.739679362504220080e+03 3.946732887629809170e+02 3.942310551305853323e+02 3.937707059556922218e+02 3.937172066353637661e+02 3.937166892326335415e+02 3.937161432479678638e+02 3.937156257430838195e+02 3.937148560436672255e+02 3.937140869663553531e+02 3.937139239354027040e+02 3.937138117019301831e+02 3.937135999451619455e+02 3.937135604582148858e+02 3.937134878400742650e+02 3.937134418072319022e+02
7.789679362504220080e+03 3.947048805353896341e+02 3.942653514938158423e+02 3.937936344308187699e+02 3.937161024872838198e+02 3.937156057735999184e+02 3.937150287474495371e+02 3.937144715242614552e+02 3.937135793434147217e+02 3.937124377678457563e+02 3.937122797713431055e+02 3.937121509914168769e+02 3.937118357480175632e+02 3.937117364898793994e+02 3.937116704265656608e+02 3.937116264070060652e+02
7.839679362504220080e+03 3.947032399869573283e+02 3.942643455551170746e+02 3.938163149134489913e+02 3.937717677598728869e+02 3.937712900752820815e+02 3.937707624684726397e+02 3.937703096257772017e+02 3.937691118941861532e+02 3.937687796440976058e+02 3.937687501717655891e+02 3.937687176619901379e+02 3.937686553904264315e+02 3.937686260628975106e+02 3.937685883094206929e+02 3.937685504644350090e+02
7.889679362504220080e+03 3.946964231962539316e+02 3.942585350279180716e+02 3.938070046424649036e+02 3.937588966362201290e+02 3.937583879835406719e+02 3.937578609292856413e+02 3.937576497797716115e+02 3.937570059705182075e+02 3.937568035861667113e+02 3.937567721305356372e+02 3.937567525117541436e+02 3.937566305292858715e+02 3.937565869634968294e+02 3.937565346374086630e+02 3.937564878012667577e+02
7.939679362504220080e+03 3.978447351256639308e+02 3.974716347940237711e+02 3.970079967809867867e+02 3.967843590682135755e+02 3.967832447759162733e+02 3.967822494928702213e+02 3.967807547642115651e+02 3.967779949762866067e+02 3.967779002051769339e+02 3.967778348404664257e+02 3.967781523430920174e+02 3.967781189144719178e+02 3.967777388997836283e+02 3.967776908265846600e+02 3.967776432339588837e+02
7.989679362504220080e+03 3.947095290494180517e+02 3.942681116559983820e+02 3.938108573551927520e+02 3.937787175409586666e+02 3.937459759777470936e+02 3.937454344336698568e+02 3.937447423567540454e+02 3.937437552101190477e+02 3.937437171465194865e+02 3.937436866843398775e+02 3.937436585482614646e+02 3.937436372631175914e+02 3.937436145811470283e+02 3.937435947222671757e+02 3.937435783903844140e+02
8.039679362504220080e+03 3.947194316529463549e+02 3.942934963466031490e+02 3.938342247609443803e+02 3.937732455608893360e+02 3.937207800388998749e+02 3.937177600532411361e+02 3.937125772111473907e+02 3.937106109486805963e+02 3.937105558845430551e+02 3.937105409676304930e+02 3.937105163406404813e+02 3.937105220229892666e+02 3.937105074497188753e+02 3.937104919472564575e+02 3.937104790375530570e+02
8.089679362504220080e+03 3.948116534058964362e+02 3.943732890713387746e+02 3.939166255455339183e+02 3.938712688922685743e+02 3.938261197551481700e+02 3.938184383212633293e+02 3.938168982807774228e+02 3.938168857406177494e+02 3.938168729164378874e+02 3.938168591288785478e+02 3.938167147583696419e+02 3.938164411186175471e+02 3.938163932145418471e+02 3.938163362411510775e+02 3.938162872043657785e+02
8.139679362504220080e+03 3.947890468133213062e+02 3.943476937770521431e+02 3.939019344802545675e+02 3.938832303346280810e+02 3.938472405936265091e+02 3.938283545160453514e+02 3.938242459070308996e+02 3.938237850142224943e+02 3.938237722432862711e+02 3.938237600948496038e+02 3.938237358083416098e+02 3.938236974060894227e+02 3.938236565183831317e+02 3.938236032845804289e+02 3.938235575830100288e+02
8.189679362504220080e+03 3.948325204894093190e+02 3.943966142827260342e+02 3.939693794248584595e+02 3.939335519420794753e+02 3.938708488228335796e+02 3.938694034771747283e+02 3.938689312370423750e+02 3.938687751841227396e+02 3.938687529223507227e+02 3.938687337311508259e+02 3.938687068912001337e+02 3.938686690206807270e+02 3.938686267692881415e+02 3.938685789315420607e+02 3.938685368948665655e+02
8.239679362504219171e+03 3.948547946757141176e+02 3.944161502431177269e+02 3.940061385421199134e+02 3.939995768566882930e+02 3.938774174378082762e+02 3.938733043593234697e+02 3.938723529095489653e+02 3.938722548828521894e+02 3.938722392793407607e+02 3.938722241223741776e+02 3.938722086208002793e+02 3.938721918781275804e+02 3.938721732486849874e+02 3.938721530226584946e+02 3.938721360307686723e+02
8.289679362504219171e+03 3.953706763860451474e+02 3.949478557911978100e+02 3.948115441006061701e+02 3.948101519382597644e+02 3.942372333200869434e+02 3.939213251878272786e+02 3.938562375021201660e+02 3.938543702605563226e+02 3.938543559750156078e+02 3.938543432644044060e+02 3.938543298312332013e+02 3.938543146953118139e+02 3.938542983499457932e+02 3.938542811199012021e+02 3.938542650143272112e+02
8.339679362504219171e+03 3.955119237611627341e+02 3.950833134662329940e+02 3.948033554886876573e+02 3.948023503534607812e+02 3.944404245805496316e+02 3.942613939239572574e+02 3.942124346982034808e+02 3.942110993744772145e+02 3.942110712121321967e+02 3.942110194052323209e+02 3.942109494101515565e+02 3.942108655930014720e+02 3.942107812727741134e+02 3.942106874959310403e+02 3.942106005617582696e+02
8.389679362504219171e+03 4.118364702518568947e+02 4.115539922909395614e+02 4.113596407017822685e+02 4.113559637140369318e+02 4.113156944441774385e+02 4.113167855654706386e+02 4.113183674760812210e+02 4.113108329760440824e+02 4.113106829084883884e+02 4.113105071651170306e+02 4.113102990968725408e+02 4.113100789947890803e+02 4.113098599034464087e+02 4.113096648457727724e+02 4.113094900063821910e+02
8.439679362504219171e+03 3.950092031705279396e+02 3.946074160443282608e+02 3.944541275466722254e+02 3.944413964292714354e+02 3.941828078649866711e+02 3.941817456231284496e+02 3.941816541786737389e+02 3.941815552062123515e+02 3.941814572742999871e+02 3.941813594881769518e+02 3.941812536889401599e+02 3.941811421513120877e+02 3.941810319040115473e+02 3.941809202289656469e+02 3.941808233468768776e+02
8.489679362504219171e+03 3.950384772279132903e+02 3.946359652611724869e+02 3.944861597326712968e+02 3.944759747202975859e+02 3.941488011008722765e+02 3.941484592308431161e+02 3.941483362934008028e+02 3.941482334562616643e+02 3.941481388989847119e+02 3.941480346123739764e+02 3.941479290714318608e+02 3.941478187146429377e+02 3.941477191614837920e+02 3.941476105469264439e+02 3.941475166390866889e+02
8.539679362504219171e+03 3.948964206450833672e+02 3.944740191932926336e+02 3.942584013476712812e+02 3.942552616909133576e+02 3.941705596743634601e+02 3.941703582263469343e+02 3.941702431358935996e+02 3.941701422466014151e+02 3.941700525057818254e+02 3.941699548936312567e+02 3.941698558529832894e+02 3.941697531952052032e+02 3.941696615304631450e+02 3.941695619449566266e+02 3.941694766161749044e+02
8.589679362504219171e+03 3.948650171066868779e+02 3.944320552354283791e+02 3.941889024410193088e+02 3.941876066435772827e+02 3.941567608857623100e+02 3.941565689874841496e+02 3.941565146022387580e+02 3.941564603278661707e+02 3.941563996186042687e+02 3.941563383531418481e+02 3.941562652117786456e+02 3.941561912405571206e+02 3.941561273723150975e+02 3.941560599308056680e+02 3.941560026759282209e+02
8.639679362504219171e+03 3.948327998854146017e+02 3.943989985088816184e+02 3.941236136348409786e+02 3.941223704894748039e+02 3.940931770722648935e+02 3.940929476535970934e+02 3.940929037875796439e+02 3.940928557451111942e+02 3.940928049563349873e+02 3.940927517828264399e+02 3.940926902912379433e+02 3.940926287031411448e+02 3.940925741580861654e+02 3.940925171125768998e+02 3.940924691942134359e+02
8.689679362504219171e+03 3.947804601629744639e+02 3.943596434287356942e+02 3.941256833033594376e+02 3.941134878715178615e+02 3.940948426658778203e+02 3.940946023874972752e+02 3.940945580266254638e+02 3.940945135188794097e+02 3.940944654718175570e+02 3.940944144132587326e+02 3.940943550131588609e+02 3.940942954224789787e+02 3.940942420966084683e+02 3.940941878647912517e+02 3.940941425424825866e+02
8.739679362504219171e+03 3.947738348754923550e+02 3.943454581390024600e+02 3.941445437969005070e+02 3.941288630555927739e+02 3.940720560142388535e+02 3.940710707917699551e+02 3.940708757067659462e+02 3.940708155712605958e+02 3.940707624187856482e+02 3.940707025195187612e+02 3.940706392311242894e+02 3.940705754869005091e+02 3.940705197790407510e+02 3.940704615493115739e+02 3.940704130556337645e+02
8.789679362504219171e+03 3.947582617572319919e+02 3.943337854265229794e+02 3.941618831422645712e+02 3.941423589787621040e+02 3.940733120401823726e+02 3.940723672554711356e+02 3.940721290387891713e+02 3.940720585999678178e+02 3.940719917019669083e+02 3.940719180655570995e+02 3.940718383178808608e+02 3.940717571701936208e+02 3.940716874731884900e+02 3.940716130966201831e+02 3.940715508072146349e+02
8.839679362504219171e+03 3.947201890051238706e+02 3.943015964506551541e+02 3.941768519556580941e+02 3.941568382148466299e+02 3.940504047181778446e+02 3.940482405590826716e+02 3.940476817675750567e+02 3.940475892055654867e+02 3.940474950437426855e+02 3.940473920827400889e+02 3.940472822605884744e+02 3.940471711924699321e+02 3.940470747765584179e+02 3.940469723528838699e+02 3.940468875134209270e+02
8.889679362504219171e+03 3.947037791813886543e+02 3.942856423928272420e+02 3.942047297188182711e+02 3.941395853927484723e+02 3.940458828023696469e+02 3.940452897840881406e+02 3.940449999621051802e+02 3.940448778001055530e+02 3.940447451651450592e+02 3.940446068178373480e+02 3.940444663107381871e+02 3.940443259983712778e+02 3.940442017987279542e+02 3.940440732932987089e+02 3.940439675468492737e+02
8.939679362504219171e+03 3.946836455624300015e+02 3.942681792345432541e+02 3.941932070734407603e+02 3.940878344850902408e+02 3.940400539843338947e+02 3.940392731332183303e+02 3.940389112772680278e+02 3.940387807289053512e+02 3.940386434761436476e+02 3.940384974779391314e+02 3.940383485634643534e+02 3.940381993890622425e+02 3.940380668702481444e+02 3.940379296092455661e+02 3.940378164633326037e+02
8.989679362504219171e+03 3.946276482113825068e+02 3.942227896712510642e+02 3.941511721665388563e+02 3.939904317397031264e+02 3.939891826509531256e+02 3.939866237048567541e+02 3.939860514423722293e+02 3.939859207643834225e+02 3.939857835946468754e+02 3.939856380381697818e+02 3.939854909177872742e+02 3.939853438738551858e+02 3.939852125522033361e+02 3.939850778660520518e+02 3.939849677129862471e+02
9.039679362504219171e+03 3.946129580009226174e+02 3.942045589025593699e+02 3.941527006295933688e+02 3.940284991242295973e+02 3.940275125540515546e+02 3.940263086868577602e+02 3.940259894805399199e+02 3.940258572107684358e+02 3.940257182566855363e+02 3.940255713728968203e+02 3.940254227199573052e+02 3.940252738523647622e+02 3.940251389892255247e+02 3.940249999055704393e+02 3.940248860253832390e+02
9.089679362504219171e+03 3.945983902201027149e+02 3.941925459522815345e+02 3.941373935268850914e+02 3.939831135255324739e+02 3.939819311898329488e+02 3.939804311019682928e+02 3.939800634656378406e+02 3.939799313115398718e+02 3.939797917787158212e+02 3.939796439694295032e+02 3.939794941533172619e+02 3.939793446919637745e+02 3.939792093318393995e+02 3.939790676409877506e+02 3.939789532352595529e+02
9.139679362504219171e+03 3.945659852472446119e+02 3.941611582424592370e+02 3.941069558587786332e+02 3.939494954986997755e+02 3.939482530678519083e+02 3.939463414784140127e+02 3.939458983886422629e+02 3.939457655178541700e+02 3.939456241552636584e+02 3.939454752581833645e+02 3.939453238782162998e+02 3.939451724781690132e+02 3.939450332205992140e+02 3.939448881634762074e+02 3.939447715482508556e+02
9.189679362504219171e+03 3.945594005318706650e+02 3.941552138152918587e+02 3.941103942149970294e+02 3.939886744592002970e+02 3.939877054862192267e+02 3.939863668249315083e+02 3.939859818638235538e+02 3.939858513622519354e+02 3.939857115484348924e+02 3.939855646644247145e+02 3.939854152704936610e+02 3.939852659343833921e+02 3.939851269091425934e+02 3.939849827615846607e+02 3.939848672086832266e+02
9.239679362504219171e+03 3.945162564353028074e+02 3.941233167416679066e+02 3.940797244683254803e+02 3.939547874194521455e+02 3.939538582954866115e+02 3.939524993755491096e+02 3.939521337436389103e+02 3.939520059662917220e+02 3.939518700435743881e+02 3.939517274953486776e+02 3.939515830749134011e+02 3.939514382666086476e+02 3.939513028625396487e+02 3.939511631373737259e+02 3.939510511356922393e+02
9.289679362504219171e+03 3.945122300443307495e+02 3.941136573409962693e+02 3.940736659273284204e+02 3.939508728669883340e+02 3.939498931014383629e+02 3.939486094798830891e+02 3.939482623956839689e+02 3.939481386071157658e+02 3.939480068070846528e+02 3.939478680669422488e+02 3.939477272502603000e+02 3.939475863141739751e+02 3.939474548304806945e+02 3.939473179904310882e+02 3.939472082480834274e+02
9.339679362504219171e+03 3.944900507817526432e+02 3.940932087027446755e+02 3.940520894599540043e+02 3.939142365633400686e+02 3.939130721847246264e+02 3.939115982101706095e+02 3.939112324815004058e+02 3.939111121400812863e+02 3.939109841028150640e+02 3.939108492972130762e+02 3.939107122229528386e+02 3.939105754216813580e+02 3.939104485030260321e+02 3.939103155432288759e+02 3.939102088081726833e+02
9.389679362504219171e+03 3.944562333691619642e+02 3.940660569512042457e+02 3.940305289986087018e+02 3.939027379085268308e+02 3.939016699589917607e+02 3.939004019647635459e+02 3.939000890455099011e+02 3.938999722029668078e+02 3.938998482397076373e+02 3.938997180266885039e+02 3.938995859939009847e+02 3.938994543111306825e+02 3.938993317614921352e+02 3.938992037188889981e+02 3.938991011112991032e+02
9.439679362504219171e+03 3.944457289355000285e+02 3.940489295738038322e+02 3.940143202212922802e+02 3.938999242165658643e+02 3.938988996676803822e+02 3.938978538621429948e+02 3.938975747843059025e+02 3.938974605763901877e+02 3.938973391728192155e+02 3.938972112401027630e+02 3.938970808963709942e+02 3.938969504456100026e+02 3.938968285854057285e+02 3.938967009347458657e+02 3.938965985174270941e+02
9.489679362504219171e+03 3.944345624228637917e+02 3.940468806211547417e+02 3.940035875193619290e+02 3.938878790951940800e+02 3.938874901185247381e+02 3.938868151321019013e+02 3.938864239416445230e+02 3.938862966408586885e+02 3.938861660750101805e+02 3.938860313171946927e+02 3.938858969305354094e+02 3.938857633876658610e+02 3.938856379487116328e+02 3.938855075735134506e+02 3.938854035635832815e+02
9.539679362504219171e+03 3.985521252368292835e+02 3.985515664811283045e+02 3.985511054986197905e+02 3.978482607289722637e+02 3.978465435603814058e+02 3.978401061984034186e+02 3.978372667982519602e+02 3.978370761000410880e+02 3.978368799736954315e+02 3.978366715009085510e+02 3.978364685012559221e+02 3.978362679861508013e+02 3.978360909878298912e+02 3.978359092660447232e+02 3.978357639919470898e+02
9.589679362504219171e+03 3.945107167455852277e+02 3.945102390626246915e+02 3.945103939368601118e+02 3.945631705540838539e+02 3.945635297641001671e+02 3.945634679123652404e+02 3.945633364125467324e+02 3.945631848183809893e+02 3.945630259125756538e+02 3.945628645931755045e+02 3.945627058881601670e+02 3.945625473196695907e+02 3.945623928723900349e+02 3.945622396264713529e+02 3.945621179213337086e+02
9.639679362504219171e+03 3.941719685961918458e+02 3.941715190357574556e+02 3.941712607750746429e+02 3.941687569449260309e+02 3.941685300728532866e+02 3.941682164884742861e+02 3.941680250247113690e+02 3.941678990270659142e+02 3.941677674357289902e+02 3.941676261842225131e+02 3.941674812079832009e+02 3.941673358041143160e+02 3.941672012278064017e+02 3.941670581724741282e+02 3.941669430023399059e+02
9.689679362504219171e+03 3.944355002860576178e+02 3.944350775091351125e+02 3.944439518929065116e+02 3.944564300995786539e+02 3.944586202278420615e+02 3.944634578036073549e+02 3.944633774146564633e+02 3.944632489461546925e+02 3.944631177924482017e+02 3.944629889986350690e+02 3.944628626645614418e+02 3.944627395663091534e+02 3.944626208013594919e+02 3.944625002525677928e+02 3.944624054640635222e+02
9.739679362504219171e+03 3.941335346254803085e+02 3.941331307366302781e+02 3.941343949659501504e+02 3.941360596051601419e+02 3.941367330283540014e+02 3.941371241618970771e+02 3.941370283397924368e+02 3.941369212537512112e+02 3.941368107723126286e+02 3.941366952645674928e+02 3.941365786600906063e+02 3.941364619926569048e+02 3.941363515958797734e+02 3.941362366950542082e+02 3.941361449987718402e+02
9.789679362504219171e+03 3.941342012074470063e+02 3.941337769310732142e+02 3.941377130724876565e+02 3.941422924322687322e+02 3.941443364776137059e+02 3.941463088087279516e+02 3.941462128354698962e+02 3.941461024062755314e+02 3.941459928689173466e+02 3.941458816367830877e+02 3.941457713455004637e+02 3.941456610640328222e+02 3.941455549866007004e+02 3.941454466499108094e+02 3.941453605159657627e+02
9.839679362504219171e+03 3.941134072589912307e+02 3.941129696413422039e+02 3.941061179362753819e+02 3.940824214955520119e+02 3.940780499766084404e+02 3.940544917552022071e+02 3.940475076565809331e+02 3.940473990442849299e+02 3.940472883049383199e+02 3.940471721817785919e+02 3.940470531065219575e+02 3.940469343618092353e+02 3.940468243800841037e+02 3.940467062015778765e+02 3.940466115661590152e+02
9.889679362504219171e+03 3.940816444590690253e+02 3.940812118013039367e+02 3.940864594867227879e+02 3.940925881266171018e+02 3.940972457124921675e+02 3.941159296748660381e+02 3.941159608075408300e+02 3.941158465081034024e+02 3.941157320623317446e+02 3.941156158478472662e+02 3.941155000439713376e+02 3.941153848581030275e+02 3.941152739434631371e+02 3.941151602676915218e+02 3.941150700133699161e+02
9.939679362504219171e+03 3.940641837245220245e+02 3.940637342683209567e+02 3.940606793602820517e+02 3.940530208741164984e+02 3.940475324120782261e+02 3.940158256673449841e+02 3.940061162272459114e+02 3.940060026680072269e+02 3.940058880611943550e+02 3.940057678757663098e+02 3.940056455382096487e+02 3.940055230670066067e+02 3.940054085746355668e+02 3.940052873033791343e+02 3.940051902595248521e+02
9.989679362504219171e+03 3.940348139204252220e+02 3.940343641994952577e+02 3.940334180120579504e+02 3.940319427557191148e+02 3.940302166509518997e+02 3.940250317881601632e+02 3.940236902350021069e+02 3.940235745339025470e+02 3.940234587594586628e+02 3.940233384227270790e+02 3.940232170060045291e+02 3.940230954316508587e+02 3.940229807445576853e+02 3.940228607058227226e+02 3.940227647432654408e+02
1.003967936250421917e+04 3.940351895532110120e+02 3.940347817486637609e+02 3.940361683163168891e+02 3.940369348827726981e+02 3.940372514578652954e+02 3.940374009082266866e+02 3.940372866041024054e+02 3.940371699993798984e+02 3.940370531986625338e+02 3.940369329520395354e+02 3.940368126892088299e+02 3.940366924459090114e+02 3.940365777684270938e+02 3.940364592533860559e+02 3.940363648464871176e+02
1.008967936250421917e+04 3.940161116944429409e+02 3.940156883284953437e+02 3.940154089742763972e+02 3.940151937744433326e+02 3.940139524431923519e+02 3.940134910063995903e+02 3.940133084277665603e+02 3.940131903724811195e+02 3.940130714305932997e+02 3.940129487857927870e+02 3.940128250615645698e+02 3.940127017598044290e+02 3.940125848252268952e+02 3.940124629775241374e+02 3.940123658584248005e+02
1.013967936250421917e+04 3.940142590834986436e+02 3.940138665364950157e+02 3.940091188605564412e+02 3.939982157829552420e+02 3.939900325493068749e+02 3.939352865336862806e+02 3.939186260347449888e+02 3.939185072043319451e+02 3.939183874076401253e+02 3.939182622861486607e+02 3.939181344328977730e+02 3.939180065186221782e+02 3.939178868058315288e+02 3.939177593890755702e+02 3.939176574875622237e+02
1.018967936250421917e+04 3.940098864007005659e+02 3.940095693881727925e+02 3.940122256411773947e+02 3.940151941491682237e+02 3.940179828826980497e+02 3.940227024267609863e+02 3.940226109341685969e+02 3.940224857714383688e+02 3.940223640823393794e+02 3.940222418163735938e+02 3.940221212927020247e+02 3.940220010147710354e+02 3.940218845948280659e+02 3.940217654801610934e+02 3.940216707300262442e+02
1.023967936250421917e+04 3.939778262142173162e+02 3.939775191097920697e+02 3.939698935579165209e+02 3.939590619174926474e+02 3.939482193553993739e+02 3.939103277712911222e+02 3.939057737125091876e+02 3.939056621590792133e+02 3.939055466853284315e+02 3.939054265963864054e+02 3.939053012742847386e+02 3.939051770297979829e+02 3.939050627010600465e+02 3.939049372966266560e+02 3.939048365656631177e+02
1.028967936250421917e+04 3.939917772349722895e+02 3.939915275634842828e+02 3.939785848275757871e+02 3.939658651791423267e+02 3.939613789849052523e+02 3.939479772878481754e+02 3.939472724774022936e+02 3.939471711087550716e+02 3.939470683612248649e+02 3.939469630317939846e+02 3.939468562372512679e+02 3.939467499595996287e+02 3.939466507976818548e+02 3.939465458222022107e+02 3.939464617203046828e+02
1.033967936250421917e+04 4.187736779386201533e+02 4.187734447053888971e+02 4.187097038339319397e+02 4.185654393696370335e+02 4.185047733106099486e+02 4.184776053894528900e+02 4.184773339048535945e+02 4.184770635820276539e+02 4.184768268962396860e+02 4.184765757883333208e+02 4.184763300840296552e+02 4.184760874049428594e+02 4.184758619297672340e+02 4.184756389946992385e+02 4.184754770337801801e+02
1.038967936250421917e+04 4.162485427809306202e+02 4.162493935761829675e+02 4.162505275449533428e+02 4.162509935941845924e+02 4.162507049088183066e+02 4.162504450051434333e+02 4.162501715325915939e+02 4.162498979525839786e+02 4.162496302996959230e+02 4.162493653517528287e+02 4.162491029888234948e+02 4.162488369951829554e+02 4.162485582532145827e+02 4.162482653128719221e+02 4.162480325338741523e+02
1.043967936250421917e+04 3.979741260882958613e+02 3.979743331830507600e+02 3.979743185909414933e+02 3.979741661982715186e+02 3.979739347263358695e+02 3.979737133643134257e+02 3.979734848699957297e+02 3.979732554568805085e+02 3.979730325513439197e+02 3.979728124275638379e+02 3.979725927917655781e+02 3.979723680297522037e+02 3.979721427078176248e+02 3.979719050739118416e+02 3.979717165087009789e+02
1.048967936250421917e+04 3.960999092482371111e+02 3.960998954756432795e+02 3.960997841917184701e+02 3.960996048898792310e+02 3.960993892287586959e+02 3.960991817234676091e+02 3.960989737558405750e+02 3.960987672026980135e+02 3.960985573494522214e+02 3.960983593261188958e+02 3.960981656133595266e+02 3.960979683308140125e+02 3.960977436602615853e+02 3.960975340721672637e+02 3.960973614601159056e+02
1.053967936250421917e+04 3.960347078345989189e+02 3.960345905958268986e+02 3.960344249986724776e+02 3.960342459148922671e+02 3.960340575657637601e+02 3.960338847893221441e+02 3.960337129543651713e+02 3.960335444322599869e+02 3.960333624768560412e+02 3.960331965950538233e+02 3.960330395421715934e+02 3.960328813827331942e+02 3.960326969297424853e+02 3.960325250755421393e+02 3.960323848137275604e+02
1.058967936250421917e+04 3.956261232338375748e+02 3.956259697249249712e+02 3.956257925010433496e+02 3.956256114629002241e+02 3.956254268599587931e+02 3.956252523927290667e+02 3.956250770021230210e+02 3.956249028219473303e+02 3.956247233796498790e+02 3.956245514496290525e+02 3.956243849929346084e+02 3.956242168010900286e+02 3.956240297249105993e+02 3.956238555107228194e+02 3.956237109836995955e+02
1.063343194675421910e+04 3.954775839192894864e+02 3.954773764692280338e+02 3.954771622221830967e+02 3.954769792229677137e+02 3.954767967985873725e+02 3.954766194817332803e+02 3.954764413896832593e+02 3.954762650798285790e+02 3.954760868449645272e+02 3.954759115117719830e+02 3.954757355365793501e+02 3.954755586006396015e+02 3.954753730594502485e+02 3.954751972581834707e+02 3.954750529927767957e+02
1.063344444675421983e+04 3.926727587212899948e+02 3.931721319458807784e+02 3.935669175509662523e+02 3.937507695313919385e+02 3.938192496582260560e+02 3.938967803210417173e+02 3.939608926434513592e+02 3.940170515046399942e+02 3.940542507914574912e+02 3.941054358310128691e+02 3.941736002216524639e+02 3.942383191891558454e+02 3.942718455819549490e+02 3.943057969032030314e+02 3.943339163417978170e+02
1.063354444675422019e+04 3.954818708296439809e+02 3.954847308676428952e+02 3.954872491677074322e+02 3.954879635027876930e+02 3.954878845349999210e+02 3.954877021797130965e+02 3.954874028038219649e+02 3.954870071071017037e+02 3.954864949904966238e+02 3.954858565973008808e+02 3.954848982643362660e+02 3.954838501032275531e+02 3.954828023663445720e+02 3.954817339572313131e+02 3.954806749349448296e+02
1.068380279757354765e+04 3.952173022718435504e+02 3.952171572106838084e+02 3.952169854220718435e+02 3.952168151107798053e+02 3.952166425495297517e+02 3.952164672429156553e+02 3.952162909362223786e+02 3.952161135430351351e+02 3.952159396150557882e+02 3.952157638210045434e+02 3.952155844395689428e+02 3.952154030261363005e+02 3.952152258570976073e+02 3.952150460612608640e+02 3.952149056235427906e+02
1.073508109924219389e+04 3.951105274298498102e+02 3.951103820152109733e+02 3.951102057001414778e+02 3.951100358988130097e+02 3.951098656506372890e+02 3.951096919402343701e+02 3.951095163727665636e+02 3.951093394995730250e+02 3.951091659111492618e+02 3.951089904923852600e+02 3.951088125548145058e+02 3.951086322417698966e+02 3.951084553894285136e+02 3.951082756671069092e+02 3.951081352675583958e+02
1.078508109924219389e+04 3.950208198754354498e+02 3.950206069256071828e+02 3.950204265716773762e+02 3.950202771850982799e+02 3.950201270773222859e+02 3.950199664709820695e+02 3.950198034257827544e+02 3.950196384063550568e+02 3.950194804704939884e+02 3.950193153374627855e+02 3.950191439891855225e+02 3.950189707885600683e+02 3.950188112112256249e+02 3.950186422583019521e+02 3.950185108244829735e+02
1.083508109924219389e+04 3.949481598734247427e+02 3.949479574394846395e+02 3.949477758443080120e+02 3.949476162337721803e+02 3.949474534134450323e+02 3.949472840636116757e+02 3.949471140669574538e+02 3.949469426605792250e+02 3.949467772146634843e+02 3.949466042118602900e+02 3.949464228616723744e+02 3.949462395565291786e+02 3.949460712678683194e+02 3.949458941624151294e+02 3.949457564737377879e+02
1.088508109924219389e+04 3.948890990425101108e+02 3.948889168260004112e+02 3.948887298336646268e+02 3.948885671213183741e+02 3.948884047603945646e+02 3.948882380123761777e+02 3.948880702585610152e+02 3.948879013887547558e+02 3.948877366901185724e+02 3.948875687737647127e+02 3.948873981041955403e+02 3.948872261297408954e+02 3.948870614569724466e+02 3.948868903651700748e+02 3.948867573666111070e+02
1.093508109924219389e+04 3.948382884219702760e+02 3.948380084578559490e+02 3.948377691014752600e+02 3.948375816350103378e+02 3.948374045293485892e+02 3.948372238462931136e+02 3.948370427979060082e+02 3.948368601096279917e+02 3.948366849781281758e+02 3.948365005495666082e+02 3.948363056963891609e+02 3.948361097765570094e+02 3.948359342429449157e+02 3.948357468756069579e+02 3.948356004164486421e+02
1.097504444674924889e+04 3.948017560761785489e+02 3.948015928799843550e+02 3.948013779160829699e+02 3.948011981946003743e+02 3.948010304886901167e+02 3.948008620917584039e+02 3.948006925028391265e+02 3.948005215827680559e+02 3.948003557488841579e+02 3.948001867128388085e+02 3.948000165436141629e+02 3.947998457899531672e+02 3.947996825841493092e+02 3.947995106751573076e+02 3.947993770005805345e+02
1.097514444674924925e+04 3.948038508004557343e+02 3.948036009259677712e+02 3.948033606512669849e+02 3.948031678810151561e+02 3.948029908610656094e+02 3.948028140425860215e+02 3.948026364595278892e+02 3.948024576130205219e+02 3.948022839004646585e+02 3.948021056140737528e+02 3.948019228116417025e+02 3.948017392098826690e+02 3.948015668875717665e+02 3.948013865065977370e+02 3.948012458478853546e+02
1.127297416302726197e+04 3.951041028292564192e+02 3.951038227555435469e+02 3.951035675273631114e+02 3.951033499003675615e+02 3.951031451150924454e+02 3.951029453153041686e+02 3.951027491304211026e+02 3.951025549447570029e+02 3.951023646992418321e+02 3.951021685612184342e+02 3.951019645636890800e+02 3.951017607298780376e+02 3.951015713744360482e+02 3.951013725907856156e+02 3.951012180785356804e+02
1.127298666302726269e+04 3.936545024704889784e+02 3.940112983690219721e+02 3.941286118325591019e+02 3.941768565222267853e+02 3.942045337741939761e+02 3.942281077982402167e+02 3.942475658280626476e+02 3.942648529938960564e+02 3.942789783642710404e+02 3.942960317884345613e+02 3.943188883009842698e+02 3.943399363162476448e+02 3.943529446872464064e+02 3.943646007960650195e+02 3.943737021959702815e+02
1.127308666302726306e+04 3.949766430637115491e+02 3.949771867494326898e+02 3.949775816236923447e+02 3.949775176866530728e+02 3.949773069908439425e+02 3.949771037035295080e+02 3.949768666760035103e+02 3.949766008774105330e+02 3.949762962762798111e+02 3.949759425260358512e+02 3.949754942365833585e+02 3.949750238731251102e+02 3.949745630703259849e+02 3.949740913380082930e+02 3.949736634739762735e+02
1.197873593060527492e+04 3.951379030670605061e+02 3.951376852681798368e+02 3.951374261443378941e+02 3.951372027098494186e+02 3.951369984972883458e+02 3.951368070025687302e+02 3.951366233498224574e+02 3.951364433493156412e+02 3.951362653167003600e+02 3.951360840941448487e+02 3.951358996390332550e+02 3.951357157366018100e+02 3.951355418336164576e+02 3.951353591719407063e+02 3.951352162565302706e+02
1.287873593060527492e+04 3.949320472502705002e+02 3.949318233136193612e+02 3.949315764332183107e+02 3.949313540268564680e+02 3.949311471934645397e+02 3.949309528530353077e+02 3.949307657353027139e+02 3.949305809386819419e+02 3.949303956343317736e+02 3.949302082096318145e+02 3.949300180845589239e+02 3.949298284666435848e+02 3.949296443845739759e+02 3.949294567197691208e+02 3.949293096025672867e+02
1.377873593060527492e+04 3.947705980761234059e+02 3.947703911907289012e+02 3.947701456166557819e+02 3.947699305337204123e+02 3.947697348682881966e+02 3.947695483388541220e+02 3.947693654376673180e+02 3.947691831849306254e+02 3.947690008392875711e+02 3.947688165427397280e+02 3.947686313009791661e+02 3.947684465569154781e+02 3.947682665717682085e+02 3.947680828148851333e+02 3.947679386875578871e+02
1.467873593060527492e+04 3.946527195701978599e+02 3.946524965266995650e+02 3.946522565774588429e+02 3.946520471751254036e+02 3.946518505905065126e+02 3.946516591002799146e+02 3.946514696589466666e+02 3.946512790629948881e+02 3.946510886633335531e+02 3.946508946677556082e+02 3.946506969723840257e+02 3.946504999604921409e+02 3.946503104081286892e+02 3.946501156671060926e+02 3.946499645945874590e+02
1.557873593060527492e+04 3.945384824015261529e+02 3.945382533837378105e+02 3.945380044450446348e+02 3.945377912077711358e+02 3.945375922701397258e+02 3.945374030322782346e+02 3.945372167452347298e+02 3.945370306597111494e+02 3.945368447759854007e+02 3.945366550799167271e+02 3.945364600741096410e+02 3.945362658025003384e+02 3.945360797063831342e+02 3.945358855122713635e+02 3.945357347383550177e+02
1.647873593060527492e+04 3.943788879939984326e+02 3.943786736114886367e+02 3.943784337381256933e+02 3.943782216574952599e+02 3.943780222540333398e+02 3.943778331261930248e+02 3.943776464053131576e+02 3.943774598483158229e+02 3.943772730777267270e+02 3.943770839763737399e+02 3.943768922474224610e+02 3.943767014281360161e+02 3.943765148157054341e+02 3.943763226421330046e+02 3.943761733236837017e+02
1.737873593060527492e+04 3.943836103459577771e+02 3.943833824305102667e+02 3.943831455320480472e+02 3.943829351971899086e+02 3.943827337993084257e+02 3.943825399335008228e+02 3.943823474908232924e+02 3.943821547902405200e+02 3.943819615361200022e+02 3.943817646946067157e+02 3.943815623620714064e+02 3.943813611544578634e+02 3.943811661068839953e+02 3.943809660511680022e+02 3.943808108418528491e+02
1.827873593060527492e+04 3.946267493101528885e+02 3.946265213105816656e+02 3.946262779615856289e+02 3.946260680630722391e+02 3.946258679756006131e+02 3.946256741445717466e+02 3.946254814510817823e+02 3.946252884999809112e+02 3.946250953677390498e+02 3.946248984061396641e+02 3.946246955629773083e+02 3.946244935518518560e+02 3.946242997954151406e+02 3.946240995519951866e+02 3.946239438758753977e+02
1.917873593060527492e+04 3.946935549568818828e+02 3.946933241346276304e+02 3.946930768641583427e+02 3.946928655715693139e+02 3.946926666358736497e+02 3.946924741920153110e+02 3.946922830552550181e+02 3.946920917057997826e+02 3.946919009644967105e+02 3.946917047917760897e+02 3.946915006803652091e+02 3.946912973743097837e+02 3.946911059981761696e+02 3.946909045099392870e+02 3.946907478063612302e+02
2.007873593060527492e+04 3.947682030615158055e+02 3.947680019250188934e+02 3.947677803751428200e+02 3.947675805397819886e+02 3.947673841333570408e+02 3.947671917020459205e+02 3.947669992342002274e+02 3.947668061891735647e+02 3.947666114823024373e+02 3.947664139251138522e+02 3.947662124093677676e+02 3.947660121838281384e+02 3.947658151068494590e+02 3.947656146788762044e+02 3.947654587933184303e+02
2.097873593060527492e+04 3.948404888366999899e+02 3.948402788768243568e+02 3.948400630844349735e+02 3.948398740026455016e+02 3.948396812619689626e+02 3.948394884684265662e+02 3.948392947583907926e+02 3.948391003210837198e+02 3.948389051273833275e+02 3.948387050998742893e+02 3.948384964853668180e+02 3.948382887709494184e+02 3.948380899752960431e+02 3.948378853339845591e+02 3.948377265687004751e+02
2.187873593060527492e+04 3.949108842978852181e+02 3.949106986589317216e+02 3.949104942193631018e+02 3.949103128277535006e+02 3.949101290814327854e+02 3.949099490007702684e+02 3.949097686784153893e+02 3.949095869398770446e+02 3.949094030863510625e+02 3.949092157819071645e+02 3.949090231768236094e+02 3.949088313885169441e+02 3.949086437990206377e+02 3.949084509913418515e+02 3.949083012708841238e+02
2.277873593060527492e+04 3.949904707972149254e+02 3.949902804118935364e+02 3.949900771655024982e+02 3.949899038205595616e+02 3.949897299737234562e+02 3.949895585395959188e+02 3.949893866807224185e+02 3.949892132985312401e+02 3.949890390159054050e+02 3.949888589507734196e+02 3.949886684124692238e+02 3.949884783254094600e+02 3.949882989278078185e+02 3.949881092229468322e+02 3.949879625705416402e+02
2.368335026738495799e+04 3.952870690017596189e+02 3.952868616171664371e+02 3.952866571493762535e+02 3.952864842217493333e+02 3.952863093645682966e+02 3.952861374758138027e+02 3.952859650048903291e+02 3.952857904915440486e+02 3.952856148952759554e+02 3.952854304974290471e+02 3.952852285730007793e+02 3.952850271351512106e+02 3.952848427831905838e+02 3.952846466435071306e+02 3.952844948098755822e+02
2.458335026738495799e+04 3.954534123540317410e+02 3.954532533993889274e+02 3.954530828090772729e+02 3.954529214404288950e+02 3.954527544063129199e+02 3.954525815382514224e+02 3.954524071191981989e+02 3.954522308675065574e+02 3.954520641119277116e+02 3.954518874247628446e+02 3.954517032152184015e+02 3.954515189227632277e+02 3.954513525246031804e+02 3.954511745113563279e+02 3.954510370400248576e+02
2.506335026738495799e+04 3.955363932770097790e+02 3.955362172416365638e+02 3.955360292868356282e+02 3.955358716184460945e+02 3.955357147045830288e+02 3.955355486261078113e+02 3.955353822585233843e+02 3.955352147430987770e+02 3.955350574788665767e+02 3.955348905495736176e+02 3.955347184941900878e+02 3.955345466789875672e+02 3.955343902285228523e+02 3.955342207635859495e+02 3.955340906518536030e+02
