TIME P_Ch0_mesh1 P_Ch0_mesh2 P_Ch0_mesh3 P_Ch0_mesh4 P_Ch0_mesh5 P_Ch0_mesh6 P_Ch0_mesh7 P_Ch0_mesh8 P_Ch0_mesh9 P_Ch0_mesh10 P_Ch0_mesh11 P_Ch0_mesh12 P_Ch0_mesh13 P_Ch0_mesh14 P_Ch0_mesh15 
0.000000000000000000e+00 1.594517866609182023e+07 1.594338732350764424e+07 1.612420265094235539e+07 1.612207197464756854e+07 1.611994131679932028e+07 1.611781067881467380e+07 1.611568006189271808e+07 1.611354946721146815e+07 1.611141889592744969e+07 1.610928834914603457e+07 1.610715782794462331e+07 1.610502733346711099e+07 1.610289686695855111e+07 1.610076642924921587e+07 1.609908520237527788e+07
5.000040000000043960e+01 7.496683897197687067e+06 7.495458720610946417e+06 7.494304072330570780e+06 7.492980110219859518e+06 7.491609143087659031e+06 7.490180091968208551e+06 7.488719320897116326e+06 7.487253659818861634e+06 7.485797306843834929e+06 7.484355139956376515e+06 7.482927964176287875e+06 7.481515243621972390e+06 7.480114798858969472e+06 7.478707484518635087e+06 7.477522172346753068e+06
1.000003999999985922e+02 6.268856907346103340e+06 6.267154942028369755e+06 6.265047427136398852e+06 6.263038436644239351e+06 6.261056212906498462e+06 6.259098892685188912e+06 6.257164866977642290e+06 6.255252764085530303e+06 6.253361412330697291e+06 6.251489906124725938e+06 6.249637014504244551e+06 6.247803998826633207e+06 6.245980062175901607e+06 6.244213260532879271e+06 6.242676158121537417e+06
1.502405034099261059e+02 2.860335316846187226e+06 2.859496189784544520e+06 2.857743267355324700e+06 2.856789306253503542e+06 2.855849196393580176e+06 2.854922396444903221e+06 2.854008673083601054e+06 2.853108066862293519e+06 2.852220696112520527e+06 2.851346660648772027e+06 2.850486564613418654e+06 2.849640318738746922e+06 2.848810997282784432e+06 2.847984326401487924e+06 2.847397200812275056e+06
2.004200391960640388e+02 8.499473386185429990e+05 8.483696552478506928e+05 8.465125694973315112e+05 8.446902787544050952e+05 8.429112518835087540e+05 8.411730591312813340e+05 8.394714281288003549e+05 8.378025250414347975e+05 8.361555899286834756e+05 8.345457441961338045e+05 8.328789945186567493e+05 8.315574060322364094e+05 8.310599277425523615e+05 8.310231703290670412e+05 8.310013458116835682e+05
2.553043625042201370e+02 7.836460064971775282e+05 7.810006580199751770e+05 7.776922043794433121e+05 7.744035957969086012e+05 7.711056394766820595e+05 7.678013512391129043e+05 7.644920869919296820e+05 7.611785431657391600e+05 7.578610568158207461e+05 7.545397037389416946e+05 7.515752235165219754e+05 7.501026000963732367e+05 7.499991085769840283e+05 7.499765267000537133e+05 7.499598745845631929e+05
3.053043625042201370e+02 7.591452285347080324e+05 7.563945837008380331e+05 7.530043276634679642e+05 7.496559338838788681e+05 7.463057148280068068e+05 7.429536877009755699e+05 7.395998868361185305e+05 7.362443831410499988e+05 7.328873017857065424e+05 7.295288399589629844e+05 7.261692629656108329e+05 7.228089434929630952e+05 7.196356904913324397e+05 7.179458872040739516e+05 7.178219723789667478e+05
3.553043625042201370e+02 7.542517978593189036e+05 7.514758768405173905e+05 7.480532539418990491e+05 7.446819755899164593e+05 7.413094382107618731e+05 7.379357328655630117e+05 7.345609568021593150e+05 7.311851723467160482e+05 7.278083472582100658e+05 7.244302845154089155e+05 7.210505538866105489e+05 7.176684995273529785e+05 7.142833808026029728e+05 7.108946450417438755e+05 7.082179260184994200e+05
4.053043625042201370e+02 8.324887424539889907e+05 8.297231008143448271e+05 8.262298049631443573e+05 8.228607870955999242e+05 8.194871556777947117e+05 8.161095419916067040e+05 8.127283752950209891e+05 8.093439939974724548e+05 8.059566502053657314e+05 8.025664574567470700e+05 7.991732979026477551e+05 7.957767411768485326e+05 7.923760577765359776e+05 7.889703383725450840e+05 7.862791618875643471e+05
4.553043625042201370e+02 8.423870602737987647e+05 8.395784595725820400e+05 8.360733043262697756e+05 8.326555184494779678e+05 8.292338318836154649e+05 8.258082963269007159e+05 8.223788405406099046e+05 8.189454043046481675e+05 8.155080027293565217e+05 8.120667636180378031e+05 8.086219380106738536e+05 8.051738923620239366e+05 8.017230813646271126e+05 7.982699592354496708e+05 7.955435500583408866e+05
5.053043625042201370e+02 8.443899720960385166e+05 8.416080031660761451e+05 8.381432403250957141e+05 8.347608888819367858e+05 8.313753343370722141e+05 8.279867351212106878e+05 8.245952605756703997e+05 8.212010852306733141e+05 8.178043781244476559e+05 8.144052948713121004e+05 8.110039747844587546e+05 8.076005570755843073e+05 8.041952024943545694e+05 8.007880843737529358e+05 7.980982469711642480e+05
5.553043625042200802e+02 8.398076067175517092e+05 8.370175615319104400e+05 8.335426038290297147e+05 8.301520944498961326e+05 8.267592718445380451e+05 8.233642503074647393e+05 8.199671321947211400e+05 8.165680081794544822e+05 8.131669568645920372e+05 8.097640444307920989e+05 8.063593241404339205e+05 8.029528443605451612e+05 7.995446586582426680e+05 7.961348213790077716e+05 7.934428427807525732e+05
6.053043625042200802e+02 8.303122591843643459e+05 8.275208075756171020e+05 8.240451915391766233e+05 8.206538453888073564e+05 8.172605882815616205e+05 8.138654683149484918e+05 8.104685237619314576e+05 8.070697844893266447e+05 8.036692731491335435e+05 8.002670062392667169e+05 7.968629949073905591e+05 7.934572510621909751e+05 7.900497936805398203e+05 7.866406435049071442e+05 7.839491512866209960e+05
6.584293625042200802e+02 8.164753065929861041e+05 8.136819109262372367e+05 8.102040096170705510e+05 8.068106171780579025e+05 8.034154363824295579e+05 8.000184813464594772e+05 7.966197616919062566e+05 7.932192835080112563e+05 7.898170501572063658e+05 7.864130628568674438e+05 7.830073211152099539e+05 7.795998268935863161e+05 7.761905883911515120e+05 7.727796156095110346e+05 7.700866495750907343e+05
7.096793625042200802e+02 8.013828179105082527e+05 7.985876714903969551e+05 7.951075609384947456e+05 7.917121259505127091e+05 7.883149295123387128e+05 7.849159746006230125e+05 7.815152621228530770e+05 7.781127913715415634e+05 7.747085604193509789e+05 7.713025662974586012e+05 7.678948051336036297e+05 7.644852752648161259e+05 7.610739798891558312e+05 7.576609235279835993e+05 7.549662912821820937e+05
7.596793625042200802e+02 7.820527332255610963e+05 7.792582694580706302e+05 7.757757432408918394e+05 7.723811408231620444e+05 7.689847841948356945e+05 7.655866720661838772e+05 7.621868017774771433e+05 7.587851694836488459e+05 7.553817703272089129e+05 7.519765981836756691e+05 7.485696447797844885e+05 7.451609020361175062e+05 7.417503631406326313e+05 7.383380087407721439e+05 7.356438426963381935e+05
8.096793625042200802e+02 7.502121095734564587e+05 7.474142624292726396e+05 7.439305555874253623e+05 7.405318488067829749e+05 7.371313621521412861e+05 7.337290785751353251e+05 7.303249757737577893e+05 7.269190268260273151e+05 7.235112023274794919e+05 7.201014737437011208e+05 7.166898167885903968e+05 7.132762138614497380e+05 7.098606491975298850e+05 7.064430933760630433e+05 7.037447180351503193e+05
8.596793625042200802e+02 7.169419447089614114e+05 7.141448296224372461e+05 7.106575423915090505e+05 7.072555263157369336e+05 7.038516217168355361e+05 7.004458053506053984e+05 6.970380541752142599e+05 6.936283461476841476e+05 6.902166614065091126e+05 6.868029833103249548e+05 6.833872980411745375e+05 6.799695906530669890e+05 6.765498262605827767e+05 6.731278982248303946e+05 6.704258229552588891e+05
9.096793625042200802e+02 6.921727181550103705e+05 6.893904072429011576e+05 6.859082675951040583e+05 6.825034004264004761e+05 6.790962605579366209e+05 6.756870297410049243e+05 6.722756310755633749e+05 6.688619690452698851e+05 6.654459316537785344e+05 6.620273984377189772e+05 6.586062556780030718e+05 6.551824188098507002e+05 6.517558539330490166e+05 6.483265864058752777e+05 6.456185615156043787e+05
9.596793625042200802e+02 6.732489909535994520e+05 6.704445675481026992e+05 6.669500221806091722e+05 6.635408410512515111e+05 6.601292924692212837e+05 6.567153187029147521e+05 6.532988715622795280e+05 6.498799198706315365e+05 6.464584515921984566e+05 6.430344725972213782e+05 6.396080021021286957e+05 6.361790671926252544e+05 6.327476957550488878e+05 6.293139071149927331e+05 6.266024664396895096e+05
1.009679362504220080e+03 6.578418557683370309e+05 6.550328442631614162e+05 6.515337945302498993e+05 6.481203842520051403e+05 6.447045646928701317e+05 6.412863309369233903e+05 6.378656837577093393e+05 6.344426272189422743e+05 6.310171664326840546e+05 6.275893059918023646e+05 6.241590496837178944e+05 6.207264029837457929e+05 6.172913755749032134e+05 6.138539802426409442e+05 6.111397318481857656e+05
1.059679362504220080e+03 6.432705810170639306e+05 6.404582854640150908e+05 6.369552386409440078e+05 6.335379217056506313e+05 6.301182507216411177e+05 6.266962263902395498e+05 6.232718504646817455e+05 6.198451259112983244e+05 6.164160571920148795e+05 6.129846504417473916e+05 6.095509137022079667e+05 6.061148586119045503e+05 6.026765015924251638e+05 5.992358623573153745e+05 5.965191183004035847e+05
1.109679362504220080e+03 6.289182192764757201e+05 6.261030641764950706e+05 6.225959595609001117e+05 6.191752569322823547e+05 6.157522527635126607e+05 6.123269526325374609e+05 6.088993641119771637e+05 6.054694966784961289e+05 6.020373608843648108e+05 5.986029660115233855e+05 5.951663156634289771e+05 5.917274025095597608e+05 5.882862018356502522e+05 5.848426662144425791e+05 5.821235453745095292e+05
1.159679362504220080e+03 6.137331827645146986e+05 6.109161474636840867e+05 6.074064571421351284e+05 6.039835616085078800e+05 6.005584098181009758e+05 5.971309985127822729e+05 5.937013185062654084e+05 5.902693525250346866e+05 5.868350734712353442e+05 5.833984435728056123e+05 5.799594150842841482e+05 5.765179340260160388e+05 5.730739446186452406e+05 5.696273914610127686e+05 5.669057401916419622e+05
1.209679362504220080e+03 5.980444327439485351e+05 5.952256021891749697e+05 5.917136216269540600e+05 5.882885243739952566e+05 5.848611228274640162e+05 5.814313858950957656e+05 5.779992761461588088e+05 5.745647509169077966e+05 5.711277639718131395e+05 5.676882673840041971e+05 5.642462135548384394e+05 5.608015584312800784e+05 5.573542639273259556e+05 5.539042975840717554e+05 5.511798953938956838e+05
1.259679362504220080e+03 5.831859294156141113e+05 5.803650260944520123e+05 5.768503853641074384e+05 5.734226143463172484e+05 5.699924287233136129e+05 5.665597890659937402e+05 5.631246555491656763e+05 5.596869894933941541e+05 5.562467548654620769e+05 5.528039195386788342e+05 5.493584564300614875e+05 5.459103456504463684e+05 5.424595758077970240e+05 5.390061424889207119e+05 5.362790275386169087e+05
1.309679362504220080e+03 5.695024140200893162e+05 5.666791078873070655e+05 5.631613639357425272e+05 5.597305137915778905e+05 5.562971625698689604e+05 5.528612811437362107e+05 5.494228437455941457e+05 5.459818287807613378e+05 5.425382194034041604e+05 5.390920037058201851e+05 5.356431746789485915e+05 5.321917310848606285e+05 5.287376775997049408e+05 5.252810225262427703e+05 5.225514131599740358e+05
1.359679362504220080e+03 5.568310021294520702e+05 5.540051320811457699e+05 5.504841167386943707e+05 5.470500734826795524e+05 5.436135000797075918e+05 5.401743820913530653e+05 5.367327087514336454e+05 5.332884729938717792e+05 5.298416712971067755e+05 5.263923032726396341e+05 5.229403712141223368e+05 5.194858807383264066e+05 5.160288410017861752e+05 5.125692629411363159e+05 5.098373912102911854e+05
1.409679362504220080e+03 5.438131088576710317e+05 5.409849943223298760e+05 5.374612447489375481e+05 5.340244759912259178e+05 5.305851917842519470e+05 5.271433875152835390e+05 5.236990611781923217e+05 5.202522132735552732e+05 5.168028466173354536e+05 5.133509657494098064e+05 5.098965753590061213e+05 5.064396765981378849e+05 5.029802557998473058e+05 4.995182643750999705e+05 4.967844103439867613e+05
1.459679362504220080e+03 5.306399144135640236e+05 5.278095256967259338e+05 5.242826862321233493e+05 5.208431998071843991e+05 5.174012277314100647e+05 5.139567669979896746e+05 5.105098135225126753e+05 5.070603611294637085e+05 5.036084010324086412e+05 5.001539224277328467e+05 4.966969148564188508e+05 4.932373728108715150e+05 4.897752989197871066e+05 4.863107011246219045e+05 4.835748743541024742e+05
1.509679362504220080e+03 5.174740796776128700e+05 5.146428858615275822e+05 5.111116119087649276e+05 5.076690548288039863e+05 5.042240178676229552e+05 5.007764999958535773e+05 4.973264939307989553e+05 4.938739928387196269e+05 4.904189910872769542e+05 4.869614840495526441e+05 4.835014669514223933e+05 4.800389359721808578e+05 4.765738981296620914e+05 4.731064092093384825e+05 4.703684794930286589e+05
1.559679362504220080e+03 5.019753856830461882e+05 4.991412833893460338e+05 4.956099462084826664e+05 4.921659692736429861e+05 4.887195280239150161e+05 4.852706157784288516e+05 4.818192249939776957e+05 4.783653466527106939e+05 4.749089689931283356e+05 4.714500763759969850e+05 4.679886497369135031e+05 4.645246704679342220e+05 4.610581233743585180e+05 4.575889876153601799e+05 4.548495039160724846e+05
1.609679362504220080e+03 4.869135678665991873e+05 4.840773593630415271e+05 4.805431210412734654e+05 4.770966150481395889e+05 4.736476422954563750e+05 4.701961902561555034e+05 4.667422447783621610e+05 4.632857906249177759e+05 4.598268122732848278e+05 4.563652946512001217e+05 4.529012233855203376e+05 4.494345847179969423e+05 4.459653632650465006e+05 4.424935372238351847e+05 4.397519289373480715e+05
1.659679362504220080e+03 4.731968274534540251e+05 4.703586610999797704e+05 4.668219519569146214e+05 4.633730529367136187e+05 4.599216717834303272e+05 4.564677935017416021e+05 4.530114022903128061e+05 4.495524815691394615e+05 4.460910138189028366e+05 4.426269803752980079e+05 4.391603616668816539e+05 4.356911390887945890e+05 4.322192972339300322e+05 4.287448246198528796e+05 4.260011234202763881e+05
1.709679362504220080e+03 4.605018701686433051e+05 4.576617680703942315e+05 4.541225620199077530e+05 4.506712835571750766e+05 4.472175030564553454e+05 4.437612036915475619e+05 4.403023681837316835e+05 4.368409793102394906e+05 4.333770205045889597e+05 4.299104764129079413e+05 4.264413333494319231e+05 4.229695802221687627e+05 4.194952084201272810e+05 4.160182093096100143e+05 4.132725143355730106e+05
1.759679362504220080e+03 4.485899894824707881e+05 4.457476935690208338e+05 4.422059241894122679e+05 4.387519510023553739e+05 4.352954546978656435e+05 4.318364198263926664e+05 4.283748315282545518e+05 4.249106758978689904e+05 4.214439403532683500e+05 4.179746142741558724e+05 4.145026906727142050e+05 4.110281706249036361e+05 4.075510700273371185e+05 4.040714254013038008e+05 4.013237393367191544e+05
1.809679362504220080e+03 4.377610556295182905e+05 4.349167389441942214e+05 4.313721962416507304e+05 4.279157457814221852e+05 4.244567652784059756e+05 4.209952447433308116e+05 4.175311769122548285e+05 4.140645580954455072e+05 4.105953885062447516e+05 4.071236713767592446e+05 4.036494103225116269e+05 4.001726057130050613e+05 3.966932503666097182e+05 3.932113264517562930e+05 3.904617757699689828e+05
1.859679362504220080e+03 4.277321422215141938e+05 4.248865082122096210e+05 4.213412525408372749e+05 4.178832171577936388e+05 4.144226671072557801e+05 4.109595987957823090e+05 4.074940090611885535e+05 4.040258937688816804e+05 4.005552461689897464e+05 3.970820556055174093e+05 3.936063073878458235e+05 3.901279848433674779e+05 3.866470720609968412e+05 3.831635550340489717e+05 3.804127308940941002e+05
1.909679362504220080e+03 4.199615834539190400e+05 4.171133515220916597e+05 4.135639815788454725e+05 4.101028159849115764e+05 4.066391475713608088e+05 4.031729680497961235e+05 3.997042674806736759e+05 3.962330348119573318e+05 3.927592591754185851e+05 3.892829318933710456e+05 3.858040491061334033e+05 3.823226156593073392e+05 3.788386501458687126e+05 3.753521925443264190e+05 3.725991772070535808e+05
1.959679362504220080e+03 4.129476665157660027e+05 4.100975911429154221e+05 4.065458538932994707e+05 4.030824590847291402e+05 3.996165646745486301e+05 3.961481645890732179e+05 3.926772559629320749e+05 3.892038413428703207e+05 3.857279309347678791e+05 3.822495443198998692e+05 3.787687109051548759e+05 3.752854687825391302e+05 3.717998603130396223e+05 3.683119238932322478e+05 3.655578257343979203e+05
2.009679362504220080e+03 4.052629682248936733e+05 4.024110665180440410e+05 3.988570921761365025e+05 3.953915172644007835e+05 3.919234785643178038e+05 3.884529859793886426e+05 3.849800549938974436e+05 3.815047061641630717e+05 3.780269632760941167e+05 3.745468501014995854e+05 3.710643862004498951e+05 3.675795831524698297e+05 3.640924411075013923e+05 3.606029454915467650e+05 3.578475639910044847e+05
2.059679362504220080e+03 3.997606009161528782e+05 3.969067622930318466e+05 3.933494143394231796e+05 3.898815516097003710e+05 3.864112892842491274e+05 3.829386427615002031e+05 3.794636271895593381e+05 3.759862553005449590e+05 3.725065353412656696e+05 3.690244700422215974e+05 3.655400582139239996e+05 3.620533011981537566e+05 3.585642075789661030e+05 3.550727632571427384e+05 3.523157572068282170e+05
2.109679362504220080e+03 3.909306567485906417e+05 3.880796287703043781e+05 3.845299149430661928e+05 3.810649426289335242e+05 3.775976215569914784e+05 3.741279614868296194e+05 3.706559641392809572e+05 3.671816233104891144e+05 3.637049202171648503e+05 3.602258162052140688e+05 3.567442453873889754e+05 3.532601152146920213e+05 3.497733205026328214e+05 3.462837483609945630e+05 3.435279117993587279e+05
2.159679362504220080e+03 3.818875977522757021e+05 3.790507485483364435e+05 3.755039639839184820e+05 3.720419080904287985e+05 3.685755658260185737e+05 3.651061173984772176e+05 3.616340066362775397e+05 3.581593607481885701e+05 3.546821666016014642e+05 3.512023318147410173e+05 3.477196903416940477e+05 3.442339864869829617e+05 3.407448826270743739e+05 3.372520885712361196e+05 3.344934700688744197e+05
2.209679362504220080e+03 3.782137405346278101e+05 3.753528449838287779e+05 3.717701135160241975e+05 3.682825735045816982e+05 3.647918681560443947e+05 3.612982002948708250e+05 3.578015829914843198e+05 3.543020608494050102e+05 3.507997614967413829e+05 3.472949067276068381e+05 3.437877968114999239e+05 3.402787758804217447e+05 3.367681981171601219e+05 3.332564208810183918e+05 3.304845347928161500e+05
2.259679362504220080e+03 3.501886236897213385e+05 3.473093453309517936e+05 3.438186432086924906e+05 3.403211348711497267e+05 3.368224194860988646e+05 3.333229225067165680e+05 3.298230097380373627e+05 3.263229364649424679e+05 3.228228109814249910e+05 3.193226031654243125e+05 3.158222205688931863e+05 3.123216386457443587e+05 3.088210153794666403e+05 3.053206851940121851e+05 3.025587933292394737e+05
2.309679362504220080e+03 3.309775457169583533e+05 3.281723852549379226e+05 3.245751623377536889e+05 3.211669776641773060e+05 3.177559409447707003e+05 3.143411436585858464e+05 3.109217337097800919e+05 3.074971218125224696e+05 3.040670893136765808e+05 3.006317854090742185e+05 2.971916442196004791e+05 2.937472672819703002e+05 2.902993089604000561e+05 2.868483855158566148e+05 2.841235936437530909e+05
2.359679362504220080e+03 3.336776194445326691e+05 3.308503371904926025e+05 3.273238149412471685e+05 3.238875277532347245e+05 3.204491377149086329e+05 3.170084463796745986e+05 3.135650545939909061e+05 3.101184702583258040e+05 3.066682027054278296e+05 3.032138427640174632e+05 2.997550953062801855e+05 2.962916891854436253e+05 2.928229646565763978e+05 2.893467037059337599e+05 2.865959952850402333e+05
2.409679362504220080e+03 3.209676150250075734e+05 3.181318900849820930e+05 3.146677090546104591e+05 3.112204295056165429e+05 3.077694271340068663e+05 3.043140845313444152e+05 3.008535990336006507e+05 2.973869475649734959e+05 2.939128805722491816e+05 2.904300233654705808e+05 2.869371714794637519e+05 2.834337996254550526e+05 2.799206213557560695e+05 2.763998267258665292e+05 2.736181647606021725e+05
2.459679362504220080e+03 3.172761233260381268e+05 3.144058469892112771e+05 3.108490302099303226e+05 3.073509479667089763e+05 3.038461155760916881e+05 3.003355586935959873e+05 2.968201503894354682e+05 2.933006370910945116e+05 2.897776509674711269e+05 2.862516977466437966e+05 2.827231345464715268e+05 2.791921671092384495e+05 2.756589099782981211e+05 2.721235542920306907e+05 2.693324930409055669e+05
2.509679362504220080e+03 3.228031840376161854e+05 3.199677556607114384e+05 3.164706977534196922e+05 3.130117408199197962e+05 3.095446828350639553e+05 3.060709200318623334e+05 3.025915924987837789e+05 2.991075832804090460e+05 2.956195604210360325e+05 2.921280191972145112e+05 2.886333133230432286e+05 2.851356752346096328e+05 2.816352267325808643e+05 2.781319747935259365e+05 2.753653643039381714e+05
2.559679362504220080e+03 3.201823181263456354e+05 3.173274192475755699e+05 3.137664061638416024e+05 3.102870264019300230e+05 3.068017306724484079e+05 3.033114375113180140e+05 2.998168321703114198e+05 2.963184324067378766e+05 2.928166265201109345e+05 2.893117013566070818e+05 2.858038636758285575e+05 2.822932523213084205e+05 2.787799328843296971e+05 2.752638681923015974e+05 2.724871559716903721e+05
2.609679362504220080e+03 3.134607951813573018e+05 3.105974412306705490e+05 3.070261520692645572e+05 3.035410872445937130e+05 3.000514701584281866e+05 2.965578655389904743e+05 2.930606954594609560e+05 2.895602711911934312e+05 2.860568111029673018e+05 2.825504464375203243e+05 2.790412146339220344e+05 2.755290425758613274e+05 2.720137303450567415e+05 2.684949648353859084e+05 2.657155442361382884e+05
2.659679362504220080e+03 3.072580853531499160e+05 3.043848475475381128e+05 3.008004129574557301e+05 2.973048979741081130e+05 2.938058866361156688e+05 2.903036137187322602e+05 2.867982112574831117e+05 2.832897302125444403e+05 2.797781585071098525e+05 2.762634487554634106e+05 2.727455608389350818e+05 2.692245168437387329e+05 2.657004504838640569e+05 2.621736189239750383e+05 2.593887480545481667e+05
2.709679362504220080e+03 3.025942768277623109e+05 2.997199734680021647e+05 2.961341325583131402e+05 2.926366260455541778e+05 2.891356723638977273e+05 2.856315110712358728e+05 2.821242343721152283e+05 2.786138995322491392e+05 2.751005661495309905e+05 2.715843093403863022e+05 2.680652151315569063e+05 2.645433586397256586e+05 2.610187690786343883e+05 2.574913916080370545e+05 2.547057386992935790e+05
2.759679362504220080e+03 2.993171139386926079e+05 2.964357009390693274e+05 2.928425465513705276e+05 2.893390697840785142e+05 2.858324787631023792e+05 2.823228707789528999e+05 2.788103151029641740e+05 2.752948624132508412e+05 2.717765376251658308e+05 2.682553271518373513e+05 2.647311685771778575e+05 2.612039526276096876e+05 2.576735473076021008e+05 2.541398553791887825e+05 2.513490142875049787e+05
2.809679362504220080e+03 2.985151909265078721e+05 2.956329673256005044e+05 2.920396943917135941e+05 2.885359065144318738e+05 2.850291314292625757e+05 2.815194077956999536e+05 2.780067388844527304e+05 2.744910982341953204e+05 2.709724366629057913e+05 2.674506949860543245e+05 2.639258199814399704e+05 2.603977756447524589e+05 2.568665365164949908e+05 2.533320528744034236e+05 2.505404946878967457e+05
2.859679362504220080e+03 2.980429712487736251e+05 2.951587751615737216e+05 2.915635490620172350e+05 2.880577404781432706e+05 2.845489413434611633e+05 2.810371482987247291e+05 2.775223356393853901e+05 2.740044636220699758e+05 2.704834835403335164e+05 2.669593366524195881e+05 2.634319438146610046e+05 2.599011872123194044e+05 2.563668932952931209e+05 2.528288377365437336e+05 2.500340511984385375e+05
2.909679362504220080e+03 2.969892516822482576e+05 2.941033020174636040e+05 2.905059422476955806e+05 2.869980265314508579e+05 2.834870717731136829e+05 2.799730475861451123e+05 2.764559043023006525e+05 2.729355729924700572e+05 2.694119626750060706e+05 2.658849583879512502e+05 2.623544258871732163e+05 2.588202290503958357e+05 2.552822598318654636e+05 2.517404703648677678e+05 2.489428530388548388e+05
2.959679362504220080e+03 2.959336535164674278e+05 2.930458645842861151e+05 2.894461496727302438e+05 2.859359114992782124e+05 2.824225371030634851e+05 2.789059635760962265e+05 2.753861091885741334e+05 2.718628781949157128e+05 2.683361689122135867e+05 2.648058861299650744e+05 2.612719562952944834e+05 2.577343412868226296e+05 2.541930438734454219e+05 2.506480998869593313e+05 2.478481272948158439e+05
3.009679362504220080e+03 2.949627852323576226e+05 2.920734384398979601e+05 2.884716046156595694e+05 2.849593087303963839e+05 2.814437548356475309e+05 2.779248673688315903e+05 2.744025660533361370e+05 2.708767752243453288e+05 2.673474329801830463e+05 2.638144979324089945e+05 2.602779506761896773e+05 2.567377879235862347e+05 2.531940073594925343e+05 2.496465832583548327e+05 2.468445765637289733e+05
3.059679362504220080e+03 2.941177513971733279e+05 2.912275264228759916e+05 2.876243263811648358e+05 2.841108070040472085e+05 2.805939482310900348e+05 2.770736853338627843e+05 2.735499587001532200e+05 2.700227192492753384e+05 2.664919298201315687e+05 2.629575607803500607e+05 2.594195785102845111e+05 2.558779265285537986e+05 2.523324978781088139e+05 2.487830971283385588e+05 2.459791460296718287e+05
3.109679362504220080e+03 2.925838883987622103e+05 2.897961246055825031e+05 2.865718155768387951e+05 2.831674377941770363e+05 2.797560033382024267e+05 2.763394538168932195e+05 2.729187463980163448e+05 2.694942867389124003e+05 2.660662046939691063e+05 2.626344954352528439e+05 2.591990875549115299e+05 2.557598886962863617e+05 2.523168454555599601e+05 2.488700348955369263e+05 2.461475857796885539e+05
3.159679362504220080e+03 2.912587138102081954e+05 2.883656649009250104e+05 2.844335717041183379e+05 2.809021221364347148e+05 2.773613293728274293e+05 2.738124480568886502e+05 2.702566081448046607e+05 2.666948179115175735e+05 2.631280035233636154e+05 2.595570373610920215e+05 2.559827414522590989e+05 2.524058647433679434e+05 2.488270362931586278e+05 2.452466949669935275e+05 2.424204632461353031e+05
3.209679362504220080e+03 2.939841767681617639e+05 2.909292327434039908e+05 2.871353211958658067e+05 2.834160914762114407e+05 2.796905518814629759e+05 2.759590801400818746e+05 2.722221029261180083e+05 2.684800338463018998e+05 2.647332226028512814e+05 2.609819332686607959e+05 2.572263657584938337e+05 2.534667131586095493e+05 2.497031971698670823e+05 2.459359613774651079e+05 2.429602686947827460e+05
3.259679362504220080e+03 2.846180347728875349e+05 2.817522459171634400e+05 2.781881621820753790e+05 2.747042114823399461e+05 2.712162660074045998e+05 2.677239066232576151e+05 2.642267611525383545e+05 2.607244607516108081e+05 2.572165634005868924e+05 2.537024822182280186e+05 2.501815064166367811e+05 2.466530317190351780e+05 2.431170171777360956e+05 2.395743763816372084e+05 2.367751243710209092e+05
3.309679362504220080e+03 2.821857662696240586e+05 2.793288994530707714e+05 2.757672083311515162e+05 2.722885043453510152e+05 2.688037816249665339e+05 2.653135317852758453e+05 2.618182476003116171e+05 2.583183650798320887e+05 2.548142534885075584e+05 2.513062630479729851e+05 2.477948198030390486e+05 2.442805219994882063e+05 2.407641552732379932e+05 2.372465498546080198e+05 2.344701914062746509e+05
3.359679362504220080e+03 2.859348940583255608e+05 2.830883604776501306e+05 2.795737058494468802e+05 2.761062016424845788e+05 2.726304810491611715e+05 2.691467607829592889e+05 2.656556664865095518e+05 2.621579615632385248e+05 2.586543967669723497e+05 2.551456446719783416e+05 2.516322662088065408e+05 2.481146607976585801e+05 2.445929425173046766e+05 2.410666694982642075e+05 2.382799408544476610e+05
3.409679362504220080e+03 2.818976341345208930e+05 2.790168444227008149e+05 2.756210488032940193e+05 2.721193539372769301e+05 2.686134662009345484e+05 2.651025999668702134e+05 2.615860737793749431e+05 2.580633900786768354e+05 2.545342820284322952e+05 2.509987005318673619e+05 2.474567192295358691e+05 2.439083556602534954e+05 2.403534249562358309e+05 2.367919598481683352e+05 2.339795643817741657e+05
3.459679362504220080e+03 2.824587815303839743e+05 2.796324670988341095e+05 2.761109453336343868e+05 2.726728424450702150e+05 2.692301914071005303e+05 2.657828326440637466e+05 2.623305410367583972e+05 2.588730467163331632e+05 2.554100433167109732e+05 2.519411721734681632e+05 2.484659977893991163e+05 2.449840124530787289e+05 2.414946882959903451e+05 2.379975235204254859e+05 2.352318037755706755e+05
3.509679362504220080e+03 2.853098992726067663e+05 2.824420080184696126e+05 2.788686704444283387e+05 2.753751497890661121e+05 2.718748341128407628e+05 2.683678533861882170e+05 2.648541256318142987e+05 2.613334325384898402e+05 2.578055010643053101e+05 2.542700619352708163e+05 2.507268629257262510e+05 2.471756184003744565e+05 2.436159113487288414e+05 2.400471937442978960e+05 2.372246608063060557e+05
3.559679362504220080e+03 2.856086908553873072e+05 2.827737114816734102e+05 2.792339035118910833e+05 2.757721232381259324e+05 2.723023215443945955e+05 2.688251307447534055e+05 2.653406881447349442e+05 2.618489516684970295e+05 2.583498573819685844e+05 2.548434118048038217e+05 2.513297538035169127e+05 2.478091798587079684e+05 2.442821046305790078e+05 2.407489781180219434e+05 2.379572120425028261e+05
3.609679362504220080e+03 2.880231800303967902e+05 2.850936371171554783e+05 2.814353011352989706e+05 2.778634576959403348e+05 2.742839834969969233e+05 2.706975384552203468e+05 2.671046112221316434e+05 2.635056182501425501e+05 2.599009575650427141e+05 2.562910396415319992e+05 2.526763199983660306e+05 2.490573599588106445e+05 2.454349292368401075e+05 2.418101008610434656e+05 2.389486478799077449e+05
3.659679362504220080e+03 2.841357489537834190e+05 2.812818747089736280e+05 2.777190773290052894e+05 2.742280232200282044e+05 2.707248726721402491e+05 2.672115727756906999e+05 2.636896947655032272e+05 2.601604667452550202e+05 2.566248408169919567e+05 2.530835559728982917e+05 2.495371901393232692e+05 2.459862099249958701e+05 2.424310345826073899e+05 2.388721260957394261e+05 2.360613668823408952e+05
3.709679362504220080e+03 2.867996346578570665e+05 2.838962341604665853e+05 2.802656886839526123e+05 2.767196652938172338e+05 2.731638762273914763e+05 2.695998592771484400e+05 2.660288518119856599e+05 2.624518231232451508e+05 2.588695370134417608e+05 2.552826123631695809e+05 2.516915702835560369e+05 2.480968638905866828e+05 2.444988892886037647e+05 2.408979886020746198e+05 2.380544618176254444e+05
3.759679362504220080e+03 2.855645038277537678e+05 2.826634788252733415e+05 2.790271567938916851e+05 2.754801215235819691e+05 2.719250665830071084e+05 2.683635330748672714e+05 2.647964976462055347e+05 2.612246662291202229e+05 2.576485873312656186e+05 2.540687018341956136e+05 2.504853682617054146e+05 2.468988827158150089e+05 2.433095042246490484e+05 2.397174693074250827e+05 2.368811815882480878e+05
3.809679362504220080e+03 2.863288948097781395e+05 2.834333278710818267e+05 2.798013596982623567e+05 2.762598416541379411e+05 2.727106858202504227e+05 2.691557936460987548e+05 2.655962179493923904e+05 2.620326077326193044e+05 2.584654136113843415e+05 2.548949755564424559e+05 2.513215559179848933e+05 2.477453475168212899e+05 2.441664726199649449e+05 2.405849862666605040e+05 2.377569937235036341e+05
3.859679362504220080e+03 2.842590489419860533e+05 2.813849815308090183e+05 2.777837065620880458e+05 2.742622151454669074e+05 2.707304385971110314e+05 2.671911129704485647e+05 2.636460030148854130e+05 2.600962651186745206e+05 2.565426588017576723e+05 2.529856825119438872e+05 2.494256597494008893e+05 2.458627910988732765e+05 2.422971921167321561e+05 2.387289517766164790e+05 2.359115139906614786e+05
3.909679362504220080e+03 2.862071053941017599e+05 2.832979673758100253e+05 2.796653194379612105e+05 2.761159295020936988e+05 2.725594561825474375e+05 2.689974511882889783e+05 2.654309410971200559e+05 2.618606102475782100e+05 2.582869220330432290e+05 2.547101974948608840e+05 2.511306607932563929e+05 2.475484530646583007e+05 2.439636102177363646e+05 2.403760099610547768e+05 2.375427515670372813e+05
3.959679362504220080e+03 2.901809663070302340e+05 2.872697764593266184e+05 2.836349899638995994e+05 2.800858896762126824e+05 2.765305794161113445e+05 2.729702984687875141e+05 2.694058688791275490e+05 2.658378428995957947e+05 2.622665974130379036e+05 2.586923896273229038e+05 2.551153798124465975e+05 2.515356215959718684e+05 2.479530121982959972e+05 2.443671572280527616e+05 2.415343686164805258e+05
4.009679362504220080e+03 2.907595849530602572e+05 2.878528569571874104e+05 2.842223257048219093e+05 2.806773424670297536e+05 2.771260935932378052e+05 2.735698332356509636e+05 2.700093878716572654e+05 2.664453127003263216e+05 2.628779868358093663e+05 2.593076686207651510e+05 2.557345179912722961e+05 2.521585870816445386e+05 2.485797657685658196e+05 2.449976033812122187e+05 2.421674492420643801e+05
4.059679362504220080e+03 2.910430032653895905e+05 2.881433958915265976e+05 2.845181325672268285e+05 2.809778166680476279e+05 2.774310073522246093e+05 2.738790475118822069e+05 2.703228071787355002e+05 2.667628688036455424e+05 2.631996295550906798e+05 2.596333607197429810e+05 2.560642334220090415e+05 2.524923140074108087e+05 2.489175185040500073e+05 2.453394439034956740e+05 2.425127169743116247e+05
4.109679362504220080e+03 2.912771902825610014e+05 2.883928641327771475e+05 2.847783178730924265e+05 2.812450032899171347e+05 2.777040261781170266e+05 2.741573489684466040e+05 2.706060614050033619e+05 2.670508580363830552e+05 2.634922050056137377e+05 2.599304201158236247e+05 2.563657109843436629e+05 2.527981820511586266e+05 2.492278049545726390e+05 2.456542926194829342e+05 2.428317711675541941e+05
4.159679362504220080e+03 2.918067993734795600e+05 2.889442393310280750e+05 2.853524987267160905e+05 2.818338061030961690e+05 2.783029445555814891e+05 2.747641762806156767e+05 2.712196835709837032e+05 2.676706445813326281e+05 2.641177613077186979e+05 2.605614854866484820e+05 2.570021146116134478e+05 2.534398292827425466e+05 2.498746908435658261e+05 2.463065715554936323e+05 2.434888215236579999e+05
4.209679362504220080e+03 2.926121326385416905e+05 2.897684356357911602e+05 2.862074885401259526e+05 2.827171901260811137e+05 2.792083945321729407e+05 2.756858367318373639e+05 2.721535794211196480e+05 2.686143750443561585e+05 2.650699163581299945e+05 2.615212191991698928e+05 2.579689021510954772e+05 2.544133471908283827e+05 2.508547749971079174e+05 2.472932502123310405e+05 2.444809328839155787e+05
4.259679362504220080e+03 2.935007872608709149e+05 2.906665139478875790e+05 2.871270898304381990e+05 2.836668162481781328e+05 2.801907952702277107e+05 2.766985675139513914e+05 2.731916354461843148e+05 2.696725470628640032e+05 2.661439846166333882e+05 2.626081737111223047e+05 2.590667360638554092e+05 2.555207711787147855e+05 2.519709898016302614e+05 2.484178200338972383e+05 2.456119955963121029e+05
4.309679362504220080e+03 2.942938706117098336e+05 2.914632700030998094e+05 2.879331393039592076e+05 2.844896633909811499e+05 2.810381393195402925e+05 2.775761032410786720e+05 2.741018536749660852e+05 2.706147445091196569e+05 2.671151516166889924e+05 2.636042156279885676e+05 2.600835201292251004e+05 2.565547616593201237e+05 2.530194615154439234e+05 2.494788229883730237e+05 2.466820648230637598e+05
4.359679362504220080e+03 2.940645200510641444e+05 2.912330850290291710e+05 2.877024328911570483e+05 2.842579586332125473e+05 2.808063737676356104e+05 2.773457807161586243e+05 2.738746981486034347e+05 2.703923057174899732e+05 2.668985071617113426e+05 2.633938362188462634e+05 2.598793073072978004e+05 2.563562270641230862e+05 2.528257586292938795e+05 2.492875006893546088e+05 2.464855838897445065e+05
4.409679362504220080e+03 2.927287142454129644e+05 2.898991852291884716e+05 2.863705221732567297e+05 2.829302220842640381e+05 2.794846309740027646e+05 2.760321769993845955e+05 2.725713382280370570e+05 2.691008899804376997e+05 2.656200814742540242e+05 2.621286964609715506e+05 2.586270465913091903e+05 2.551159044933377299e+05 2.515962663590963639e+05 2.480686642911424569e+05 2.452797872355404834e+05
4.459679362504220080e+03 2.932737982955532498e+05 2.904469624616181245e+05 2.869235184611648438e+05 2.834902212049373775e+05 2.800542446529332083e+05 2.766144702612786205e+05 2.731696723471845617e+05 2.697185957642151043e+05 2.662600712631589267e+05 2.627931397756847437e+05 2.593171419524046360e+05 2.558317637600830349e+05 2.523370362047594681e+05 2.488332583362389996e+05 2.460632802601245639e+05
4.509679362504220080e+03 2.924035674033851246e+05 2.895759536930448376e+05 2.860521775824300130e+05 2.826192713319342583e+05 2.791849627318772255e+05 2.757485110376984230e+05 2.723090312763063703e+05 2.688655391516889795e+05 2.654170217041494907e+05 2.619624954234357865e+05 2.585010742722624273e+05 2.550320413497558038e+05 2.515548765426474274e+05 2.480692583541970234e+05 2.453137179653993808e+05
4.559679362504220080e+03 2.888896457442180254e+05 2.860804991258977680e+05 2.825784073259279248e+05 2.791648235339436214e+05 2.757498673529659864e+05 2.723313867253229837e+05 2.689021948095711414e+05 2.654627061181358295e+05 2.620178615748195152e+05 2.585677106308476359e+05 2.551114847384372842e+05 2.516484950159865548e+05 2.481781620011976920e+05 2.446996742480661196e+05 2.419465670195595885e+05
4.609679362504220080e+03 2.861892154599081841e+05 2.833940415414256859e+05 2.799103123427544488e+05 2.765131878514263080e+05 2.731126001456095255e+05 2.697082321804987732e+05 2.662994546083028545e+05 2.628854687931971275e+05 2.594653006573714665e+05 2.560379221480757988e+05 2.526025241310925339e+05 2.491577002235084074e+05 2.457033411434466834e+05 2.422323402896905027e+05 2.394711660529223154e+05
4.659679362504220080e+03 2.842276186154003954e+05 2.814452538464807440e+05 2.779881879562000395e+05 2.746144536638077698e+05 2.712329939488911768e+05 2.678433884003959829e+05 2.644447810946824029e+05 2.610361986195181089e+05 2.576167924480580550e+05 2.541859458001714083e+05 2.507429318109462329e+05 2.472854119232219236e+05 2.438074480766803317e+05 2.402966100480314344e+05 2.374954996372783789e+05
4.709679362504220080e+03 2.837965705233666231e+05 2.810160785330969957e+05 2.775687794855876127e+05 2.742116163403575192e+05 2.708444861468643066e+05 2.674658991621918976e+05 2.640748371268308838e+05 2.606704752812437655e+05 2.572522196753026510e+05 2.538190774624860787e+05 2.503693448352795094e+05 2.468945446953178907e+05 2.433882068550102995e+05 2.398503089888961695e+05 2.370375741052695084e+05
4.759679362504220080e+03 2.882827610191909480e+05 2.853941835801117122e+05 2.817928526400223491e+05 2.782770236117623281e+05 2.747537068600393250e+05 2.712220155456821667e+05 2.676800254746686551e+05 2.641248691074648523e+05 2.605531241062976769e+05 2.569614435240342573e+05 2.533475726209285494e+05 2.497114655497373606e+05 2.460559135630294622e+05 2.423861152906195202e+05 2.394841148541814764e+05
4.809679362504220080e+03 2.919904675007409533e+05 2.891829967188900919e+05 2.856754841457808507e+05 2.822609534892345546e+05 2.788410104980140459e+05 2.754145386332511553e+05 2.719803673730952432e+05 2.685372356680999510e+05 2.650838118042948190e+05 2.616187882990003272e+05 2.581409922702776676e+05 2.546494838338112750e+05 2.511435363709182711e+05 2.476223512257670227e+05 2.448341346062228549e+05
4.859679362504220080e+03 2.855312822886840440e+05 2.827342649017192307e+05 2.792508026054764632e+05 2.758462719931549509e+05 2.724279233340312494e+05 2.689958503727414645e+05 2.655448059580382542e+05 2.620757678991804423e+05 2.585952960284297587e+05 2.551032527816499351e+05 2.515984165465909464e+05 2.480795391555179958e+05 2.445452955389643903e+05 2.409942327425143449e+05 2.381793453396283730e+05
4.909679362504220080e+03 2.849118479861412197e+05 2.821064688993992168e+05 2.786116953112910269e+05 2.751969843769067083e+05 2.717692538459326606e+05 2.683280484896119451e+05 2.648720737634943216e+05 2.613996556974409905e+05 2.579115045673538116e+05 2.544090707697512116e+05 2.508921891842208279e+05 2.473597947909739742e+05 2.438104090486483765e+05 2.402427508425406122e+05 2.374147419993712683e+05
4.959679362504220080e+03 2.835536783609507838e+05 2.807436887954736012e+05 2.772408498629474780e+05 2.738211895489544841e+05 2.703917429694053717e+05 2.669510714956354932e+05 2.634981583002029802e+05 2.600306953621191496e+05 2.565448084883704723e+05 2.530410286969737499e+05 2.495217084536660113e+05 2.459864090803247527e+05 2.424341740286834247e+05 2.388646569390592049e+05 2.360371551617876976e+05
5.009679362504220080e+03 2.842118492036138196e+05 2.813898393512759358e+05 2.778678025060921209e+05 2.744289544085300295e+05 2.709798794538240763e+05 2.675166156342530157e+05 2.640393649389148923e+05 2.605500672487664851e+05 2.570479636776931002e+05 2.535318403822816617e+05 2.500004925519016979e+05 2.464530782003392815e+05 2.428894651362041186e+05 2.393105393477270263e+05 2.364774268795744574e+05
5.059679362504220080e+03 2.840113887345652329e+05 2.811900952846292639e+05 2.776687924062652746e+05 2.742288170887692249e+05 2.707758969470330048e+05 2.673096129485827405e+05 2.638324868255867041e+05 2.603436146498280286e+05 2.568417160489090020e+05 2.533256229983119119e+05 2.497943801872393524e+05 2.462475487869085919e+05 2.426854886722597585e+05 2.391094997907431680e+05 2.362791989095419121e+05
5.109679362504220080e+03 2.850304375312063494e+05 2.821988950814998243e+05 2.786612834972380078e+05 2.752048502792599611e+05 2.717394715103660710e+05 2.682643015147838159e+05 2.647782734885526006e+05 2.612801427797617507e+05 2.577686794014941261e+05 2.542429174936755153e+05 2.507022525243332493e+05 2.471466784784616611e+05 2.435769269959675439e+05 2.399944601923324226e+05 2.371598295136981178e+05
5.159679362504220080e+03 2.852334045482689398e+05 2.823930045074021909e+05 2.788478982203339110e+05 2.753861202350701205e+05 2.719151182180966134e+05 2.684338068058497738e+05 2.649410848096592817e+05 2.614357408763256390e+05 2.579167082739857142e+05 2.543833427823077072e+05 2.508354576371437870e+05 2.472734898913259094e+05 2.436984797531320655e+05 2.401118635430397990e+05 2.372744933740780107e+05
5.209679362504220080e+03 2.835964704586344305e+05 2.807550772755354410e+05 2.772082624684543116e+05 2.737448282454391010e+05 2.702722194684297428e+05 2.667894110793679720e+05 2.632953595877948101e+05 2.597889134781031462e+05 2.562690633364918758e+05 2.527352312154387182e+05 2.491872842851398163e+05 2.456256476374736812e+05 2.420512625026192982e+05 2.384653984227660403e+05 2.356284425328928628e+05
5.259679362504220080e+03 2.856827766495359247e+05 2.828446836645705625e+05 2.793018452913363581e+05 2.758420869764121016e+05 2.723732212637020857e+05 2.688943396405542735e+05 2.654044967619288363e+05 2.619026048745059816e+05 2.583876899091798987e+05 2.548592112474291353e+05 2.513170360064674751e+05 2.477615276586897962e+05 2.441934733021456050e+05 2.406137858364154526e+05 2.377810202743426780e+05
5.309679362504220080e+03 2.848830058747206931e+05 2.820425207138878177e+05 2.784971492887909990e+05 2.750347769041581778e+05 2.715630657631155336e+05 2.680811095852352446e+05 2.645880311211794615e+05 2.610827935508499504e+05 2.575645246713690576e+05 2.540328680126254621e+05 2.504878573065641685e+05 2.469299525284343690e+05 2.433598363612525281e+05 2.397779934153724753e+05 2.369432978816101095e+05
5.359679362504220080e+03 2.713756069085181807e+05 2.699003511141422205e+05 2.680305144952548435e+05 2.662353386983928503e+05 2.644414346665258636e+05 2.626510105786018539e+05 2.608657529275018605e+05 2.590866457703087653e+05 2.573137110773502500e+05 2.555467499026951846e+05 2.537839834087572235e+05 2.520283388783403498e+05 2.502642674242441426e+05 2.485410451899736945e+05 2.470084722356661514e+05
5.409679362504220080e+03 2.685164276247599046e+05 2.674789637942865957e+05 2.659568064222381217e+05 2.647312569983361172e+05 2.635059429104387527e+05 2.622811468178959331e+05 2.610563590771667077e+05 2.598329080255604640e+05 2.586084326659070794e+05 2.573888611667003424e+05 2.561618957797908806e+05 2.549558021727779123e+05 2.537051944896011264e+05 2.525592753197945131e+05 2.512785336612426327e+05
5.459679362504220080e+03 2.652536503604018362e+05 2.644947443713173270e+05 2.635390759328925051e+05 2.626322478671589051e+05 2.617309431603968260e+05 2.608345405608071305e+05 2.599399799946182757e+05 2.590497590352581174e+05 2.581552235005340772e+05 2.572699664432397694e+05 2.563648535775096389e+05 2.554886895638815186e+05 2.545454799653106893e+05 2.537029063945351518e+05 2.527045542070478550e+05
5.509679362504220080e+03 2.518499999542328005e+05 2.506390806384236203e+05 2.491199250655664073e+05 2.476482839686942170e+05 2.461743000042138156e+05 2.446966847649458214e+05 2.432140743158511759e+05 2.417254256516096066e+05 2.402289796376564482e+05 2.387255931037271221e+05 2.372088952545798966e+05 2.356950071034201246e+05 2.341321528912968934e+05 2.326729781991789932e+05 2.310866378433720383e+05
5.559679362504220080e+03 2.449585916212847224e+05 2.436391504435262177e+05 2.419893422651771398e+05 2.404032934842489194e+05 2.388248952283407561e+05 2.372531499605920690e+05 2.356868953633673955e+05 2.341252977507811447e+05 2.325665827014976239e+05 2.310117154237919312e+05 2.294534149069228733e+05 2.279091830441806524e+05 2.263225022666538134e+05 2.248540434477370582e+05 2.232536962058509525e+05
5.609679362504220080e+03 2.393773177206892869e+05 2.365472308515312034e+05 2.330168254107819812e+05 2.295718284318826336e+05 2.261252502570087090e+05 2.226768880846373213e+05 2.192332996248974814e+05 2.157839129502370488e+05 2.133139742165842035e+05 2.126442645721918961e+05 2.126395644394615374e+05 2.126341169711835100e+05 2.126286502327623602e+05 2.126231728601258656e+05 2.126188371278267296e+05
5.659679362504220080e+03 2.338233293015226081e+05 2.310078992856666737e+05 2.275134850621409132e+05 2.241203789279524935e+05 2.207393814749662415e+05 2.173308603938513261e+05 2.146639339085884567e+05 2.136796360044533503e+05 2.136749184057937819e+05 2.136701318737338297e+05 2.136653256136384152e+05 2.136605096703525633e+05 2.136556922789993696e+05 2.136508743965362373e+05 2.136470730410662654e+05
5.709679362504220080e+03 2.276923895426051749e+05 2.248248876187291171e+05 2.212954325801290397e+05 2.178143553915360826e+05 2.143393092080440838e+05 2.108551724962241133e+05 2.092234389830156579e+05 2.091874843746750557e+05 2.091830382296761381e+05 2.091784770314350899e+05 2.091739327838070749e+05 2.091693561068472045e+05 2.091647745201714279e+05 2.091601820656016644e+05 2.091565553966184962e+05
5.759679362504220080e+03 2.188383142170333886e+05 2.160819203255593311e+05 2.126877239070877258e+05 2.094535965301667457e+05 2.061701768778359692e+05 2.036322283638727968e+05 2.028164819783234561e+05 2.028121581530795374e+05 2.028077768329298415e+05 2.028034402252982254e+05 2.027990945620975981e+05 2.027947548955464445e+05 2.027904086171149684e+05 2.027860571152801858e+05 2.027826181787173555e+05
5.809679362504220080e+03 2.236932527491975925e+05 2.209638571932759951e+05 2.173822441229157557e+05 2.141164505272336246e+05 2.108563316076089686e+05 2.080661500521404378e+05 2.052914865524929482e+05 2.052872839307441609e+05 2.052830110315231723e+05 2.052788042835991364e+05 2.052745854862935084e+05 2.052703764159012644e+05 2.052661755539736187e+05 2.052619774690369959e+05 2.052586699606968323e+05
5.859679362504220080e+03 2.204322334279509960e+05 2.176714101266505313e+05 2.142337848286973604e+05 2.109633038863735856e+05 2.077170550398115010e+05 2.047451352632661583e+05 2.027966691176830209e+05 2.027927730721931730e+05 2.027888431064997858e+05 2.027849616138711572e+05 2.027810750689671549e+05 2.027772113437163061e+05 2.027733550564559700e+05 2.027695156320949027e+05 2.027664946870811982e+05
5.909679362504220080e+03 2.176907650207804400e+05 2.148033128923925397e+05 2.112265802055482927e+05 2.077627991514231544e+05 2.045153216912387288e+05 2.027254462445776444e+05 2.027207808595341630e+05 2.027163908372810693e+05 2.027119230183142354e+05 2.027075033684415976e+05 2.027030701202602941e+05 2.026986477864780172e+05 2.026942261084807396e+05 2.026898092803958571e+05 2.026863262959413696e+05
5.959679362504220080e+03 2.180253005591809924e+05 2.154573612880626752e+05 2.122987021998361161e+05 2.092553937336637464e+05 2.061954550595076871e+05 2.041535618053387734e+05 2.036945567173706077e+05 2.036906390303995286e+05 2.036866680406604719e+05 2.036827494680516829e+05 2.036788262664921349e+05 2.036749211956696818e+05 2.036710261088590487e+05 2.036671434457470896e+05 2.036640894541901362e+05
6.009679362504220080e+03 2.158644154522784811e+05 2.129347641200231155e+05 2.093621672801440582e+05 2.058430270707553136e+05 2.030757593213511282e+05 2.026058298473113100e+05 2.026015756619824388e+05 2.025972726579117298e+05 2.025929986115959182e+05 2.025887256483429810e+05 2.025844631154115777e+05 2.025802084545390971e+05 2.025759629491835658e+05 2.025717270962519397e+05 2.025683927617447043e+05
6.059679362504220080e+03 2.153923517966907821e+05 2.126723438544588862e+05 2.093403726858413429e+05 2.060802409224160947e+05 2.033922542886671145e+05 2.021374005025534716e+05 2.021332498617221136e+05 2.021290483634824923e+05 2.021248847572815721e+05 2.021207127691243950e+05 2.021165523095123062e+05 2.021123943363491562e+05 2.021082431433880993e+05 2.021040978955890459e+05 2.021008325063265220e+05
6.109679362504220080e+03 2.150452876172186516e+05 2.123526998052873241e+05 2.090810518211324816e+05 2.058355577898969641e+05 2.034144965876468923e+05 2.027629066699674877e+05 2.027587700548967114e+05 2.027545805642188061e+05 2.027504215063600859e+05 2.027462525392679963e+05 2.027420892960466444e+05 2.027379250749653729e+05 2.027337641166439280e+05 2.027296068042270490e+05 2.027263319728353526e+05
6.124679362504220080e+03 2.148178524114981119e+05 2.120998356029485585e+05 2.088107540534485306e+05 2.055396941601012077e+05 2.029017043921268196e+05 2.020841026035157265e+05 2.020798656413489080e+05 2.020755421934736660e+05 2.020711993926936702e+05 2.020668059156808595e+05 2.020623759291830065e+05 2.020579030435528839e+05 2.020533911241394817e+05 2.020488402184744482e+05 2.020452222356175480e+05
6.129679362504220080e+03 2.144880630896918010e+05 2.116999062840642873e+05 2.082979432057023805e+05 2.049471766817166936e+05 2.023227286467462545e+05 2.015855781480683072e+05 2.015812988739530556e+05 2.015769632599551114e+05 2.015726521454391477e+05 2.015683293033080699e+05 2.015640093421386264e+05 2.015596861822818173e+05 2.015553629534755892e+05 2.015510395207011316e+05 2.015476301212730177e+05
6.179679362504220080e+03 2.145098691552931850e+05 2.117905314500984678e+05 2.084649163418595272e+05 2.051925470552523911e+05 2.025953392029277456e+05 2.016784667640555417e+05 2.016743222718616889e+05 2.016701248298387509e+05 2.016659545607919863e+05 2.016617721931208507e+05 2.016575956348999171e+05 2.016534172340217337e+05 2.016492424366886553e+05 2.016450720610590652e+05 2.016417877960278129e+05
6.229679362504220080e+03 2.142777384997004410e+05 2.115453144885619404e+05 2.082020393002195924e+05 2.048984226705477631e+05 2.028235695517864660e+05 2.024464994423330354e+05 2.024423440009614278e+05 2.024381299646989792e+05 2.024339450863476086e+05 2.024297464280087152e+05 2.024255529294809676e+05 2.024213566813206417e+05 2.024171651524988993e+05 2.024129819679698267e+05 2.024096926242703630e+05
6.279679362504220080e+03 2.178538239055974118e+05 2.151117163707711152e+05 2.117003358369417547e+05 2.083965531547329738e+05 2.051239723179642460e+05 2.033678344790455012e+05 2.033635496292707103e+05 2.033591574273646693e+05 2.033547813915058214e+05 2.033504089618698636e+05 2.033460607308869658e+05 2.033417252164329984e+05 2.033374118419045408e+05 2.033331231068866618e+05 2.033297594506882015e+05
6.329679362504220080e+03 2.138127425084153365e+05 2.110512574840188026e+05 2.077112016888284415e+05 2.043930512105516682e+05 2.028855120895618747e+05 2.028552381257234956e+05 2.028510294551907573e+05 2.028467646478604292e+05 2.028425268820571364e+05 2.028382797350284236e+05 2.028340391225375643e+05 2.028298034602231637e+05 2.028255803110112902e+05 2.028213770855806069e+05 2.028180906455511285e+05
6.379679362504220080e+03 2.122579947323261003e+05 2.094604171432479052e+05 2.059936663928675989e+05 2.027643581430859922e+05 2.011000563331648300e+05 2.010934786868747615e+05 2.010893100347860018e+05 2.010850903767867130e+05 2.010808866383903078e+05 2.010766615211412136e+05 2.010724340142096044e+05 2.010682043546279019e+05 2.010639899762956775e+05 2.010598188402767701e+05 2.010565845478265546e+05
6.429679362504220080e+03 2.115565330476974195e+05 2.087606436932754586e+05 2.053142027668181108e+05 2.020494101038775989e+05 2.004324441680044692e+05 2.004282916820176179e+05 2.004241206260597974e+05 2.004199672032734379e+05 2.004158127436189970e+05 2.004116690128901682e+05 2.004075319174065662e+05 2.004034179796540993e+05 2.003993383649944444e+05 2.003953323732942517e+05 2.003922575243204483e+05
6.479679362504220080e+03 2.109993291675987130e+05 2.082096257344250334e+05 2.046930288204461103e+05 2.017227304941159382e+05 2.000518852801348257e+05 2.000475948593465437e+05 2.000432496255947917e+05 2.000389092870703025e+05 2.000345391993558151e+05 2.000301642227147240e+05 2.000257956978250586e+05 2.000214557435193856e+05 2.000171636222879461e+05 2.000129660475534038e+05 2.000097636017949262e+05
6.529679362504220080e+03 2.108385956713011838e+05 2.080870590723580972e+05 2.046519081531821867e+05 2.016517476268578321e+05 2.002877864637477323e+05 2.002836919364444329e+05 2.002795819875586603e+05 2.002754894458334602e+05 2.002713907829345844e+05 2.002673099946610746e+05 2.002632455280597787e+05 2.002592086376165389e+05 2.002552076693447307e+05 2.002512795489561686e+05 2.002482617414304696e+05
6.579679362504220080e+03 2.100332814998716349e+05 2.072707866206771869e+05 2.038036961365934403e+05 2.011581201333921927e+05 2.000359193345378444e+05 2.000318945141568838e+05 2.000278631984534732e+05 2.000238220515183348e+05 2.000197737059628416e+05 2.000157335793844541e+05 2.000117176784341864e+05 2.000077325738803484e+05 2.000037953322826361e+05 1.999999544662613771e+05 1.999970486185312620e+05
6.629679362504220080e+03 2.100151929833322938e+05 2.072578238351488835e+05 2.038080977703992976e+05 2.010828477352907066e+05 2.000326030156237539e+05 2.000285982052055770e+05 2.000246055453676090e+05 2.000206215070464823e+05 2.000166350019243546e+05 2.000126367961767246e+05 2.000086374119096436e+05 2.000046551956171170e+05 2.000007105066883960e+05 1.999968595714798721e+05 1.999939632228385308e+05
6.679679362504220080e+03 2.101290096528629365e+05 2.073661613887219864e+05 2.039073446401131223e+05 2.013625791930634296e+05 2.006315823498303653e+05 2.006275595422956685e+05 2.006235525751768437e+05 2.006195591083555191e+05 2.006155708427111385e+05 2.006115813235755486e+05 2.006075951100407401e+05 2.006036254171492765e+05 2.005996989453221322e+05 2.005958788142576814e+05 2.005930197350436065e+05
6.729679362504220080e+03 2.107628669074525242e+05 2.079486399678480229e+05 2.044271074532633647e+05 2.020747159889783070e+05 2.017431112445474719e+05 2.017390087092702452e+05 2.017349221977605775e+05 2.017308494152786734e+05 2.017267850917268952e+05 2.017227252832250961e+05 2.017186746058911376e+05 2.017146549936992524e+05 2.017107140297187143e+05 2.017069491815024521e+05 2.017042544874112064e+05
6.779679362504220080e+03 2.100315770405039366e+05 2.072929027645113820e+05 2.038745923664470611e+05 2.013472919732457376e+05 2.006084420269666007e+05 2.006044335040062142e+05 2.006004407624435553e+05 2.005964635079857253e+05 2.005924982779888669e+05 2.005885417030886747e+05 2.005845942715507990e+05 2.005806681111653161e+05 2.005767989858686342e+05 2.005730363344038778e+05 2.005701931677017710e+05
6.829679362504220080e+03 2.093563388089723594e+05 2.066067394641585706e+05 2.031617368561777694e+05 2.008816406860012503e+05 2.003541231297694612e+05 2.003501156098695355e+05 2.003461273125802691e+05 2.003421574469254992e+05 2.003382007000341546e+05 2.003342400733255199e+05 2.003302752371323004e+05 2.003263347281369497e+05 2.003224539819291967e+05 2.003186706649119442e+05 2.003157943227600481e+05
6.879679362504220080e+03 2.089177267425794853e+05 2.061587211324436939e+05 2.027065030865105218e+05 2.007769554238615383e+05 2.006739290334299149e+05 2.006699431582478574e+05 2.006659901899592660e+05 2.006620664411669713e+05 2.006581612886349612e+05 2.006542655618675053e+05 2.006503897637856717e+05 2.006465556139468099e+05 2.006428076577168249e+05 2.006392119763944356e+05 2.006365766478320293e+05
6.929679362504220080e+03 2.093069366323647264e+05 2.064902550087829586e+05 2.029720757953439606e+05 2.008305063818859053e+05 2.006761228273176821e+05 2.006724173961795459e+05 2.006687727658812364e+05 2.006651829451085941e+05 2.006616384673487337e+05 2.006581415709012945e+05 2.006547033733531716e+05 2.006513402849222766e+05 2.006481006729794317e+05 2.006450558155966864e+05 2.006428724645772891e+05
6.979679362504220080e+03 2.094976085449112870e+05 2.067309703409035283e+05 2.032686188639340980e+05 2.011105070898749109e+05 2.006461412137391453e+05 2.006421255205879861e+05 2.006381308349032479e+05 2.006341516736773483e+05 2.006301778842365602e+05 2.006262090803584142e+05 2.006222551751325955e+05 2.006183332535802620e+05 2.006144959889064194e+05 2.006108214701855904e+05 2.006080830749877205e+05
7.029679362504220080e+03 2.098856324730749475e+05 2.070986380751234246e+05 2.036111014962905028e+05 2.013784356941904116e+05 2.007711599471578083e+05 2.007671325555571530e+05 2.007631282762591727e+05 2.007591379578079504e+05 2.007551554847692023e+05 2.007511871349317953e+05 2.007472393539464683e+05 2.007433270310050866e+05 2.007395039077159017e+05 2.007358477829237818e+05 2.007331320551009849e+05
7.079679362504220080e+03 2.090412718510348641e+05 2.062564230874969508e+05 2.027657903089144093e+05 2.010301366347559378e+05 2.010254036154136411e+05 2.010213529381620465e+05 2.010173192370385514e+05 2.010132928228144301e+05 2.010092834850852378e+05 2.010052963320086710e+05 2.010013309379582352e+05 2.009974112097081670e+05 2.009935975906222884e+05 2.009899650572729006e+05 2.009873228257691371e+05
7.129679362504220080e+03 2.089213754860061745e+05 2.061360805546508927e+05 2.026550977818231040e+05 2.010522865572590381e+05 2.010422005613603105e+05 2.010381612196181668e+05 2.010341346864782681e+05 2.010301285437782353e+05 2.010261508331689402e+05 2.010221962083486724e+05 2.010182693584790686e+05 2.010143927573589608e+05 2.010106163527191093e+05 2.010069935481444118e+05 2.010043007098906091e+05
7.179679362504220080e+03 2.087062437698046560e+05 2.059126946169144649e+05 2.025868030618649791e+05 2.010097465314648871e+05 2.010056899113804102e+05 2.010016531789951259e+05 2.009976350906656007e+05 2.009936510780821845e+05 2.009896997213796130e+05 2.009857812387817539e+05 2.009819027434273739e+05 2.009780872797870543e+05 2.009743663715905277e+05 2.009707759848939022e+05 2.009681281700321706e+05
7.229679362504220080e+03 2.084968288918226899e+05 2.057002045573177747e+05 2.024262311872853315e+05 2.008984287972676975e+05 2.008943622318308335e+05 2.008903155717724294e+05 2.008863189780393732e+05 2.008823540213783854e+05 2.008784347740621597e+05 2.008745606610738905e+05 2.008707371561111649e+05 2.008669754739348427e+05 2.008632953991597169e+05 2.008597161875271995e+05 2.008570151204922586e+05
7.279679362504220080e+03 2.095717715731331555e+05 2.068323498647694068e+05 2.034498125199456117e+05 2.019120104755861685e+05 2.019079068179719907e+05 2.019038036006393086e+05 2.018997118328780634e+05 2.018956483989947301e+05 2.018916158963305934e+05 2.018876418480112625e+05 2.018837126541267207e+05 2.018798344338909665e+05 2.018760113596110023e+05 2.018722584992393095e+05 2.018693438859870948e+05
7.329679362504220080e+03 2.087554849280020571e+05 2.058936020555828582e+05 2.027742862723660946e+05 2.015259687195883598e+05 2.015219009669932711e+05 2.015178554992188001e+05 2.015138474943568290e+05 2.015098810298975732e+05 2.015059832278694375e+05 2.015021748436669004e+05 2.014984422731291852e+05 2.014947721865086933e+05 2.014911563585008262e+05 2.014875951082414540e+05 2.014848203379548795e+05
7.379679362504220080e+03 2.093026784423367935e+05 2.065040144847705669e+05 2.033486968256961845e+05 2.019902296643349109e+05 2.019861787118562497e+05 2.019821284902496845e+05 2.019780858271172619e+05 2.019740787927845086e+05 2.019701421035829408e+05 2.019662987825823366e+05 2.019625321895253728e+05 2.019588233190929750e+05 2.019551584949021926e+05 2.019515397138863627e+05 2.019486986734971288e+05
7.429679362504220080e+03 2.086446784797214495e+05 2.058329820482032665e+05 2.029194567254815192e+05 2.018525627441661782e+05 2.018484741827408725e+05 2.018444195181829855e+05 2.018404278474662860e+05 2.018365036500584392e+05 2.018326766091783647e+05 2.018289426386832783e+05 2.018252922533505771e+05 2.018216942000392883e+05 2.018181351700261293e+05 2.018146198144882219e+05 2.018118954004993138e+05
7.479679362504220080e+03 2.094184623522070178e+05 2.066567703521406802e+05 2.035018959134990873e+05 2.021562077254882315e+05 2.021521278864738706e+05 2.021480345156754192e+05 2.021439583276285266e+05 2.021399615968894796e+05 2.021360366773200512e+05 2.021321896725609549e+05 2.021284271866372146e+05 2.021247275308836543e+05 2.021210898437204887e+05 2.021175386063260376e+05 2.021148085462033050e+05
7.529679362504220080e+03 2.090720799204362265e+05 2.062630278571197705e+05 2.031751830341316236e+05 2.018985833358575183e+05 2.018944914714829356e+05 2.018904381425191823e+05 2.018864828593543207e+05 2.018826306268123444e+05 2.018788832819027011e+05 2.018752211651336984e+05 2.018716384405685531e+05 2.018681033830088272e+05 2.018646009905044921e+05 2.018611361371214443e+05 2.018584447405674437e+05
7.579679362504220080e+03 2.087468075302540674e+05 2.059319580771957408e+05 2.029867683501504653e+05 2.017866762127761031e+05 2.017825811236144218e+05 2.017785316714618239e+05 2.017746014629886777e+05 2.017707883702612598e+05 2.017670775090212410e+05 2.017634453992057242e+05 2.017598879699188110e+05 2.017563729769635538e+05 2.017528841816243366e+05 2.017494243232130830e+05 2.017467279245385434e+05
7.629679362504220080e+03 2.085934771498272894e+05 2.057333678911141178e+05 2.028305687393840344e+05 2.017639852314598393e+05 2.017598752809805737e+05 2.017558217102696362e+05 2.017519001874483656e+05 2.017481057640321669e+05 2.017444127069156966e+05 2.017407976288150239e+05 2.017372548358329223e+05 2.017337525792081142e+05 2.017302749407430238e+05 2.017268293354138441e+05 2.017241753980576468e+05
7.679679362504220080e+03 2.087242299711616652e+05 2.058924778113864595e+05 2.030401149526242225e+05 2.019842881675847457e+05 2.019802233091221133e+05 2.019762211450990872e+05 2.019723154846878315e+05 2.019685332904128300e+05 2.019648609013888345e+05 2.019612605520871002e+05 2.019577307702288381e+05 2.019542447904715082e+05 2.019507815997106081e+05 2.019473488393055741e+05 2.019446842402791954e+05
7.729679362504220080e+03 2.092174170162983937e+05 2.063989630049595144e+05 2.033188052106529649e+05 2.020422758904813672e+05 2.020381826130639529e+05 2.020341561318919412e+05 2.020302933226323512e+05 2.020265784863284207e+05 2.020229698385172233e+05 2.020194370891622384e+05 2.020159724772734335e+05 2.020125432284879207e+05 2.020091330324412556e+05 2.020057443401450000e+05 2.020031147513523756e+05
7.779679362504220080e+03 2.092069423873170745e+05 2.064091123674847768e+05 2.033922979682711884e+05 2.021809123203501513e+05 2.021768617674826528e+05 2.021728943963487109e+05 2.021691030694765795e+05 2.021654586984004709e+05 2.021619144231090904e+05 2.021584401106711593e+05 2.021550286258755368e+05 2.021516475435156608e+05 2.021482821190724499e+05 2.021449400284622388e+05 2.021423521998276119e+05
7.829679362504220080e+03 2.091812256156658113e+05 2.063606662655843829e+05 2.033069319303574157e+05 2.020624113369276456e+05 2.020583408103344846e+05 2.020543766151758027e+05 2.020506029975992278e+05 2.020469757935641392e+05 2.020434523874275619e+05 2.020400021926416957e+05 2.020366159230410412e+05 2.020332602384728380e+05 2.020299211327903031e+05 2.020266137414197146e+05 2.020240959401933360e+05
7.879679362504220080e+03 2.093143399160756962e+05 2.064950041189627955e+05 2.034617175983042107e+05 2.022188886527378345e+05 2.022148026715323795e+05 2.022108329442849208e+05 2.022070687944054371e+05 2.022034448826522275e+05 2.021999243857610563e+05 2.021964720603279420e+05 2.021930793653625879e+05 2.021897122970408527e+05 2.021863541249138943e+05 2.021830155955630180e+05 2.021804517237928812e+05
7.929679362504220080e+03 2.123359830769768450e+05 2.096740318976199487e+05 2.062966244412590167e+05 2.036795778520061285e+05 2.028238114691423252e+05 2.028197275662544125e+05 2.028156926562624576e+05 2.028117206001405430e+05 2.028077922978269053e+05 2.028039001166287635e+05 2.028000397957417881e+05 2.027961989520350180e+05 2.027923672549782495e+05 2.027885434327039111e+05 2.027855334283331176e+05
7.979679362504220080e+03 2.140837154239602678e+05 2.114446933633124572e+05 2.082183388086403138e+05 2.053378989849760837e+05 2.040723801320881466e+05 2.040683324543271738e+05 2.040643919759226847e+05 2.040605913015001861e+05 2.040569157225780364e+05 2.040533493449935340e+05 2.040498783662106434e+05 2.040464789128564589e+05 2.040431282536404033e+05 2.040398164686735836e+05 2.040372292914631544e+05
8.029679362504220080e+03 2.125495148307687778e+05 2.100136178763286734e+05 2.069056662096176588e+05 2.047070953011728998e+05 2.041441698729988129e+05 2.041401454745906522e+05 2.041362117445384210e+05 2.041323909998224408e+05 2.041286811293649953e+05 2.041250775107468071e+05 2.041215741404840956e+05 2.041181576598084648e+05 2.041148153864776832e+05 2.041115398060486186e+05 2.041089972312200407e+05
8.079679362504220080e+03 2.130456279367144161e+05 2.105340475249300944e+05 2.074514971266798384e+05 2.055506313785610546e+05 2.053553463800165046e+05 2.053512464137283096e+05 2.053472113472438359e+05 2.053432605616551591e+05 2.053393948284732760e+05 2.053356125469114049e+05 2.053319099326666619e+05 2.053282758052147110e+05 2.053246989885376242e+05 2.053211727329943387e+05 2.053184191342409467e+05
8.129679362504220080e+03 2.120730419430906477e+05 2.095515812417754496e+05 2.064476215597318369e+05 2.046349233241913607e+05 2.046145929150024022e+05 2.046103582002471376e+05 2.046061629608607618e+05 2.046020254712490132e+05 2.045979488410799240e+05 2.045939337888916780e+05 2.045899786335211538e+05 2.045860745194730989e+05 2.045822115613286733e+05 2.045783833444204647e+05 2.045753775033735437e+05
8.179679362504220080e+03 2.115444749465055647e+05 2.089864561909126351e+05 2.060204384676717164e+05 2.045969366340453562e+05 2.045928207721829822e+05 2.045887439913770068e+05 2.045847334285491961e+05 2.045808041186131013e+05 2.045769578992598981e+05 2.045731941387919069e+05 2.045695100868139707e+05 2.045658960862274689e+05 2.045623420866466768e+05 2.045588427178816346e+05 2.045561137183269602e+05
8.229679362504219171e+03 2.114995389861205476e+05 2.088861297044294770e+05 2.060367799656788411e+05 2.047839730744249537e+05 2.047798551538610773e+05 2.047757795903740334e+05 2.047717726290076389e+05 2.047678485085363500e+05 2.047640095963796193e+05 2.047602556517493504e+05 2.047565840054897417e+05 2.047529847878160945e+05 2.047494477756372944e+05 2.047459693743274838e+05 2.047432601258476207e+05
8.279679362504219171e+03 2.118436339232107566e+05 2.091981549831108132e+05 2.064813390135909140e+05 2.053960360494603228e+05 2.053919285970986530e+05 2.053878628413619590e+05 2.053838662224287691e+05 2.053799529902893992e+05 2.053761257641598640e+05 2.053723839548952819e+05 2.053687242097546987e+05 2.053651359914687055e+05 2.053616085826460912e+05 2.053580807604930305e+05 2.053553011015180091e+05
8.329679362504219171e+03 2.113956119765550247e+05 2.087579131170944893e+05 2.061872869824053778e+05 2.052372293476860505e+05 2.052331387148327485e+05 2.052290898392198724e+05 2.052251084101982997e+05 2.052212075681416609e+05 2.052173909935198026e+05 2.052136597582344548e+05 2.052100110246254771e+05 2.052064338064439071e+05 2.052029173610265425e+05 2.051994626852976799e+05 2.051967740642525896e+05
8.379679362504219171e+03 2.118245779627172160e+05 2.091727176832636469e+05 2.064319632089748338e+05 2.053278468856315012e+05 2.053237147278265038e+05 2.053196249368927092e+05 2.053156027007724042e+05 2.053116606328158814e+05 2.053078036278160580e+05 2.053040343245611002e+05 2.053003504519797279e+05 2.052967409870535485e+05 2.052931952410400263e+05 2.052897164383455820e+05 2.052870123171050800e+05
8.429679362504219171e+03 2.117258372077646782e+05 2.090582975033920957e+05 2.063793302135343547e+05 2.053687646229012462e+05 2.053646057309935277e+05 2.053604728688198375e+05 2.053564236437618092e+05 2.053524489163375692e+05 2.053485448058233014e+05 2.053447192649538338e+05 2.053409755655748886e+05 2.053373043821941537e+05 2.053336969043078425e+05 2.053301586446386063e+05 2.053274080080589629e+05
8.479679362504219171e+03 2.110646178031197924e+05 2.083582435225305962e+05 2.057482614132824237e+05 2.048167009583467443e+05 2.048128779895280022e+05 2.048091056281242927e+05 2.048054033983033150e+05 2.048017845996285614e+05 2.047982538270054210e+05 2.047948107294747606e+05 2.047914549381285324e+05 2.047881766497356002e+05 2.047849682813014078e+05 2.047818384708249941e+05 2.047794178109141067e+05
8.529679362504219171e+03 2.111616567549316678e+05 2.084700726582071802e+05 2.059512119113281951e+05 2.051875524513723212e+05 2.051834221732767764e+05 2.051793329331453715e+05 2.051753025328242220e+05 2.051713477296885976e+05 2.051674757501650020e+05 2.051636842600087693e+05 2.051599725484748778e+05 2.051563318387613399e+05 2.051527557832454331e+05 2.051491969666863442e+05 2.051464130320367694e+05
8.579679362504219171e+03 2.133840679213021067e+05 2.093294806955421518e+05 2.058195849594348692e+05 2.051672215782045096e+05 2.051624356560846500e+05 2.051577493466495071e+05 2.051531722842930467e+05 2.051487161652842187e+05 2.051443894135184237e+05 2.051401855971365003e+05 2.051360956744872092e+05 2.051321086229311186e+05 2.051282158992833865e+05 2.051244255726528645e+05 2.051214856773186475e+05
8.629679362504219171e+03 2.111550979306395166e+05 2.082323290792518528e+05 2.057909722929554409e+05 2.052980941306540917e+05 2.052939302184957196e+05 2.052897971514072851e+05 2.052856959374526341e+05 2.052816693293148710e+05 2.052777318438085495e+05 2.052738677279102267e+05 2.052700779285545577e+05 2.052663556547096232e+05 2.052626988730088633e+05 2.052591182194968569e+05 2.052563379630596901e+05
8.679679362504219171e+03 2.109157917541665665e+05 2.082466756041663466e+05 2.060204503568315122e+05 2.054994570587596972e+05 2.054954854136938520e+05 2.054915703426102118e+05 2.054877151595742325e+05 2.054839514113514742e+05 2.054802850872152194e+05 2.054766914776784251e+05 2.054731714468611171e+05 2.054697191703394346e+05 2.054663280896962096e+05 2.054629739012216160e+05 2.054603577840046491e+05
8.729679362504219171e+03 2.104765162835853407e+05 2.077542338996326143e+05 2.055791414040647214e+05 2.051895670216793951e+05 2.051855600408505998e+05 2.051816141319235612e+05 2.051777274317517586e+05 2.051739332521223987e+05 2.051702380010113993e+05 2.051666112203228113e+05 2.051630532204540214e+05 2.051595604777560220e+05 2.051561363434712694e+05 2.051527940983348235e+05 2.051502038633261982e+05
8.779679362504219171e+03 2.104677640361479425e+05 2.077840155467709992e+05 2.056830257446952746e+05 2.052676413054356526e+05 2.052636777273760526e+05 2.052597802190016664e+05 2.052559412745265872e+05 2.052521958897398144e+05 2.052485502974237024e+05 2.052449678399996774e+05 2.052414481978849217e+05 2.052379904814366892e+05 2.052346006396207085e+05 2.052312909024077235e+05 2.052287240096415335e+05
8.829679362504219171e+03 2.101378775538758782e+05 2.074486113088008133e+05 2.055584259222951077e+05 2.052103362706643238e+05 2.052063605500192498e+05 2.052024595985342166e+05 2.051986208879075421e+05 2.051948794877220353e+05 2.051912427809095534e+05 2.051876670176913030e+05 2.051841508004539064e+05 2.051806951863039576e+05 2.051773088053570827e+05 2.051740026390548737e+05 2.051714272404639923e+05
8.879679362504219171e+03 2.100863783393770282e+05 2.073455136810841504e+05 2.053589698055961053e+05 2.052300796130500094e+05 2.052261211205383588e+05 2.052222439142761577e+05 2.052184305368244241e+05 2.052147240905244835e+05 2.052111274453659134e+05 2.052075859798715683e+05 2.052041008216761111e+05 2.052006769196202513e+05 2.051973254549897101e+05 2.051940559907967399e+05 2.051915195775470929e+05
8.929679362504219171e+03 2.098811348871010123e+05 2.071336863945499936e+05 2.052283609798936232e+05 2.051663361691317987e+05 2.051624172688743856e+05 2.051585872764011438e+05 2.051548235199838819e+05 2.051511700854395458e+05 2.051476292623627232e+05 2.051441412876223621e+05 2.051407068579558108e+05 2.051373331979826035e+05 2.051340335689358471e+05 2.051308164195517020e+05 2.051282851948111493e+05
8.979679362504219171e+03 2.096643836626573175e+05 2.069092615707693913e+05 2.050434894926185952e+05 2.050108645851338515e+05 2.050069583294958284e+05 2.050031456643881684e+05 2.049993990372900153e+05 2.049957600799553038e+05 2.049922319117030711e+05 2.049887535814493021e+05 2.049853239384966728e+05 2.049819520007942920e+05 2.049786527345697978e+05 2.049753957567837206e+05 2.049728302372597973e+05
9.029679362504219171e+03 2.096007325254688913e+05 2.068425201427394350e+05 2.050218213336522749e+05 2.050024245079599204e+05 2.049985710960348952e+05 2.049948192960568704e+05 2.049911378497341939e+05 2.049875652912229125e+05 2.049841029742087703e+05 2.049806895353010623e+05 2.049773245075731247e+05 2.049740188599659014e+05 2.049707898440735880e+05 2.049675617521908716e+05 2.049650303936218843e+05
9.079679362504219171e+03 2.093698256263289077e+05 2.066151888820566819e+05 2.048918342638273316e+05 2.048856747935143067e+05 2.048818681890565786e+05 2.048781660760531959e+05 2.048745342952055216e+05 2.048710097208082734e+05 2.048675928539495799e+05 2.048642217940513510e+05 2.048608970051479700e+05 2.048576321291391214e+05 2.048544471680862480e+05 2.048513479336708260e+05 2.048489422871466086e+05
9.129679362504219171e+03 2.090287945545403927e+05 2.062877067541925062e+05 2.047116082631602476e+05 2.047077903053875780e+05 2.047043360339944775e+05 2.047009878312800720e+05 2.046976707115234458e+05 2.046944480098035419e+05 2.046913244964116893e+05 2.046881995904336218e+05 2.046850875431677268e+05 2.046820266311872401e+05 2.046790603542880854e+05 2.046761923968309711e+05 2.046739172639472235e+05
9.179679362504219171e+03 2.096649226850242121e+05 2.069339059479249117e+05 2.050357464858608146e+05 2.049856654712420132e+05 2.049818942039349058e+05 2.049781932699325844e+05 2.049745400074545178e+05 2.049709560013721930e+05 2.049674408384668350e+05 2.049639347987847286e+05 2.049604428489689017e+05 2.049569868384008878e+05 2.049535964553564845e+05 2.049502794618867338e+05 2.049476931561625679e+05
9.229679362504219171e+03 2.099501023038024723e+05 2.072021033643221890e+05 2.052039829540136852e+05 2.050523069119523279e+05 2.050485724594459170e+05 2.050449411532274098e+05 2.050413805113948183e+05 2.050379187572464871e+05 2.050345564424951444e+05 2.050312260981167783e+05 2.050279289396997483e+05 2.050246851378069259e+05 2.050215226700863859e+05 2.050184445317460923e+05 2.050160514313561725e+05
9.279679362504219171e+03 2.096798095692520728e+05 2.069180848611858964e+05 2.050841417439636425e+05 2.050678895321093441e+05 2.050642139182848623e+05 2.050606471604483959e+05 2.050571515130670159e+05 2.050537647191722936e+05 2.050504854183665302e+05 2.050472291667615937e+05 2.050439994545815280e+05 2.050408231210506347e+05 2.050377333504375711e+05 2.050347297572176321e+05 2.050323936273116269e+05
9.329679362504219171e+03 2.351411768817385891e+05 2.334775795064689592e+05 2.334492771862701920e+05 2.334449771391362301e+05 2.334408242537979386e+05 2.334365947828239878e+05 2.334323056325506186e+05 2.334280726870042563e+05 2.334239129652445845e+05 2.334197057590360928e+05 2.334154709882828756e+05 2.334112641349353362e+05 2.334071375317255442e+05 2.334030866219692107e+05 2.333999173093930003e+05
9.379679362504219171e+03 2.265697284978530952e+05 2.249482179909926490e+05 2.229595195013377524e+05 2.211238944766432687e+05 2.193553630789386807e+05 2.175976775644725130e+05 2.159612370137751859e+05 2.140754910810735309e+05 2.126473461793060997e+05 2.126403545079409960e+05 2.126356351257959614e+05 2.126309539350232226e+05 2.126263121449341415e+05 2.126217327176949475e+05 2.126181538682455721e+05
9.429679362504219171e+03 2.101759163282077061e+05 2.079624008865906217e+05 2.074085268059845257e+05 2.074044185675077897e+05 2.074007015742360381e+05 2.073970563564709737e+05 2.073934707699730352e+05 2.073896125020551262e+05 2.073855290764707897e+05 2.073815629602188710e+05 2.073777070273307036e+05 2.073739878746729228e+05 2.073704357228918525e+05 2.073670246867232490e+05 2.073643656447240792e+05
9.479679362504219171e+03 2.075354841768047772e+05 2.073070945527554723e+05 2.073029555762085365e+05 2.072991833690762869e+05 2.072957695303455112e+05 2.072924053273952159e+05 2.072890815405425383e+05 2.072859098969973857e+05 2.072828324501957395e+05 2.072796796970304858e+05 2.072765244515823433e+05 2.072734348649902095e+05 2.072704632970332459e+05 2.072675753357014037e+05 2.072652786489644204e+05
9.529679362504219171e+03 2.063879118290828192e+05 2.062818367461661692e+05 2.062774146445906372e+05 2.062736315062923240e+05 2.062702229644955951e+05 2.062669141228160297e+05 2.062636364300531859e+05 2.062604690173126874e+05 2.062573814317783981e+05 2.062542266079688270e+05 2.062510344913129229e+05 2.062478951012259349e+05 2.062448749837797077e+05 2.062419466953468800e+05 2.062396402177063865e+05
9.579679362504219171e+03 2.063716835834317317e+05 2.063423176397116331e+05 2.063383660105828603e+05 2.063349731939772610e+05 2.063319484445835114e+05 2.063289926452313084e+05 2.063260415077101206e+05 2.063231987309619144e+05 2.063204236964415177e+05 2.063175520931271021e+05 2.063146387349850556e+05 2.063117795890629641e+05 2.063090429430135409e+05 2.063063945805477560e+05 2.063042966364978347e+05
9.629679362504219171e+03 2.055356501407077594e+05 2.055319275790466636e+05 2.055279769496155204e+05 2.055245333524423186e+05 2.055214366190102592e+05 2.055183413992694113e+05 2.055152543770604825e+05 2.055123082281589159e+05 2.055094148859513807e+05 2.055063917406224064e+05 2.055033557441342273e+05 2.055004048551862943e+05 2.054975916895211558e+05 2.054948547908694309e+05 2.054926640912021394e+05
9.679679362504219171e+03 2.062084418804601883e+05 2.061960362168122665e+05 2.061920890301663894e+05 2.061886278459113382e+05 2.061854912409292301e+05 2.061824252890550706e+05 2.061793748992236506e+05 2.061764166453568032e+05 2.061734981060411374e+05 2.061704822570925753e+05 2.061674281956624764e+05 2.061644277489528176e+05 2.061615396027175011e+05 2.061587244151764608e+05 2.061564731359035941e+05
9.729679362504219171e+03 2.060663458148499776e+05 2.060501874487705354e+05 2.060464201838300796e+05 2.060431755740391964e+05 2.060402655359300261e+05 2.060374377132373047e+05 2.060346192865299236e+05 2.060318841947244073e+05 2.060291838895746623e+05 2.060263829144371266e+05 2.060235413177545415e+05 2.060207565992943710e+05 2.060180932939555496e+05 2.060155162161391636e+05 2.060134749206110428e+05
9.779679362504219171e+03 2.053099157178650494e+05 2.050207577928553510e+05 2.050171545159947709e+05 2.050141147264835890e+05 2.050113916041226767e+05 2.050087890988017898e+05 2.050062089258902124e+05 2.050036803375430754e+05 2.050011861254861869e+05 2.049986300615303044e+05 2.049960361044793972e+05 2.049934864431338792e+05 2.049910368094292935e+05 2.049886658297794638e+05 2.049868058238164813e+05
9.829679362504219171e+03 2.050933286545653245e+05 2.050875806694576168e+05 2.050839349464669649e+05 2.050808407411538938e+05 2.050780104369031906e+05 2.050752058263680374e+05 2.050724132604389742e+05 2.050697145573945600e+05 2.050670189943929436e+05 2.050641990520879044e+05 2.050613603414855897e+05 2.050585941524124646e+05 2.050559408823806443e+05 2.050533375245503266e+05 2.050512160395187966e+05
9.879679362504219171e+03 2.049137980909610633e+05 2.048791838447301998e+05 2.048758740315744653e+05 2.048730865210990596e+05 2.048705526654017740e+05 2.048680826385949040e+05 2.048656224946595030e+05 2.048632475391840271e+05 2.048608864257075184e+05 2.048584142935395066e+05 2.048559096927265928e+05 2.048534616946360038e+05 2.048511167274976906e+05 2.048488293214188307e+05 2.048469991797699477e+05
9.929679362504219171e+03 2.048455405948172847e+05 2.048164675558783347e+05 2.048129363000607409e+05 2.048099300186609034e+05 2.048072441489174380e+05 2.048046248599629907e+05 2.048020271257420245e+05 2.047995080101134081e+05 2.047970044351389515e+05 2.047943899688914535e+05 2.047917374018812552e+05 2.047891343789067178e+05 2.047866283478286641e+05 2.047841736605436017e+05 2.047822083376030787e+05
9.979679362504219171e+03 2.055156878682942479e+05 2.055043883624397276e+05 2.055007498538073269e+05 2.054975804782839259e+05 2.054946589591868396e+05 2.054918101218227530e+05 2.054889905195099127e+05 2.054862452659381379e+05 2.054835105573722976e+05 2.054806956186814641e+05 2.054778491209886561e+05 2.054750328188116255e+05 2.054722769547984935e+05 2.054695238710326375e+05 2.054672269816643093e+05
1.002967936250421917e+04 2.042546958331248024e+05 2.042509397868866799e+05 2.042473010168023757e+05 2.042441703582728514e+05 2.042412928125493636e+05 2.042384657359208795e+05 2.042356766098060180e+05 2.042329694540180790e+05 2.042302567431049829e+05 2.042274383438349760e+05 2.042246001886605809e+05 2.042218177983213391e+05 2.042191136907247710e+05 2.042164056813243078e+05 2.042141372168560047e+05
1.007967936250421917e+04 2.045160059820479946e+05 2.045090584905148717e+05 2.045056253027769562e+05 2.045027213217309909e+05 2.045000795996341039e+05 2.044974677631781669e+05 2.044948646413057868e+05 2.044923462471211678e+05 2.044898181486416433e+05 2.044871439679652685e+05 2.044844317281734839e+05 2.044817756026134011e+05 2.044792146386919776e+05 2.044766864000975038e+05 2.044746335030137270e+05
1.012967936250421917e+04 2.042318233207024750e+05 2.042284285075148800e+05 2.042250810710976948e+05 2.042222851044759736e+05 2.042196922856195888e+05 2.042170958480194677e+05 2.042144779543314944e+05 2.042119406733731739e+05 2.042093552451214928e+05 2.042065821634594467e+05 2.042037761720265262e+05 2.042010615493909281e+05 2.041984738187061739e+05 2.041959247818797303e+05 2.041938199716614909e+05
1.017967936250421917e+04 2.051641584073490521e+05 2.051602599367180956e+05 2.051570682718760509e+05 2.051543929179970000e+05 2.051519301820224791e+05 2.051495092721549736e+05 2.051470941145747784e+05 2.051447738962345466e+05 2.051424326442232705e+05 2.051399310631565168e+05 2.051373906325470889e+05 2.051349102331661852e+05 2.051325283359893947e+05 2.051301803020989755e+05 2.051282448681820824e+05
1.022967936250421917e+04 3.508710280737574794e+05 3.508685928724425030e+05 3.505251744919450139e+05 3.505220914128394797e+05 3.505189233443892444e+05 3.505156821472531301e+05 3.505123619508112315e+05 3.505089818006032147e+05 3.505055249076698674e+05 3.505020012001199648e+05 3.504984191633776645e+05 3.504947658925141441e+05 3.504910321865639417e+05 3.504872232649096404e+05 3.504841628271317459e+05
1.027967936250421917e+04 3.898866498761998955e+05 3.898836223811038071e+05 3.897971572495683213e+05 3.897888502317860839e+05 3.893559975547801587e+05 3.892652870762999519e+05 3.892574137468580739e+05 3.892505090192282223e+05 3.892433425491775270e+05 3.892362311024877708e+05 3.892289778998880065e+05 3.892215894031970529e+05 3.892140649348057923e+05 3.892064744159271359e+05 3.892004753051145235e+05
1.032967936250421917e+04 2.603545783439299557e+05 2.603505786411667650e+05 2.602918162448093644e+05 2.602865778289085429e+05 2.602814050019051647e+05 2.602761091547111864e+05 2.602709179156121681e+05 2.602656323547339416e+05 2.602603737641372718e+05 2.602551893442007422e+05 2.602499998467211844e+05 2.602447560551506467e+05 2.602394651623805985e+05 2.602341498857159168e+05 2.602299524979823909e+05
1.037967936250421917e+04 2.208768056368860707e+05 2.208725617680964642e+05 2.208615947548233962e+05 2.208571512635443360e+05 2.208528181345792837e+05 2.208484876149581396e+05 2.208441666928665363e+05 2.208398507535282697e+05 2.208355398963072221e+05 2.208312166164104710e+05 2.208268777807512088e+05 2.208225302342686919e+05 2.208181828474721115e+05 2.208138384855591867e+05 2.208104131088460854e+05
1.042967936250421917e+04 2.162847687403957825e+05 2.162808356002627406e+05 2.162754110914138728e+05 2.162708973340089724e+05 2.162668201774663466e+05 2.162628092603652040e+05 2.162588804131993966e+05 2.162550320474631444e+05 2.162512517954938521e+05 2.162474892061604478e+05 2.162437446300017473e+05 2.162400275692227005e+05 2.162363513489376055e+05 2.162327149290419766e+05 2.162298667352321208e+05
1.047967936250421917e+04 2.151102407533314836e+05 2.151063941446098033e+05 2.151014396155745490e+05 2.150969134401566989e+05 2.150929026244160486e+05 2.150889755728365853e+05 2.150851489756897208e+05 2.150814180372458941e+05 2.150777665048089693e+05 2.150741310886295978e+05 2.150705149085966113e+05 2.150669309348359529e+05 2.150633945429974119e+05 2.150599035248468863e+05 2.150571711434434692e+05
1.052967936250421917e+04 2.142407395505309396e+05 2.142369476267561549e+05 2.142321034234026447e+05 2.142277236094903201e+05 2.142237692530021013e+05 2.142199015902737156e+05 2.142161319063896954e+05 2.142124576201492746e+05 2.142088613655744994e+05 2.142052807708100299e+05 2.142017197496016743e+05 2.141981919805953221e+05 2.141947127086981782e+05 2.141912796151353396e+05 2.141885930733621062e+05
1.054685981120422002e+04 2.139595989144408668e+05 2.139558163230843202e+05 2.139509773398712859e+05 2.139466382418551657e+05 2.139426941127299797e+05 2.139388371849594114e+05 2.139350782186165161e+05 2.139314153163089068e+05 2.139278311625880306e+05 2.139242643928305188e+05 2.139207182872501435e+05 2.139172059492235712e+05 2.139137420028804918e+05 2.139103239814327389e+05 2.139076491778707423e+05
1.054686981120422024e+04 1.570933626504774729e+05 1.593640224846054916e+05 1.746015381976726057e+05 1.770238065155801887e+05 1.793712219589458255e+05 1.816621437709857128e+05 1.839441270252141403e+05 1.863682387903268682e+05 1.888593947756664420e+05 1.913522286619916558e+05 1.939023381697422592e+05 1.964347861466479080e+05 1.988459629787971498e+05 2.010323987296881387e+05 2.025687668087033671e+05
1.054696981120422060e+04 2.132425634927954816e+05 2.132031632383613905e+05 2.130286270081668918e+05 2.129708016152897326e+05 2.129124353311661689e+05 2.128527943913924391e+05 2.127916949757197872e+05 2.127267839511307247e+05 2.126598344227703346e+05 2.125927468574108789e+05 2.125232084859726892e+05 2.124482818779702939e+05 2.123649818338013429e+05 2.122730963135608472e+05 2.121944153453416657e+05
1.059717360114102667e+04 2.129126288406258973e+05 2.129093178005364025e+05 2.129056299760978727e+05 2.129019277650322183e+05 2.128988357956382970e+05 2.128956598863738473e+05 2.128924581641008845e+05 2.128892222689113405e+05 2.128858780790372984e+05 2.128824373769062804e+05 2.128790043229676085e+05 2.128755593378669291e+05 2.128720416508072230e+05 2.128683597873764229e+05 2.128652871525029186e+05
1.064838257912977315e+04 2.122946788578260166e+05 2.122917987233422464e+05 2.122885932795721455e+05 2.122853046923353686e+05 2.122823320662760816e+05 2.122792671220422199e+05 2.122761657083364844e+05 2.122730219495769707e+05 2.122697629094274598e+05 2.122664002379116137e+05 2.122630331153625739e+05 2.122596425666727591e+05 2.122561678542634472e+05 2.122525174558124563e+05 2.122494608450331725e+05
1.069838257912977315e+04 2.117881693566542235e+05 2.117850854261643835e+05 2.117816443824451417e+05 2.117781786199579947e+05 2.117751872511346883e+05 2.117721025470151508e+05 2.117689840546006744e+05 2.117658229621380160e+05 2.117625479897075566e+05 2.117591722762183635e+05 2.117557955482678954e+05 2.117523989852491650e+05 2.117489215921386785e+05 2.117452712363557657e+05 2.117422156784357794e+05
1.074838257912977315e+04 2.113774230121401488e+05 2.113744209884361189e+05 2.113710724082338274e+05 2.113676852359508048e+05 2.113647126707015268e+05 2.113616478387701500e+05 2.113585480404345726e+05 2.113554043177078711e+05 2.113521470269822748e+05 2.113487900007040007e+05 2.113454311054008722e+05 2.113420510469477740e+05 2.113385883592431201e+05 2.113349509467865573e+05 2.113319045427821693e+05
1.079838257912977315e+04 2.110372865537588659e+05 2.110345186461091507e+05 2.110314540673718438e+05 2.110282848300893966e+05 2.110253547642049671e+05 2.110223352392657252e+05 2.110192777637301770e+05 2.110161741707340116e+05 2.110129561658417515e+05 2.110096385956085287e+05 2.110063169056008628e+05 2.110029713868152758e+05 2.109995399013024580e+05 2.109959299914978328e+05 2.109929022450458724e+05
1.084838257912977315e+04 2.107252887590828759e+05 2.107227110222324554e+05 2.107197349584801123e+05 2.107166892931660113e+05 2.107136062419441296e+05 2.107104531006056059e+05 2.107072468289271928e+05 2.107039923359956301e+05 2.107006227779687033e+05 2.106971581952437409e+05 2.106936836506854452e+05 2.106901785146269831e+05 2.106865844906473940e+05 2.106828150987698755e+05 2.106796670969593397e+05
1.089838257912977315e+04 2.104510791976429755e+05 2.104485787987897056e+05 2.104456664248247398e+05 2.104427115774554550e+05 2.104397095743768150e+05 2.104366386158878740e+05 2.104335109586710751e+05 2.104303319437470636e+05 2.104270346645455866e+05 2.104236393216109136e+05 2.104202302612182975e+05 2.104167867252547876e+05 2.104132492329513188e+05 2.104095299866439309e+05 2.104064159999057010e+05
1.094821981119838165e+04 2.101928865136956738e+05 2.101905652629620745e+05 2.101878724295005959e+05 2.101851344290385314e+05 2.101823418565093016e+05 2.101794799784011848e+05 2.101765571600715339e+05 2.101735806291562913e+05 2.101704836267737846e+05 2.101672827903005236e+05 2.101640632571875758e+05 2.101608056777101010e+05 2.101574513211645826e+05 2.101539124264521233e+05 2.101509389490037865e+05
1.094831981119838201e+04 2.102018336124138150e+05 2.101993815467539243e+05 2.101964943788266391e+05 2.101935884253327094e+05 2.101906273504955170e+05 2.101875962639381469e+05 2.101845039918619732e+05 2.101813546850862622e+05 2.101780830684040848e+05 2.101747108725094586e+05 2.101713203121378610e+05 2.101678894794690714e+05 2.101643566964299825e+05 2.101606321651217877e+05 2.101575053930458671e+05
1.160396907877639387e+04 2.138196238307301246e+05 2.138175065395300044e+05 2.138149979300902924e+05 2.138125306735351915e+05 2.138100040509854443e+05 2.138074203512664535e+05 2.138047769413282804e+05 2.138020700898824434e+05 2.137992393439062580e+05 2.137963115925068851e+05 2.137933678552074707e+05 2.137903860045762267e+05 2.137872964917894569e+05 2.137839947191613028e+05 2.137811676483632182e+05
1.160398157877639460e+04 2.018810689164918149e+05 2.022584001900272851e+05 2.033802576549435616e+05 2.038282044713130745e+05 2.042567166855707183e+05 2.046698153066630184e+05 2.050685828633780475e+05 2.054584841543178482e+05 2.058344421140204649e+05 2.061878802209152491e+05 2.065263864375913981e+05 2.068567964038917562e+05 2.071869277728806483e+05 2.075221629244860378e+05 2.077928739589108736e+05
1.160408157877639496e+04 2.125525027684463130e+05 2.125458036258928478e+05 2.125163006078879407e+05 2.125074285040682298e+05 2.124983942602736934e+05 2.124890933880051016e+05 2.124794952723444148e+05 2.124695023856999469e+05 2.124592423228297557e+05 2.124488359728521318e+05 2.124380826572054066e+05 2.124268112928413320e+05 2.124147775119002617e+05 2.124017705204689701e+05 2.123907524751013843e+05
1.194973084635440682e+04 2.132345269154410053e+05 2.132324284209594480e+05 2.132299469681666815e+05 2.132275000559035689e+05 2.132249895484652952e+05 2.132224234783743741e+05 2.132197980438142258e+05 2.132171068383781239e+05 2.132142976505026163e+05 2.132113992010592192e+05 2.132084821313928114e+05 2.132055225546544243e+05 2.132024520984414848e+05 2.131991686591583129e+05 2.131963560209349962e+05
1.284973084635440682e+04 2.117016529713396449e+05 2.116995746031657909e+05 2.116971037633656524e+05 2.116946569552484434e+05 2.116921406433248485e+05 2.116895747869882034e+05 2.116869543463987357e+05 2.116842698484328284e+05 2.116814830142111168e+05 2.116786206100140116e+05 2.116757321123208967e+05 2.116727925458661630e+05 2.116697403076108603e+05 2.116664837845254515e+05 2.116637029987967398e+05
1.374973084635440682e+04 2.106312445788315672e+05 2.106291925270986103e+05 2.106267365008442430e+05 2.106242864671913558e+05 2.106217650508307561e+05 2.106191997039741545e+05 2.106165853513257462e+05 2.106139115729530458e+05 2.106111496410250256e+05 2.106083223459474393e+05 2.106054630489902920e+05 2.106025452200764557e+05 2.105995118012122985e+05 2.105962786461864307e+05 2.105935226723157102e+05
1.464973084635440682e+04 2.097947855083573668e+05 2.097927766661666101e+05 2.097903599018339301e+05 2.097879359426316514e+05 2.097854426802244270e+05 2.097829109218080121e+05 2.097803337199467642e+05 2.097776993632058729e+05 2.097749832464495266e+05 2.097722079175708932e+05 2.097694006205207843e+05 2.097665340544917563e+05 2.097635536727118888e+05 2.097603782955605129e+05 2.097576701128302957e+05
1.554973084635440682e+04 2.091139707696039986e+05 2.091120113412839419e+05 2.091096379392171511e+05 2.091072429866935126e+05 2.091047828949823743e+05 2.091022863830143469e+05 2.090997423674125748e+05 2.090971368926719879e+05 2.090944474530099251e+05 2.090916982773817726e+05 2.090889146683811268e+05 2.090860689357474330e+05 2.090831079273481155e+05 2.090799535192050680e+05 2.090772649352778972e+05
1.644973084635440682e+04 2.081458119767982280e+05 2.081438903603658546e+05 2.081415491672729549e+05 2.081391724702756328e+05 2.081367348566539004e+05 2.081342606748869875e+05 2.081317351077133499e+05 2.081291422031508409e+05 2.081264614005160984e+05 2.081237185721153510e+05 2.081209375861645094e+05 2.081180900188939413e+05 2.081151230612548534e+05 2.081119600235121907e+05 2.081092642079961370e+05
1.734973084635440682e+04 2.086372242929998320e+05 2.086353847648060473e+05 2.086331309459123004e+05 2.086308359562916739e+05 2.086284846398450900e+05 2.086261026789317839e+05 2.086236717280368903e+05 2.086211729279325227e+05 2.086185860421968682e+05 2.086159440063381917e+05 2.086132755718160770e+05 2.086105508756359632e+05 2.086077134254026460e+05 2.086046773136731063e+05 2.086020662777356047e+05
1.824973084635440682e+04 2.100463609574462753e+05 2.100446308737162617e+05 2.100425282590980642e+05 2.100403372232776601e+05 2.100380881260786846e+05 2.100358176450074825e+05 2.100335080672836921e+05 2.100311385583630763e+05 2.100286798662575311e+05 2.100261703613002901e+05 2.100236521071768366e+05 2.100211016287511738e+05 2.100184697471379768e+05 2.100156772779049352e+05 2.100132800838469411e+05
1.914973084635440682e+04 2.107381122285395395e+05 2.107362907768200093e+05 2.107340217179475876e+05 2.107316860467949882e+05 2.107292944069677033e+05 2.107268683696588269e+05 2.107243922894072894e+05 2.107218493913541315e+05 2.107192199420917023e+05 2.107165284109849308e+05 2.107137952791760908e+05 2.107109920583743951e+05 2.107080688233271940e+05 2.107049516546265804e+05 2.107022929230147856e+05
2.004973084635440682e+04 2.116696901533814671e+05 2.116678685267384863e+05 2.116655849595518375e+05 2.116632308363434859e+05 2.116608220761328121e+05 2.116583770644423785e+05 2.116558805071083189e+05 2.116533163528688019e+05 2.116506662238926510e+05 2.116479516758274985e+05 2.116451892418130883e+05 2.116423502278223168e+05 2.116393859056739602e+05 2.116362249340155395e+05 2.116335334184492822e+05
2.094973084635440682e+04 2.131719390533303667e+05 2.131695493625306117e+05 2.131665046260081581e+05 2.131634448795691715e+05 2.131603367782704008e+05 2.131572009583904000e+05 2.131540254854729283e+05 2.131508000536204490e+05 2.131475071609719889e+05 2.131441690969238116e+05 2.131408076646775298e+05 2.131374014892996929e+05 2.131339137333235703e+05 2.131302957362060843e+05 2.131273243484535778e+05
2.185681865075827227e+04 2.120335021259481728e+05 2.120314731583423563e+05 2.120289039271002403e+05 2.120262669122898369e+05 2.120235719253956340e+05 2.120208302728843701e+05 2.120180322084721120e+05 2.120151664255445939e+05 2.120122092107422941e+05 2.120091687661662581e+05 2.120060558947360551e+05 2.120028459936426079e+05 2.119995105789501686e+05 2.119960273545678065e+05 2.119931790534212778e+05
2.275681865075827227e+04 1.941703841857159568e+05 1.941686893150951946e+05 1.941665156974276761e+05 1.941642960935653537e+05 1.941620076334212208e+05 1.941596748843768728e+05 1.941572934508291073e+05 1.941548514725557179e+05 1.941523193595564808e+05 1.941496949170411972e+05 1.941469987636373844e+05 1.941442347753152426e+05 1.941414023609966971e+05 1.941384974852278829e+05 1.941361620563104516e+05
2.365681865075827227e+04 1.845806300349766097e+05 1.845790005939444236e+05 1.845768482136270613e+05 1.845747104379636585e+05 1.845724863447612734e+05 1.845702082158441772e+05 1.845678766677685780e+05 1.845654828675112221e+05 1.845630007796565769e+05 1.845604279171361122e+05 1.845577872656261316e+05 1.845550901048511732e+05 1.845523407509754179e+05 1.845495376250707777e+05 1.845472970885288087e+05
2.455681865075827227e+04 1.867282966248802841e+05 1.867268837099705706e+05 1.867250110909715877e+05 1.867229893010688829e+05 1.867208911582161090e+05 1.867187643640735769e+05 1.867166037747546507e+05 1.867143991745361418e+05 1.867121154787569540e+05 1.867097574160742224e+05 1.867073584064451861e+05 1.867049186656647362e+05 1.867024267481691786e+05 1.866998637668533484e+05 1.866977934723824146e+05
2.497681865075827227e+04 1.890888853153560194e+05 1.890875257018427365e+05 1.890858575722633977e+05 1.890839425664184964e+05 1.890819764228028071e+05 1.890799821355523600e+05 1.890779484985930612e+05 1.890758630542621831e+05 1.890737121427725651e+05 1.890715126189035946e+05 1.890692825273079216e+05 1.890670088449085888e+05 1.890646646546746488e+05 1.890622069215115043e+05 1.890601481376949814e+05
