TIME P_Ch0_mesh1 P_Ch0_mesh2 P_Ch0_mesh3 P_Ch0_mesh4 P_Ch0_mesh5 P_Ch0_mesh6 P_Ch0_mesh7 P_Ch0_mesh8 P_Ch0_mesh9 P_Ch0_mesh10 P_Ch0_mesh11 P_Ch0_mesh12 P_Ch0_mesh13 P_Ch0_mesh14 P_Ch0_mesh15 
0.000000000000000000e+00 1.594517866609182023e+07 1.594338732350764424e+07 1.612420265094235539e+07 1.612207197464756854e+07 1.611994131679932028e+07 1.611781067881467380e+07 1.611568006189271808e+07 1.611354946721146815e+07 1.611141889592744969e+07 1.610928834914603457e+07 1.610715782794462331e+07 1.610502733346711099e+07 1.610289686695855111e+07 1.610076642924921587e+07 1.609908520237527788e+07
5.000040000000043960e+01 7.563366438908018172e+06 7.562506011724058539e+06 7.561842504639665596e+06 7.560765588704043999e+06 7.559639692190633155e+06 7.558465616402007639e+06 7.557267374971786514e+06 7.556067919829752296e+06 7.554879705443451181e+06 7.553706639568441547e+06 7.552548193149757572e+06 7.551402096008462831e+06 7.550264688702509739e+06 7.549119101426808164e+06 7.548160677405552007e+06
1.000003999999985922e+02 6.185014670535556972e+06 6.183377815068810247e+06 6.181357789923689328e+06 6.179425571496781893e+06 6.177519839052538387e+06 6.175639235551184043e+06 6.173782520167262293e+06 6.171948496450006962e+06 6.170135942282089964e+06 6.168343846984927543e+06 6.166570362899429165e+06 6.164817798198008910e+06 6.163070617637007497e+06 6.161389321187133901e+06 6.159909585117250681e+06
1.502405034099261059e+02 2.039833827118124580e+06 2.039523181856128154e+06 2.038164845602707705e+06 2.037863599355304148e+06 2.037577191964691970e+06 2.037302649425047450e+06 2.037037568258433836e+06 2.036780180962825427e+06 2.036529269476646092e+06 2.036284037399376743e+06 2.036043858126937645e+06 2.035807992529209005e+06 2.035575698880302021e+06 2.035346766675360035e+06 2.035181212242170703e+06
2.004200391960640388e+02 7.578695536839128472e+05 7.562820001694703242e+05 7.544183241219165502e+05 7.525847402691118186e+05 7.507997221843707375e+05 7.490610225148564205e+05 7.473646655659766402e+05 7.457084016451992793e+05 7.440848081920511322e+05 7.425079760150447255e+05 7.408902342573573114e+05 7.397272361395419575e+05 7.394605598894731374e+05 7.394288167103927117e+05 7.394089471942939563e+05
2.553043625042201370e+02 7.488515496563749621e+05 7.461198736819839105e+05 7.427390577346284408e+05 7.394134037450745236e+05 7.360857302264837781e+05 7.327563245524102822e+05 7.294254496799681801e+05 7.260933753789605107e+05 7.227604171232283115e+05 7.194269373568011215e+05 7.162225330641531618e+05 7.144385216951186303e+05 7.142964428453927394e+05 7.142715543142299866e+05 7.142523836759399856e+05
3.053043625042201370e+02 7.141845573157925392e+05 7.114162120922676986e+05 7.080102108468208462e+05 7.046471078806169098e+05 7.012821983456118032e+05 6.979155149129941128e+05 6.945471440412828233e+05 6.911772651766234776e+05 6.878061787676231470e+05 6.844342742062892066e+05 6.810619212939394638e+05 6.776896258930960903e+05 6.743170084210133646e+05 6.722500603327779099e+05 6.719383826217070455e+05
3.553043625042201370e+02 7.176603363557320554e+05 7.148776282507167198e+05 7.114372322649256093e+05 7.080583650375646539e+05 7.046785570224066032e+05 7.012978242313422961e+05 6.979161634191793855e+05 6.945335253891791217e+05 6.911497798563526012e+05 6.877646715815191856e+05 6.843777756399062928e+05 6.809885301403786289e+05 6.775962823417938780e+05 6.742003572742760880e+05 6.715175654507419094e+05
4.053043625042201370e+02 8.002251936235895846e+05 7.973911498932651011e+05 7.938373746148649370e+05 7.903882370750074042e+05 7.869351454059355892e+05 7.834785429523505736e+05 7.800187906715827994e+05 7.765561847183232894e+05 7.730909497595761204e+05 7.696231958243624540e+05 7.661528108537074877e+05 7.626793837422183715e+05 7.592022266241072211e+05 7.557207017193809152e+05 7.529703409200905589e+05
4.553043625042201370e+02 8.035246285341919865e+05 8.007240410879103001e+05 7.972359610648134258e+05 7.938279946286625927e+05 7.904161006910711294e+05 7.870005927233907860e+05 7.835815907238931395e+05 7.801591453065765090e+05 7.767333097456367686e+05 7.733041864193395013e+05 7.698719491983723128e+05 7.664368576293066144e+05 7.629992151763504371e+05 7.595592671532414388e+05 7.568430834686661838e+05
5.053043625042201370e+02 8.017039363810011419e+05 7.989176162074237363e+05 7.954475223693101434e+05 7.920602071558902971e+05 7.886698869049733039e+05 7.852766824296622071e+05 7.818806977866662201e+05 7.784820290027234005e+05 7.750807683090731734e+05 7.716770084255731199e+05 7.682708489588950761e+05 7.648624255300392397e+05 7.614519135584594915e+05 7.580395084618480178e+05 7.553454282002839027e+05
5.553043625042200802e+02 7.979070084028026322e+05 7.951091501199111808e+05 7.916226916344979545e+05 7.882226285270946100e+05 7.848201887227147818e+05 7.814154750141910044e+05 7.780085858445506310e+05 7.745996156372730620e+05 7.711886536619373364e+05 7.677757815786362626e+05 7.643610701170050306e+05 7.609445897054128582e+05 7.575264105665232055e+05 7.541066005018177675e+05 7.514067719114577631e+05
6.053043625042200802e+02 7.906921598769135308e+05 7.878962856085450621e+05 7.844150456350786844e+05 7.810182623735152883e+05 7.776195463721411070e+05 7.742189578925843816e+05 7.708165461500301026e+05 7.674123502735992661e+05 7.640064005580517696e+05 7.605987196368064033e+05 7.571893236012252746e+05 7.537782314489034470e+05 7.503654653932997026e+05 7.469510449304872891e+05 7.442554197181682102e+05
6.553043625042200802e+02 7.798694172433569329e+05 7.770716190048536519e+05 7.735881283554782858e+05 7.701894013665175298e+05 7.667889044751584297e+05 7.633866591302729212e+05 7.599826805394488620e+05 7.565769790270306403e+05 7.531695613461338216e+05 7.497604316504882881e+05 7.463495921895654174e+05 7.429370494738724083e+05 7.395228135993531905e+05 7.361068927278692136e+05 7.334100542784901336e+05
7.065543625042200802e+02 7.668530251923876349e+05 7.640535216713702539e+05 7.605678907144626137e+05 7.571672237964393571e+05 7.537648331029901747e+05 7.503607244534866186e+05 7.469549006040438544e+05 7.435473618985337671e+05 7.401381069224837702e+05 7.367271329894731753e+05 7.333144365937580587e+05 7.299000180381770479e+05 7.264838809869792312e+05 7.230660282831253717e+05 7.203676416178855579e+05
7.596793625042200802e+02 7.521976348855155520e+05 7.493965523098446429e+05 7.459088276281516301e+05 7.425062799766575918e+05 7.391020174223268405e+05 7.356960391589667415e+05 7.322883427877638023e+05 7.288789246624701191e+05 7.254677802233839175e+05 7.220549041508231312e+05 7.186402904638926266e+05 7.152239358938072110e+05 7.118058391741678352e+05 7.083859972639887128e+05 7.056860156184227671e+05
8.096793625042200802e+02 7.257846153513634345e+05 7.229826541854471434e+05 7.194941046955162892e+05 7.160904956847322173e+05 7.126851684795235051e+05 7.092781173881551949e+05 7.058693340500035556e+05 7.024588064443067415e+05 6.990465174203687347e+05 6.956324430243019015e+05 6.922165520411663456e+05 6.887988114913211903e+05 6.853791930446808692e+05 6.819576775151169859e+05 6.792562666009429377e+05
8.596793625042200802e+02 7.038148610545577249e+05 7.010105957848218968e+05 6.975190963194650831e+05 6.941126089506237768e+05 6.907043365460671484e+05 6.872942595526028890e+05 6.838823582006606739e+05 6.804686138745007338e+05 6.770530103169591166e+05 6.736355342155613471e+05 6.702161750944249798e+05 6.667949268331252970e+05 6.633717860823868541e+05 6.599467488272869959e+05 6.572425638607973233e+05
9.096793625042200802e+02 6.735784567554603564e+05 6.707735557513381355e+05 6.672785453815091169e+05 6.638688551502800547e+05 6.604573240663894685e+05 6.570439411500784336e+05 6.536286948674898595e+05 6.502115710315649631e+05 6.467925488419007743e+05 6.433715939052354079e+05 6.399486474764645100e+05 6.365236143370108912e+05 6.330963479036758654e+05 6.296666410477409372e+05 6.269582419654454570e+05
9.596793625042200802e+02 6.562945564861085732e+05 6.534859864109000191e+05 6.499877683050875785e+05 6.465755962992134737e+05 6.431614363744406728e+05 6.397452198527201544e+05 6.363268623530102195e+05 6.329062660350134829e+05 6.294833255848865956e+05 6.260579378925877390e+05 6.226300141887017526e+05 6.191994937737621367e+05 6.157663509740270674e+05 6.123305932016543811e+05 6.096174807089793030e+05
1.009679362504220080e+03 6.422294612612285418e+05 6.394184473549637478e+05 6.359171370785541367e+05 6.325016368819710333e+05 6.290838326821691589e+05 6.256636631026393734e+05 6.222410788564418908e+05 6.188160466280824039e+05 6.153885512740209233e+05 6.119585958589846268e+05 6.085261996770629194e+05 6.050913964409324108e+05 6.016542288741976954e+05 5.982147406575855566e+05 5.954988890335044125e+05
1.059679362504220080e+03 6.279533700696697924e+05 6.251389658105853014e+05 6.216331060734459898e+05 6.182132700720747234e+05 6.147910841613485245e+05 6.113665500991725130e+05 6.079396784829791868e+05 6.045104867144976743e+05 6.010789968248625519e+05 5.976452335739358095e+05 5.942092233290761942e+05 5.907709954285987187e+05 5.873305810212121578e+05 5.838880063450908056e+05 5.811698087193064857e+05
1.109679362504220080e+03 6.150204212893552613e+05 6.122033638626899337e+05 6.086939596359187271e+05 6.052710393184694694e+05 6.018458753217635676e+05 5.984184809290505946e+05 5.949888684978515375e+05 5.915570469102488132e+05 5.881230187316423981e+05 5.846867775170463137e+05 5.812483063745866530e+05 5.778075806792884832e+05 5.743645717648993013e+05 5.709192510057610925e+05 5.681987628851789050e+05
1.159679362504220080e+03 6.010360180686654057e+05 5.982170799111813540e+05 5.947050823316341266e+05 5.912799883135863347e+05 5.878526926269844407e+05 5.844231868775788462e+05 5.809914573015668429e+05 5.775574848961959360e+05 5.741212459690856049e+05 5.706827126735282363e+05 5.672418531262803590e+05 5.637986323709308635e+05 5.603530105634680949e+05 5.569049397801884916e+05 5.541821678302715300e+05
1.209679362504220080e+03 5.860718227941221558e+05 5.832512398475513328e+05 5.797370688923660200e+05 5.763099471832308918e+05 5.728805808361204108e+05 5.694489438248510705e+05 5.660150055647954578e+05 5.625787308916191105e+05 5.591400800613351166e+05 5.556990088509703055e+05 5.522554690515771508e+05 5.488094110484042903e+05 5.453607848535967059e+05 5.419095398769520689e+05 5.391841505624942947e+05
1.259679362504220080e+03 5.714201403965196805e+05 5.685977456624078332e+05 5.650812401829167502e+05 5.616517904575330904e+05 5.582200033451435156e+05 5.547858400069680065e+05 5.513492585276518948e+05 5.479102147442778805e+05 5.444686633676136844e+05 5.410245593561640708e+05 5.375778596200677566e+05 5.341285264180304948e+05 5.306765288524581119e+05 5.272218425607115496e+05 5.244937099138888298e+05
1.309679362504220080e+03 5.577102123593062861e+05 5.548856454260190949e+05 5.513663533984752139e+05 5.479340884260715684e+05 5.444993780878628604e+05 5.410621834882854018e+05 5.376224669413557276e+05 5.341801932998987613e+05 5.307353312841663137e+05 5.272878546808452811e+05 5.238377434305484639e+05 5.203849858691454865e+05 5.169295788428123342e+05 5.134715259354718728e+05 5.107407826214715024e+05
1.359679362504220080e+03 5.451058226093429839e+05 5.422788007118643727e+05 5.387563491319214227e+05 5.353209603416261962e+05 5.318830566124550533e+05 5.284426126238792203e+05 5.249996072945897467e+05 5.215540244298491161e+05 5.181058530935733579e+05 5.146550876279628719e+05 5.112017274114629836e+05 5.077457776561984210e+05 5.042872483238682034e+05 5.008261516302676755e+05 4.980930626463925582e+05
1.409679362504220080e+03 5.331244001028400380e+05 5.302945383124529617e+05 5.267680598303815350e+05 5.233291689237969113e+05 5.198877523850196740e+05 5.164438002652933937e+05 5.129973065230809152e+05 5.095482689120285213e+05 5.060966887300865492e+05 5.026425704838692909e+05 4.991859216699665994e+05 4.957267541056665359e+05 4.922650838159346022e+05 4.888009288242452312e+05 4.860654834147842485e+05
1.459679362504220080e+03 5.201259590379474103e+05 5.172942382155157975e+05 5.137657460619155318e+05 5.103246254446850508e+05 5.068810069080672110e+05 5.034348883192214416e+05 4.999862687082565972e+05 4.965351470769606531e+05 4.930815209164808621e+05 4.896253848759307293e+05 4.861667306697373861e+05 4.827055506881279871e+05 4.792418429154744954e+05 4.757756145997636486e+05 4.730385085727829137e+05
1.509679362504220080e+03 5.077377221913248068e+05 5.049038958212033031e+05 5.013728152995412238e+05 4.979291796309280326e+05 4.944830711983041256e+05 4.910344852925213054e+05 4.875834168221700820e+05 4.841298607311045635e+05 4.806738126750622177e+05 4.772152695918133832e+05 4.737542297543436871e+05 4.702906929543315200e+05 4.668246571524791070e+05 4.633561086345007643e+05 4.606171395768590737e+05
1.559679362504220080e+03 4.937797242544399924e+05 4.909440998360061785e+05 4.874102760572429979e+05 4.839644854258524138e+05 4.805162383452486829e+05 4.770655301522728987e+05 4.736123565308543039e+05 4.701567134630815708e+05 4.666985966913047014e+05 4.632380000071284012e+05 4.597749114327614661e+05 4.563093090674995910e+05 4.528411606061235070e+05 4.493704390107606887e+05 4.466297396066728979e+05
1.609679362504220080e+03 4.786732159476465313e+05 4.758356386253575329e+05 4.722997170384483179e+05 4.688515822909532581e+05 4.654010008905036957e+05 4.619479633569770958e+05 4.584924572251150385e+05 4.550344664449476404e+05 4.515739716222490533e+05 4.481109518105173483e+05 4.446453882249409216e+05 4.411772697236809181e+05 4.377065934519500006e+05 4.342333539927071542e+05 4.314906591472140863e+05
1.659679362504220080e+03 4.651491518822966027e+05 4.623096595816506306e+05 4.587712998980350094e+05 4.553208301926249987e+05 4.518678989402852021e+05 4.484124904990714276e+05 4.449545885307277204e+05 4.414941767777607893e+05 4.380312393524806248e+05 4.345657601957330480e+05 4.310977219280323479e+05 4.276271059661407489e+05 4.241538928154851892e+05 4.206780634247122216e+05 4.179332960029928945e+05
1.709679362504220080e+03 4.525952175716442289e+05 4.497538571757518803e+05 4.462131188855128712e+05 4.427603512040993664e+05 4.393051022747837706e+05 4.358473557303825510e+05 4.323870944884615601e+05 4.289243007780174958e+05 4.254589562969739200e+05 4.219910426749842591e+05 4.185205423367844778e+05 4.150474405513593811e+05 4.115717261641997029e+05 4.080933913073872682e+05 4.053466516157026053e+05
1.759679362504220080e+03 4.409380418972027255e+05 4.380943644650467322e+05 4.345506522058623959e+05 4.310950345252734842e+05 4.276369118399185245e+05 4.241762677702298970e+05 4.207130866328629781e+05 4.172473545123363147e+05 4.137790607761879219e+05 4.103082002789524267e+05 4.068347765440064250e+05 4.033588065303158364e+05 3.998803225087194587e+05 3.963993644855581224e+05 3.936506710276335361e+05
1.809679362504220080e+03 4.303798774518598802e+05 4.275342598365549929e+05 4.239881267897852231e+05 4.205301322272181860e+05 4.170696288641145802e+05 4.136066097818572307e+05 4.101410720540391048e+05 4.066730171111653326e+05 4.032024499242619495e+05 3.997293765368064633e+05 3.962538000372571987e+05 3.927757169095241115e+05 3.892951138364854851e+05 3.858119676388704684e+05 3.830614690073498059e+05
1.859679362504220080e+03 4.205272632688333397e+05 4.176808991422654362e+05 4.141339965539326076e+05 4.106751202930516447e+05 4.072137610972517869e+05 4.037499178245695075e+05 4.002835888295770274e+05 3.968147702891039662e+05 3.933434547172298771e+05 3.898696303428831743e+05 3.863932818446371239e+05 3.829143932185521116e+05 3.794329500224999501e+05 3.759489402494346723e+05 3.731977527140334132e+05
1.909679362504220080e+03 4.115002042779663461e+05 4.086520160926441313e+05 4.051025027899232809e+05 4.016414385018222383e+05 3.981779065810153261e+05 3.947118990065355320e+05 3.912434054050254053e+05 3.877724135231081164e+05 3.842989103085090755e+05 3.808228837183600990e+05 3.773443254882964538e+05 3.738632351929161814e+05 3.703796179206227534e+05 3.668934603869690327e+05 3.641405481120898621e+05
1.959679362504220080e+03 4.027975700101783150e+05 3.999463635826069512e+05 3.963932480876425980e+05 3.929285328588716802e+05 3.894613446004317375e+05 3.859916728451795061e+05 3.825195071828548098e+05 3.790448377386469510e+05 3.755676553831909550e+05 3.720879520449804259e+05 3.686057219576947973e+05 3.651209649773909478e+05 3.616336881321227411e+05 3.581439011034868308e+05 3.553882041231140029e+05
2.009679362504220080e+03 3.960098743491024361e+05 3.931580972628056188e+05 3.896234910599360010e+05 3.861580852348417975e+05 3.826902047399783623e+05 3.792198423005695222e+05 3.757469919089269824e+05 3.722716492091508699e+05 3.687938112759396317e+05 3.653134757884885184e+05 3.618306399022525293e+05 3.583453000857467996e+05 3.548574553372482769e+05 3.513671261382439989e+05 3.486110894225797965e+05
2.059679362504220080e+03 3.960969337460031384e+05 3.932478914875165210e+05 3.897305795407168334e+05 3.862608529976556310e+05 3.827865713242758648e+05 3.793088057834375068e+05 3.758281494097510586e+05 3.723448922764825402e+05 3.688591558651179657e+05 3.653709638890299830e+05 3.618802728206055472e+05 3.583870042539450224e+05 3.548911316838417551e+05 3.513928607711974764e+05 3.486309445738601498e+05
2.109679362504220080e+03 3.952375793984520133e+05 3.924132278458013316e+05 3.889027722333215643e+05 3.854572583555608289e+05 3.820033584887771285e+05 3.785428276989210281e+05 3.750771995069333352e+05 3.716076011421107105e+05 3.681347814181394642e+05 3.646592048594041262e+05 3.611811220293994993e+05 3.577005683314881171e+05 3.542172937918952666e+05 3.507307601546315709e+05 3.479768569648787379e+05
2.159679362504220080e+03 3.865670426947035594e+05 3.837194824647805654e+05 3.801655152581324801e+05 3.766951894268929027e+05 3.732203158754581818e+05 3.697418893477505771e+05 3.662604145798123791e+05 3.627761840631049126e+05 3.592894033893064479e+05 3.558002743330009398e+05 3.523090480064720032e+05 3.488160148692420335e+05 3.453213687523818808e+05 3.418249187133260421e+05 3.390639895454337238e+05
2.209679362504220080e+03 3.768982694358406588e+05 3.740396021103126113e+05 3.704643870957409381e+05 3.669821158373198705e+05 3.634971050278384355e+05 3.600097218452479574e+05 3.565201317653634469e+05 3.530284276321036159e+05 3.495346582809890388e+05 3.460388536272158381e+05 3.425410641088499688e+05 3.390414137849039398e+05 3.355401522868886823e+05 3.320376831571881194e+05 3.292731930819317349e+05
2.259679362504220080e+03 3.664325496748749865e+05 3.635747762995248777e+05 3.600098611174747930e+05 3.565328850093549117e+05 3.530530326471017324e+05 3.495707913889033953e+05 3.460863818292132928e+05 3.425999246255480102e+05 3.391115020672335522e+05 3.356211706653860165e+05 3.321289468311789096e+05 3.286347858610769617e+05 3.251385753893060610e+05 3.216401335953806411e+05 3.188776003150728648e+05
2.309679362504220080e+03 3.615137002946718130e+05 3.586598207072994555e+05 3.550975077439051238e+05 3.516219355057401699e+05 3.481432500212722807e+05 3.446621507433519582e+05 3.411789054622080293e+05 3.376936162154639605e+05 3.342063010209117783e+05 3.307169129066072637e+05 3.272253413950317190e+05 3.237314195188267622e+05 3.202349449550274876e+05 3.167356846507077571e+05 3.139720756744233659e+05
2.359679362504220080e+03 3.521139873039973318e+05 3.492541536148394225e+05 3.456891447247138713e+05 3.422127789329569205e+05 3.387340780747588724e+05 3.352532140557734529e+05 3.317702206755760708e+05 3.282850533111582045e+05 3.247976080925075221e+05 3.213077301502766786e+05 3.178152221507308423e+05 3.143198606666654814e+05 3.108214281810255488e+05 3.073197716387514374e+05 3.045542053312609205e+05
2.409679362504220080e+03 3.460103292284518247e+05 3.431496243345552939e+05 3.395835765250741970e+05 3.361072726203878992e+05 3.326286898124018335e+05 3.291478103868712788e+05 3.256645473746089847e+05 3.221787727116628084e+05 3.186903388145518838e+05 3.151991030742193107e+05 3.117049570841389359e+05 3.082078587344616535e+05 3.047078588155216421e+05 3.012051126398783526e+05 2.984391530072800815e+05
2.459679362504220080e+03 3.490969076848017867e+05 3.462417416793661541e+05 3.426788016206908505e+05 3.392029523758869036e+05 3.357240220642694621e+05 3.322424330478630145e+05 3.287582273169619730e+05 3.252713470056093065e+05 3.217817209659938235e+05 3.182892871021543397e+05 3.147939824869791628e+05 3.112957028295008349e+05 3.077942248902573483e+05 3.042891074956939556e+05 3.015201546134286909e+05
2.509679362504220080e+03 3.351246399982238654e+05 3.322602020695809624e+05 3.286904763783469680e+05 3.252089172289033886e+05 3.217246486027230276e+05 3.182376377287938958e+05 3.147478049954547314e+05 3.112550505000986159e+05 3.077592682659324491e+05 3.042603737484979792e+05 3.007583561641022097e+05 2.972533449063756852e+05 2.937456408865358680e+05 2.902356358939464553e+05 2.874642858557914151e+05
2.559679362504220080e+03 3.173842001622308162e+05 3.145659373408228857e+05 3.110789321843539947e+05 3.076540696226803702e+05 3.042249878551571164e+05 3.007904212832332705e+05 2.973493840527518187e+05 2.939013227380567114e+05 2.904461356735822046e+05 2.869840861351083731e+05 2.835156586335794418e+05 2.800413740819113445e+05 2.765614604947797488e+05 2.730750104182614596e+05 2.703168494487584103e+05
2.609679362504220080e+03 3.087517282332463074e+05 3.059076976252564928e+05 3.024307885957050603e+05 2.989661663895425154e+05 2.954952529068638687e+05 2.920184347808984458e+05 2.885360678734405083e+05 2.850485909279145999e+05 2.815565446069967584e+05 2.780605290141468286e+05 2.745611081244659144e+05 2.710586787271362846e+05 2.675533565130315837e+05 2.640449905727011501e+05 2.612741862997469143e+05
2.659679362504220080e+03 2.982473896227418445e+05 2.953650547788101248e+05 2.917690909123964375e+05 2.882593661401686841e+05 2.847433749499453115e+05 2.812214298274929752e+05 2.776938967663826770e+05 2.741612078816602007e+05 2.706238851420866558e+05 2.670825585790020414e+05 2.635379598533883691e+05 2.599908804743139481e+05 2.564421019007653231e+05 2.528923330771113979e+05 2.500907489767966908e+05
2.709679362504220080e+03 2.921277621426861151e+05 2.892600195199882146e+05 2.856853968865479692e+05 2.821903433683697367e+05 2.786893730811424321e+05 2.751834112617645296e+05 2.716731060392794316e+05 2.681589815768910921e+05 2.646414947968889028e+05 2.611210532948489417e+05 2.575980110364178254e+05 2.540726282276668062e+05 2.505449748258166073e+05 2.470148365748240903e+05 2.442270994198435801e+05
2.759679362504220080e+03 2.903022688744645566e+05 2.874142161361046019e+05 2.838139491757003707e+05 2.803018398930960102e+05 2.767863125176370377e+05 2.732676713665159186e+05 2.697461316447972786e+05 2.662218226125754300e+05 2.626947943664100021e+05 2.591650385520466371e+05 2.556325270864744089e+05 2.520972624535723589e+05 2.485593142825782124e+05 2.450188017689354019e+05 2.422230894021881686e+05
2.809679362504220080e+03 2.916883123705560574e+05 2.888040572854115162e+05 2.851982221785514266e+05 2.816841908130932134e+05 2.781669673510602443e+05 2.746468120407546521e+05 2.711238191733973217e+05 2.675980494168129517e+05 2.640695557383092819e+05 2.605383864492204448e+05 2.570045750881459971e+05 2.534681221028911241e+05 2.499289785949752259e+05 2.463870592314397218e+05 2.435901285285942431e+05
2.859679362504220080e+03 3.004987012113536475e+05 2.976478401023023180e+05 2.941192405152217834e+05 2.906382551416916540e+05 2.871465491560605005e+05 2.836463162897910224e+05 2.801396765962072532e+05 2.766282093972273287e+05 2.731129108892887598e+05 2.695943281395389931e+05 2.660727059664769331e+05 2.625480705467002699e+05 2.590202169985590153e+05 2.554885975218149251e+05 2.526984415371146752e+05
2.909679362504220080e+03 3.334753486858225660e+05 3.306119372699000523e+05 3.269937394320000894e+05 3.235090821814753581e+05 3.200195872823773534e+05 3.165251058220815030e+05 3.130254496329079266e+05 3.095204609035378089e+05 3.060100296534014633e+05 3.024940700388653204e+05 2.989724504302988062e+05 2.954448772074306034e+05 2.919107746905101812e+05 2.883693475955538452e+05 2.855698609110859688e+05
2.959679362504220080e+03 3.169017642381473561e+05 3.140579626412615180e+05 3.105554468129038578e+05 3.070927670667133643e+05 3.036225305853130994e+05 3.001447665616746526e+05 2.966599046439373051e+05 2.931684672003640444e+05 2.896709138360604411e+05 2.861676245028746780e+05 2.826589599683813285e+05 2.791453447054050048e+05 2.756273316690415959e+05 2.721055942518814118e+05 2.693242309134854586e+05
3.009679362504220080e+03 3.136983989264353295e+05 3.108593864095684257e+05 3.073119255341782700e+05 3.038505563235587324e+05 3.003818212402547360e+05 2.969062974854696658e+05 2.934246190388704999e+05 2.899374179364189622e+05 2.864452762853305321e+05 2.829487032945438405e+05 2.794481268383647548e+05 2.759439040457711671e+05 2.724363778153417516e+05 2.689259962454414344e+05 2.661542832450562855e+05
3.059679362504220080e+03 3.056425979259051965e+05 3.027854926475939574e+05 2.992202534733148641e+05 2.957324525522193289e+05 2.922375823496806552e+05 2.887365426713579800e+05 2.852298125975052826e+05 2.817178403520983993e+05 2.782011894441250479e+05 2.746805807129376917e+05 2.711568701061725151e+05 2.676309708920025732e+05 2.641037417439448182e+05 2.605759065099175205e+05 2.577919765610642789e+05
3.109679362504220080e+03 2.986588863623606740e+05 2.957651175231871312e+05 2.921518110997129115e+05 2.886279786038551247e+05 2.850982711717318743e+05 2.815630571408583783e+05 2.780226701168948202e+05 2.744774169392939657e+05 2.709276162145638955e+05 2.673736703080013394e+05 2.638161492360336706e+05 2.602558394097228884e+05 2.566936950519880047e+05 2.531306546305919474e+05 2.503186605591048428e+05
3.159679362504220080e+03 2.965932468834408792e+05 2.937072363161101821e+05 2.900095987584583345e+05 2.864841984641262679e+05 2.829515505131770624e+05 2.794127891862982069e+05 2.758684475117725669e+05 2.723189038148222608e+05 2.687645707882007700e+05 2.652059911779212998e+05 2.616438845642124361e+05 2.580791379950377159e+05 2.545127262227265455e+05 2.509455699244010320e+05 2.481304228890180239e+05
3.209679362504220080e+03 2.928031713317591348e+05 2.899448320747927646e+05 2.864475543466187082e+05 2.829625996254457859e+05 2.794691583214074490e+05 2.759681785822967649e+05 2.724606452288578730e+05 2.689474371425895952e+05 2.654293096872078604e+05 2.619069299359877477e+05 2.583809172706327226e+05 2.548518651847058209e+05 2.513203364656804188e+05 2.477868476189172943e+05 2.449973506805756188e+05
3.259679362504220080e+03 2.901697801948137931e+05 2.872340569983565365e+05 2.837464021645673783e+05 2.801722235401928192e+05 2.765924524151350488e+05 2.730076853488457273e+05 2.694184507851958624e+05 2.658252068666177802e+05 2.622283560505497735e+05 2.586282711855894595e+05 2.550253294742572762e+05 2.514199456939316588e+05 2.478125848606783256e+05 2.442037277940852218e+05 2.413549926263083762e+05
3.309679362504220080e+03 2.869226184247822966e+05 2.840044096161848865e+05 2.801466632723722141e+05 2.765883417358078877e+05 2.730238897746960283e+05 2.694540069626885816e+05 2.658792030341823120e+05 2.622999972875062376e+05 2.587169810713909974e+05 2.551308194664689654e+05 2.515422072964032996e+05 2.479517744127204642e+05 2.443599343161983707e+05 2.407666651865792228e+05 2.379296825377274363e+05
3.359679362504220080e+03 2.800378590583148762e+05 2.771901070335314726e+05 2.736584516918151057e+05 2.701972667914432241e+05 2.667322891058389214e+05 2.632629978242342477e+05 2.597890517289798590e+05 2.563102821494415984e+05 2.528266700519715378e+05 2.493383136922205158e+05 2.458453739913417376e+05 2.423479380903287383e+05 2.388456468088063702e+05 2.353369241530114086e+05 2.325615836889659113e+05
3.409679362504220080e+03 2.827992736230026931e+05 2.799606753951334395e+05 2.765038567659794935e+05 2.730501452048209030e+05 2.695913606876212871e+05 2.661274410019741044e+05 2.626583025862409268e+05 2.591838274945013691e+05 2.557039138753763400e+05 2.522186037857907068e+05 2.487282594878004747e+05 2.452336933783491841e+05 2.417361037242235325e+05 2.382367242781631649e+05 2.354745242527847586e+05
3.459679362504220080e+03 2.802727364379731589e+05 2.774149287065273966e+05 2.737000654196991818e+05 2.702111583810737939e+05 2.667144284858127940e+05 2.632112903607503977e+05 2.597025842442639405e+05 2.561888356536697538e+05 2.526704085564155539e+05 2.491476061425069929e+05 2.456207731561528635e+05 2.420904010677046026e+05 2.385571881377850659e+05 2.350219919808533450e+05 2.322313746490970079e+05
3.509679362504220080e+03 2.886374455640750239e+05 2.857928984065135010e+05 2.822497675626904820e+05 2.787850153292838368e+05 2.753133493453206611e+05 2.718348394935413380e+05 2.683497168768086703e+05 2.648583531445698463e+05 2.613612037893311353e+05 2.578587447020726686e+05 2.543514027678840794e+05 2.508394572252242651e+05 2.473228846553718613e+05 2.438011597797208815e+05 2.410176386790833494e+05
3.559679362504220080e+03 2.928141744995384943e+05 2.899294477405174403e+05 2.863398582241701661e+05 2.828274516930188984e+05 2.793087173343605245e+05 2.757837467173393234e+05 2.722526170839964179e+05 2.687153987285703770e+05 2.651721811007558717e+05 2.616231259230422147e+05 2.580685445701422577e+05 2.545089814609848254e+05 2.509452713970539044e+05 2.473785372649793862e+05 2.445625442743684107e+05
3.609679362504220080e+03 2.829073883070883458e+05 2.800464984102243325e+05 2.764390736254113726e+05 2.729382539317758637e+05 2.694293240693375119e+05 2.659147574077945319e+05 2.623957925677048042e+05 2.588730963002545177e+05 2.553470535145776230e+05 2.518178759098574810e+05 2.482856863567626860e+05 2.447506591292009398e+05 2.412132176264959853e+05 2.376742052423000569e+05 2.348810010046233074e+05
3.659679362504220080e+03 2.835015662179390201e+05 2.807179414915553061e+05 2.772653542119142367e+05 2.738677660468496615e+05 2.704595930249551893e+05 2.670423244288330898e+05 2.636176371829195996e+05 2.601870039730013814e+05 2.567515813888155681e+05 2.533122158382649359e+05 2.498694902999622573e+05 2.464237910442116554e+05 2.429753953601657704e+05 2.395246070393384143e+05 2.368002943605075416e+05
3.709679362504220080e+03 2.782846307427102001e+05 2.754025662758476101e+05 2.717139975105206831e+05 2.682070765202977927e+05 2.646939191116787842e+05 2.611740337493526167e+05 2.576471835302253312e+05 2.541133788090178568e+05 2.505728519532119390e+05 2.470259979221363028e+05 2.434732974822908291e+05 2.399152401035988296e+05 2.363522475412378844e+05 2.327845781735658820e+05 2.299664889204893843e+05
3.759679362504220080e+03 2.838073067087879754e+05 2.809537348821196938e+05 2.772475082629059325e+05 2.737749259744947194e+05 2.702960279033245170e+05 2.668105239582839422e+05 2.633184064826886170e+05 2.598198223971805710e+05 2.563149928432476590e+05 2.528041702498349478e+05 2.492876133182810736e+05 2.457655492158987327e+05 2.422380832420267106e+05 2.387050449899825908e+05 2.359135871149777086e+05
3.809679362504220080e+03 2.870266782976484974e+05 2.841740763386434992e+05 2.806065350162928808e+05 2.771281000274473918e+05 2.736425514212299022e+05 2.701502577891281107e+05 2.666512071028575301e+05 2.631452046973781544e+05 2.596319968908135779e+05 2.561113593337759958e+05 2.525831611423399299e+05 2.490473944757470745e+05 2.455041842233418429e+05 2.419538511710375897e+05 2.391481384029166366e+05
3.859679362504220080e+03 2.883612997068527038e+05 2.854776513272591983e+05 2.818898811947240029e+05 2.783734477105233818e+05 2.748488780951560475e+05 2.713166967306719162e+05 2.677771844916590489e+05 2.642305014474592172e+05 2.606767681587370753e+05 2.571161157617401332e+05 2.535487116215459246e+05 2.499747604456415283e+05 2.463944913742132194e+05 2.428082367522042186e+05 2.399746155759424728e+05
3.909679362504220080e+03 2.897591610481257085e+05 2.868813266931015532e+05 2.832879456654764363e+05 2.797769231048500515e+05 2.762570346138234017e+05 2.727291832704585977e+05 2.691940349012003280e+05 2.656520914534695912e+05 2.621037559005785733e+05 2.585493738388663623e+05 2.549892503384609008e+05 2.514236542576936772e+05 2.478528773933655466e+05 2.442775083585480752e+05 2.414536452386911260e+05
3.959679362504220080e+03 2.906321844340083189e+05 2.877530839378770906e+05 2.841323732124460512e+05 2.806145712642441504e+05 2.770871645846404717e+05 2.735512866494393093e+05 2.700078404114300502e+05 2.664575321272596484e+05 2.629009047068175860e+05 2.593383763674734219e+05 2.557702826786028163e+05 2.521969362121293670e+05 2.486187339936866774e+05 2.450363294289518089e+05 2.422070875533706567e+05
4.009679362504220080e+03 2.898629126612877008e+05 2.870564836769297835e+05 2.836447370355735184e+05 2.802200863681701012e+05 2.767847357005439699e+05 2.733390626512191375e+05 2.698837131399216596e+05 2.664194769814911997e+05 2.629471688629005221e+05 2.594675288891534146e+05 2.559811500637475110e+05 2.524884362104570610e+05 2.489896201461125456e+05 2.454849200255647593e+05 2.427156940536793554e+05
4.059679362504220080e+03 2.930958855975911138e+05 2.902671609270799090e+05 2.867872404677092563e+05 2.833406669113135431e+05 2.798852056647634017e+05 2.764205838236118434e+05 2.729468149237079779e+05 2.694640511461971910e+05 2.659725033277086914e+05 2.624723901537592756e+05 2.589638889814385329e+05 2.554470601193368493e+05 2.519216741148234578e+05 2.483869469924401201e+05 2.455906426053468895e+05
4.109679362504220080e+03 2.956854624109701253e+05 2.928324469315917231e+05 2.892745609074519016e+05 2.858004959762138897e+05 2.823192924337078002e+05 2.788304708854437340e+05 2.753336449722286779e+05 2.718285200998726068e+05 2.683148654339872883e+05 2.647924643945288262e+05 2.612610410560070013e+05 2.577201682162521465e+05 2.541691961906451324e+05 2.506071761753503233e+05 2.477871645032496890e+05
4.159679362504220080e+03 2.932816971462047077e+05 2.904594967286089086e+05 2.869351705100417021e+05 2.834911432876241161e+05 2.800365267587327980e+05 2.765715776583557599e+05 2.730966045712467749e+05 2.696118151760323672e+05 2.661173284110940294e+05 2.626132634568042704e+05 2.590998493054587161e+05 2.555775153922624595e+05 2.520469062560817983e+05 2.485087227218230837e+05 2.457120314705724013e+05
4.209679362504220080e+03 2.892038794475952163e+05 2.863347925730760908e+05 2.826139566598915262e+05 2.791057147311376175e+05 2.755855242629619315e+05 2.720545388985167374e+05 2.685136439639941091e+05 2.649635723185229581e+05 2.614050195560320863e+05 2.578387286488749087e+05 2.542655408991894510e+05 2.506864281123525579e+05 2.471025643654870801e+05 2.435155621770752477e+05 2.406841176613912103e+05
4.259679362504220080e+03 2.891359664434955339e+05 2.862607987533853156e+05 2.826644437618458178e+05 2.791477429439176340e+05 2.756223856452348409e+05 2.720901465141269146e+05 2.685521522367681609e+05 2.650092254570794757e+05 2.614619875551305304e+05 2.579109011275829980e+05 2.543563245208852459e+05 2.507986066727544239e+05 2.472382206405266770e+05 2.436759165721514437e+05 2.408641502169620653e+05
4.309679362504220080e+03 2.829985833322874969e+05 2.800914857115697232e+05 2.764710143003638950e+05 2.729260142584427376e+05 2.693711605250028661e+05 2.658071365489198943e+05 2.622351769104753039e+05 2.586567818778341170e+05 2.550734682437208539e+05 2.514866010094870289e+05 2.478973010861338407e+05 2.443064115810039220e+05 2.407145230469595408e+05 2.371220858056476281e+05 2.342870461061480455e+05
4.359679362504220080e+03 2.823810967611736269e+05 2.795183384185315226e+05 2.758610400072842604e+05 2.723627471565112355e+05 2.688566828002769616e+05 2.653443333245066460e+05 2.618266262737492798e+05 2.583042615888339351e+05 2.547778310506237904e+05 2.512478808414180239e+05 2.477149706455635605e+05 2.441797307547123637e+05 2.406428927025331068e+05 2.371052566578978440e+05 2.343133862659281876e+05
4.409679362504220080e+03 2.843146881938395090e+05 2.814028909643889638e+05 2.777713176620370359e+05 2.742228403467093012e+05 2.706665710238388856e+05 2.671030546011520200e+05 2.635329243533192202e+05 2.599568305807416327e+05 2.563753739672766242e+05 2.527890628166894894e+05 2.491982977787445125e+05 2.456033782592077332e+05 2.420045366404659871e+05 2.384020571218751138e+05 2.355569875582970853e+05
4.459679362504220080e+03 2.902270088491252391e+05 2.873761599611355341e+05 2.838228009222926921e+05 2.803587569400817156e+05 2.768908566688656574e+05 2.734179296874868451e+05 2.699390445867449162e+05 2.664535714057949954e+05 2.629611459459144971e+05 2.594615929020679032e+05 2.559548427477967343e+05 2.524408565580556169e+05 2.489195700554052019e+05 2.453908921178310411e+05 2.426017576931750518e+05
4.509679362504220080e+03 2.941099138219952583e+05 2.912791958881733590e+05 2.877507196937815752e+05 2.843119408254672308e+05 2.808705289653251530e+05 2.774259790952255134e+05 2.739778466913598240e+05 2.705257043477215338e+05 2.670691146490319516e+05 2.636076140756806708e+05 2.601406848804773472e+05 2.566676837035539793e+05 2.531876924325257714e+05 2.496992958728705707e+05 2.469409818297330348e+05
4.559679362504220080e+03 2.933885616744527943e+05 2.905504347859378322e+05 2.869984988166838884e+05 2.835476805887435330e+05 2.800929656994210673e+05 2.766342932021462475e+05 2.731714769647835055e+05 2.697040908274161629e+05 2.662313875628093374e+05 2.627521756083067157e+05 2.592646627533629944e+05 2.557663848767912423e+05 2.522544530322548235e+05 2.487263390500239038e+05 2.459323242988115235e+05
4.609679362504220080e+03 2.857487778578100260e+05 2.845901533808433451e+05 2.815370157493486186e+05 2.801253062407362158e+05 2.787092241417116020e+05 2.772884842564021819e+05 2.758635487920357846e+05 2.744352781784765539e+05 2.730046098969949526e+05 2.715723772089130362e+05 2.701392535310338717e+05 2.687057612492450862e+05 2.672723036397142569e+05 2.658392166590724955e+05 2.647089979409358930e+05
4.659679362504220080e+03 2.847882602768375655e+05 2.818712888794356841e+05 2.785368381295525469e+05 2.749831828074736404e+05 2.714227178082099417e+05 2.678562090807105415e+05 2.642843946446120390e+05 2.607079349647561612e+05 2.571274188928665244e+05 2.535434113969794998e+05 2.499565587363393570e+05 2.463677345828257094e+05 2.427781674139144307e+05 2.391896533871438587e+05 2.363626724413340562e+05
4.709679362504220080e+03 2.802969754053293145e+05 2.774253550878513488e+05 2.737474700018590083e+05 2.702458485676413984e+05 2.667335405860030442e+05 2.632111778719122522e+05 2.596799469581327576e+05 2.561410450903659512e+05 2.525954784912176838e+05 2.490440534945160616e+05 2.454874351328660268e+05 2.419262144803605333e+05 2.383609677973859361e+05 2.347923030531741097e+05 2.319743720361060696e+05
4.759679362504220080e+03 2.815337981303057168e+05 2.786689708626590436e+05 2.750942832034734311e+05 2.716078811612796853e+05 2.681136510976490099e+05 2.646106145724495873e+05 2.610985608383745712e+05 2.575778315530224063e+05 2.540490870152833813e+05 2.505131295034845534e+05 2.469707914794529788e+05 2.434228755942902935e+05 2.398701308413586521e+05 2.363132504343086330e+05 2.335042187177705637e+05
4.809679362504220080e+03 2.886564233111896319e+05 2.858213082485830528e+05 2.822898163016793551e+05 2.788463445392547292e+05 2.754005742733099032e+05 2.719515721367608639e+05 2.684982893543489627e+05 2.650397223434699117e+05 2.615750359400464513e+05 2.581036190520220844e+05 2.546250784155960137e+05 2.511391967348712205e+05 2.476458847401291714e+05 2.441451622759174788e+05 2.413776013584793545e+05
4.859679362504220080e+03 2.948332933472580626e+05 2.919955698639442562e+05 2.884576319255956914e+05 2.850103144447254017e+05 2.815605714860311127e+05 2.781080595134646865e+05 2.746524500475216191e+05 2.711933758709851536e+05 2.677304070040715160e+05 2.642630498951804475e+05 2.607907474563531578e+05 2.573128445516889042e+05 2.538284606670729700e+05 2.503361947872103192e+05 2.475750634626803803e+05
4.909679362504220080e+03 2.889424876210233779e+05 2.860690433017968317e+05 2.825416195994871086e+05 2.790397445406968473e+05 2.755273534242116730e+05 2.720028689735148218e+05 2.684652280964622041e+05 2.649142802593109081e+05 2.613510515580446227e+05 2.577777247670660727e+05 2.541972781992731325e+05 2.506128593302983209e+05 2.470270646388366586e+05 2.434413558349492960e+05 2.406118448653208034e+05
4.959679362504220080e+03 2.858018139979728730e+05 2.830228509817760205e+05 2.799677913254566374e+05 2.765802397617758834e+05 2.731845766429692158e+05 2.697814845274772961e+05 2.663718630139148445e+05 2.629567057739895536e+05 2.595369768165338610e+05 2.561135577022243524e+05 2.526872467626395810e+05 2.492588425285482663e+05 2.458293365580640093e+05 2.424004280363497382e+05 2.397001773232013511e+05
5.009679362504220080e+03 2.790148951131752110e+05 2.761759976644275594e+05 2.726328258640384884e+05 2.691783294976035249e+05 2.657164826133903116e+05 2.622463500434695743e+05 2.587677622756069759e+05 2.552810918422988034e+05 2.517869926311832969e+05 2.482862143319784373e+05 2.447795081933600304e+05 2.412675987582301896e+05 2.377511925207547320e+05 2.342309838884997589e+05 2.314508919288218603e+05
5.059679362504220080e+03 2.806993601350607350e+05 2.778499606419843039e+05 2.743885179858776391e+05 2.709156460480925743e+05 2.674339203884246526e+05 2.639436885193407070e+05 2.604455791000501777e+05 2.569403315992100106e+05 2.534287016507782391e+05 2.499114058688019286e+05 2.463890910456722195e+05 2.428623206174416409e+05 2.393315505044119200e+05 2.357970003565571969e+05 2.330051761807814764e+05
5.109679362504220080e+03 2.852634269043868990e+05 2.824440378965693526e+05 2.789338141404180788e+05 2.754974062322276877e+05 2.720534159571457421e+05 2.686018969190936768e+05 2.651428298297513975e+05 2.616762533651158737e+05 2.582023024310555484e+05 2.547211955668981827e+05 2.512332264896788402e+05 2.477387949069174356e+05 2.442384759505272959e+05 2.407330860629424860e+05 2.379639878615325142e+05
5.159679362504220080e+03 2.844569280074958224e+05 2.815988241514287074e+05 2.778879627419846365e+05 2.744061635440987302e+05 2.709151471185646951e+05 2.674146782490656478e+05 2.639049993888299214e+05 2.603864604318638740e+05 2.568593657518129912e+05 2.533239747537641379e+05 2.497805758436027681e+05 2.462295759329046705e+05 2.426715667349027644e+05 2.391073429261721903e+05 2.362914605348577315e+05
5.209679362504220080e+03 2.906592716120248660e+05 2.878101341814442421e+05 2.842768901396533474e+05 2.808140016251558554e+05 2.773465879668912967e+05 2.738733832555241534e+05 2.703933011767814169e+05 2.669055148747863714e+05 2.634094490164741874e+05 2.599047233914722747e+05 2.563910772733276244e+05 2.528682474227992934e+05 2.493356586030749022e+05 2.457916702501000545e+05 2.429848844157668063e+05
5.259679362504220080e+03 2.897534593446780345e+05 2.869330524809084018e+05 2.834020041281271260e+05 2.799744191633586306e+05 2.765429818729277467e+05 2.731068306979336776e+05 2.696652067091534846e+05 2.662174410761814797e+05 2.627629305739947595e+05 2.593011141746841895e+05 2.558314591521101538e+05 2.523534617824163870e+05 2.488666610895582417e+05 2.453706643157628714e+05 2.426064143523188250e+05
5.309679362504220080e+03 2.811683517762051197e+05 2.788546719086829689e+05 2.757028935005607200e+05 2.728844641859845142e+05 2.700563319735939731e+05 2.672169706410382641e+05 2.643663678308275994e+05 2.615056242263525201e+05 2.586363825920763484e+05 2.557603794260888535e+05 2.528791962334644340e+05 2.499941686375372228e+05 2.471063906199541525e+05 2.442167605546663981e+05 2.419358024193028978e+05
5.359679362504220080e+03 2.756824092010482564e+05 2.729794202161733410e+05 2.704540475974871079e+05 2.671711132227027556e+05 2.638859686621938017e+05 2.605980328515695292e+05 2.573067567701845255e+05 2.540116615166260453e+05 2.507123466877987958e+05 2.474084868328485754e+05 2.440998436016124615e+05 2.407863577701237227e+05 2.374686842418976594e+05 2.341575044094999030e+05 2.316345980949484219e+05
5.409679362504220080e+03 2.791635760576931061e+05 2.761234670506143011e+05 2.721101231432638597e+05 2.684051462704593432e+05 2.646929648537175381e+05 2.609744878206168360e+05 2.572502686227944796e+05 2.535206961097798194e+05 2.497862229490265599e+05 2.460474923561927862e+05 2.423053396113617928e+05 2.385606758133445401e+05 2.348142945625132998e+05 2.310667226558231923e+05 2.281087854471684841e+05
5.459679362504220080e+03 2.747421275069491239e+05 2.716737875649246853e+05 2.662205884147805045e+05 2.624876415629165131e+05 2.587507223034388444e+05 2.550101683006061066e+05 2.512663060839870304e+05 2.475194947149922373e+05 2.437701362955124641e+05 2.400186717479024664e+05 2.362655855505187938e+05 2.325109997546117811e+05 2.287680856156194059e+05 2.255637456990280771e+05 2.193688868337379536e+05
5.509679362504220080e+03 2.742454254516448709e+05 2.713983105082222610e+05 2.678490797209815937e+05 2.643879118025236530e+05 2.609238650523371762e+05 2.574573460989018204e+05 2.539887949888375588e+05 2.505186576138465316e+05 2.470473794997016666e+05 2.435754058536054799e+05 2.401031847659358755e+05 2.366311607644972974e+05 2.331596429469594441e+05 2.296881385235914786e+05 2.269473786209329555e+05
5.559679362504220080e+03 2.747271100720679387e+05 2.718810826741982019e+05 2.683325073789393064e+05 2.648726272543119849e+05 2.614099580831505882e+05 2.579449007044997707e+05 2.544778895825837972e+05 2.510093657603590691e+05 2.475397493356695340e+05 2.440694422697471455e+05 2.405988415544852614e+05 2.371283122302361007e+05 2.336580755496293423e+05 2.301877431835005118e+05 2.274490249056140892e+05
5.609679362504220080e+03 2.743009071188006783e+05 2.714461829210480792e+05 2.678879022552774404e+05 2.644197216711162473e+05 2.609500317047085846e+05 2.574792366906902171e+05 2.540077500318108941e+05 2.505360147768256138e+05 2.470645533290692256e+05 2.435940451939914783e+05 2.401254016280035430e+05 2.366597546766348532e+05 2.331982072011527489e+05 2.311852898211790307e+05 2.310049921469122637e+05
5.659679362504220080e+03 2.746302237701744889e+05 2.717787691088091233e+05 2.682242297645978979e+05 2.647579779039282002e+05 2.612899297727557423e+05 2.578207302288679348e+05 2.543509143564366386e+05 2.508810439431928098e+05 2.474117859524931118e+05 2.439439588115933875e+05 2.404785346411713399e+05 2.370165724427551322e+05 2.335589581747560587e+05 2.301058785364525975e+05 2.276080699038992461e+05
5.709679362504220080e+03 2.751226490137806977e+05 2.722681205047655967e+05 2.687104809959133854e+05 2.652436739947877941e+05 2.617764102423058939e+05 2.583093322457250906e+05 2.548431412076749548e+05 2.513786011065673374e+05 2.479164765717689879e+05 2.444573750045385386e+05 2.410016431828140339e+05 2.375494231447519269e+05 2.345757643096081738e+05 2.333526407070666319e+05 2.333480363163966103e+05
5.759679362504220080e+03 2.749523448708698270e+05 2.720987561421190621e+05 2.685423618192142458e+05 2.650769881525723613e+05 2.616112915154460352e+05 2.581459181427561562e+05 2.546815642735538713e+05 2.512189582527672173e+05 2.477587844288073247e+05 2.443015184008441865e+05 2.408474333955892944e+05 2.373969906259678246e+05 2.348059905898764846e+05 2.339634580365778529e+05 2.339593454700089642e+05
5.809679362504220080e+03 2.750496983011710108e+05 2.721968879326492315e+05 2.686413551687878789e+05 2.651771777721376275e+05 2.617131460695957358e+05 2.582499171541448741e+05 2.547881487539443769e+05 2.513284642880999309e+05 2.478714090370721824e+05 2.444174352000204381e+05 2.409669871996114671e+05 2.375669957528326777e+05 2.359433668953163724e+05 2.359378380097310583e+05 2.359337759082134289e+05
5.859679362504220080e+03 2.746764247675045626e+05 2.718242858033307712e+05 2.682698197195578250e+05 2.648069340893872431e+05 2.613442923733578355e+05 2.578825277887122647e+05 2.544222623658534721e+05 2.509640784943235922e+05 2.475085005705099029e+05 2.440560213053679909e+05 2.406072536435207876e+05 2.378957788810033235e+05 2.369357342989381286e+05 2.369307605146102433e+05 2.369267772923247830e+05
5.909679362504220080e+03 2.742998742971784668e+05 2.714483038224864285e+05 2.678946404205701547e+05 2.644325818019628641e+05 2.609707883099642640e+05 2.575098704217659251e+05 2.540504211516485084e+05 2.505929936339853448e+05 2.471380997355348081e+05 2.436863053527524171e+05 2.402383712199169095e+05 2.379967389878182148e+05 2.375528869888030458e+05 2.375479462034281460e+05 2.375439754033198406e+05
5.959679362504220080e+03 2.760147405174848391e+05 2.730991048070405959e+05 2.693696360826080199e+05 2.658248249867506674e+05 2.622780030678355834e+05 2.587302032008314854e+05 2.551824229598552047e+05 2.516355384633667418e+05 2.480902797454050742e+05 2.445474301502197632e+05 2.410057567044529133e+05 2.380390175404531474e+05 2.359870438314347120e+05 2.359820415437316115e+05 2.359780371220322268e+05
6.009679362504220080e+03 2.760490884867309360e+05 2.733087567879058188e+05 2.699019663543113857e+05 2.665727940051632468e+05 2.632422669652252807e+05 2.599107569310527761e+05 2.565786453574456100e+05 2.532463142664985207e+05 2.499141400818312541e+05 2.465824577838150435e+05 2.432513039785003930e+05 2.400175310822773608e+05 2.386765732267066196e+05 2.386718369297548197e+05 2.386681032386181178e+05
6.059679362504220080e+03 2.768816867280266597e+05 2.741313477241657092e+05 2.708012967881669756e+05 2.674606439739200287e+05 2.641188315802689758e+05 2.607761544594661100e+05 2.574329238428761601e+05 2.540894576786462567e+05 2.507460736817721045e+05 2.474030855381042347e+05 2.440608038947916939e+05 2.411129832231086330e+05 2.400003125697353098e+05 2.399953550368408614e+05 2.399914977120425610e+05
6.109679362504220080e+03 2.756903250561785535e+05 2.728472081063607475e+05 2.692653872790628229e+05 2.658124347150434623e+05 2.623585040874152910e+05 2.589038778592421440e+05 2.554488546058642969e+05 2.519937400932986347e+05 2.485388337948766130e+05 2.450844107274711714e+05 2.416307295763076982e+05 2.392056177738706174e+05 2.378605861509693787e+05 2.378556850589574606e+05 2.378517630502568209e+05
6.159679362504220080e+03 2.764696918103431235e+05 2.736991186472899280e+05 2.702685368997100159e+05 2.669039896152431611e+05 2.635385903414606582e+05 2.601725809202989913e+05 2.568062194306782039e+05 2.534397701628247742e+05 2.500734991927678639e+05 2.467076460614434909e+05 2.433424153063518752e+05 2.412247921362073685e+05 2.408595303520029993e+05 2.408546726458554040e+05 2.408507838901627692e+05
6.209679362504220080e+03 2.762846069637145847e+05 2.734333367411615327e+05 2.699087629952821299e+05 2.664466564512543264e+05 2.629838687316440628e+05 2.595206492352324130e+05 2.560573029962418077e+05 2.525941893663293740e+05 2.491315893218288256e+05 2.456693548110942356e+05 2.423976729646165040e+05 2.409761116919320193e+05 2.409686892468981678e+05 2.409637114532255218e+05 2.409597221215946774e+05
6.259679362504220080e+03 2.760508585484603536e+05 2.732117245939940913e+05 2.696726425584793906e+05 2.662255612655677251e+05 2.627779278393033310e+05 2.593299419365400972e+05 2.558818103462236177e+05 2.524337300153726537e+05 2.489858643022737815e+05 2.455383235410246125e+05 2.428151557649366441e+05 2.417864536714842834e+05 2.417814666488115618e+05 2.417764152969565766e+05 2.417724481160847645e+05
6.309679362504220080e+03 2.756620394581510336e+05 2.728281324223621050e+05 2.693158374989995500e+05 2.658752382994635263e+05 2.624341258912080084e+05 2.589926658815102710e+05 2.555510303010441712e+05 2.521093904968619754e+05 2.486679095062825072e+05 2.452267369246453454e+05 2.428413357680732734e+05 2.423900685305986844e+05 2.423850694057788060e+05 2.423800095481404569e+05 2.423760379358710488e+05
6.359679362504220080e+03 2.746346126549980836e+05 2.718422476314269006e+05 2.684097737232086365e+05 2.650197186559778638e+05 2.616291875224555843e+05 2.582383214866839699e+05 2.548472692512891954e+05 2.514561914890724001e+05 2.480652706742804439e+05 2.446747519165093254e+05 2.427608241321546666e+05 2.426070932366576453e+05 2.426021620419937826e+05 2.425971666149908269e+05 2.425932448559695040e+05
6.409679362504220080e+03 2.732204315896695480e+05 2.704515600320338272e+05 2.670261073601755779e+05 2.636648280000673258e+05 2.603033310138995876e+05 2.569420002567933698e+05 2.535817246941988415e+05 2.502257349547440535e+05 2.468718827148112468e+05 2.437948177973173151e+05 2.425450765251170378e+05 2.425400774879242817e+05 2.425350893878818606e+05 2.425299972163949860e+05 2.425260277172155038e+05
6.459679362504220080e+03 2.709787922188052326e+05 2.680648820279973443e+05 2.644126049662838923e+05 2.608749875956229225e+05 2.573397516480154591e+05 2.538091046762078186e+05 2.502848681230393122e+05 2.467773988819170918e+05 2.432678927358775982e+05 2.407171680200903793e+05 2.397843020930955245e+05 2.397791996329253016e+05 2.397740282891424140e+05 2.397688896502417047e+05 2.397648176906303852e+05
6.509679362504220080e+03 2.706795763705762220e+05 2.678578417564804549e+05 2.643429887641012319e+05 2.609207547601935803e+05 2.575010836506821506e+05 2.540871603254329530e+05 2.506844244716269313e+05 2.473028070329726615e+05 2.439049132024187129e+05 2.417370731490076869e+05 2.413437166308928863e+05 2.413387431375930901e+05 2.413337092520092265e+05 2.413287109217722318e+05 2.413247548137700651e+05
6.559679362504220080e+03 2.684902088725353824e+05 2.656319546957663260e+05 2.620766743110503885e+05 2.586235857686464442e+05 2.551850202226356487e+05 2.517643638361206104e+05 2.483652421669370378e+05 2.449714104197893757e+05 2.418591610460943775e+05 2.405187952940489049e+05 2.405134335137593444e+05 2.405083840368397068e+05 2.405032588071230566e+05 2.404981872118202737e+05 2.404941753484542423e+05
6.609679362504220080e+03 2.674760210292194970e+05 2.647035210793720908e+05 2.612667224709415750e+05 2.579347058624901401e+05 2.546197447348262358e+05 2.513213701167305699e+05 2.480508922117374605e+05 2.447449503263962397e+05 2.419348521965270920e+05 2.408287209382438450e+05 2.408238267572541954e+05 2.408188874864959216e+05 2.408139756713991228e+05 2.408090555199097726e+05 2.408051784888450056e+05
6.659679362504220080e+03 2.655525510681552696e+05 2.627773925586796831e+05 2.593387840979930479e+05 2.560108103589384700e+05 2.527035583309474168e+05 2.494136145707984979e+05 2.461569231531664846e+05 2.428567268018297909e+05 2.402383843845046649e+05 2.392465665729255124e+05 2.392413922329947236e+05 2.392361548248652543e+05 2.392309495395921113e+05 2.392257281437121273e+05 2.392216134387254424e+05
6.709679362504220080e+03 2.656159355251051602e+05 2.627737017531886813e+05 2.592462935608482221e+05 2.558279947130450746e+05 2.524294274856103293e+05 2.490534359041795542e+05 2.456698428749679006e+05 2.426055703851983999e+05 2.413094624263082515e+05 2.413040764252393274e+05 2.412990646053775563e+05 2.412939915511359868e+05 2.412889517366207438e+05 2.412838995730221213e+05 2.412799177196817182e+05
6.759679362504220080e+03 2.616758369144044409e+05 2.588902394954343908e+05 2.554530090686166950e+05 2.521383086709823983e+05 2.488441035784321721e+05 2.455954651476752770e+05 2.422953022008090629e+05 2.397343900915606937e+05 2.388548511114275316e+05 2.388499158365913900e+05 2.388449272149082099e+05 2.388399712805423769e+05 2.388350040512792766e+05 2.388300439061143843e+05 2.388261279140833358e+05
6.809679362504220080e+03 2.590609809943974542e+05 2.562870390291193034e+05 2.528678816153811058e+05 2.495736752720728400e+05 2.462982946611784282e+05 2.430876527697415149e+05 2.398302993262003001e+05 2.374658019358357997e+05 2.367896708707202051e+05 2.367848007262380852e+05 2.367798791868799599e+05 2.367749885562976997e+05 2.367700857987378258e+05 2.367651894654530042e+05 2.367613230626345612e+05
6.859679362504220080e+03 2.556619714235043793e+05 2.529023145187514019e+05 2.495011634078965290e+05 2.462518929784878856e+05 2.430653851662329980e+05 2.399807164742030436e+05 2.368420483353018644e+05 2.347780820796080807e+05 2.343843736652594816e+05 2.343794313556218694e+05 2.343743787909081439e+05 2.343693875532818784e+05 2.343643764758499165e+05 2.343593817531478126e+05 2.343554419887128752e+05
6.909679362504220080e+03 2.530317898092046380e+05 2.503030120061836205e+05 2.469545183297267940e+05 2.437332707343712682e+05 2.405641776838383812e+05 2.373904957253439643e+05 2.344275848358763906e+05 2.331432191303302534e+05 2.331384913399671495e+05 2.331337239919144486e+05 2.331289752940848120e+05 2.331242159787639976e+05 2.331194589252406440e+05 2.331146977393837005e+05 2.331109395341753552e+05
6.959679362504220080e+03 2.517159100084283855e+05 2.489441343655825767e+05 2.455318632449550496e+05 2.422384487732388661e+05 2.389970119052719674e+05 2.357065117750444624e+05 2.331590987512428255e+05 2.322979152379512670e+05 2.322931476434393844e+05 2.322883367692708271e+05 2.322835528089636064e+05 2.322787580899397435e+05 2.322739693403354613e+05 2.322691781838505703e+05 2.322653985954698001e+05
7.009679362504220080e+03 2.511209358211595973e+05 2.483346083479713998e+05 2.449041864315191051e+05 2.415898580904270057e+05 2.383386242262678279e+05 2.350384126537840057e+05 2.328320297612661670e+05 2.325120362039069005e+05 2.325072480312156549e+05 2.325024151608383690e+05 2.324976075824279105e+05 2.324927886895008560e+05 2.324879736687279074e+05 2.324831552494886273e+05 2.324793528974643559e+05
7.059679362504220080e+03 2.478981746958637086e+05 2.451322612888044096e+05 2.417442635795457172e+05 2.384906585626855376e+05 2.353088213731631404e+05 2.320720753774819605e+05 2.300548772722498979e+05 2.298339532564329857e+05 2.298292538359275204e+05 2.298245158407709387e+05 2.298198038491556363e+05 2.298150810069297440e+05 2.298103647583193670e+05 2.298056454814701574e+05 2.298019228900996386e+05
7.109679362504220080e+03 2.467735552450550022e+05 2.439923051358563534e+05 2.405701938974698132e+05 2.372815660646231554e+05 2.339675414831031521e+05 2.310346095568455639e+05 2.298584779722619860e+05 2.298537514286597434e+05 2.298489916189031792e+05 2.298442520707823569e+05 2.298395040601840883e+05 2.298347598829647177e+05 2.298300132042137266e+05 2.298252669370665099e+05 2.298215205987634254e+05
7.159679362504220080e+03 2.460216135334870196e+05 2.432451722071872209e+05 2.398232204231179785e+05 2.365436625266142946e+05 2.332234958858684695e+05 2.305069688196618808e+05 2.294866980271075445e+05 2.294819968987720495e+05 2.294772648207615712e+05 2.294725538885280548e+05 2.294678327840347774e+05 2.294631166816937330e+05 2.294583972833100124e+05 2.294536790055257443e+05 2.294499549126084894e+05
7.209679362504220080e+03 2.456009970536343462e+05 2.428243460760324378e+05 2.394003328901566565e+05 2.361174695571004413e+05 2.327960921967253671e+05 2.301102259294865362e+05 2.291044105152481352e+05 2.290997324056220241e+05 2.290950268951439648e+05 2.290903410778987745e+05 2.290856457811591390e+05 2.290809567850630265e+05 2.290762644704575068e+05 2.290715745934490114e+05 2.290678729281755805e+05
7.259679362504220080e+03 2.427107053073726711e+05 2.399477949038194492e+05 2.365538865794445446e+05 2.333306689800489112e+05 2.300591082201878598e+05 2.276645866629512457e+05 2.269820535015995847e+05 2.269774235295605904e+05 2.269727694159651292e+05 2.269681333196092746e+05 2.269634887085942901e+05 2.269588505594405287e+05 2.269542088241866149e+05 2.269495696529964625e+05 2.269459070796820743e+05
7.309679362504220080e+03 2.415649010622249043e+05 2.387963410422583693e+05 2.353881428007982031e+05 2.321385142364087224e+05 2.288418427633416140e+05 2.267394493043789989e+05 2.264164360565718671e+05 2.264118273760346347e+05 2.264071964283687121e+05 2.264025806397085835e+05 2.263979568441166775e+05 2.263933388018301339e+05 2.263887171888532757e+05 2.263840978552268061e+05 2.263804508881571237e+05
7.359679362504220080e+03 2.408142508700549661e+05 2.380447144090741640e+05 2.346317228143925022e+05 2.313666459222349222e+05 2.280522874657687789e+05 2.262296960138735303e+05 2.261993354606430221e+05 2.261947409151127213e+05 2.261901255272737180e+05 2.261855227765676100e+05 2.261809128374778084e+05 2.261763074908464914e+05 2.261716987386634282e+05 2.261670916398371046e+05 2.261634542983584106e+05
7.364679362504220080e+03 2.407237143236076226e+05 2.379556951009168115e+05 2.345453416781771521e+05 2.312840502032495569e+05 2.279729265218364599e+05 2.261772828063227062e+05 2.261545198100982816e+05 2.261499275595717481e+05 2.261453148385728418e+05 2.261407144270827994e+05 2.261361069100871391e+05 2.261315039421835972e+05 2.261268975248335046e+05 2.261222927652287181e+05 2.261186572324326844e+05
7.369679362504220080e+03 2.406713385842088901e+05 2.379054987745779217e+05 2.344962235536052031e+05 2.312322884510126896e+05 2.279222439465162752e+05 2.263134514619010733e+05 2.263026899443970178e+05 2.262981027012199920e+05 2.262934942120999331e+05 2.262888973091507796e+05 2.262842932673101604e+05 2.262796931909991836e+05 2.262750894923357992e+05 2.262704869820771855e+05 2.262668529057975684e+05
7.419679362504220080e+03 2.401297291693552397e+05 2.373550257363485580e+05 2.339407331083278696e+05 2.306337889984364738e+05 2.274297940457067452e+05 2.258950112239269365e+05 2.258904310918628762e+05 2.258858382026154723e+05 2.258812558727553696e+05 2.258766656325999356e+05 2.258720801039263024e+05 2.258674906719435239e+05 2.258629018847360858e+05 2.258583117475605104e+05 2.258546886945685546e+05
7.469679362504220080e+03 2.395830491085813264e+05 2.368026182351819298e+05 2.333866232020055468e+05 2.300443923632874794e+05 2.270453614924833237e+05 2.257167057795788278e+05 2.257121481721842138e+05 2.257075760558385809e+05 2.257030011256203288e+05 2.256984246889144997e+05 2.256938465188103728e+05 2.256892660167253925e+05 2.256846837614476681e+05 2.256800997097244544e+05 2.256764843774081673e+05
7.519679362504220080e+03 2.379314723346702231e+05 2.351597043454342056e+05 2.317655420957084571e+05 2.284358139964409056e+05 2.256087796989492199e+05 2.244882232820376812e+05 2.244837143677436688e+05 2.244792090289134067e+05 2.244747025689581642e+05 2.244701904953372432e+05 2.244656718209703686e+05 2.244611475741339382e+05 2.244566167901175504e+05 2.244520783452729229e+05 2.244484959162973682e+05
7.569679362504220080e+03 2.373907106841196655e+05 2.345734267418424424e+05 2.311368352228380973e+05 2.277714162647159246e+05 2.250711404836188303e+05 2.240889351899460307e+05 2.240843914626594342e+05 2.240798653192496859e+05 2.240753563429380883e+05 2.240708621078967408e+05 2.240663795026025036e+05 2.240619057943274674e+05 2.240574389853691100e+05 2.240529770298372605e+05 2.240494584749034257e+05
7.619679362504220080e+03 2.357068515009542461e+05 2.329325693897246674e+05 2.295439060572516173e+05 2.262198837715806731e+05 2.237715163243807037e+05 2.230607607511596289e+05 2.230562912041056261e+05 2.230518345644950168e+05 2.230473904645724106e+05 2.230429570261427725e+05 2.230385319761048013e+05 2.230341134190488374e+05 2.230297001179271901e+05 2.230252913073078962e+05 2.230218145425774565e+05
7.669679362504220080e+03 2.348330586829434615e+05 2.320553872197003802e+05 2.286555541688023368e+05 2.253147949639307917e+05 2.230992298077491578e+05 2.227115620666889881e+05 2.227070929958737688e+05 2.227026373137978371e+05 2.226981944407158589e+05 2.226937624262672034e+05 2.226893391052086081e+05 2.226849228336037777e+05 2.226805127052420576e+05 2.226761083457249333e+05 2.226726391351569036e+05
7.719679362504220080e+03 2.348894551735935383e+05 2.321186763932851900e+05 2.287220370681589411e+05 2.253847630751959805e+05 2.232772351280612056e+05 2.229470291812744399e+05 2.229425771702823404e+05 2.229381387237386953e+05 2.229337130603707919e+05 2.229292981061673199e+05 2.229248916437750449e+05 2.229204920753744082e+05 2.229160986191998818e+05 2.229117107910466439e+05 2.229082559239394323e+05
7.769679362504220080e+03 2.340842926224799885e+05 2.312983121991244552e+05 2.278781939334157796e+05 2.245159957547683734e+05 2.225319546586503857e+05 2.224178620661552704e+05 2.224134026738248067e+05 2.224089591221056471e+05 2.224045293588892964e+05 2.224001106259703229e+05 2.223957005278338620e+05 2.223912976088778523e+05 2.223869013738606882e+05 2.223825115114839864e+05 2.223790581050181936e+05
7.819679362504220080e+03 2.337657970833603176e+05 2.309820915682161285e+05 2.275646397371628263e+05 2.242076750971764559e+05 2.222225209538679628e+05 2.220646683097457571e+05 2.220602209966221126e+05 2.220557903056518117e+05 2.220513742555653735e+05 2.220469698930763407e+05 2.220425745912489656e+05 2.220381867361121112e+05 2.220338057859606051e+05 2.220294315087547875e+05 2.220259858642006875e+05
7.869679362504220080e+03 2.333020413338633953e+05 2.305146058368187514e+05 2.270927240721856942e+05 2.237334457608471857e+05 2.219891426997144299e+05 2.219815766350600461e+05 2.219771277154795243e+05 2.219726957481054415e+05 2.219682783959734079e+05 2.219638726661226538e+05 2.219594760377583152e+05 2.219550870622555376e+05 2.219507053259018867e+05 2.219463305364186526e+05 2.219428873675632931e+05
7.919679362504220080e+03 2.329826316406616243e+05 2.301965288542899652e+05 2.267734425872271531e+05 2.234099839014856843e+05 2.215977187344142003e+05 2.215746702209160139e+05 2.215702350356230163e+05 2.215658166945985868e+05 2.215614131983978441e+05 2.215570217790946772e+05 2.215526400207858242e+05 2.215482664798083424e+05 2.215439006762756617e+05 2.215395421310058737e+05 2.215361059047277959e+05
7.969679362504220080e+03 2.320120431276504823e+05 2.292332668897804979e+05 2.257934316617979202e+05 2.225657291617311421e+05 2.210163189990636602e+05 2.210118810730057012e+05 2.210074603971706529e+05 2.210030571285824699e+05 2.209986687469542085e+05 2.209942921678695711e+05 2.209899249464322929e+05 2.209855658048379992e+05 2.209812143922469113e+05 2.209768701722188562e+05 2.209734442019723938e+05
8.019679362504220080e+03 2.310860101634224702e+05 2.283099646120346733e+05 2.248515154277373804e+05 2.218049615749576187e+05 2.204614419843811484e+05 2.204570168036714313e+05 2.204526104150347819e+05 2.204482218184680678e+05 2.204438480428215116e+05 2.204394859733880730e+05 2.204351333084695798e+05 2.204307889413707017e+05 2.204264527119203703e+05 2.204221239679146674e+05 2.204187096782176231e+05
8.069679362504220080e+03 2.305339218691207934e+05 2.277581419549228740e+05 2.242940323500282830e+05 2.213474271562013892e+05 2.201282902598294604e+05 2.201238738948424871e+05 2.201194770733755722e+05 2.201150982230191294e+05 2.201107342500083614e+05 2.201063820774388150e+05 2.201020395475234836e+05 2.200977056393769162e+05 2.200933806730634824e+05 2.200890640172841959e+05 2.200856588651774509e+05
8.119679362504220080e+03 2.299437404894078500e+05 2.271707468988141336e+05 2.237062471300889156e+05 2.208643569396125968e+05 2.197439831427062745e+05 2.197395758441637445e+05 2.197351884396619280e+05 2.197308194112094352e+05 2.197264655978200317e+05 2.197221238853222749e+05 2.197177921707216592e+05 2.197134694087721291e+05 2.197091582668529300e+05 2.197048575506228954e+05 2.197014641221784696e+05
8.169679362504220080e+03 2.311641527783679485e+05 2.283719647299757344e+05 2.248692386240405031e+05 2.216837643516593962e+05 2.197908656673277437e+05 2.197864591783443466e+05 2.197820727060173231e+05 2.197777052774326294e+05 2.197733538485136232e+05 2.197690153277296340e+05 2.197646875005526526e+05 2.197603695735389774e+05 2.197560711172037409e+05 2.197517900965701847e+05 2.197484135805857659e+05
8.219679362504219171e+03 2.313608405629119079e+05 2.285686063255003828e+05 2.251315335463367228e+05 2.217581012972802855e+05 2.196489061862816161e+05 2.193466626347968704e+05 2.193422727494194987e+05 2.193378993176234653e+05 2.193335411519608460e+05 2.193291968424986699e+05 2.193248657416557253e+05 2.193205494244132133e+05 2.193162635714304924e+05 2.193120208158002642e+05 2.193087493331016740e+05
8.269679362504219171e+03 2.308494971793875447e+05 2.280606417469260050e+05 2.246340171428976173e+05 2.212687702926404600e+05 2.193082346264797379e+05 2.191831699339338520e+05 2.191787919339773653e+05 2.191744345399998710e+05 2.191700937461577996e+05 2.191657665703156090e+05 2.191614523414330033e+05 2.191571542598142987e+05 2.191529038246824639e+05 2.191487118527633429e+05 2.191454201341932639e+05
8.319679362504219171e+03 2.304052376364204101e+05 2.276156338893245265e+05 2.241873284328632290e+05 2.208199867548965849e+05 2.189895207014837069e+05 2.189600157184376440e+05 2.189556460655461706e+05 2.189512993638308835e+05 2.189469712059390149e+05 2.189426582544487028e+05 2.189383600845088367e+05 2.189340854288743285e+05 2.189298743274147564e+05 2.189257428400953650e+05 2.189224992136428482e+05
8.369679362504219171e+03 2.301259085248323099e+05 2.273360425913406070e+05 2.238969807813349762e+05 2.205859775321201887e+05 2.189476362559106201e+05 2.189432418869727117e+05 2.189388752871862671e+05 2.189345328148528060e+05 2.189302103997339436e+05 2.189259055081132101e+05 2.189216199816872540e+05 2.189173759398680122e+05 2.189132143860931392e+05 2.189091638197804568e+05 2.189060532590176736e+05
8.419679362504219171e+03 2.299926456388205115e+05 2.272091798882441071e+05 2.237515372468759888e+05 2.205961832618862682e+05 2.191398427225486957e+05 2.191354482472222880e+05 2.191310840702047863e+05 2.191267454221286753e+05 2.191224279660109896e+05 2.191181302996934101e+05 2.191138571745518711e+05 2.191096436442878039e+05 2.191055361814338539e+05 2.191015892266642477e+05 2.190985706046691921e+05
8.469679362504219171e+03 2.299376783062951581e+05 2.271520536441452568e+05 2.236790471370579035e+05 2.206652145871878602e+05 2.193666685649893770e+05 2.193622711536387797e+05 2.193579064954050700e+05 2.193535695879676496e+05 2.193492558903361496e+05 2.193449651001248567e+05 2.193407066463265801e+05 2.193365224546582031e+05 2.193324548389818519e+05 2.193285695664011582e+05 2.193256133756410854e+05
8.519679362504219171e+03 2.296780783112712670e+05 2.268887649306685198e+05 2.234060509196938074e+05 2.205370135244276025e+05 2.193939705126523913e+05 2.193895775151055714e+05 2.193852206945176004e+05 2.193808947921477084e+05 2.193765942748186935e+05 2.193723197165940073e+05 2.193680884353406145e+05 2.193639468633235374e+05 2.193599279779003118e+05 2.193560984760465799e+05 2.193531478734035627e+05
8.569679362504219171e+03 2.288583020562069432e+05 2.260925835042690160e+05 2.226306727552489319e+05 2.205907603096869425e+05 2.203745163140225341e+05 2.203701033290477644e+05 2.203657254884296854e+05 2.203613805509611266e+05 2.203570688854606997e+05 2.203528004463767866e+05 2.203486111057882663e+05 2.203445595859051682e+05 2.203407161105847044e+05 2.203372452924828103e+05 2.203347304295333161e+05
8.619679362504219171e+03 2.288078736564938736e+05 2.260304235772892134e+05 2.225559219082002528e+05 2.205766905903387815e+05 2.204336466721864708e+05 2.204292351887309051e+05 2.204248618860134156e+05 2.204205241447733133e+05 2.204162190563320182e+05 2.204119554006639519e+05 2.204077786282862362e+05 2.204037372632492916e+05 2.203998500069029687e+05 2.203962206765626906e+05 2.203934783334137464e+05
8.669679362504219171e+03 2.289559300030083105e+05 2.261730118580620911e+05 2.226918464249236858e+05 2.207709727612598508e+05 2.206836684212698601e+05 2.206792561086102796e+05 2.206748822272515972e+05 2.206705444166631787e+05 2.206662412310940854e+05 2.206619889064668096e+05 2.206578388819823740e+05 2.206538286427265848e+05 2.206499499010728614e+05 2.206462747415233753e+05 2.206434564992765372e+05
8.719679362504219171e+03 2.292287862877553562e+05 2.264362613434344530e+05 2.229446846829686547e+05 2.210939271138789773e+05 2.210568393308726954e+05 2.210524265792929218e+05 2.210480613216337806e+05 2.210437397138691449e+05 2.210394606066001288e+05 2.210352514392953599e+05 2.210311655956707546e+05 2.210272295738570683e+05 2.210234238700617861e+05 2.210198111172965728e+05 2.210170329332430847e+05
8.769679362504219171e+03 2.292196099327716511e+05 2.264254800382584217e+05 2.229319991003024334e+05 2.211704656770356232e+05 2.211598606180241914e+05 2.211554524332482251e+05 2.211510973163406597e+05 2.211467925429614261e+05 2.211425409585775342e+05 2.211383758828217397e+05 2.211343457983185071e+05 2.211304681297487405e+05 2.211267180219572328e+05 2.211231506873710314e+05 2.211204050616849272e+05
8.819679362504219171e+03 2.293371043276584533e+05 2.265785808350785228e+05 2.231148500142357370e+05 2.213637402386081812e+05 2.213536164101003087e+05 2.213492087643122359e+05 2.213448544633995916e+05 2.213405569440120889e+05 2.213363300949237891e+05 2.213322028944593912e+05 2.213282085445392295e+05 2.213243621566065704e+05 2.213206461526083585e+05 2.213171163660491002e+05 2.213144642531044083e+05
8.869679362504219171e+03 2.289197151212827303e+05 2.261214106964803068e+05 2.227406514858293522e+05 2.211465270013940171e+05 2.211420925703113899e+05 2.211377051156958041e+05 2.211333849106596317e+05 2.211291304142157314e+05 2.211249611979424080e+05 2.211209087446521153e+05 2.211169995986653084e+05 2.211132437640641001e+05 2.211096108453996712e+05 2.211061718657377642e+05 2.211035678538180946e+05
8.919679362504219171e+03 2.295343285779512371e+05 2.267428740671621927e+05 2.232528959090404387e+05 2.213626302802563587e+05 2.213022004984795931e+05 2.212977916868893662e+05 2.212934446783263702e+05 2.212891633899688895e+05 2.212849695284366899e+05 2.212808950816520373e+05 2.212769684217144677e+05 2.212731966482859279e+05 2.212695516969881719e+05 2.212660772579687764e+05 2.212634181702230126e+05
8.969679362504219171e+03 2.282011193113856716e+05 2.253781665233320673e+05 2.223670869370781584e+05 2.211631388636231713e+05 2.211578892103199905e+05 2.211535366057664505e+05 2.211492641365281597e+05 2.211450894500416762e+05 2.211410268234750838e+05 2.211370942744836211e+05 2.211333120476656477e+05 2.211296862252618012e+05 2.211262317555640766e+05 2.211230309619181789e+05 2.211207279007968027e+05
9.019679362504219171e+03 2.287749612431115529e+05 2.259594183118266228e+05 2.227573164261994243e+05 2.213634352388847619e+05 2.213590086806972104e+05 2.213546439183343900e+05 2.213503690838820185e+05 2.213462101389423769e+05 2.213421632083525183e+05 2.213382311591863108e+05 2.213344526333897666e+05 2.213308300600020157e+05 2.213273658616088796e+05 2.213241313871940947e+05 2.213217058393077459e+05
9.069679362504219171e+03 2.287682193484179734e+05 2.259530936404491367e+05 2.226925652241259813e+05 2.212376676790281781e+05 2.212332427208776062e+05 2.212288860107642249e+05 2.212246289419523382e+05 2.212205066139347618e+05 2.212165034514011058e+05 2.212126074112886854e+05 2.212088607609427127e+05 2.212052605418076273e+05 2.212018089268901676e+05 2.211985456296101911e+05 2.211960458242573368e+05
9.119679362504219171e+03 2.286202386470468773e+05 2.258040167959922983e+05 2.225594684581242618e+05 2.211221202885514358e+05 2.211177019222997478e+05 2.211133593618056912e+05 2.211091268564728671e+05 2.211050447876093385e+05 2.211010867311821785e+05 2.210972298062516202e+05 2.210935183724055241e+05 2.210899462741557800e+05 2.210865226498644915e+05 2.210832693343020510e+05 2.210807548405618581e+05
9.169679362504219171e+03 2.284947951026268420e+05 2.256772172644622333e+05 2.224594330561716051e+05 2.210509296745067986e+05 2.210465176391841087e+05 2.210421876662457944e+05 2.210379807101987244e+05 2.210339391547757550e+05 2.210300233931113617e+05 2.210262036711153341e+05 2.210225255539172504e+05 2.210189844312999630e+05 2.210155971082754550e+05 2.210123679100571026e+05 2.210098579210882017e+05
9.219679362504219171e+03 2.284107212261073000e+05 2.255923087438596704e+05 2.223914078272448387e+05 2.210011186501196935e+05 2.209967121400175383e+05 2.209923929348771926e+05 2.209882146820757480e+05 2.209842171372194716e+05 2.209803424401830125e+05 2.209765588082296599e+05 2.209729127441678720e+05 2.209694075744715810e+05 2.209660658965533657e+05 2.209628694657006417e+05 2.209603725555881683e+05
9.269679362504219171e+03 2.282779143529599824e+05 2.254582369009325630e+05 2.223018572770967439e+05 2.209583563596074528e+05 2.209539551884973189e+05 2.209496466940031096e+05 2.209455040661035164e+05 2.209415578016088402e+05 2.209377246668286971e+05 2.209339768282415171e+05 2.209303620120572450e+05 2.209268927452467033e+05 2.209235956822879671e+05 2.209204319878354727e+05 2.209179510932826379e+05
9.319679362504219171e+03 2.281720917269195779e+05 2.253495697036681522e+05 2.223894134296803968e+05 2.212510186059561674e+05 2.212466197554816026e+05 2.212423228177764977e+05 2.212382178049994400e+05 2.212343213829819579e+05 2.212305243072411686e+05 2.212268056919356750e+05 2.212232168368254788e+05 2.212197789875656308e+05 2.212165204668363149e+05 2.212133846241024148e+05 2.212109177493686439e+05
9.369679362504219171e+03 2.283670146111180366e+05 2.255451612307044561e+05 2.224550819153425109e+05 2.211817231111464207e+05 2.211773288430506072e+05 2.211730422495028179e+05 2.211689634479197557e+05 2.211651004995035764e+05 2.211613311080177082e+05 2.211576375259040506e+05 2.211540723949508101e+05 2.211506639845315949e+05 2.211474385709555645e+05 2.211443270394114079e+05 2.211418757734000974e+05
9.419679362504219171e+03 2.282811318439501920e+05 2.254594010041910806e+05 2.223701127934126416e+05 2.210977249934036226e+05 2.210933396847684053e+05 2.210890731016064237e+05 2.210850321623311902e+05 2.210812136771641963e+05 2.210774806400335219e+05 2.210738190775905096e+05 2.210702873702659272e+05 2.210669181385531556e+05 2.210637330925048445e+05 2.210606510313359904e+05 2.210582171604629548e+05
9.469679362504219171e+03 2.282441764616753208e+05 2.254221764618661255e+05 2.223498952554109856e+05 2.210954949753211113e+05 2.210911167980455502e+05 2.210868695085547806e+05 2.210828635721681640e+05 2.210790845557408757e+05 2.210753860353867640e+05 2.210717558354884386e+05 2.210682567420615524e+05 2.210649242322923383e+05 2.210617746643592545e+05 2.210587177495655778e+05 2.210562992319488840e+05
9.519679362504219171e+03 2.282148766837309231e+05 2.253925210559535481e+05 2.223307559500008647e+05 2.210871232982125657e+05 2.210827521078171558e+05 2.210785273133969749e+05 2.210745585330252943e+05 2.210708173767502012e+05 2.210671533763782936e+05 2.210635551476147084e+05 2.210600890539643005e+05 2.210567925775752519e+05 2.210536764169785893e+05 2.210506427548448555e+05 2.210482386190204707e+05
9.569679362504219171e+03 2.287201623301403597e+05 2.259113451525904238e+05 2.228701867886925756e+05 2.216343758962370048e+05 2.216299923005608725e+05 2.216257613218030019e+05 2.216217863232067029e+05 2.216180323703466565e+05 2.216143664644784294e+05 2.216107730806295003e+05 2.216073134448793717e+05 2.216040251715036575e+05 2.216009148613196739e+05 2.215978941614514042e+05 2.215955179703909962e+05
9.619679362504219171e+03 2.289260860425033316e+05 2.261404987597321742e+05 2.231735446323635115e+05 2.219802289633647306e+05 2.219758150871281105e+05 2.219715399349215731e+05 2.219674975434088265e+05 2.219636751604852907e+05 2.219599813509286032e+05 2.219563773727113439e+05 2.219528945921818377e+05 2.219495691254465200e+05 2.219464113237120037e+05 2.219433515059774509e+05 2.219409518464494322e+05
9.669679362504219171e+03 2.294659045684453740e+05 2.267672985359934100e+05 2.237142162492454518e+05 2.223423071168029273e+05 2.223378638764137577e+05 2.223335096579767705e+05 2.223293184423159109e+05 2.223253026649506937e+05 2.223214222666396236e+05 2.223176553016515390e+05 2.223140207070384349e+05 2.223105425765321997e+05 2.223072269879016967e+05 2.223040255724855233e+05 2.223015355425731395e+05
9.719679362504219171e+03 2.291116760416639445e+05 2.264087361001385434e+05 2.235460799823764537e+05 2.223773733275541745e+05 2.223729243980720057e+05 2.223685464358315803e+05 2.223642982532806054e+05 2.223601953667004709e+05 2.223562145700684050e+05 2.223523426644592837e+05 2.223485988010807778e+05 2.223450064566705551e+05 2.223415713620718161e+05 2.223382534962620703e+05 2.223356785952470091e+05
9.769679362504219171e+03 2.290299099843600998e+05 2.263401687310422421e+05 2.235297666052884597e+05 2.224010963718807616e+05 2.223966494116453687e+05 2.223922635795146925e+05 2.223879845903545502e+05 2.223838270965848933e+05 2.223797766261391807e+05 2.223758259169115918e+05 2.223719943631162168e+05 2.223683046605544805e+05 2.223647629156004114e+05 2.223613351809933374e+05 2.223586755389054015e+05
9.819679362504219171e+03 2.289620498374657182e+05 2.262763868702525506e+05 2.235315603448889742e+05 2.224665388222560287e+05 2.224621025550590712e+05 2.224577287587375031e+05 2.224534518000643002e+05 2.224492844321452139e+05 2.224452153641674377e+05 2.224412400086581765e+05 2.224373775941957138e+05 2.224336497401501692e+05 2.224300622389911732e+05 2.224265834523407975e+05 2.224238823086057964e+05
9.869679362504219171e+03 2.290014215108828212e+05 2.263191622434154851e+05 2.236106011816272221e+05 2.225787441758682253e+05 2.225743237212728418e+05 2.225699717116495303e+05 2.225657126517846191e+05 2.225615568279446161e+05 2.225574942411417724e+05 2.225535217808134912e+05 2.225496583922782447e+05 2.225459244923529041e+05 2.225423256573417166e+05 2.225388311456904339e+05 2.225361159176707151e+05
9.919679362504219171e+03 2.307286734972686390e+05 2.281730931467822229e+05 2.250945931655270979e+05 2.231576795197311440e+05 2.228585544588315533e+05 2.228541522343273682e+05 2.228498234180535947e+05 2.228455764061588270e+05 2.228414062682431249e+05 2.228373131356202357e+05 2.228333131525501958e+05 2.228294238526951231e+05 2.228256523645015550e+05 2.228219761397272232e+05 2.228191161399145785e+05
9.969679362504219171e+03 2.313538709378158092e+05 2.287892587644791929e+05 2.257284666650308645e+05 2.235991981192929088e+05 2.230471458457417320e+05 2.230427508122463478e+05 2.230384325182275497e+05 2.230341975860887615e+05 2.230300407070835645e+05 2.230259617442347808e+05 2.230219754634769342e+05 2.230180981371142261e+05 2.230143366825394041e+05 2.230106682788460748e+05 2.230078131212841836e+05
1.001967936250421917e+04 2.291978640373751114e+05 2.265236058050853317e+05 2.240460487979998870e+05 2.231975873769335158e+05 2.231931274587838561e+05 2.231887736832716037e+05 2.231845229692530702e+05 2.231803694796540949e+05 2.231762981426987390e+05 2.231723043700290727e+05 2.231684036097897333e+05 2.231646139484055748e+05 2.231609408451447380e+05 2.231573517446333426e+05 2.231545504140675184e+05
1.006967936250421917e+04 2.321045515918420861e+05 2.295306627651047602e+05 2.264776483965298685e+05 2.242710586763790925e+05 2.236080846576035838e+05 2.236036919893084851e+05 2.235993842370586062e+05 2.235951644520117552e+05 2.235910250174173852e+05 2.235869642071736744e+05 2.235829948859067517e+05 2.235791329323777463e+05 2.235753852397269802e+05 2.235717275402064552e+05 2.235688788771083055e+05
1.011967936250421917e+04 2.321648313627768366e+05 2.295910411443375924e+05 2.265341849227310158e+05 2.244037667336395243e+05 2.238314851777918811e+05 2.238270982823341037e+05 2.238228005757184001e+05 2.238185929488751281e+05 2.238144659471002233e+05 2.238104172939322016e+05 2.238064595614353311e+05 2.238026088742864376e+05 2.237988721410281141e+05 2.237952242836869846e+05 2.237923827039943426e+05
1.016967936250421917e+04 2.320696207829489431e+05 2.294980553621612198e+05 2.264330444165852095e+05 2.244366637491474685e+05 2.240362751420401328e+05 2.240318943478870497e+05 2.240276074105539010e+05 2.240234128800354374e+05 2.240192991932261211e+05 2.240152635951312259e+05 2.240113185408537684e+05 2.240074804993528232e+05 2.240037564266148838e+05 2.240001204041101446e+05 2.239972876358441426e+05
1.021967936250421917e+04 2.319744847350584751e+05 2.294020027988868824e+05 2.263297919449404289e+05 2.244347087339070276e+05 2.241774006423043902e+05 2.241730292099500948e+05 2.241687579526235932e+05 2.241645818751900806e+05 2.241604857809061068e+05 2.241564656204233179e+05 2.241525339635211567e+05 2.241487084508642438e+05 2.241449968993166112e+05 2.241413727103149286e+05 2.241385486111310020e+05
1.026967936250421917e+04 2.316956922366154613e+05 2.291273433684254414e+05 2.260410115585667372e+05 2.243371205766455969e+05 2.242849999119125423e+05 2.242806347479221004e+05 2.242763727883070824e+05 2.242722077627222752e+05 2.242681235386333428e+05 2.242641164404994925e+05 2.242601989130287548e+05 2.242563881581609603e+05 2.242526913562908303e+05 2.242490811030210461e+05 2.242462676784463692e+05
1.031967936250421917e+04 2.314360553882047243e+05 2.288486174274677469e+05 2.257862112186542363e+05 2.242920026717387955e+05 2.242875743027764256e+05 2.242832969837403507e+05 2.242791653297254525e+05 2.242751595934235957e+05 2.242712474716901197e+05 2.242674185254569456e+05 2.242636863274248899e+05 2.242600715232838993e+05 2.242565806434332335e+05 2.242531732893018343e+05 2.242505134341655939e+05
1.036967936250421917e+04 2.311565882125523058e+05 2.285020043535776495e+05 2.255769837398936797e+05 2.242897160831670335e+05 2.242853231224933697e+05 2.242810927476823272e+05 2.242770169540652714e+05 2.242730720134259609e+05 2.242692236759091029e+05 2.242654629071489908e+05 2.242618043456568266e+05 2.242582686440788966e+05 2.242548615965881909e+05 2.242515426032313262e+05 2.242489553269554744e+05
1.041967936250421917e+04 2.308858848509546951e+05 2.281998979177057627e+05 2.253913277872057806e+05 2.242569376699324639e+05 2.242525808520210558e+05 2.242483914312206616e+05 2.242443591929924150e+05 2.242404573143609450e+05 2.242366490610600449e+05 2.242329254921063257e+05 2.242293016001661308e+05 2.242257985596403014e+05 2.242224224251229316e+05 2.242191319118001556e+05 2.242165657209114870e+05
1.046967936250421917e+04 2.306288525181582663e+05 2.279317997450738912e+05 2.252240801954535418e+05 2.242105234085138072e+05 2.242062006187404622e+05 2.242020489670938114e+05 2.241980563255033048e+05 2.241941930913575343e+05 2.241904204959498602e+05 2.241867298727289308e+05 2.241831366566182987e+05 2.241796623595750134e+05 2.241763130196426646e+05 2.241730469004000479e+05 2.241704986451880541e+05
1.051967936250421917e+04 2.303821353913015919e+05 2.276765430410575354e+05 2.250734565798216499e+05 2.241806772186445305e+05 2.241763891577024187e+05 2.241722761590334121e+05 2.241683241135957942e+05 2.241645006229634455e+05 2.241607648962496314e+05 2.241571085030966497e+05 2.241535475670784945e+05 2.241501038446094899e+05 2.241467829843517684e+05 2.241435427583203127e+05 2.241410135341582936e+05
1.056967936250421917e+04 2.301479242317362805e+05 2.274351516721197695e+05 2.249385955658606545e+05 2.241691719408910431e+05 2.241649165853977029e+05 2.241608397498745471e+05 2.241569255197329912e+05 2.241531389869767299e+05 2.241494375748720486e+05 2.241458130363864766e+05 2.241422822086995002e+05 2.241388669660851301e+05 2.241355724079675274e+05 2.241323560067203362e+05 2.241298442767108500e+05
1.061967936250421917e+04 2.298823800766532950e+05 2.271625969481749926e+05 2.247755028104734374e+05 2.241350169308124750e+05 2.241307945240741246e+05 2.241267535107774020e+05 2.241228763339571306e+05 2.241191258512249333e+05 2.241154579017274373e+05 2.241118643905020726e+05 2.241083628668934689e+05 2.241049752657009813e+05 2.241017060859215562e+05 2.240985126090503763e+05 2.240960177011684864e+05
1.066967936250421917e+04 2.296046690788009146e+05 2.268785490850528877e+05 2.245957967386918317e+05 2.240813561832420528e+05 2.240771676017530554e+05 2.240731624850803346e+05 2.240693218734580441e+05 2.240656067179193487e+05 2.240619715210088762e+05 2.240584083261825144e+05 2.240549353351933823e+05 2.240515744867300964e+05 2.240483296930457873e+05 2.240451581823873275e+05 2.240426793915199232e+05
1.071967936250421917e+04 2.293218401640746742e+05 2.265907237208122970e+05 2.244024448212112184e+05 2.240065105718066916e+05 2.240023572438153205e+05 2.239983885129147966e+05 2.239945842452177603e+05 2.239909037734231970e+05 2.239873005364111450e+05 2.239837667883480608e+05 2.239803213181272149e+05 2.239769860304278554e+05 2.239737642998775700e+05 2.239706134456666477e+05 2.239681497869153100e+05
1.076967936250421917e+04 2.290716158597603790e+05 2.263348527897661552e+05 2.242454809826551063e+05 2.239787457588567922e+05 2.239746230550451437e+05 2.239706870135746431e+05 2.239669161253868951e+05 2.239632680941673752e+05 2.239596954222978093e+05 2.239561904541761323e+05 2.239527724261718686e+05 2.239494631091098709e+05 2.239462650774123322e+05 2.239431354784473369e+05 2.239406873139923555e+05
1.081967936250421917e+04 2.287391043294358533e+05 2.259976570572734927e+05 2.240154807652805466e+05 2.238827801540285291e+05 2.238786810709314595e+05 2.238747719109309255e+05 2.238710294700095255e+05 2.238674108887171897e+05 2.238638692191371229e+05 2.238603972098298254e+05 2.238570152182332240e+05 2.238537444371891324e+05 2.238505845759513322e+05 2.238474902508906380e+05 2.238450675902219955e+05
1.086967936250421917e+04 2.284823328442477505e+05 2.257351557237540546e+05 2.238287159294425801e+05 2.237679305473913555e+05 2.237638506484056707e+05 2.237599643403943919e+05 2.237562466356896621e+05 2.237526546148658672e+05 2.237491425881875330e+05 2.237457051020813233e+05 2.237423633951195516e+05 2.237391362895377679e+05 2.237360202303812839e+05 2.237329669344073045e+05 2.237305742180870729e+05
1.091967936250421917e+04 2.282965581165046606e+05 2.255455580678638362e+05 2.237028211170200375e+05 2.236772018370625738e+05 2.236731376620764204e+05 2.236692713744727080e+05 2.236655759590253583e+05 2.236620088532496302e+05 2.236585254719154618e+05 2.236551215936643712e+05 2.236518186273869360e+05 2.236486324346765468e+05 2.236455567614214960e+05 2.236425412236920965e+05 2.236401762029438978e+05
1.096967936250421917e+04 2.281187471033743059e+05 2.253640283650368219e+05 2.235947288177205774e+05 2.235870390588428418e+05 2.235829883170228277e+05 2.235791398049225099e+05 2.235754644636684970e+05 2.235719203594354913e+05 2.235684648385040637e+05 2.235650943064899766e+05 2.235618288894672296e+05 2.235586814107253158e+05 2.235556434495532594e+05 2.235526630939772585e+05 2.235503239536980982e+05
1.101967936250421917e+04 2.277842069815094292e+05 2.250418589961241814e+05 2.233625418648732011e+05 2.233584101187888591e+05 2.233547655664154445e+05 2.233513872935193940e+05 2.233482006823314878e+05 2.233451333834317920e+05 2.233421247706122522e+05 2.233391769152121851e+05 2.233363241831795895e+05 2.233335843339514104e+05 2.233309415661824751e+05 2.233283133585453616e+05 2.233262186289433739e+05
1.106967936250421917e+04 2.275307883693770855e+05 2.247995538214807166e+05 2.232160002398898941e+05 2.232119341168239771e+05 2.232083491341957415e+05 2.232050281370805169e+05 2.232018961250459542e+05 2.231988846086855629e+05 2.231959392249378434e+05 2.231930620501718367e+05 2.231902825077769812e+05 2.231876137117501930e+05 2.231850379116215627e+05 2.231824721043318859e+05 2.231804238772809913e+05
1.111967936250421917e+04 2.273440460295761295e+05 2.246183288501681818e+05 2.230822057326329814e+05 2.230782029983619286e+05 2.230746713414420083e+05 2.230713981502563111e+05 2.230683087141630822e+05 2.230653401318347896e+05 2.230624453760593024e+05 2.230596251233813819e+05 2.230569028760184301e+05 2.230542874765003507e+05 2.230517597305847739e+05 2.230492358471703192e+05 2.230472169096178259e+05
1.116967936250421917e+04 2.270541513895015523e+05 2.243504308312934299e+05 2.229634481028642913e+05 2.229595043644962425e+05 2.229560215384276526e+05 2.229527921373138379e+05 2.229497417987555091e+05 2.229468141867886297e+05 2.229439702477496758e+05 2.229412080180523626e+05 2.229385439522078086e+05 2.229359824187800114e+05 2.229335028788670315e+05 2.229310211387884920e+05 2.229290317566351441e+05
1.121967936250421917e+04 2.268586972655162390e+05 2.241651026342172117e+05 2.228451808633854962e+05 2.228412943776959728e+05 2.228378607135838829e+05 2.228346759626622079e+05 2.228316657258579507e+05 2.228287806534236879e+05 2.228259900320156885e+05 2.228232887632107013e+05 2.228206859220208426e+05 2.228181813917700492e+05 2.228157531775984098e+05 2.228133160454069148e+05 2.228113575800177932e+05
1.126967936250421917e+04 2.266775576707468426e+05 2.239938944130862074e+05 2.227296970089556416e+05 2.227258639094572864e+05 2.227224754686596279e+05 2.227193316531341989e+05 2.227163581642797799e+05 2.227135129505381628e+05 2.227107737492724555e+05 2.227081319384303351e+05 2.227055889471878472e+05 2.227031402047907177e+05 2.227007623193983163e+05 2.226983693538685911e+05 2.226964418444600306e+05
1.131967936250421917e+04 2.264994836790373665e+05 2.238265596598045959e+05 2.226165888229944976e+05 2.226128069416087528e+05 2.226094620132929704e+05 2.226063576298902335e+05 2.226034195975424664e+05 2.226006131699188554e+05 2.225979242486903386e+05 2.225953404473262199e+05 2.225928557706423453e+05 2.225904614349572221e+05 2.225881327545313688e+05 2.225857831981777272e+05 2.225838862597850093e+05
1.136967936250421917e+04 2.263349073726090719e+05 2.236715225229534553e+05 2.225056579275705153e+05 2.225019251867160492e+05 2.224986220644861169e+05 2.224955555849437951e+05 2.224926517031181429e+05 2.224898830154678435e+05 2.224872430628704606e+05 2.224847153450151673e+05 2.224822868058024033e+05 2.224799448303687968e+05 2.224776635750893038e+05 2.224753558452493162e+05 2.224734883090075746e+05
1.141967936250421917e+04 2.261820767281084554e+05 2.235271050472741190e+05 2.223971833882217470e+05 2.223934977572782373e+05 2.223902347710824688e+05 2.223872046957967978e+05 2.223843336733268225e+05 2.223816019516629458e+05 2.223790106902548287e+05 2.223765389311789186e+05 2.223741665439287026e+05 2.223718771034880774e+05 2.223696435476173938e+05 2.223673778840367449e+05 2.223655398816407833e+05
1.146967936250421917e+04 2.260488645352491585e+05 2.233989161599840154e+05 2.222897090377871646e+05 2.222860689135648427e+05 2.222828448358587630e+05 2.222798500868841365e+05 2.222770110084047774e+05 2.222743161822206748e+05 2.222717743479626952e+05 2.222693591287088639e+05 2.222670431500439008e+05 2.222648063305649848e+05 2.222626205090486910e+05 2.222603970787523140e+05 2.222585888515484985e+05
1.151967936250421917e+04 2.260609713330386439e+05 2.233938062724124757e+05 2.222189166756901541e+05 2.222153222253757995e+05 2.222121371128145838e+05 2.222091773096173420e+05 2.222063695009447401e+05 2.222037099657915242e+05 2.222012141301392694e+05 2.221988506584489660e+05 2.221965860569198558e+05 2.221943972373612924e+05 2.221922551233771956e+05 2.221900704117394343e+05 2.221882894576938415e+05
1.156967936250421917e+04 2.258768525571307109e+05 2.232245257680312789e+05 2.221052772657721362e+05 2.221017238773160498e+05 2.220985733908403490e+05 2.220956452375164954e+05 2.220928661441093427e+05 2.220902382317204901e+05 2.220877820058414363e+05 2.220854621886223322e+05 2.220832406498937635e+05 2.220810920679871051e+05 2.220789868470847141e+05 2.220768358732192719e+05 2.220750795728454541e+05
1.161967936250421917e+04 2.257249412125008821e+05 2.230777179511907743e+05 2.219750549798341817e+05 2.219715427412342688e+05 2.219684263583089341e+05 2.219655287573540700e+05 2.219627771335793368e+05 2.219601797547118913e+05 2.219577618883303658e+05 2.219554840289334534e+05 2.219533037312707747e+05 2.219511936658440682e+05 2.219491237260454218e+05 2.219470046179101628e+05 2.219452712440670293e+05
1.166967936250421917e+04 2.257037873135402624e+05 2.230358995462964813e+05 2.218488113878433651e+05 2.218453457351026882e+05 2.218422674448836769e+05 2.218394031009984901e+05 2.218366806873141904e+05 2.218341143863661273e+05 2.218317338336866233e+05 2.218294957147697278e+05 2.218273540181034186e+05 2.218252798363034963e+05 2.218232427035574219e+05 2.218211529007419304e+05 2.218194403600770165e+05
1.171967936250421917e+04 2.257356265500654117e+05 2.230530559929202427e+05 2.217973622609407757e+05 2.217939428307085182e+05 2.217909014149763971e+05 2.217880693977214687e+05 2.217853752998187847e+05 2.217828368851409468e+05 2.217804865646208928e+05 2.217782788934225973e+05 2.217761661545865063e+05 2.217741187394710723e+05 2.217721061516200134e+05 2.217700386118642637e+05 2.217683421521380369e+05
1.176967936250421917e+04 2.256554428537408821e+05 2.229732356394845410e+05 2.217252310172061261e+05 2.217218469702861330e+05 2.217188359531881870e+05 2.217160374264547427e+05 2.217133772191308090e+05 2.217108677086837997e+05 2.217085446056743676e+05 2.217063622193497431e+05 2.217042726042382419e+05 2.217022461450913688e+05 2.217002525845164782e+05 2.216982022985883523e+05 2.216965183911498461e+05
1.181967936250421917e+04 2.255452770829887886e+05 2.228677696342488634e+05 2.216452987772024062e+05 2.216419419077512866e+05 2.216389563866331009e+05 2.216361900583426177e+05 2.216335646824598662e+05 2.216310829213593679e+05 2.216287829464398965e+05 2.216266202216506645e+05 2.216245477943874430e+05 2.216225366006157128e+05 2.216205568409413390e+05 2.216185191830188269e+05 2.216168445966136351e+05
1.186967936250421917e+04 2.254225787897564296e+05 2.227516729112820758e+05 2.215617331894535164e+05 2.215583993750319351e+05 2.215554368892867351e+05 2.215527022936185240e+05 2.215501125337286212e+05 2.215476585228835756e+05 2.215453809460302582e+05 2.215432369177373766e+05 2.215411806864037644e+05 2.215391838226544787e+05 2.215372170095252222e+05 2.215351911755429173e+05 2.215335253028995648e+05
1.191967936250421917e+04 2.252436925919193600e+05 2.225881715758598002e+05 2.214636766462427622e+05 2.214603634127276891e+05 2.214574223384150246e+05 2.214547185599579243e+05 2.214521641349675483e+05 2.214497380568631052e+05 2.214474832712385105e+05 2.214453581237724575e+05 2.214433179910337203e+05 2.214413351890966005e+05 2.214393809791486419e+05 2.214373666841919767e+05 2.214357093634241319e+05
1.196967936250421917e+04 2.250414937120614632e+05 2.224061683128005534e+05 2.213568246167169709e+05 2.213535303621730709e+05 2.213506095751878747e+05 2.213479388133826142e+05 2.213454242380620562e+05 2.213430283439646591e+05 2.213407963582728989e+05 2.213386890319433296e+05 2.213366635816266353e+05 2.213346933352626802e+05 2.213327502248738892e+05 2.213307459337837645e+05 2.213290959263987606e+05
1.201967936250421917e+04 2.248537128195389523e+05 2.222355263032189687e+05 2.212436512638165150e+05 2.212403757108239806e+05 2.212374750171894557e+05 2.212348397386985016e+05 2.212323692595180182e+05 2.212300061480687873e+05 2.212277985580857494e+05 2.212257101500274730e+05 2.212237001467323280e+05 2.212217429970166704e+05 2.212198114056828490e+05 2.212178176327675756e+05 2.212161754976336088e+05
1.206967936250421917e+04 2.247101144314936828e+05 2.221012207653048681e+05 2.211391384816259379e+05 2.211358812217891100e+05 2.211330003458457068e+05 2.211304004304381378e+05 2.211279743232257024e+05 2.211256449252108578e+05 2.211234629291452293e+05 2.211213947456916794e+05 2.211194014630206511e+05 2.211174585263306508e+05 2.211155393090526341e+05 2.211135563214597350e+05 2.211119217817468743e+05
1.211967936250421917e+04 2.245878184291133657e+05 2.219845946287898405e+05 2.210405731790146965e+05 2.210373337411054235e+05 2.210344753314586706e+05 2.210319175334068423e+05 2.210295421592219791e+05 2.210272506041613233e+05 2.210250971335100767e+05 2.210230513689061627e+05 2.210210764206344320e+05 2.210191488882406848e+05 2.210172429613483546e+05 2.210152718570409052e+05 2.210136460601271829e+05
1.216967936250421917e+04 2.245155929796825803e+05 2.219092422028328292e+05 2.209588088843262813e+05 2.209555872098445834e+05 2.209527544650347263e+05 2.209502455914917809e+05 2.209479275405642984e+05 2.209456788567212061e+05 2.209435573104593495e+05 2.209415364380643005e+05 2.209395818366222084e+05 2.209376714672044618e+05 2.209357803651338618e+05 2.209338222188469954e+05 2.209322056271651236e+05
1.221967936250421917e+04 2.245023339166173537e+05 2.218820628983346687e+05 2.208936399682072515e+05 2.208904357203796681e+05 2.208876352008771210e+05 2.208851833078515774e+05 2.208829252002387948e+05 2.208807219251443748e+05 2.208786348250228621e+05 2.208766411453945038e+05 2.208747087946944812e+05 2.208728171046115749e+05 2.208709420289545087e+05 2.208689979583128297e+05 2.208673914903173572e+05
1.226967936250421917e+04 2.251231959627125470e+05 2.224068791339969321e+05 2.210013189287011628e+05 2.209981262014299573e+05 2.209953542701425904e+05 2.209929497168679954e+05 2.209907362173585279e+05 2.209885673776704061e+05 2.209865065658364620e+05 2.209845337712544133e+05 2.209826187318145821e+05 2.209807417996000731e+05 2.209788795879045792e+05 2.209769471411054255e+05 2.209753492506719485e+05
