TIME P_Ch0_mesh1 P_Ch0_mesh2 P_Ch0_mesh3 P_Ch0_mesh4 P_Ch0_mesh5 P_Ch0_mesh6 P_Ch0_mesh7 P_Ch0_mesh8 P_Ch0_mesh9 P_Ch0_mesh10 P_Ch0_mesh11 P_Ch0_mesh12 P_Ch0_mesh13 P_Ch0_mesh14 P_Ch0_mesh15 
0.000000000000000000e+00 1.594517866609182023e+07 1.594338732350764424e+07 1.612420265094235539e+07 1.612207197464756854e+07 1.611994131679932028e+07 1.611781067881467380e+07 1.611568006189271808e+07 1.611354946721146815e+07 1.611141889592744969e+07 1.610928834914603457e+07 1.610715782794462331e+07 1.610502733346711099e+07 1.610289686695855111e+07 1.610076642924921587e+07 1.609908520237527788e+07
5.000040000000043960e+01 7.888511707084133290e+06 7.886471637707046233e+06 7.894261536508509889e+06 7.891780013862567022e+06 7.889304592704329640e+06 7.886830524010331370e+06 7.884357904758928344e+06 7.881886859872804955e+06 7.879417571142250672e+06 7.876950275332634337e+06 7.874485261982431635e+06 7.872022871110753156e+06 7.869563490873197094e+06 7.867107555760907941e+06 7.865172154275625944e+06
1.000003999999985922e+02 7.562465245473667048e+06 7.560441213622265495e+06 7.558070159975470975e+06 7.555547126742435619e+06 7.553034801613867283e+06 7.550534704183179885e+06 7.548049543878149241e+06 7.545583338014923036e+06 7.543142525068557821e+06 7.540739560878796503e+06 7.538414129872101359e+06 7.536250395876798779e+06 7.534254467749712057e+06 7.532366690256831236e+06 7.530938646256688051e+06
1.502405034099261059e+02 7.317166245699819177e+06 7.315014311900937930e+06 7.312230857618212700e+06 7.309617761001800187e+06 7.307003828682239167e+06 7.304389051428574137e+06 7.301773316312743351e+06 7.299156389832241461e+06 7.296537970901374705e+06 7.293917749676099978e+06 7.291295430319414474e+06 7.288670741667068563e+06 7.286043466690595262e+06 7.283413480970802717e+06 7.281334979465804063e+06
2.004200391960640388e+02 7.050656962849696167e+06 7.048639475209344178e+06 7.046106370504408143e+06 7.043682502034747973e+06 7.041266745242560282e+06 7.038857494760091417e+06 7.036453923388370313e+06 7.034055836274283007e+06 7.031662812343357131e+06 7.029275675096935593e+06 7.026892133661790751e+06 7.024517683759891428e+06 7.022138114227988757e+06 7.019790851385931484e+06 7.017886024358121678e+06
2.534293625042201370e+02 6.300956536922410131e+06 6.299128278166498989e+06 6.296862994111447595e+06 6.294673758565254509e+06 6.292502932360330597e+06 6.290351194361559115e+06 6.288218274644192308e+06 6.286103677962819114e+06 6.284007487026006915e+06 6.281930301221923903e+06 6.279871726311987266e+06 6.277832850797942840e+06 6.275803073607630096e+06 6.273832107746478170e+06 6.272143998175036162e+06
3.034293625042201370e+02 5.177784202786897309e+06 5.175973208763540722e+06 5.173738699685759842e+06 5.171601596040572040e+06 5.169505458727773279e+06 5.167450055576768704e+06 5.165433804465851746e+06 5.163454727248258889e+06 5.161510877670631744e+06 5.159600718585229479e+06 5.157721561439344659e+06 5.155875821832223795e+06 5.154035986626853235e+06 5.152256464456018992e+06 5.150671990729806945e+06
3.565543625042201370e+02 3.692206607543773949e+06 3.690693471149320249e+06 3.688854834252613131e+06 3.687122058310376946e+06 3.685439331118328497e+06 3.683803042427635752e+06 3.682209572887153365e+06 3.680656036515896209e+06 3.679139203818830661e+06 3.677657715539893601e+06 3.676197775930521544e+06 3.674754621328740846e+06 3.673286821482284926e+06 3.671879780071090907e+06 3.670559129574041814e+06
4.065543625042201370e+02 1.808613027627336560e+06 1.805865926493884996e+06 1.802734917787174461e+06 1.799385909808976343e+06 1.796035326650386909e+06 1.792683293773178477e+06 1.789329598418585025e+06 1.785973717554509174e+06 1.782614807515174150e+06 1.779251899551009759e+06 1.775883995739646954e+06 1.772510066707158461e+06 1.769129229381914716e+06 1.765740831591614988e+06 1.763061439179777866e+06
4.565543625042201370e+02 1.327733797479656991e+06 1.324905693788981298e+06 1.321399075628414517e+06 1.317967597669802839e+06 1.314538244762828574e+06 1.311112584093806567e+06 1.307692393130420707e+06 1.304279552800054429e+06 1.300875858733279165e+06 1.297482751570914872e+06 1.294101073204706889e+06 1.290730904377605999e+06 1.287371545527576236e+06 1.284021695160634583e+06 1.281383553326059831e+06
5.065543625042201370e+02 1.217193896009504097e+06 1.214433479831813835e+06 1.210994530467020813e+06 1.207645189483547350e+06 1.204300919747237582e+06 1.200960620548751904e+06 1.197623000730721280e+06 1.194286680574046681e+06 1.190950296628091484e+06 1.187612589679376688e+06 1.184272487986621447e+06 1.180929159442155156e+06 1.177582018023485551e+06 1.174230716237255838e+06 1.171583081808831776e+06
5.565543625042200802e+02 1.209278721520669060e+06 1.206529178373896983e+06 1.203107855563902762e+06 1.199770821912212530e+06 1.196433471106156008e+06 1.193095084038411500e+06 1.189754969142577611e+06 1.186412548106394475e+06 1.183067368344099727e+06 1.179719085625455249e+06 1.176367441670944449e+06 1.173012205537929200e+06 1.169653003616272472e+06 1.166288931036414811e+06 1.163629553483729251e+06
6.065543625042200802e+02 1.214635230725815054e+06 1.211893656707140617e+06 1.208479526015460026e+06 1.205149244364294223e+06 1.201816653292380041e+06 1.198481287977901753e+06 1.195142688493060181e+06 1.191800385474153329e+06 1.188453901896198047e+06 1.185102787856252864e+06 1.181746705305097392e+06 1.178385542250714730e+06 1.175019505292157177e+06 1.171649127450053580e+06 1.168986867285926593e+06
6.565543625042200802e+02 1.240529465145639144e+06 1.237783745401273482e+06 1.234363111802558415e+06 1.231024971442176960e+06 1.227683185972107342e+06 1.224337570294354577e+06 1.220988047357904725e+06 1.217634659458839567e+06 1.214277563126706751e+06 1.210917003777833423e+06 1.207553275973513024e+06 1.204186675434967736e+06 1.200817456045777071e+06 1.197445811327019939e+06 1.194783495673339581e+06
7.065543625042200802e+02 1.278465086552503286e+06 1.275712957112086704e+06 1.272284137707815738e+06 1.268938308049113257e+06 1.265589339618166443e+06 1.262237348906951956e+06 1.258882481830716133e+06 1.255524897812570445e+06 1.252164756588600110e+06 1.248802209850112908e+06 1.245437399341079174e+06 1.242070457951574819e+06 1.238701510183549486e+06 1.235330671515663387e+06 1.232669329950188985e+06
7.565543625042200802e+02 1.306607550798187731e+06 1.303851590362871531e+06 1.300418415909396252e+06 1.297069120668004267e+06 1.293717398492139764e+06 1.290363352557680570e+06 1.287007086232607719e+06 1.283648699909696123e+06 1.280288288410171401e+06 1.276925938661704306e+06 1.273561728012599051e+06 1.270195722388192546e+06 1.266827974186902167e+06 1.263458521104381420e+06 1.260798349070769502e+06
8.065543625042200802e+02 1.320299665955122560e+06 1.317542019033884164e+06 1.314107128280895296e+06 1.310756613426993368e+06 1.307404093177182134e+06 1.304049629605297698e+06 1.300693279010381317e+06 1.297335090153919300e+06 1.293975102727820864e+06 1.290613346258462872e+06 1.287249839751011692e+06 1.283884591720019234e+06 1.280517600461987313e+06 1.277148854941409314e+06 1.274489180921634426e+06
8.575543625042200802e+02 1.323686415375279728e+06 1.320928060271127149e+06 1.317492550885122735e+06 1.314141622922973009e+06 1.310788885436303448e+06 1.307434357879204676e+06 1.304078052905275486e+06 1.300719976113099139e+06 1.297360126061024144e+06 1.293998494622369064e+06 1.290635067683917237e+06 1.287269825955895474e+06 1.283902745872736908e+06 1.280533800986171933e+06 1.277873888736017514e+06
9.075543625042200802e+02 1.321780030762271723e+06 1.319021243911199970e+06 1.315585308023777790e+06 1.312233983900586609e+06 1.308880880640485557e+06 1.305525990581687773e+06 1.302169302222464932e+06 1.298810800608289428e+06 1.295450467814343516e+06 1.292088283552976325e+06 1.288724225839685882e+06 1.285358271600597538e+06 1.281990397209775168e+06 1.278620579045902938e+06 1.275959926188970217e+06
9.575543625042200802e+02 1.316375310433312086e+06 1.313615922384784324e+06 1.310179214399956632e+06 1.306827130046717124e+06 1.303473230611171806e+06 1.300117498933361610e+06 1.296759916863980005e+06 1.293400465546410065e+06 1.290039125718789641e+06 1.286675878046367550e+06 1.283310703361222753e+06 1.279943582647007657e+06 1.276574496596803889e+06 1.273203424597867299e+06 1.270541753309495980e+06
1.007554362504220080e+03 1.265442695976243122e+06 1.262683489216027549e+06 1.259245395018934039e+06 1.255893464818218024e+06 1.252539688182762591e+06 1.249184046447019791e+06 1.245826520262828562e+06 1.242467088740492472e+06 1.239105727868574671e+06 1.235742407240258297e+06 1.232377082213238347e+06 1.229009674482652685e+06 1.225640026548611000e+06 1.222267808805170236e+06 1.219604449218849884e+06
1.057554362504220080e+03 1.209033941935715033e+06 1.206274162470981479e+06 1.202836118845052319e+06 1.199483416702048853e+06 1.196128775917036692e+06 1.192772116282231174e+06 1.189413310109644663e+06 1.186052157945243176e+06 1.182688366523827659e+06 1.179321547279268270e+06 1.175951266119973036e+06 1.172577176643023035e+06 1.169199234853582690e+06 1.165817898070406402e+06 1.163147736726298463e+06
1.107554362504220080e+03 1.147478668317480246e+06 1.144779376642293995e+06 1.141382343679945450e+06 1.138050762057299959e+06 1.134705197403168306e+06 1.131352698920918163e+06 1.127997560817962745e+06 1.124639521758421324e+06 1.121278344529964728e+06 1.117913863860335434e+06 1.114545984646005789e+06 1.111174546026230324e+06 1.107798992746565724e+06 1.104418008930303622e+06 1.101745032931241207e+06
1.157554362504220080e+03 1.101984603200986283e+06 1.099291991265532095e+06 1.095900614127811277e+06 1.092570373356137890e+06 1.089224315455002477e+06 1.085868907527365256e+06 1.082509618608166231e+06 1.079146385573024396e+06 1.075779004100061255e+06 1.072407429308359977e+06 1.069031843872051686e+06 1.065652592907645740e+06 1.062269880479996325e+06 1.058883304375626147e+06 1.056207417160529876e+06
1.207554362504220080e+03 1.046010483496540692e+06 1.043311973875890020e+06 1.039906419875826919e+06 1.036558605936648557e+06 1.033194830470761051e+06 1.029826382271978655e+06 1.026454023001416586e+06 1.023077713925569085e+06 1.019697314477153122e+06 1.016312610221784096e+06 1.012923366223793710e+06 1.009529459829344763e+06 1.006131044108438771e+06 1.002728619939483469e+06 1.000041261740245391e+06
1.257554362504220080e+03 1.000764812827538000e+06 9.980565609157236759e+05 9.946400665402093437e+05 9.912824434708952904e+05 9.879091885530166328e+05 9.845312395107415505e+05 9.811492457040423760e+05 9.777632260623803595e+05 9.743732570132389665e+05 9.709794644702104852e+05 9.675819950227636145e+05 9.641809754337421618e+05 9.607764789956709137e+05 9.573685177368612494e+05 9.546767225581933744e+05
1.307554362504220080e+03 9.616565848426448647e+05 9.589388010601070710e+05 9.555121578666091664e+05 9.521453294362168526e+05 9.487633874237568816e+05 9.453775663554013008e+05 9.419881074681270402e+05 9.385950661288554547e+05 9.351984857543844264e+05 9.317983934618869098e+05 9.283948009283639258e+05 9.249877088096854277e+05 9.215771115629806882e+05 9.181630000548852840e+05 9.154663256204004865e+05
1.357554362504220080e+03 9.271184254786527017e+05 9.243809292739313096e+05 9.209387873873797944e+05 9.175620573503887281e+05 9.141736783443331951e+05 9.107817380793052725e+05 9.073863010552483611e+05 9.039873710336524528e+05 9.005849460408717860e+05 8.971790197269939817e+05 8.937695827334155329e+05 8.903566241340535926e+05 8.869401333688653540e+05 8.835201031212840462e+05 8.808187482778822305e+05
1.407554362504220080e+03 8.970219741152657662e+05 8.942551347031029873e+05 8.907902108841508161e+05 8.873998981812268030e+05 8.840055111930071143e+05 8.806076537230890244e+05 8.772063231337714242e+05 8.738015146107744658e+05 8.703932247424795059e+05 8.669814527864143020e+05 8.635662016035293927e+05 8.601474780395019334e+05 8.567252926082789199e+05 8.532996585740495939e+05 8.505939534018887207e+05
1.457554362504220080e+03 8.702664812203167239e+05 8.674801343350380193e+05 8.639990231478624046e+05 8.606024058490847237e+05 8.572023381213003304e+05 8.537988381871200399e+05 8.503919074770516017e+05 8.469815494267039467e+05 8.435677694414383732e+05 8.401505743281953037e+05 8.367299714261852205e+05 8.333059676809463417e+05 8.298785690507148392e+05 8.264477805977781536e+05 8.237380414876777213e+05
1.507554362504220080e+03 8.464636898580219131e+05 8.436664770629766863e+05 8.401795433575884672e+05 8.367777557980032871e+05 8.333725861818917328e+05 8.299640393452406861e+05 8.265521183107222896e+05 8.231368257039814489e+05 8.197181629702809732e+05 8.162961293724036077e+05 8.128707209039898589e+05 8.094419293458339525e+05 8.060097419299206231e+05 8.025741422770931385e+05 7.998605772353952052e+05
1.557554362504220080e+03 8.255325445496072061e+05 8.227305553488367004e+05 8.192385453613500576e+05 8.158319275670158677e+05 8.124219714376589982e+05 8.090086752442450961e+05 8.055920344530211296e+05 8.021720425305472454e+05 7.987486911250075791e+05 7.953219706489128293e+05 7.918918713537011063e+05 7.884583848657655763e+05 7.850215060543422587e+05 7.815812350202831440e+05 7.788640124516650103e+05
1.607554362504220080e+03 8.063436030376933049e+05 8.035376286122996826e+05 8.000406832002023002e+05 7.966292997191789327e+05 7.932145983711681329e+05 7.897965731712767156e+05 7.863752177456497448e+05 7.829505268398009939e+05 7.795224973259036196e+05 7.760911291497864295e+05 7.726564260694645345e+05 7.692183960374031449e+05 7.657770511719024507e+05 7.623324074323939858e+05 7.596118058597039199e+05
1.657554362504220080e+03 7.881025857581017772e+05 7.852924388975285692e+05 7.817902927315119887e+05 7.783739019589740783e+05 7.749542222200216493e+05 7.715312537115273299e+05 7.681049988807963673e+05 7.646754633797163842e+05 7.612426565483927261e+05 7.578065918996693799e+05 7.543672877760225674e+05 7.509247683874084614e+05 7.474790653464369243e+05 7.440302192405778915e+05 7.413064262146861292e+05
1.707554362504220080e+03 7.717605558397060959e+05 7.689469474046687828e+05 7.654403671750694048e+05 7.620198713781256229e+05 7.585961473334276816e+05 7.551692051617087563e+05 7.517390576328927418e+05 7.483057198266423075e+05 7.448692075097796042e+05 7.414295340603708755e+05 7.379867056638976792e+05 7.345407151964324294e+05 7.310915365903706988e+05 7.276391231546977069e+05 7.249123833598474739e+05
1.757554362504220080e+03 7.575525936986331362e+05 7.547358299854868092e+05 7.512252967092046747e+05 7.478011029398987303e+05 7.443737497425179463e+05 7.409432422470529564e+05 7.375095809975805460e+05 7.340727599818191957e+05 7.306327649030935718e+05 7.271895726230911678e+05 7.237431524123672862e+05 7.202934691929203691e+05 7.168404881855666172e+05 7.133841795947368955e+05 7.106543268692508573e+05
1.807554362504220080e+03 7.447085095323021524e+05 7.418888417511383304e+05 7.383746718514802633e+05 7.349470231576056685e+05 7.315162287509109592e+05 7.280822745486616623e+05 7.246451414537248202e+05 7.212048065379349282e+05 7.177612447734281886e+05 7.143144311740767444e+05 7.108643428931900999e+05 7.074109608032348333e+05 7.039542702518722508e+05 7.004942609935296932e+05 6.977615037339619594e+05
1.857554362504220080e+03 7.314844946796559962e+05 7.286618854727005819e+05 7.251439594691961538e+05 7.217127277271045605e+05 7.182783266126420349e+05 7.148407365018421551e+05 7.113999376733080717e+05 7.079559118160257349e+05 7.045086434972163988e+05 7.010581219012733782e+05 6.976043433973412029e+05 6.941473158551632660e+05 6.906870654253441608e+05 6.872236441362694604e+05 6.844883475897583412e+05
1.907554362504220080e+03 7.124713527618658263e+05 7.096469475739046466e+05 7.061262499177978607e+05 7.026928103589072125e+05 6.992561993092781631e+05 6.958164053204831434e+05 6.923734215261475183e+05 6.889272476413508411e+05 6.854778916062427452e+05 6.820253700823455583e+05 6.785697058933967492e+05 6.751109183559061494e+05 6.716489968413837487e+05 6.681838331771972589e+05 6.654468433151728241e+05
1.957554362504220080e+03 6.915665346121239709e+05 6.887407406662178691e+05 6.852184829602220561e+05 6.817833965516723692e+05 6.783451700616950402e+05 6.749038007097888039e+05 6.714592841759551084e+05 6.680116063462164020e+05 6.645607276142338524e+05 6.611065578376967460e+05 6.576489235316147096e+05 6.541875373549377546e+05 6.507219925152185606e+05 6.472518122683408437e+05 6.445098587810856989e+05
2.007554362504220080e+03 6.732685473550246097e+05 6.704407840347783640e+05 6.669162865846307250e+05 6.634788242530112620e+05 6.600381847742514219e+05 6.565943013803171925e+05 6.531470662489793031e+05 6.496963184166845167e+05 6.462418384571337374e+05 6.427833569482637104e+05 6.393205819025739329e+05 6.358532440652486403e+05 6.323811496249398915e+05 6.289042227596166776e+05 6.261571176108230138e+05
2.057554362504220080e+03 6.590377108817835106e+05 6.562075639539029216e+05 6.526800302254651906e+05 6.492393257465586066e+05 6.457951115258496720e+05 6.423472116869727615e+05 6.388954262764536543e+05 6.354395489737847820e+05 6.319793913632669719e+05 6.285148089234663639e+05 6.250457218905917834e+05 6.215721248457396869e+05 6.180940825037144823e+05 6.146117126070054946e+05 6.118607108091404662e+05
2.107554362504220080e+03 6.483074674032640178e+05 6.454737922682131175e+05 6.419415003752349876e+05 6.384958242774128448e+05 6.350462194644050905e+05 6.315925413855375955e+05 6.281346731427373597e+05 6.246725377020528540e+05 6.212061045056934236e+05 6.177353889048666460e+05 6.142604446715852246e+05 6.107813516666967189e+05 6.072982012397082290e+05 6.038110800076401792e+05 6.010565266565344064e+05
2.157554362504220080e+03 6.387287995697316946e+05 6.358918226361008128e+05 6.323550667451684130e+05 6.289049508559468668e+05 6.254507617466425290e+05 6.219924509500417626e+05 6.185300019610188901e+05 6.150634274458131986e+05 6.115927623271335615e+05 6.081180536338674137e+05 6.046393480652617291e+05 6.011566782336186152e+05 5.976700492237298749e+05 5.941794292201296194e+05 5.914220174735856708e+05
2.207554362504220080e+03 6.294911699420837685e+05 6.266507033225779887e+05 6.231094799845478265e+05 6.196550737717021257e+05 6.161966494854013436e+05 6.127342091422651429e+05 6.092677665181765333e+05 6.057973390559267718e+05 6.023229388514083112e+05 5.988445642258152366e+05 5.953621935535043012e+05 5.918757828914183192e+05 5.883852681761538843e+05 5.848905712592554046e+05 5.821298002739446238e+05
2.257554362504220080e+03 6.198963219156706473e+05 6.170530894112652168e+05 6.135083709235383430e+05 6.100507085696549620e+05 6.065891075333084445e+05 6.031235646940179868e+05 5.996540715114886407e+05 5.961806089992099442e+05 5.927031443313941127e+05 5.892216295993987005e+05 5.857360024637081660e+05 5.822461876268065535e+05 5.787520975546315312e+05 5.752536314301928505e+05 5.724897341991363792e+05
2.307554362504220080e+03 5.549507024938507238e+05 5.517505828144793632e+05 5.384038876203069231e+05 5.345040119477339322e+05 5.305997531750467606e+05 5.266927592523326166e+05 5.227826333683931152e+05 5.188685207896086504e+05 5.149492292938233586e+05 5.110233087221586029e+05 5.070892249721771805e+05 5.031455715297876741e+05 4.991912548851764295e+05 4.952256089787497767e+05 4.920895098401291179e+05
2.357554362504220080e+03 4.644819809835748165e+05 4.616615098984283977e+05 4.583682789936444606e+05 4.549396973010392976e+05 4.515084200465126196e+05 4.480746856057725381e+05 4.446386715040687704e+05 4.412005295225962764e+05 4.377603856009395677e+05 4.343182861973342951e+05 4.308740947508621612e+05 4.274273879719531978e+05 4.239774527563934098e+05 4.205234896666489658e+05 4.177947759632823872e+05
2.407554362504220080e+03 4.624292559870759724e+05 4.596070617021529470e+05 4.558413855601322139e+05 4.524129368582164752e+05 4.489827183938550297e+05 4.455506800394209567e+05 4.421167167319142609e+05 4.386806525489520282e+05 4.352422365024311584e+05 4.318011569156497135e+05 4.283570760118056205e+05 4.249096793013719725e+05 4.214587283413566765e+05 4.180041031230424996e+05 4.152757292479314492e+05
2.457554362504220080e+03 4.519628654423374683e+05 4.491701587504764320e+05 4.456869969821352279e+05 4.422899554170671618e+05 4.388897715228449670e+05 4.354865065977566410e+05 4.320798527085202513e+05 4.286691870129758609e+05 4.252535684755858383e+05 4.218317458253914956e+05 4.184022427357423003e+05 4.149635584424077533e+05 4.115144404765680083e+05 4.080541403563981876e+05 4.053162553781446186e+05
2.507554362504220080e+03 4.472521440876372508e+05 4.444802922885114094e+05 4.410312808444970287e+05 4.376569050779308309e+05 4.342763785236921976e+05 4.308892029444685904e+05 4.274949357498995960e+05 4.240931720043017995e+05 4.206834652006258839e+05 4.172652337925738539e+05 4.138376527704340406e+05 4.103995252406916698e+05 4.069492197235532221e+05 4.034849879071630421e+05 4.007412857556696981e+05
2.557554362504220080e+03 4.543557126396808308e+05 4.515187177094125072e+05 4.479719671929759788e+05 4.445119653191940743e+05 4.410427960197541397e+05 4.375638249004745157e+05 4.340743004485237761e+05 4.305734858468286111e+05 4.270607770060376497e+05 4.235358339827709133e+05 4.199987136504916125e+05 4.164499728173452313e+05 4.128907167573357001e+05 4.093226236286939238e+05 4.065023040129706496e+05
2.607554362504220080e+03 4.610031487887765979e+05 4.581672552636029432e+05 4.546614700718954555e+05 4.511954341098834411e+05 4.477185516075146152e+05 4.442314914816227974e+05 4.407347249708536547e+05 4.372287810284505831e+05 4.337143113766034949e+05 4.301920762162530445e+05 4.266628989791492349e+05 4.231276162458704785e+05 4.195870365864046034e+05 4.160419093327967566e+05 4.132416689521714579e+05
2.657554362504220080e+03 4.633179561153744580e+05 4.604375005042113480e+05 4.568205545316485222e+05 4.532957565473589348e+05 4.497619948181532091e+05 4.462205015126742655e+05 4.426720296629602672e+05 4.391172052719704807e+05 4.355566013115176465e+05 4.319907382965698489e+05 4.284200715917234193e+05 4.248449834069983335e+05 4.212657864467314212e+05 4.176827551777522312e+05 4.148528646863406757e+05
2.707554362504220080e+03 4.592273884893347858e+05 4.563409482282149256e+05 4.528165556955522625e+05 4.492889243900657748e+05 4.457518250282549416e+05 4.422072676961784600e+05 4.386564863751032390e+05 4.351002677030241466e+05 4.315391546219184529e+05 4.279735650360356085e+05 4.244038659837679006e+05 4.208304235993998009e+05 4.172536431080623879e+05 4.136740793848119793e+05 4.108483324401266873e+05
2.757554362504220080e+03 4.553381937771699741e+05 4.524628376147893723e+05 4.488749390586835216e+05 4.453635780385301914e+05 4.418436600738198613e+05 4.383169159133144422e+05 4.347845678422073834e+05 4.312474946113504702e+05 4.277063434592813137e+05 4.241616028436259367e+05 4.206136462166169076e+05 4.170627527646310045e+05 4.135091020756998914e+05 4.099527152142794803e+05 4.071441750245217700e+05
2.807554362504220080e+03 4.542724527707207017e+05 4.514000366732474649e+05 4.478321859521373990e+05 4.443221787124861148e+05 4.408037239408786991e+05 4.372789935042375582e+05 4.337493129992097965e+05 4.302154717943960568e+05 4.266779406540168566e+05 4.231369896068130038e+05 4.195927367766645621e+05 4.160451733432796318e+05 4.124942355087111937e+05 4.089400018799663521e+05 4.061332030427926220e+05
2.857554362504220080e+03 4.525745898555198219e+05 4.497197807165025151e+05 4.461581143196884659e+05 4.426601550095235580e+05 4.391483992693033069e+05 4.356266381449844921e+05 4.320976543155451654e+05 4.285632327252337709e+05 4.250244463044269942e+05 4.214819436663960805e+05 4.179361550362908165e+05 4.143874113873051247e+05 4.108359791210797848e+05 4.072820041394976433e+05 4.044756064610414323e+05
2.907554362504220080e+03 4.552805063964109286e+05 4.523865104474916006e+05 4.487695427440334461e+05 4.452316874084442970e+05 4.416852599113731994e+05 4.381323498424957506e+05 4.345743098743197042e+05 4.310120372864644160e+05 4.274461278999216738e+05 4.238769743392982055e+05 4.203048183741112589e+05 4.167297564857300022e+05 4.131516929766620160e+05 4.095702259775900166e+05 4.067410453943812172e+05
2.957554362504220080e+03 4.621841368885210250e+05 4.592741679783757427e+05 4.556434790535937645e+05 4.520994449824698386e+05 4.485503208073907299e+05 4.449969453650985961e+05 4.414398387064773706e+05 4.378792808724413044e+05 4.343153494317232980e+05 4.307479328856177162e+05 4.271767395361140370e+05 4.236013248582481756e+05 4.200211519915182726e+05 4.164356757731385296e+05 4.136022502182699391e+05
3.007554362504220080e+03 4.646184769716077717e+05 4.617012113227356458e+05 4.580633842268504668e+05 4.545141650493991910e+05 4.509608255721327732e+05 4.474036203010290628e+05 4.438425857551057125e+05 4.402775851385577698e+05 4.367083526181101915e+05 4.331345477499004337e+05 4.295558257104131044e+05 4.259719223175366642e+05 4.223827442363337032e+05 4.187884432272565900e+05 4.159487363857729360e+05
3.057554362504220080e+03 4.654509292236004840e+05 4.625307018700890476e+05 4.588896032916456461e+05 4.553375550211748923e+05 4.517812862854846753e+05 4.482207676126110018e+05 4.446558509439088521e+05 4.410863322238282999e+05 4.375120163070162525e+05 4.339327795165483258e+05 4.303486193789748359e+05 4.267596780722756521e+05 4.231662295382099110e+05 4.195686340588854509e+05 4.167269866402533371e+05
3.107554362504220080e+03 4.662240170074073831e+05 4.633028906784232240e+05 4.596604627486449317e+05 4.561071337353369454e+05 4.525493052505126107e+05 4.489869067452232121e+05 4.454198338442810928e+05 4.418480048769819550e+05 4.382714061847788980e+05 4.346901199076903285e+05 4.311043292736269650e+05 4.275142999665027019e+05 4.239203361367602483e+05 4.203226968623594730e+05 4.174811383581036935e+05
3.157554362504220080e+03 4.667855913774432847e+05 4.638644440092661534e+05 4.602215044738926226e+05 4.566679510024050833e+05 4.531097618717104779e+05 4.495469026266441797e+05 4.459793460708403145e+05 4.424071122810217785e+05 4.388302912213085219e+05 4.352490440317565226e+05 4.316635804125266732e+05 4.280741121835019439e+05 4.244807891305019730e+05 4.208836389981547836e+05 4.180422493586746277e+05
3.207554362504220080e+03 4.687022673796777963e+05 4.657824116037656204e+05 4.621409979770178907e+05 4.585888952490339288e+05 4.550321208770842641e+05 4.514706807195841684e+05 4.479046020890082000e+05 4.443339593601063825e+05 4.407588799667809508e+05 4.371795290673103882e+05 4.335960738367406884e+05 4.300086330815643887e+05 4.264172220179928700e+05 4.228216978095226805e+05 4.199812377194295404e+05
3.257554362504220080e+03 4.707328770434149774e+05 4.678167073000945384e+05 4.641782592360398849e+05 4.606291201595321763e+05 4.570753109817559016e+05 4.535168674104231759e+05 4.499538432329382049e+05 4.463863310872154543e+05 4.428144604018381797e+05 4.392383759709413280e+05 4.356581990039812517e+05 4.320739767885502661e+05 4.284856290778697003e+05 4.248928975319897872e+05 4.220543931837986456e+05
3.307554362504220080e+03 4.712034885624573217e+05 4.682896169404864195e+05 4.646535397972299834e+05 4.611065134223409113e+05 4.575548454266678891e+05 4.539985983932930394e+05 4.504378473432695027e+05 4.468726953167073661e+05 4.433032623681652476e+05 4.397296568050080095e+05 4.361519316949232016e+05 4.325700298740162398e+05 4.289837140498098452e+05 4.253924666520859464e+05 4.225544722835970460e+05
3.357554362504220080e+03 4.712733232198662008e+05 4.683586067044282681e+05 4.647230628971551196e+05 4.611766995306737954e+05 4.576257625854739454e+05 4.540703279565096600e+05 4.505104837450379855e+05 4.469463279655239894e+05 4.433779455598400673e+05 4.398053694104335154e+05 4.362285273811209481e+05 4.326471791816866025e+05 4.290608591697278316e+05 4.254688854514682316e+05 4.226299535472111311e+05
3.407554362504220080e+03 4.711396061158324010e+05 4.682257380760846427e+05 4.645916042212637840e+05 4.610466885161983082e+05 4.574972646020099637e+05 4.539434137605075375e+05 4.503852196591095999e+05 4.468227548004325363e+05 4.432560490931046661e+05 4.396850449533317587e+05 4.361095456621113117e+05 4.325291746183796204e+05 4.289433827095931629e+05 4.253515478370441124e+05 4.225125624881276162e+05
3.457554362504220080e+03 4.704485008002680843e+05 4.675350616742101265e+05 4.639016439536698163e+05 4.603575153567543020e+05 4.568089522837406839e+05 4.532560292622841080e+05 4.496988043970084400e+05 4.461372953264100361e+05 4.425714422997576767e+05 4.390010670829309965e+05 4.354258431691242731e+05 4.318453019040850922e+05 4.282588995046712807e+05 4.246661484275020193e+05 4.218263980112400604e+05
3.507554362504220080e+03 4.695482355740316561e+05 4.666353829147350625e+05 4.630027242076703697e+05 4.594594759449933190e+05 4.559118533671240439e+05 4.523599051993312314e+05 4.488036392168601742e+05 4.452429934712331742e+05 4.416778038999969140e+05 4.381077819916103035e+05 4.345325209052275168e+05 4.309515486626210622e+05 4.273644365797560313e+05 4.237709496435784386e+05 4.209308219596885028e+05
3.557554362504220080e+03 4.684759005604276317e+05 4.655629910735335434e+05 4.619301717741143075e+05 4.583868778918802273e+05 4.548392342130413745e+05 4.512872337328608846e+05 4.477308013446389232e+05 4.441697711202139617e+05 4.406038734872648492e+05 4.370327471068474697e+05 4.334559877868627664e+05 4.298732370574900415e+05 4.262842972728296299e+05 4.226892560135570238e+05 4.198483655288321315e+05
3.607554362504220080e+03 4.658315086447095382e+05 4.629155912605312187e+05 4.592795238222592161e+05 4.557327690144310473e+05 4.521815122551007662e+05 4.486256092289924854e+05 4.450648413408939959e+05 4.414989298697571503e+05 4.379275743637075066e+05 4.343505173822315410e+05 4.307676283014355577e+05 4.271789881763288286e+05 4.235849496010789881e+05 4.199861464559097076e+05 4.171434150582767325e+05
3.657554362504220080e+03 4.642221523399939761e+05 4.613048068019042839e+05 4.576670181211241288e+05 4.541182894388933200e+05 4.505648089047386893e+05 4.470063685504895402e+05 4.434427301852655364e+05 4.398736672963795718e+05 4.362990228106662980e+05 4.327187725618290715e+05 4.291330757300531259e+05 4.255422867678876501e+05 4.219469022033002111e+05 4.183474335385193117e+05 4.155043543226358597e+05
3.707554362504220080e+03 4.610953054898906848e+05 4.581787999915465480e+05 4.545374351506779203e+05 4.509856978726664092e+05 4.474289602063333150e+05 4.438670398184456863e+05 4.402997721060873009e+05 4.367270641178842052e+05 4.331489370527167921e+05 4.295655502239817288e+05 4.259771907064554980e+05 4.223842201535905479e+05 4.187869920858697151e+05 4.151857990546739893e+05 4.123414432384375832e+05
3.757554362504220080e+03 4.585994863470908022e+05 4.556929216405028710e+05 4.520580996406488121e+05 4.485078547162972391e+05 4.449517684897765866e+05 4.413903374432036071e+05 4.378236171237358358e+05 4.342516582012454746e+05 4.306745923782317550e+05 4.270926374160252162e+05 4.235060770722687012e+05 4.199152384634642513e+05 4.163204861583262100e+05 4.127222238869617577e+05 4.098804540784852579e+05
3.807554362504220080e+03 4.553308278597737080e+05 4.524320187559187179e+05 4.487991154853581684e+05 4.452502549740106915e+05 4.416953424285429064e+05 4.381350893828603439e+05 4.345696668538798112e+05 4.309992042927566799e+05 4.274238853976354003e+05 4.238439556257869117e+05 4.202597087579109357e+05 4.166714661626357120e+05 4.130795465281596989e+05 4.094842363276298856e+05 4.066448805337207741e+05
3.857554362504220080e+03 4.505869856438213028e+05 4.476800727740799193e+05 4.440442310156355379e+05 4.404931280596479774e+05 4.369359311434272677e+05 4.333735172955964226e+05 4.298062128382060910e+05 4.262342474888756988e+05 4.226578602987796767e+05 4.190773087706259685e+05 4.154928503794539720e+05 4.119047157804165618e+05 4.083130829404979595e+05 4.047180626378112938e+05 4.018787706102085649e+05
3.907554362504220080e+03 4.510906258771133143e+05 4.481729394758659764e+05 4.445288988133421517e+05 4.409726025675993296e+05 4.374110463134867023e+05 4.338446566839881125e+05 4.302736781021853676e+05 4.266983344502249383e+05 4.231188536012646509e+05 4.195354559456630959e+05 4.159483351825907012e+05 4.123576416957061156e+05 4.087634730501073645e+05 4.051658713497146382e+05 4.023244759722728631e+05
3.957554362504220080e+03 4.465258324946876382e+05 4.435968600702349213e+05 4.399429640763284406e+05 4.363776382806809270e+05 4.328077204693242675e+05 4.292335074286090676e+05 4.256552004704604042e+05 4.220729667184458813e+05 4.184869431261469144e+05 4.148972351838637842e+05 4.113039282409616280e+05 4.077071221770982957e+05 4.041069891373302089e+05 4.005038266591483261e+05 3.976585603489079513e+05
4.007554362504220080e+03 4.449993257526713423e+05 4.420646109739605454e+05 4.384048790284988354e+05 4.348350754286017618e+05 4.312611456973814638e+05 4.276832598495320999e+05 4.241015564503808273e+05 4.205161673839904252e+05 4.169272358016695944e+05 4.133349348990856088e+05 4.097394815054119099e+05 4.061411344625416677e+05 4.025401710520556080e+05 3.989368410061424365e+05 3.960917369796892162e+05
4.057554362504220080e+03 4.413097518480175058e+05 4.383788887240530457e+05 4.347179498795606196e+05 4.311458144212989719e+05 4.275696452691772138e+05 4.239897237463694182e+05 4.204062224977780716e+05 4.168193204203858040e+05 4.132292177313263528e+05 4.096361340620702249e+05 4.060402983318695915e+05 4.024419362341675442e+05 3.988412625906082685e+05 3.952384705498528201e+05 3.923939174131217296e+05
4.107554362504220080e+03 4.383286217071796418e+05 4.353934063835282577e+05 4.317322707191254594e+05 4.281552143019051291e+05 4.245742589245226700e+05 4.209899149173198966e+05 4.174024244450965198e+05 4.138119937141407863e+05 4.102188210359639488e+05 4.066230908638304099e+05 4.030249629934338154e+05 3.994245636774956365e+05 3.958219819827726460e+05 3.922172770648982259e+05 3.893712081714578671e+05
4.157554362504220080e+03 4.359514132061490673e+05 4.330019979981824290e+05 4.293262361730050179e+05 4.257409725033750292e+05 4.221528476727374364e+05 4.185620426391316578e+05 4.149687167301188456e+05 4.113730180643019849e+05 4.077750888587442460e+05 4.041750715939352522e+05 4.005731141635829699e+05 3.969693710987466620e+05 3.933640010403054184e+05 3.897571654583551572e+05 3.869099167826466146e+05
4.207554362504220080e+03 4.327569464609443094e+05 4.298014629466203041e+05 4.261187327100222465e+05 4.225276188115513651e+05 4.189343412074602093e+05 4.153390504352432326e+05 4.117418913432036643e+05 4.081430031051819096e+05 4.045425169737297110e+05 4.009405545718765934e+05 3.973372286383145838e+05 3.937326474057629239e+05 3.901269228520735633e+05 3.865201835558893508e+05 3.836733123494213796e+05
4.257554362504220080e+03 4.298823601575230714e+05 4.269211503104327712e+05 4.232344038547609816e+05 4.196375955512004439e+05 4.160392690729868482e+05 4.124395355605403893e+05 4.088384955072490848e+05 4.052362388394493028e+05 4.016328447582590161e+05 3.980283827285816078e+05 3.944229150032856851e+05 3.908164998432574794e+05 3.872091935047600418e+05 3.836010504187205806e+05 3.807531288976070355e+05
4.307554362504220080e+03 4.262853941121928510e+05 4.233286677519067307e+05 4.196597232879485819e+05 4.160692093435598072e+05 4.124775830691960873e+05 4.088849073720097658e+05 4.052912390909260139e+05 4.016966304914896609e+05 3.981011301030944451e+05 3.945047830477585085e+05 3.909076302224428509e+05 3.873097048382638022e+05 3.837110236652899184e+05 3.801115709503539256e+05 3.772704790797816240e+05
4.357554362504220080e+03 4.221217554641432362e+05 4.191575248219284695e+05 4.154649000753363362e+05 4.118656422352444497e+05 4.082654443564419053e+05 4.046643429471446434e+05 4.010623701949424576e+05 3.974595558384804172e+05 3.938559282532431534e+05 3.902515138466750504e+05 3.866463333704738761e+05 3.830403949522158364e+05 3.794336870873526204e+05 3.758261794942929992e+05 3.729787300599372247e+05
4.407554362504220080e+03 4.148252982687383192e+05 4.118674001573710120e+05 4.081721498598550679e+05 4.045697254704101360e+05 4.009654414167202194e+05 3.973599858219815651e+05 3.937535699901621556e+05 3.901462644546760712e+05 3.865381010359413922e+05 3.829291011961229378e+05 3.793192873571814271e+05 3.757086947103352868e+05 3.720973867526485119e+05 3.684854635035773390e+05 3.656347359374816879e+05
4.457554362504220080e+03 4.106743721489938325e+05 4.077596121743473341e+05 4.041102303279496846e+05 4.005407302521122037e+05 3.969661519051913638e+05 3.933890261907027452e+05 3.898103894056472345e+05 3.862306630464626942e+05 3.826500188637528336e+05 3.790685254523942131e+05 3.754862000631341944e+05 3.719030209363459726e+05 3.683189281642130809e+05 3.647338424340821803e+05 3.619040029670106014e+05
4.507554362504220080e+03 4.091579752636575722e+05 4.062007811963334680e+05 4.025186473881462007e+05 3.989261851156326011e+05 3.953325092658789945e+05 3.917378075675494620e+05 3.881421393904873403e+05 3.845455059617690858e+05 3.809478794560970273e+05 3.773492176999574876e+05 3.737494770726082497e+05 3.701486281855035340e+05 3.665466674928694847e+05 3.629436012352558901e+05 3.600994405606866931e+05
4.557554362504220080e+03 4.092482086113676778e+05 4.062892315688170493e+05 4.026037507439511828e+05 3.990104030738908332e+05 3.954159695113284397e+05 3.918204693429219187e+05 3.882238876276227529e+05 3.846261950659662252e+05 3.810273539703454589e+05 3.774273159289396717e+05 3.738260135988781112e+05 3.702233509102731477e+05 3.666192011190581834e+05 3.630134273645626963e+05 3.601667413318172912e+05
4.607554362504220080e+03 4.147134512210914982e+05 4.117528434324098052e+05 4.080664849375447957e+05 4.044711319157141261e+05 4.008744890281687258e+05 3.972765156508116052e+05 3.936771636183242663e+05 3.900763888165393146e+05 3.864741611532217357e+05 3.828704735642827582e+05 3.792653482274210546e+05 3.756588372988974443e+05 3.720510164352572174e+05 3.684419720002521062e+05 3.655930914678883855e+05
4.657554362504220080e+03 4.258105732081229216e+05 4.229023403586975182e+05 4.192677700084596872e+05 4.157098301948914304e+05 4.121390449321285705e+05 4.085585500363477622e+05 4.049710528460895875e+05 4.013785660027428530e+05 3.977824597606576863e+05 3.941836126637703856e+05 3.905825569129243959e+05 3.869795786986126914e+05 3.833747621341113118e+05 3.797679884351246874e+05 3.769201623639125610e+05
4.707554362504220080e+03 4.242353914276569267e+05 4.213040469022656325e+05 4.176449685526583926e+05 4.140706500808314886e+05 4.104897157764995354e+05 4.069038650094671175e+05 4.033143341070024180e+05 3.997219510068257223e+05 3.961272201623733272e+05 3.925304018176554237e+05 3.889315744069067296e+05 3.853306874089773628e+05 3.817276208811880788e+05 3.781222615124508156e+05 3.752754885659017018e+05
4.757554362504220080e+03 4.225888726786096813e+05 4.196429291425044648e+05 4.159702425881373929e+05 4.123865180757516646e+05 4.087993684104738059e+05 4.052094303530952311e+05 4.016170929740880383e+05 3.980225604951128480e+05 3.944259113420667709e+05 3.908271535997187602e+05 3.872262761011798284e+05 3.836232919099807623e+05 3.800182686225177022e+05 3.764113401380124269e+05 3.735637313226102851e+05
4.807554362504220080e+03 4.208442412256814423e+05 4.178854888975090580e+05 4.142030438194110757e+05 4.106080774727789103e+05 4.070110127596008824e+05 4.034119816588803660e+05 3.998111036625034758e+05 3.962085020863206591e+05 3.926043118924219161e+05 3.889986808078664471e+05 3.853917655088501633e+05 3.817837248674500734e+05 3.781747122185585322e+05 3.745648678350311238e+05 3.717156482835079660e+05
4.857554362504220080e+03 4.185858671694815275e+05 4.156195810439692577e+05 4.119301336442614556e+05 4.083277162680201000e+05 4.047241129230895895e+05 4.011194537542421604e+05 3.975138531342550996e+05 3.939074099136289442e+05 3.903002076398666250e+05 3.866923154290451785e+05 3.830837895928053767e+05 3.794746757896555937e+05 3.758650113259319915e+05 3.722548271258742898e+05 3.694054927923916839e+05
4.907554362504220080e+03 4.160964262095549493e+05 4.131274636757997214e+05 4.094365540966955014e+05 4.058319681537214783e+05 4.022266909848100040e+05 3.986207713301521726e+05 3.950142482462560292e+05 3.914071534073507646e+05 3.877995128678420442e+05 3.841913485273156548e+05 3.805826793581368402e+05 3.769735223830952309e+05 3.733638933935272507e+05 3.697538073705275892e+05 3.669045860002741101e+05
4.957554362504220080e+03 4.134328607606854057e+05 4.104630299408433493e+05 4.067723066074189846e+05 4.031670016185026034e+05 3.995611472799864132e+05 3.959547660547001869e+05 3.923478764045239659e+05 3.887404938333114260e+05 3.851326315915253945e+05 3.815243012506481609e+05 3.779155132207787829e+05 3.743062772217558231e+05 3.706966027089116396e+05 3.670864992180066183e+05 3.642372804184987326e+05
5.007554362504220080e+03 4.114734776894861134e+05 4.084956905634674476e+05 4.048272611786601483e+05 4.012124942406170885e+05 3.975972613048525527e+05 3.939815780925879953e+05 3.903654617227711715e+05 3.867489318596398225e+05 3.831320099763946491e+05 3.795147166957109584e+05 3.758970723952931585e+05 3.722791106830050703e+05 3.686609098577961558e+05 3.650426587326549925e+05 3.621876432379991747e+05
5.057554362504220080e+03 4.078354912188489689e+05 4.048674876537487726e+05 4.011733072215925786e+05 3.975705850317330332e+05 3.939675375850910787e+05 3.903641991057088599e+05 3.867605942233100068e+05 3.831567332610830199e+05 3.795526099008474848e+05 3.759482030697044102e+05 3.723434835421999451e+05 3.687384245865390985e+05 3.651330151460129418e+05 3.615272717113615363e+05 3.586815790166920051e+05
5.107554362504220080e+03 4.058597068171499413e+05 4.028890123259972897e+05 3.992420047284039902e+05 3.956360869823158137e+05 3.920298302477585385e+05 3.884232467506190878e+05 3.848163468258244102e+05 3.812091370207181317e+05 3.776016208651952329e+05 3.739938056582251447e+05 3.703857183322269120e+05 3.667774310737231863e+05 3.631690969696883112e+05 3.595610221104163211e+05 3.567144031344657415e+05
5.157554362504220080e+03 4.083696150386954541e+05 4.054001358297681436e+05 4.017044522059971350e+05 3.980999841426360654e+05 3.944952713520399411e+05 3.908903786810421152e+05 3.872853760821663891e+05 3.836803311953502707e+05 3.800752894806117401e+05 3.764702447817426291e+05 3.728651074874735205e+05 3.692596857210227172e+05 3.656537000729038846e+05 3.620468420815881691e+05 3.591997088511868496e+05
5.207554362504220080e+03 4.153106723903935635e+05 4.123430523696551099e+05 4.086596105998869753e+05 4.050570847690264345e+05 4.014538871976200026e+05 3.978499158525584498e+05 3.942450815038871369e+05 3.906393198222286301e+05 3.870326024702923023e+05 3.834249442871842184e+05 3.798164044438599376e+05 3.762070801887460984e+05 3.725970929153601755e+05 3.689865679309035768e+05 3.661370040302925627e+05
5.257554362504220080e+03 4.140420976952931378e+05 4.110715941719014081e+05 4.073847160885363701e+05 4.037786146382148145e+05 4.001719883739465149e+05 3.965648831088831066e+05 3.929573423145525740e+05 3.893494033899756614e+05 3.857410957729399670e+05 3.821324402400082326e+05 3.785234491567320074e+05 3.749141273554052459e+05 3.713044732855799375e+05 3.676944801209687139e+05 3.648453966599106207e+05
5.307554362504220080e+03 4.115828085960291792e+05 4.086121049170148908e+05 4.049453200405769749e+05 4.013398818217787775e+05 3.977344203379494138e+05 3.941289674103158759e+05 3.905235388394840411e+05 3.869181236941131065e+05 3.833126743445029715e+05 3.797071001739186468e+05 3.761012696859608986e+05 3.724950270585743128e+05 3.688882309505756130e+05 3.652808360715627205e+05 3.624338246442418313e+05
5.357554362504220080e+03 4.071170954242463922e+05 4.041441659577725804e+05 4.004439645383122261e+05 3.968363075923751458e+05 3.932290785383266630e+05 3.896224757398707443e+05 3.860167215910732048e+05 3.824120566080923891e+05 3.788087318664476625e+05 3.752069990968587226e+05 3.716070964721965138e+05 3.680092263376741903e+05 3.644135167971015326e+05 3.608199540379250539e+05 3.579854280242723762e+05
5.407554362504220080e+03 4.084514607337471098e+05 4.054828005981595488e+05 4.018438363195598940e+05 3.982406929332660511e+05 3.946375069063794217e+05 3.910344002840587636e+05 3.874314999314325396e+05 3.838289298911015503e+05 3.802268050610452192e+05 3.766252271687224275e+05 3.730242832960679079e+05 3.694240482073454768e+05 3.658245947522470960e+05 3.622260293401440722e+05 3.593869974328462849e+05
5.457554362504220080e+03 4.380197158757539000e+05 4.350660825192691991e+05 4.314644428977242205e+05 4.278815856328200898e+05 4.242996157641692553e+05 4.207184506016443484e+05 4.171379974743218627e+05 4.135581597998418729e+05 4.099788440578417503e+05 4.063999665924946312e+05 4.028214592858270626e+05 3.992432729581312742e+05 3.956653776574135991e+05 3.920877601279169321e+05 3.892646539096943452e+05
5.507554362504220080e+03 4.634590407128931256e+05 4.605139690369290183e+05 4.568950852518409956e+05 4.533214019378619851e+05 4.497479892782653915e+05 4.461748307193307555e+05 4.426019087763531134e+05 4.390292052640170441e+05 4.354567016543745995e+05 4.318843794255629764e+05 4.283122203188813291e+05 4.247402063935231417e+05 4.211683201046444010e+05 4.175965443012246978e+05 4.147779240227701375e+05
5.557554362504220080e+03 4.701948251471390249e+05 4.672525719363264507e+05 4.636271341996919364e+05 4.600564882473686594e+05 4.564859029812647495e+05 4.529153666615980328e+05 4.493448674003245542e+05 4.457743933995451080e+05 4.422039333097677445e+05 4.386334766303567449e+05 4.350630140892902855e+05 4.314925378725273767e+05 4.279220417020969908e+05 4.243515207308024401e+05 4.215338064793645754e+05
5.607554362504220080e+03 4.725740814491342171e+05 4.696326827338162111e+05 4.660063546305263881e+05 4.624366982596575981e+05 4.588670891652916325e+05 4.552975243274268578e+05 4.517279994863600587e+05 4.481585092301412369e+05 4.445890472400536528e+05 4.410196066539657186e+05 4.374501805121543584e+05 4.338807621867220150e+05 4.303113458395527559e+05 4.267419264114925754e+05 4.239250953866598429e+05
5.657554362504220080e+03 4.740100866259791073e+05 4.710697138315495686e+05 4.674448379835672094e+05 4.638764287721165456e+05 4.603080686621615896e+05 4.567397549288111040e+05 4.531714833578870748e+05 4.496032483173773508e+05 4.460350429892882821e+05 4.424668597886520438e+05 4.388986908969808137e+05 4.353305288009811775e+05 4.317623667616357561e+05 4.281941988400599221e+05 4.253783534247491625e+05
5.707554362504220080e+03 4.755205933083667769e+05 4.725812936495892354e+05 4.689593678139005788e+05 4.653922586782064755e+05 4.618251989478679025e+05 4.582581872358363471e+05 4.546912204831358395e+05 4.511242940512798959e+05 4.475574019446950988e+05 4.439905371317387908e+05 4.404236920220828615e+05 4.368568590200649342e+05 4.332900310862236656e+05 4.297232020669180783e+05 4.269084168814971927e+05
5.757554362504220080e+03 3.587293895097181667e+05 3.558046881913766265e+05 3.521490331133198924e+05 3.485973925768572954e+05 3.450447304175439640e+05 3.414911536657582037e+05 3.379367817952958285e+05 3.343817432920444990e+05 3.308261709753750474e+05 3.272701965536359930e+05 3.237139452700591646e+05 3.201575310005182400e+05 3.166010524572066497e+05 3.130445914189020987e+05 3.102380289339770679e+05
5.807554362504220080e+03 3.455799896419165889e+05 3.426566851927431417e+05 3.390048109556156560e+05 3.354540535018239752e+05 3.319018781253323541e+05 3.283483884934454109e+05 3.247936811804861645e+05 3.212378429337317357e+05 3.176809473146788077e+05 3.141230574642645661e+05 3.105642360297871055e+05 3.070045504431990557e+05 3.034440728558250121e+05 2.998828793978352332e+05 2.970721733502960415e+05
5.857554362504220080e+03 3.350184039091157611e+05 3.321042772831410985e+05 3.284359720294321887e+05 3.248952839304822264e+05 3.213525647129580029e+05 3.178078821197344223e+05 3.142613074475644971e+05 3.107129187879447709e+05 3.071628002684551757e+05 3.036110407877589460e+05 3.000577314085522084e+05 2.965029614741946571e+05 2.929468174196816981e+05 2.893893827302081045e+05 2.865813207437926903e+05
5.907554362504220080e+03 3.396273499229759327e+05 3.367539235260350979e+05 3.331595353352511302e+05 3.296664537271561567e+05 3.261705892828330398e+05 3.226719804853613023e+05 3.191706141679129214e+05 3.156664721277151257e+05 3.121595527052945108e+05 3.086498732580122887e+05 3.051374621488433331e+05 3.016223505975925946e+05 2.981045696427303483e+05 2.945841507560179452e+05 2.918045135301073315e+05
5.957554362504220080e+03 3.325572895586344530e+05 3.296882142308658804e+05 3.261124091240118141e+05 3.226271782508140313e+05 3.191390165176435839e+05 3.156470145308275241e+05 3.121506128350224462e+05 3.086497816604435211e+05 3.051449846457581734e+05 3.016369993557275156e+05 2.981267079780282220e+05 2.946149383785938844e+05 2.911023801781001966e+05 2.875895600556589779e+05 2.848174371695469599e+05
6.007554362504220080e+03 3.261893575389454491e+05 3.233170807216193643e+05 3.197182259354743292e+05 3.162240227651819587e+05 3.127255048547614133e+05 3.092229835817918065e+05 3.057170046505552600e+05 3.022082595668666181e+05 2.986974929575893329e+05 2.951854427716617356e+05 2.916728121186154895e+05 2.881602686714745359e+05 2.846484914716881467e+05 2.811383085530896788e+05 2.783697246771574719e+05
6.057554362504220080e+03 3.218395369301107130e+05 3.189868284179070033e+05 3.154199531312896288e+05 3.119546265675667673e+05 3.084875305761038908e+05 3.050185870206994587e+05 3.015476847155379946e+05 2.980746802320903516e+05 2.945994068109017680e+05 2.911216907923250110e+05 2.876413728522558231e+05 2.841583303991355933e+05 2.806724974085754366e+05 2.771838791863761726e+05 2.744292570927502238e+05
6.107554362504220080e+03 3.132929896985632950e+05 3.104505913256845670e+05 3.068975464696034323e+05 3.034453449381449027e+05 2.999917143760698964e+05 2.965366218619648716e+05 2.930800361386606819e+05 2.896219279355609906e+05 2.861622698482013075e+05 2.827010356204211712e+05 2.792381987946079462e+05 2.757737309734133887e+05 2.723076000338925514e+05 2.688397686730477144e+05 2.661021286199876922e+05
6.157554362504220080e+03 2.965286371537502855e+05 2.936969141531655914e+05 2.901654496654268587e+05 2.867265844071978936e+05 2.832865088455164805e+05 2.798452116441584076e+05 2.764026803994523943e+05 2.729588994920933619e+05 2.695138525556590757e+05 2.660675212404746562e+05 2.626198836697097868e+05 2.591709180330068339e+05 2.557206033890770632e+05 2.522689197514264379e+05 2.495442202066800673e+05
6.207554362504220080e+03 2.884537372426916263e+05 2.856192555797867826e+05 2.820810074386823690e+05 2.786390702148053679e+05 2.751960394298956962e+05 2.717518811343364068e+05 2.683065686255248729e+05 2.648600775830600178e+05 2.614123873798775312e+05 2.579634818328915862e+05 2.545133481870581163e+05 2.510619759552532341e+05 2.476093553813912440e+05 2.441554764646695985e+05 2.414291106836359832e+05
6.257554362504220080e+03 3.254364324288054486e+05 3.246830271788701066e+05 3.236545211827196763e+05 3.227359091577074141e+05 3.218270219358131872e+05 3.209020645993908402e+05 3.199404710260917782e+05 3.189293659741814481e+05 3.178613859893484041e+05 3.167327385975270881e+05 3.155424131425895612e+05 3.142901059168049251e+05 3.129825367410933250e+05 3.116036839007073431e+05 3.105477515938567813e+05
6.307554362504220080e+03 3.066001594620362157e+05 3.037418107600512449e+05 3.001877027881040704e+05 2.967179180474904715e+05 2.932473280113242217e+05 2.897755558804442408e+05 2.863020948870463180e+05 2.828262909328698879e+05 2.793473865423128009e+05 2.758646782905807486e+05 2.723777943348595873e+05 2.688869851269131177e+05 2.653931988620349439e+05 2.618976978026855795e+05 2.591385309381115658e+05
6.357554362504220080e+03 2.897073851475291885e+05 2.868471341340889339e+05 2.832842964869273128e+05 2.798094222839868162e+05 2.763324270484287408e+05 2.728532996740668896e+05 2.693721113066716935e+05 2.658890359562483500e+05 2.624043327031565132e+05 2.589182598573931318e+05 2.554309213117152685e+05 2.519421210499081353e+05 2.484513740307076660e+05 2.449581491704549117e+05 2.421994848052593297e+05
6.407554362504220080e+03 2.841980403749191901e+05 2.813568433004813851e+05 2.778102045872475137e+05 2.743563560390808270e+05 2.709000417660519015e+05 2.674414579111944768e+05 2.639807860094284988e+05 2.605181923582633026e+05 2.570538238719412766e+05 2.535878069281044882e+05 2.501202430484693905e+05 2.466511861806671659e+05 2.431806016364641255e+05 2.397083086459477199e+05 2.369668148036173370e+05
6.457554362504220080e+03 2.812075223513403325e+05 2.783691769326954964e+05 2.748216189491492696e+05 2.713712046225123922e+05 2.679181413038280443e+05 2.644626703134823474e+05 2.610049733851834608e+05 2.575452047268859169e+05 2.540835147475475678e+05 2.506200615621167235e+05 2.471550191578837403e+05 2.436885643674883468e+05 2.402208217722165282e+05 2.367517493396133941e+05 2.340130476090259035e+05
6.507554362504220080e+03 2.788943534262573230e+05 2.760567118908439297e+05 2.725087729497664841e+05 2.690601830419113976e+05 2.656090941776687396e+05 2.621556266229356406e+05 2.586998890608895163e+05 2.552419884736506210e+05 2.517820448657000379e+05 2.483201849070803146e+05 2.448565358979919110e+05 2.413912229983398283e+05 2.379243722628873365e+05 2.344561072723171383e+05 2.317182105933928979e+05
6.557554362504220080e+03 2.765321664054059656e+05 2.736945855675602215e+05 2.701569336598801892e+05 2.667085820529208286e+05 2.632578985502967262e+05 2.598049862428133492e+05 2.563499173037675791e+05 2.528927631885040319e+05 2.494336240901644633e+05 2.459726188448041794e+05 2.425098867482123605e+05 2.390455894279550994e+05 2.355799196717817103e+05 2.321131086197638069e+05 2.293765959892267711e+05
6.607554362504220080e+03 2.778733682729243883e+05 2.750265123165519908e+05 2.714783618698769715e+05 2.680191311049812939e+05 2.645577193142183241e+05 2.610942317181742110e+05 2.576287446207083121e+05 2.541613483521701128e+05 2.506921602300268714e+05 2.472213126036402828e+05 2.437489541582237289e+05 2.402752479319775011e+05 2.368003707965286158e+05 2.333244997965570074e+05 2.305809055349999981e+05
6.657554362504220080e+03 2.754280839931294904e+05 2.727713285316989059e+05 2.695201577316133189e+05 2.662912272550174966e+05 2.630601289729403798e+05 2.598271109467302740e+05 2.565923256859273242e+05 2.533559676673021459e+05 2.501182689800182125e+05 2.468794871894222451e+05 2.436399273121851147e+05 2.403999188647039991e+05 2.371598733313258272e+05 2.339211940017811430e+05 2.314278511196787586e+05
6.707554362504220080e+03 2.721804111476239632e+05 2.693373047589101479e+05 2.657904518286181265e+05 2.623356099249587860e+05 2.588785669198317046e+05 2.554194656207146763e+05 2.519584587352289818e+05 2.484957404797280033e+05 2.450315470357833547e+05 2.415661380415405147e+05 2.380997973267761699e+05 2.346328217923387710e+05 2.311654756388833630e+05 2.276978685326008708e+05 2.249610811412487237e+05
6.757554362504220080e+03 2.727366673923088238e+05 2.698959120568895596e+05 2.663546516849461477e+05 2.629030924356830656e+05 2.594495336552489316e+05 2.559941008046290372e+05 2.525369170078146853e+05 2.490781785791319853e+05 2.456181210373060021e+05 2.421569922651555098e+05 2.386950432631051517e+05 2.352324927003835619e+05 2.317694854549973970e+05 2.283061645914581604e+05 2.255733489244671946e+05
6.807554362504220080e+03 2.722478713744577835e+05 2.694089109411809477e+05 2.658699501012589317e+05 2.624205006825448363e+05 2.589690907799809065e+05 2.555158278223353554e+05 2.520607921770836401e+05 2.486041479725206736e+05 2.451461020683554816e+05 2.416868804365321994e+05 2.382267161086416454e+05 2.347658255429769342e+05 2.313043908894900815e+05 2.278425670758635388e+05 2.251103965870633547e+05
6.857554362504220080e+03 2.733438830279348767e+05 2.705044850016747368e+05 2.669652190785848652e+05 2.635154216186442645e+05 2.600637632859105361e+05 2.566103241986340727e+05 2.531551541000019643e+05 2.496984201297358086e+05 2.462403239886153606e+05 2.427810827627141553e+05 2.393209162043706747e+05 2.358600273725927109e+05 2.323985850556224177e+05 2.289366875067040382e+05 2.262043466553205217e+05
6.907554362504220080e+03 2.752835147491528769e+05 2.724448930486905738e+05 2.689065856385561638e+05 2.654579408561230521e+05 2.620075481404713064e+05 2.585554410523730039e+05 2.551016336765599845e+05 2.516463173848910956e+05 2.481896913658170670e+05 2.447319672444218304e+05 2.412733538562153117e+05 2.378140399021760095e+05 2.343541712218612083e+05 2.308938070292227785e+05 2.281626310303918726e+05
6.957554362504220080e+03 2.768930290119096753e+05 2.740535064755069907e+05 2.705142869421069627e+05 2.670648794059213251e+05 2.636138289272088441e+05 2.601611344924696023e+05 2.567068419377702521e+05 2.532511656234078691e+05 2.497943032256553124e+05 2.463364571167727408e+05 2.428778143319313240e+05 2.394185291368030012e+05 2.359587033603134041e+05 2.324984067260105803e+05 2.297674898545936157e+05
7.007554362504220080e+03 2.791210982232212555e+05 2.762777867198005551e+05 2.727343214696912910e+05 2.692806143068398815e+05 2.658253672162857256e+05 2.623685961766980472e+05 2.589103975047915301e+05 2.554509933650585590e+05 2.519905723229781433e+05 2.485293146235405584e+05 2.450673755183241155e+05 2.416048916635442874e+05 2.381420264256590162e+05 2.346791642780531838e+05 2.319565667518888949e+05
7.057554362504220080e+03 2.798357718276383821e+05 2.769901258590731886e+05 2.734448756829051999e+05 2.699880263643807266e+05 2.665297319442552398e+05 2.630700584180497099e+05 2.596091081895794196e+05 2.561470737818807829e+05 2.526841365445838019e+05 2.492204767815296364e+05 2.457563065123296692e+05 2.422919787426312978e+05 2.388282174050679605e+05 2.353664585103646386e+05 2.327196097965306835e+05
7.062554362504220080e+03 2.795795018040934228e+05 2.767333276950455620e+05 2.731859902846058249e+05 2.697286999729211675e+05 2.662699890740846167e+05 2.628099266912149033e+05 2.593486263416873699e+05 2.558862815837242233e+05 2.524230744120071759e+05 2.489591959800629411e+05 2.454948966894121259e+05 2.420306209116750397e+05 2.385672436536319728e+05 2.351062765453420288e+05 2.323776751536047086e+05
7.112554362504220080e+03 3.109017523856316111e+05 3.083040942469204310e+05 3.050465724884485826e+05 3.018897206063352642e+05 2.987311912600441719e+05 2.955714612454362214e+05 2.924108302561600576e+05 2.892495634233095334e+05 2.860879798759798286e+05 2.829264252800804097e+05 2.797652488285192521e+05 2.766047548232747940e+05 2.734452194209757145e+05 2.702867778224297799e+05 2.677943971811309457e+05
7.162554362504220080e+03 3.135058325436892337e+05 3.106296341522296425e+05 3.070027426400817931e+05 3.035075567857159767e+05 3.000105444953821134e+05 2.965122287617350230e+05 2.930130532935052761e+05 2.895133939921956626e+05 2.860135723086371436e+05 2.825138411606234149e+05 2.790144294649649528e+05 2.755155147796241799e+05 2.720171895045607816e+05 2.685195406451513409e+05 2.657596985851278296e+05
7.212554362504220080e+03 3.098126766511971946e+05 3.069776529858205467e+05 3.034422573004201986e+05 2.999977493723571533e+05 2.965515155199095607e+05 2.931039473137981840e+05 2.896554051469306578e+05 2.862061940748401103e+05 2.827566088939463370e+05 2.793069311326511670e+05 2.758573956002584891e+05 2.724082121267365874e+05 2.689596118745878339e+05 2.655118450611840235e+05 2.627914748717235634e+05
7.262554362504220080e+03 3.202617129938652506e+05 3.174354487859814544e+05 3.139127627958406811e+05 3.104794792233094922e+05 3.070446017824601731e+05 3.036084482093906845e+05 3.001713023333719466e+05 2.967334026784460293e+05 2.932950329141449765e+05 2.898564751182690379e+05 2.864179687419763650e+05 2.829797293375566369e+05 2.795419858772555017e+05 2.761049930905138608e+05 2.733932682939615333e+05
7.312554362504220080e+03 3.381444808383085765e+05 3.353088120986776194e+05 3.317742649822908570e+05 3.283298598799201427e+05 3.248842291694737505e+05 3.214376213879897841e+05 3.179902514897144865e+05 3.145423211396516417e+05 3.110940770522090606e+05 3.076457836775807082e+05 3.041977142292781500e+05 3.007501772362560732e+05 2.973035535048999009e+05 2.938583034323938773e+05 2.911403546875711763e+05
7.362554362504220080e+03 3.970299882688195794e+05 3.942106789251073496e+05 3.907141138353184797e+05 3.872914042287718039e+05 3.838684875923093641e+05 3.804456265403637663e+05 3.770230505174698774e+05 3.736009626616798341e+05 3.701795381806988735e+05 3.667588666536107776e+05 3.633389490768398973e+05 3.599198063387880684e+05 3.565017574692416238e+05 3.533796037233563839e+05 3.519038645225227810e+05
7.412554362504220080e+03 5.944477876964043826e+05 5.916045157570622396e+05 5.880543270976524800e+05 5.846037771664538886e+05 5.811534363960070768e+05 5.777033610693276860e+05 5.742535673745337408e+05 5.708040474654909922e+05 5.673547857819090132e+05 5.639057805655174889e+05 5.604569702273646835e+05 5.570086595219729934e+05 5.535601406434278470e+05 5.501140868117029313e+05 5.473923263193827588e+05
7.462554362504220080e+03 6.182668553580270382e+05 6.154374444085513242e+05 6.119098001771158306e+05 6.084740517937712139e+05 6.050374466516202083e+05 6.016001290046671638e+05 5.981622381290363846e+05 5.947239030855365563e+05 5.912852464671547059e+05 5.878463715839845827e+05 5.844073606374530355e+05 5.809682872059717774e+05 5.775291343379151076e+05 5.740904387470063521e+05 5.713751427129516378e+05
7.512554362504220080e+03 6.324072230321601965e+05 6.295449161974068265e+05 6.259726409287457354e+05 6.224959526718971319e+05 6.190179202147577889e+05 6.155386693338128971e+05 6.120583499513994902e+05 6.085771462932477007e+05 6.050952147791618481e+05 6.016126850470686331e+05 5.981296608600730542e+05 5.946462291927190963e+05 5.911624531547521474e+05 5.876783455703810323e+05 5.849275411893213168e+05
7.562554362504220080e+03 6.529255764255184913e+05 6.500009760767953703e+05 6.462716531028591562e+05 6.427154588624117896e+05 6.391562417498882860e+05 6.355941682971657719e+05 6.320294414197744336e+05 6.284621686138480436e+05 6.248924916623873869e+05 6.213205818354065996e+05 6.177466291704634205e+05 6.141708309459108859e+05 6.105933829077181872e+05 6.070144741240228759e+05 6.041890291268549627e+05
7.612554362504220080e+03 5.831560416073548840e+05 5.802103521010929253e+05 5.765127710780500202e+05 5.729095245747327572e+05 5.693022365021349397e+05 5.656921530426624231e+05 5.620797773322182475e+05 5.584656804343456170e+05 5.548506108335780445e+05 5.512353125856691040e+05 5.476202363115487387e+05 5.440094006396472687e+05 5.404061842100810027e+05 5.368349246768914163e+05 5.340087441952596419e+05
